1764884655823 0.5000332444906235 5
1764884703467 0.5039255768060684 10
1764884750734 0.5136830508708954 15
1764884798036 0.5400283187627792 20
1764884845438 0.6096696108579636 25
1764884892788 0.725922480225563 30
1764884939934 0.728250578045845 35
1764884987020 0.6453947573900223 40
1764885034415 0.6562802791595459 45
1764885081628 0.6912283003330231 50
1764885129010 0.656629204750061 55
1764885176602 0.6772083640098572 60
1764885224239 0.6809789538383484 65
1764885271658 0.6523169130086899 70
1764885319444 0.6856030523777008 75
1764885366683 0.6548069566488266 80
1764885413912 0.6899739056825638 85
1764885461521 0.6583510637283325 90
1764885508620 0.6718742102384567 95
1764885555881 0.6672095507383347 100
1764885603293 0.6647834479808807 105
1764885651039 0.6778779029846191 110
1764885698634 0.6627790182828903 115
1764885746032 0.6770255863666534 120
1764885793770 0.6914006024599075 125
1764885841264 0.6682795137166977 130
1764885888827 0.6382771581411362 135
1764885936053 0.7033275812864304 140
1764885983730 0.657511442899704 145
1764886031299 0.6810072064399719 150
1764886078581 0.6646739691495895 155
1764886126028 0.6680383384227753 160
1764886173222 0.6671355068683624 165
1764886220765 0.6715961843729019 170
1764886268018 0.6610772907733917 175
1764886315499 0.6626043915748596 180
1764886362924 0.6778948605060577 185
1764886410247 0.6548404693603516 190
1764886457688 0.6560156792402267 195
1764886505115 0.6726146340370178 200
1764886552458 0.6653196662664413 205
1764886599867 0.6642984449863434 210
1764886647340 0.6693355292081833 215
1764886694772 0.6709917485713959 220
1764886742562 0.6504553556442261 225
1764886789930 0.667109951376915 230
1764886837703 0.6489729434251785 235
1764886885219 0.6648617833852768 240
1764886932664 0.6724480241537094 245
