1764884655823 3.442244320694954e-07 5
1764884703467 6.146051347855064e-07 10
1764884750734 4.332470552981249e-06 15
1764884798036 8.717908031030674e-06 20
1764884845438 5.0753872528730426e-05 25
1764884892788 0.00019466275625745766 30
1764884939934 0.00021467225451488048 35
1764884987020 0.00011127897414553445 40
1764885034415 0.0001187691213999642 45
1764885081628 0.00016514637172804214 50
1764885129010 0.00011515970800246578 55
1764885176602 0.0001402873058395926 60
1764885224239 0.00014433045726036653 65
1764885271658 0.00010553323227213696 70
1764885319444 0.00014640329027315602 75
1764885366683 9.997838424169458e-05 80
1764885413912 0.00015004580563982017 85
1764885461521 0.00010259396367473528 90
1764885508620 0.00011956834896409418 95
1764885555881 0.00011351400644343812 100
1764885603293 0.0001135590882768156 105
1764885651039 0.00012277995847398415 110
1764885698634 9.863060040515848e-05 115
1764885746032 0.00011729225661838427 120
1764885793770 0.00013201295587350614 125
1764885841264 0.00010017627573688515 130
1764885888827 7.311830449907575e-05 135
1764885936053 0.0001411626290064305 140
1764885983730 8.065857764449902e-05 145
1764886031299 0.0001024366429192014 150
1764886078581 8.252825318777468e-05 155
1764886126028 9.558820056554396e-05 160
1764886173222 0.00010716438919189386 165
1764886220765 0.00011628717766143382 170
1764886268018 8.428834007645492e-05 175
1764886315499 0.00010476102943357546 180
1764886362924 0.00010681280218705069 185
1764886410247 7.589060442114715e-05 190
1764886457688 7.194241152319591e-05 195
1764886505115 9.149117067863699e-05 200
1764886552458 8.28850970719941e-05 205
1764886599867 8.349334348167758e-05 210
1764886647340 7.461352652171627e-05 215
1764886694772 8.183338468370494e-05 220
1764886742562 0.00011194377839274239 225
1764886789930 7.232651296362747e-05 230
1764886837703 6.616602149733808e-05 235
1764886885219 0.0001001959517452633 240
1764886932664 7.99945046310313e-05 245
