1764755640460 -8.936971426010132e-05 5
1764755688433 -0.0001758784055709839 10
1764755736066 -0.00026689469814300537 15
1764755784131 -0.0002487599849700928 20
1764755832266 0.001761123538017273 25
1764755880328 0.002667248249053955 30
1764755927993 -0.0004780292510986328 35
1764755975943 0.0001986771821975708 40
1764756023655 0.0032450705766677856 45
1764756071563 -0.0005562752485275269 50
1764756119516 0.0026105642318725586 55
1764756167310 0.006867393851280212 60
1764756215166 0.007745131850242615 65
1764756263212 0.005537703633308411 70
1764756310983 0.021564841270446777 75
1764756358811 0.003923207521438599 80
1764756406910 5.221366882324219e-05 85
1764756454713 0.008489862084388733 90
1764756502635 0.013377442955970764 95
1764756550489 0.016246214509010315 100
1764756598389 0.01341421902179718 105
1764756646147 0.023937717080116272 110
1764756694229 0.025892361998558044 115
1764756741998 0.008942961692810059 120
1764756790217 0.021488577127456665 125
1764756838355 0.037146732211112976 130
1764756886279 0.053657352924346924 135
1764756934222 0.026849552989006042 140
1764756981795 0.020230457186698914 145
1764757029317 0.026615425944328308 150
1764757077621 0.01615282893180847 155
1764757125742 0.016344651579856873 160
1764757173479 0.05109676718711853 165
1764757242761 0.04016801714897156 170
1764757291309 0.0385747104883194 175
1764757340305 0.020845144987106323 180
1764757389220 0.05094887316226959 185
1764757437842 0.03891623020172119 190
1764757486334 0.026254773139953613 195
1764757534088 0.027884379029273987 200
1764757582013 0.06337618827819824 205
1764757629577 0.03775656223297119 210
1764757677595 0.03977811336517334 215
1764757725179 0.0445031076669693 220
1764757773222 0.029483884572982788 225
1764757821287 0.06491460651159286 230
1764757869255 0.04586963355541229 235
1764757917645 0.04699433594942093 240
1764757965794 0.03268156945705414 245
1764758013438 0.04096415638923645 250
1764758061356 0.04992099106311798 255
1764758109351 0.07630257308483124 260
1764758157275 0.022592633962631226 265
1764758204947 0.05259811878204346 270
1764758252894 0.06265373528003693 275
1764758300671 0.05802437663078308 280
1764758348422 0.015198364853858948 285
1764758396339 0.030057132244110107 290
1764758444013 0.0529857873916626 295
1764758492109 0.08829265832901001 300
1764758540120 0.04701128602027893 305
1764758588079 0.047879934310913086 310
1764758635942 0.03392023593187332 315
1764758684076 0.06024947762489319 320
1764758732031 0.044564470648765564 325
1764758779895 0.03838810324668884 330
1764758844898 0.016914933919906616 335
1764758893052 0.02344900369644165 340
1764758940983 0.031155407428741455 345
1764758988966 0.020795702934265137 350
1764759036761 0.034607529640197754 355
1764759084867 0.043133482336997986 360
1764759133081 0.040652044117450714 365
1764759180905 0.05991293489933014 370
1764759229066 0.03460283577442169 375
1764759277072 0.054070845246315 380
1764759325042 0.06656114757061005 385
1764759373450 0.08911456167697906 390
1764759421579 0.06350533664226532 395
1764759469539 0.04208749532699585 400
1764759517169 0.0660272091627121 405
1764759565003 0.05097079277038574 410
1764759612947 0.05777689814567566 415
1764759660679 0.08766856789588928 420
1764759708397 0.04555152356624603 425
1764759756604 0.07421055436134338 430
1764759804619 0.045675262808799744 435
1764759852487 0.09362233430147171 440
1764759900351 0.09918849170207977 445
1764759948217 0.03277422487735748 450
1764759996478 0.08284874260425568 455
1764760044253 0.09059678763151169 460
1764760092383 0.029360882937908173 465
1764760140389 0.03318336606025696 470
1764760188602 0.03157615661621094 475
1764760236284 0.058638349175453186 480
1764760284069 0.08917225152254105 485
1764760331934 0.06562715023756027 490
1764760379755 0.04914374649524689 495
1764760445172 0.050272196531295776 500
1764760493320 0.07615060359239578 505
1764760541226 0.07044818997383118 510
1764760589118 0.05686841905117035 515
1764760637300 0.09374694526195526 520
1764760685627 0.0736091285943985 525
1764760733529 0.04685017466545105 530
1764760781813 0.049761950969696045 535
1764760829857 0.10440346598625183 540
1764760877632 0.09258420020341873 545
1764760925575 0.061485856771469116 550
1764760973256 0.05578292906284332 555
1764761021194 0.03994521498680115 560
1764761069036 0.0737726241350174 565
1764761116911 0.028987735509872437 570
1764761164816 0.08019034564495087 575
1764761213007 0.06081807613372803 580
1764761261035 0.10534168034791946 585
1764761308729 0.09337054193019867 590
1764761356900 0.07395435869693756 595
1764761404707 0.04594223201274872 600
1764761452754 0.07633961737155914 605
1764761500567 0.01775297522544861 610
1764761548448 0.06190045177936554 615
1764761596367 0.05621547996997833 620
1764761644317 0.09188108146190643 625
1764761692093 0.08568734675645828 630
1764761740323 0.024566486477851868 635
1764761788385 0.06297251582145691 640
1764761836052 0.06391586363315582 645
1764761884210 0.06760644912719727 650
1764761932308 0.07852272689342499 655
1764761979974 0.028274625539779663 660
1764762028129 0.07658042013645172 665
1764762093011 0.06757469475269318 670
1764762140757 0.11130499839782715 675
1764762188271 0.09121863543987274 680
1764762236009 0.10271765291690826 685
1764762283984 0.07431530952453613 690
1764762331929 0.04623347520828247 695
1764762379654 0.06010879576206207 700
1764762427589 0.08334191143512726 705
1764762475637 0.09258541464805603 710
1764762523317 0.08753274381160736 715
1764762571347 0.049975812435150146 720
1764762619758 0.0721755176782608 725
1764762667367 0.05369064211845398 730
1764762715294 0.04991714656352997 735
1764762763286 0.05632320046424866 740
1764762811281 0.051913708448410034 745
1764762858983 0.0806787759065628 750
1764762906963 0.10089016705751419 755
1764762955054 0.10303469002246857 760
1764763003146 0.06163109838962555 765
1764763051031 0.05368544161319733 770
1764763098783 0.10315778851509094 775
1764763146617 0.06780140101909637 780
1764763194525 0.09013469517230988 785
1764763242145 0.053177207708358765 790
1764763290011 0.10858719795942307 795
1764763337973 0.09535811841487885 800
1764763385728 0.08243611454963684 805
1764763433719 0.10565511137247086 810
1764763481659 0.10429251939058304 815
1764763529758 0.08263188600540161 820
1764763577631 0.07435303926467896 825
1764763626328 0.07505679130554199 830
1764763695294 0.07561948895454407 835
1764763743862 0.11000087857246399 840
1764763792293 0.07692846655845642 845
1764763840992 0.07502832263708115 850
1764763889754 0.07331110537052155 855
1764763938196 0.0637427419424057 860
1764763986477 0.056945666670799255 865
1764764034282 0.06923520565032959 870
1764764081861 0.07477358728647232 875
1764764129789 0.06887301802635193 880
1764764177237 0.12224149703979492 885
1764764225136 0.05754814296960831 890
1764764273010 0.047634147107601166 895
1764764320790 0.08369205892086029 900
1764764368635 0.08203098177909851 905
1764764416582 0.09120331704616547 910
1764764464430 0.06722541898488998 915
1764764512257 0.10122273862361908 920
1764764560590 0.0855051726102829 925
1764764608515 0.09400701522827148 930
1764764656280 0.07919596135616302 935
1764764704223 0.044458240270614624 940
1764764752388 0.06626300513744354 945
1764764800010 0.06901383399963379 950
1764764847785 0.054279014468193054 955
1764764895524 0.07220657169818878 960
1764764942854 0.09467049688100815 965
1764764990664 0.1012621819972992 970
1764765038335 0.07860264927148819 975
1764765086294 0.08132633566856384 980
1764765134066 0.07027207314968109 985
1764765181784 0.10437211394309998 990
1764765230011 0.07000727951526642 995
1764765299706 0.09649868309497833 1000
1764765348340 0.06079764664173126 1005
1764765397037 0.11449974775314331 1010
1764765445483 0.07519515603780746 1015
1764765494064 0.07349280267953873 1020
1764765542597 0.1106603667140007 1025
1764765590637 0.08569099754095078 1030
1764765638769 0.08213625103235245 1035
1764765686863 0.11329494416713715 1040
1764765734854 0.09779360890388489 1045
1764765783075 0.10246844589710236 1050
1764765830933 0.09246014803647995 1055
1764765878638 0.04070951044559479 1060
1764765926903 0.11944586038589478 1065
1764765974910 0.11311715841293335 1070
1764766022705 0.0837479829788208 1075
1764766070515 0.11049791425466537 1080
1764766118540 0.1245540902018547 1085
1764766166545 0.10623370110988617 1090
1764766214614 0.13116247951984406 1095
1764766262178 0.12197154760360718 1100
1764766310106 0.11864900588989258 1105
1764766358018 0.09221949428319931 1110
1764766405894 0.09901254624128342 1115
1764766454033 0.09872452914714813 1120
1764766502273 0.10310664772987366 1125
1764766550322 0.11826825141906738 1130
1764766598146 0.12603890895843506 1135
1764766645744 0.12644392251968384 1140
1764766693772 0.07879377901554108 1145
1764766741763 0.14706756174564362 1150
1764766789995 0.08383294939994812 1155
1764766838112 0.07472426444292068 1160
1764766885798 0.08611177653074265 1165
1764766951153 0.0957108661532402 1170
1764766998891 0.10444968193769455 1175
1764767046884 0.08856251835823059 1180
1764767094688 0.10866785049438477 1185
1764767142408 0.0873272567987442 1190
1764767190621 0.08338356018066406 1195
1764767238740 0.08433230221271515 1200
1764767286623 0.12852226942777634 1205
1764767334510 0.08595158159732819 1210
1764767382633 0.11624521017074585 1215
1764767430782 0.041218310594558716 1220
1764767478756 0.08057339489459991 1225
1764767526554 0.11599554121494293 1230
1764767574080 0.06386478245258331 1235
1764767622177 0.039577990770339966 1240
1764767670395 0.0897248238325119 1245
1764767718256 0.12744449824094772 1250
1764767766473 0.08019726723432541 1255
1764767814267 0.09849458187818527 1260
1764767862291 0.11655682325363159 1265
1764767910260 0.04472321271896362 1270
1764767957794 0.140339232981205 1275
1764768005457 0.07875202596187592 1280
1764768053468 0.0881195068359375 1285
1764768101289 0.08142377436161041 1290
1764768149400 0.08470148593187332 1295
1764768197607 0.08635728061199188 1300
1764768245350 0.1220155879855156 1305
1764768293341 0.06889520585536957 1310
1764768341304 0.09578966349363327 1315
1764768389407 0.13396568596363068 1320
1764768437255 0.09723950177431107 1325
1764768485168 0.13064754754304886 1330
1764768554791 0.07950420677661896 1335
1764768603514 0.10840938240289688 1340
1764768652240 0.09470181167125702 1345
1764768700899 0.11501109600067139 1350
1764768749521 0.08599281311035156 1355
1764768797457 0.11245492100715637 1360
1764768845348 0.06654597818851471 1365
1764768893619 0.10568767040967941 1370
1764768941570 0.08282399922609329 1375
1764768989669 0.12162771075963974 1380
1764769037963 0.1264217495918274 1385
1764769086088 0.09562386572360992 1390
1764769133831 0.0979951024055481 1395
1764769181561 0.060847342014312744 1400
1764769229401 0.07470913231372833 1405
1764769277564 0.06751088798046112 1410
1764769325412 0.1179143488407135 1415
1764769373282 0.08944840729236603 1420
1764769420684 0.14184864610433578 1425
1764769468623 0.11424285173416138 1430
1764769516242 0.053567737340927124 1435
1764769564293 0.04083210229873657 1440
1764769612626 0.10270632803440094 1445
1764769660565 0.09524491429328918 1450
1764769708232 0.0997304767370224 1455
1764769756512 0.148483544588089 1460
1764769804544 0.13864106684923172 1465
1764769852616 0.0740426629781723 1470
1764769900265 0.07667846977710724 1475
1764769948120 0.08273066580295563 1480
1764769995886 0.09714735299348831 1485
1764770043692 0.10596409440040588 1490
1764770091392 0.13609305769205093 1495
1764770156569 0.13466662168502808 1500
1764770204630 0.1035463809967041 1505
1764770252453 0.0815192461013794 1510
1764770300413 0.1320565938949585 1515
1764770348345 0.11456556618213654 1520
1764770396248 0.09062601625919342 1525
1764770443898 0.11952528357505798 1530
1764770491492 0.08425093442201614 1535
1764770539525 0.08708928525447845 1540
1764770587371 0.08787018060684204 1545
1764770635391 0.08429588377475739 1550
1764770682980 0.10324932634830475 1555
1764770730948 0.09953805804252625 1560
1764770778955 0.07812018692493439 1565
1764770827018 0.09318830072879791 1570
1764770874904 0.0876232385635376 1575
1764770922853 0.09814134240150452 1580
1764770970881 0.08409182727336884 1585
1764771018998 0.10844220221042633 1590
1764771066809 0.11443574726581573 1595
1764771114952 0.10499034821987152 1600
1764771163001 0.09333506226539612 1605
1764771211302 0.13989172875881195 1610
1764771259386 0.12720724940299988 1615
1764771307441 0.11878453195095062 1620
1764771355816 0.11599835753440857 1625
1764771403765 0.12412568926811218 1630
1764771451989 0.0837896317243576 1635
1764771499836 0.11347334831953049 1640
1764771547887 0.11644303053617477 1645
1764771595814 0.10085232555866241 1650
1764771643873 0.11446624249219894 1655
1764771691651 0.105158232152462 1660
1764771739678 0.08137086033821106 1665
