1764755640460 0.5000778213143349 5
1764755688433 0.5040988177061081 10
1764755736066 0.5129144042730331 15
1764755784131 0.5360099375247955 20
1764755832266 0.5875119119882584 25
1764755880328 0.7049851417541504 30
1764755927993 0.7383572161197662 35
1764755975943 0.6615724712610245 40
1764756023655 0.6405072212219238 45
1764756071563 0.6898085176944733 50
1764756119516 0.6790204644203186 55
1764756167310 0.6430788338184357 60
1764756215166 0.6677662283182144 65
1764756263212 0.6545087248086929 70
1764756310983 0.6367839872837067 75
1764756358811 0.6078910082578659 80
1764756406910 0.6875541508197784 85
1764756454713 0.6422244757413864 90
1764756502635 0.6734127253293991 95
1764756550489 0.5984780341386795 100
1764756598389 0.6534364819526672 105
1764756646147 0.5928463041782379 110
1764756694229 0.6467320621013641 115
1764756741998 0.6038291305303574 120
1764756790217 0.6572190970182419 125
1764756838355 0.5876984149217606 130
1764756886279 0.6081360727548599 135
1764756934222 0.6018137037754059 140
1764756981795 0.6246149390935898 145
1764757029317 0.6175778806209564 150
1764757077621 0.6332715004682541 155
1764757125742 0.5636919289827347 160
1764757173479 0.6014960706233978 165
1764757242761 0.4673403650522232 170
1764757291309 0.6499845236539841 175
1764757340305 0.6229603290557861 180
1764757389220 0.5763972252607346 185
1764757437842 0.6076164543628693 190
1764757486334 0.5815815627574921 195
1764757534088 0.6513606458902359 200
1764757582013 0.5056412220001221 205
1764757629577 0.5632143169641495 210
1764757677595 0.5858142077922821 215
1764757725179 0.5383162945508957 220
1764757773222 0.6035287380218506 225
1764757821287 0.49395672231912613 230
1764757869255 0.5867092311382294 235
1764757917645 0.5382616296410561 240
1764757965794 0.6203094273805618 245
1764758013438 0.6283325403928757 250
1764758061356 0.5371416062116623 255
1764758109351 0.5016883760690689 260
1764758157275 0.5983678251504898 265
1764758204947 0.6025319397449493 270
1764758252894 0.5080709010362625 275
1764758300671 0.5314788818359375 280
1764758348422 0.6423736661672592 285
1764758396339 0.6131194680929184 290
1764758444013 0.5450301170349121 295
1764758492109 0.5575871765613556 300
1764758540120 0.6061452776193619 305
1764758588079 0.5551574528217316 310
1764758635942 0.46615149825811386 315
1764758684076 0.5706170499324799 320
1764758732031 0.6248961538076401 325
1764758779895 0.6061561852693558 330
1764758844898 0.6389753818511963 335
1764758893052 0.5842893719673157 340
1764758940983 0.6471910774707794 345
1764758988966 0.6062868237495422 350
1764759036761 0.6189009845256805 355
1764759084867 0.5966627895832062 360
1764759133081 0.49920929223299026 365
1764759180905 0.5708029568195343 370
1764759229066 0.5782002508640289 375
1764759277072 0.5993264466524124 380
1764759325042 0.5544629096984863 385
1764759373450 0.5268752872943878 390
1764759421579 0.5713109821081161 395
1764759469539 0.5469108372926712 400
1764759517169 0.5203468203544617 405
1764759565003 0.5824315249919891 410
1764759612947 0.578571230173111 415
1764759660679 0.5514311790466309 420
1764759708397 0.5828885585069656 425
1764759756604 0.5190692245960236 430
1764759804619 0.5699030160903931 435
1764759852487 0.5053990110754967 440
1764759900351 0.5386810898780823 445
1764759948217 0.5920408666133881 450
1764759996478 0.5174843072891235 455
1764760044253 0.5117995962500572 460
1764760092383 0.48614492267370224 465
1764760140389 0.6385851949453354 470
1764760188602 0.6242376416921616 475
1764760236284 0.5824160873889923 480
1764760284069 0.514786921441555 485
1764760331934 0.5336805358529091 490
1764760379755 0.5724068582057953 495
1764760445172 0.6020060926675797 500
1764760493320 0.4927321746945381 505
1764760541226 0.5330716073513031 510
1764760589118 0.547277957201004 515
1764760637300 0.48827917873859406 520
1764760685627 0.5611399263143539 525
1764760733529 0.6189440935850143 530
1764760781813 0.6190937459468842 535
1764760829857 0.5058009326457977 540
1764760877632 0.4200943484902382 545
1764760925575 0.5591353923082352 550
1764760973256 0.622421070933342 555
1764761021194 0.6134722381830215 560
1764761069036 0.5925827771425247 565
1764761116911 0.5772852748632431 570
1764761164816 0.5471266359090805 575
1764761213007 0.578714594244957 580
1764761261035 0.5061238780617714 585
1764761308729 0.46177005767822266 590
1764761356900 0.5327093005180359 595
1764761404707 0.6034243851900101 600
1764761452754 0.5584816336631775 605
1764761500567 0.5498996376991272 610
1764761548448 0.6021569967269897 615
1764761596367 0.5578932613134384 620
1764761644317 0.48644495010375977 625
1764761692093 0.5338284447789192 630
1764761740323 0.5696008652448654 635
1764761788385 0.5968303233385086 640
1764761836052 0.596939206123352 645
1764761884210 0.5232739150524139 650
1764761932308 0.5105065256357193 655
1764761979974 0.5852504968643188 660
1764762028129 0.5656404346227646 665
1764762093011 0.5536748617887497 670
1764762140757 0.5122724920511246 675
1764762188271 0.46422645449638367 680
1764762236009 0.503045380115509 685
1764762283984 0.5787937790155411 690
1764762331929 0.5876894295215607 695
1764762379654 0.5982575863599777 700
1764762427589 0.5843198895454407 705
1764762475637 0.423206090927124 710
1764762523317 0.5208301693201065 715
1764762571347 0.6113241314888 720
1764762619758 0.5482784658670425 725
1764762667367 0.5781287401914597 730
1764762715294 0.6004203259944916 735
1764762763286 0.5595133900642395 740
1764762811281 0.5281601846218109 745
1764762858983 0.49969804286956787 750
1764762906963 0.5154455378651619 755
1764762955054 0.5594355463981628 760
1764763003146 0.5407754480838776 765
1764763051031 0.5502028912305832 770
1764763098783 0.5541287511587143 775
1764763146617 0.5365368723869324 780
1764763194525 0.5377347320318222 785
1764763242145 0.5391280651092529 790
1764763290011 0.49269137531518936 795
1764763337973 0.5671714395284653 800
1764763385728 0.5839308649301529 805
1764763433719 0.49669723957777023 810
1764763481659 0.5094130709767342 815
1764763529758 0.574700728058815 820
1764763577631 0.5305967479944229 825
1764763626328 0.535866841673851 830
1764763695294 0.5222578942775726 835
1764763743862 0.530630812048912 840
1764763792293 0.5415228307247162 845
1764763840992 0.4930984005331993 850
1764763889754 0.5253831297159195 855
1764763938196 0.5543660074472427 860
1764763986477 0.5995764881372452 865
1764764034282 0.5693077892065048 870
1764764081861 0.5106561556458473 875
1764764129789 0.5294253379106522 880
1764764177237 0.5128009021282196 885
1764764225136 0.5223360434174538 890
1764764273010 0.4868733063340187 895
1764764320790 0.5485115349292755 900
1764764368635 0.5959912985563278 905
1764764416582 0.5314819365739822 910
1764764464430 0.5063852444291115 915
1764764512257 0.5083359479904175 920
1764764560590 0.5571068078279495 925
1764764608515 0.5013943463563919 930
1764764656280 0.5491398423910141 935
1764764704223 0.5665005147457123 940
1764764752388 0.569851353764534 945
1764764800010 0.5492083877325058 950
1764764847785 0.5688821077346802 955
1764764895524 0.5328145772218704 960
1764764942854 0.5098528191447258 965
1764764990664 0.47495047748088837 970
1764765038335 0.5234391763806343 975
1764765086294 0.5596777349710464 980
1764765134066 0.5713165551424026 985
1764765181784 0.5619432181119919 990
1764765230011 0.5415653139352798 995
1764765299706 0.5169320404529572 1000
1764765348340 0.5653648227453232 1005
1764765397037 0.5165331214666367 1010
1764765445483 0.5545282289385796 1015
1764765494064 0.5280255153775215 1020
1764765542597 0.4869973883032799 1025
1764765590637 0.5302213057875633 1030
1764765638769 0.5092642828822136 1035
1764765686863 0.5170848220586777 1040
1764765734854 0.55722576379776 1045
1764765783075 0.5475078225135803 1050
1764765830933 0.5024993196129799 1055
1764765878638 0.5251114219427109 1060
1764765926903 0.5114445835351944 1065
1764765974910 0.5607903748750687 1070
1764766022705 0.5368617027997971 1075
1764766070515 0.4950745329260826 1080
1764766118540 0.4855628088116646 1085
1764766166545 0.5450075268745422 1090
1764766214614 0.5181212872266769 1095
1764766262178 0.4772128611803055 1100
1764766310106 0.47546300292015076 1105
1764766358018 0.4894063100218773 1110
1764766405894 0.5059525892138481 1115
1764766454033 0.5613476932048798 1120
1764766502273 0.552763506770134 1125
1764766550322 0.5271099954843521 1130
1764766598146 0.4934200048446655 1135
1764766645744 0.5336907505989075 1140
1764766693772 0.5463005751371384 1145
1764766741763 0.5062410533428192 1150
1764766789995 0.5424584448337555 1155
1764766838112 0.5316970720887184 1160
1764766885798 0.5059041753411293 1165
1764766951153 0.5185049846768379 1170
1764766998891 0.5407505556941032 1175
1764767046884 0.551422044634819 1180
1764767094688 0.5591612756252289 1185
1764767142408 0.5391891598701477 1190
1764767190621 0.5442919731140137 1195
1764767238740 0.5099212974309921 1200
1764767286623 0.5110045596957207 1205
1764767334510 0.5470293462276459 1210
1764767382633 0.51240673661232 1215
1764767430782 0.570977509021759 1220
1764767478756 0.5376427918672562 1225
1764767526554 0.552110880613327 1230
1764767574080 0.5809531211853027 1235
1764767622177 0.5494700074195862 1240
1764767670395 0.5207016468048096 1245
1764767718256 0.496684692800045 1250
1764767766473 0.5147716626524925 1255
1764767814267 0.5078196004033089 1260
1764767862291 0.4942591041326523 1265
1764767910260 0.5754348784685135 1270
1764767957794 0.4963609203696251 1275
1764768005457 0.5132733434438705 1280
1764768053468 0.5316084176301956 1285
1764768101289 0.5277735441923141 1290
1764768149400 0.5222133919596672 1295
1764768197607 0.5352741777896881 1300
1764768245350 0.5214133635163307 1305
1764768293341 0.5605080723762512 1310
1764768341304 0.5344090685248375 1315
1764768389407 0.5183481574058533 1320
1764768437255 0.5239032730460167 1325
1764768485168 0.4821193590760231 1330
1764768554791 0.5304632037878036 1335
1764768603514 0.49813466519117355 1340
1764768652240 0.5114220082759857 1345
1764768700899 0.5003264546394348 1350
1764768749521 0.48376618325710297 1355
1764768797457 0.48149874806404114 1360
1764768845348 0.5205179899930954 1365
1764768893619 0.48972315341234207 1370
1764768941570 0.5399683639407158 1375
1764768989669 0.5306343212723732 1380
1764769037963 0.5059542506933212 1385
1764769086088 0.532116562128067 1390
1764769133831 0.5281776338815689 1395
1764769181561 0.5459178686141968 1400
1764769229401 0.5295056700706482 1405
1764769277564 0.5434992760419846 1410
1764769325412 0.5131424367427826 1415
1764769373282 0.5198341012001038 1420
1764769420684 0.49609947949647903 1425
1764769468623 0.5290485620498657 1430
1764769516242 0.5199620872735977 1435
1764769564293 0.543654590845108 1440
1764769612626 0.530053123831749 1445
1764769660565 0.5159000754356384 1450
1764769708232 0.527390643954277 1455
1764769756512 0.4825805276632309 1460
1764769804544 0.4699995741248131 1465
1764769852616 0.5341687351465225 1470
1764769900265 0.5155704915523529 1475
1764769948120 0.5169982761144638 1480
1764769995886 0.5144742801785469 1485
1764770043692 0.517809584736824 1490
1764770091392 0.483246274292469 1495
1764770156569 0.49276262521743774 1500
1764770204630 0.507009968161583 1505
1764770252453 0.527239203453064 1510
1764770300413 0.48166023194789886 1515
1764770348345 0.508289098739624 1520
1764770396248 0.5348788499832153 1525
1764770443898 0.5167963206768036 1530
1764770491492 0.5251529738306999 1535
1764770539525 0.5357129722833633 1540
1764770587371 0.5239981412887573 1545
1764770635391 0.5354758054018021 1550
1764770682980 0.48893941938877106 1555
1764770730948 0.5463973879814148 1560
1764770778955 0.514208048582077 1565
1764770827018 0.5174792557954788 1570
1764770874904 0.5184377133846283 1575
1764770922853 0.5191390663385391 1580
1764770970881 0.5275897830724716 1585
1764771018998 0.5324462652206421 1590
1764771066809 0.5074164122343063 1595
1764771114952 0.509140133857727 1600
1764771163001 0.5285281836986542 1605
1764771211302 0.4843533933162689 1610
1764771259386 0.4900926649570465 1615
1764771307441 0.5049114227294922 1620
1764771355816 0.5359730422496796 1625
1764771403765 0.5003955066204071 1630
1764771451989 0.5254123955965042 1635
1764771499836 0.500451572239399 1640
1764771547887 0.5045797154307365 1645
1764771595814 0.5088499933481216 1650
1764771643873 0.5112165287137032 1655
1764771691651 0.5004580542445183 1660
1764771739678 0.5363602340221405 1665
