1764755640460 0.49998845160007477 5
1764755688433 0.5039229393005371 10
1764755736066 0.5126475095748901 15
1764755784131 0.5357611775398254 20
1764755832266 0.5892730355262756 25
1764755880328 0.7076523900032043 30
1764755927993 0.7378791868686676 35
1764755975943 0.661771148443222 40
1764756023655 0.6437522917985916 45
1764756071563 0.6892522424459457 50
1764756119516 0.6816310286521912 55
1764756167310 0.6499462276697159 60
1764756215166 0.675511360168457 65
1764756263212 0.6600464284420013 70
1764756310983 0.6583488285541534 75
1764756358811 0.6118142157793045 80
1764756406910 0.6876063644886017 85
1764756454713 0.6507143378257751 90
1764756502635 0.6867901682853699 95
1764756550489 0.6147242486476898 100
1764756598389 0.6668507009744644 105
1764756646147 0.6167840212583542 110
1764756694229 0.6726244240999222 115
1764756741998 0.6127720922231674 120
1764756790217 0.6787076741456985 125
1764756838355 0.6248451471328735 130
1764756886279 0.6617934256792068 135
1764756934222 0.6286632567644119 140
1764756981795 0.6448453962802887 145
1764757029317 0.6441933065652847 150
1764757077621 0.6494243294000626 155
1764757125742 0.5800365805625916 160
1764757173479 0.6525928378105164 165
1764757242761 0.5075083822011948 170
1764757291309 0.6885592341423035 175
1764757340305 0.6438054740428925 180
1764757389220 0.6273460984230042 185
1764757437842 0.6465326845645905 190
1764757486334 0.6078363358974457 195
1764757534088 0.6792450249195099 200
1764757582013 0.5690174102783203 205
1764757629577 0.6009708791971207 210
1764757677595 0.6255923211574554 215
1764757725179 0.582819402217865 220
1764757773222 0.6330126225948334 225
1764757821287 0.558871328830719 230
1764757869255 0.6325788646936417 235
1764757917645 0.585255965590477 240
1764757965794 0.652990996837616 245
1764758013438 0.6692966967821121 250
1764758061356 0.5870625972747803 255
1764758109351 0.5779909491539001 260
1764758157275 0.620960459113121 265
1764758204947 0.6551300585269928 270
1764758252894 0.5707246363162994 275
1764758300671 0.5895032584667206 280
1764758348422 0.6575720310211182 285
1764758396339 0.6431766003370285 290
1764758444013 0.5980159044265747 295
1764758492109 0.6458798348903656 300
1764758540120 0.6531565636396408 305
1764758588079 0.6030373871326447 310
1764758635942 0.5000717341899872 315
1764758684076 0.630866527557373 320
1764758732031 0.6694606244564056 325
1764758779895 0.6445442885160446 330
1764758844898 0.6558903157711029 335
1764758893052 0.6077383756637573 340
1764758940983 0.6783464848995209 345
1764758988966 0.6270825266838074 350
1764759036761 0.6535085141658783 355
1764759084867 0.6397962719202042 360
1764759133081 0.539861336350441 365
1764759180905 0.6307158917188644 370
1764759229066 0.6128030866384506 375
1764759277072 0.6533972918987274 380
1764759325042 0.6210240572690964 385
1764759373450 0.6159898489713669 390
1764759421579 0.6348163187503815 395
1764759469539 0.588998332619667 400
1764759517169 0.5863740295171738 405
1764759565003 0.6334023177623749 410
1764759612947 0.6363481283187866 415
1764759660679 0.6390997469425201 420
1764759708397 0.6284400820732117 425
1764759756604 0.5932797789573669 430
1764759804619 0.6155782788991928 435
1764759852487 0.5990213453769684 440
1764759900351 0.637869581580162 445
1764759948217 0.6248150914907455 450
1764759996478 0.6003330498933792 455
1764760044253 0.6023963838815689 460
1764760092383 0.5155058056116104 465
1764760140389 0.6717685610055923 470
1764760188602 0.6558137983083725 475
1764760236284 0.6410544365644455 480
1764760284069 0.6039591729640961 485
1764760331934 0.5993076860904694 490
1764760379755 0.6215506047010422 495
1764760445172 0.6522782891988754 500
1764760493320 0.5688827782869339 505
1764760541226 0.6035197973251343 510
1764760589118 0.6041463762521744 515
1764760637300 0.5820261240005493 520
1764760685627 0.6347490549087524 525
1764760733529 0.6657942682504654 530
1764760781813 0.6688556969165802 535
1764760829857 0.6102043986320496 540
1764760877632 0.5126785486936569 545
1764760925575 0.6206212490797043 550
1764760973256 0.6782039999961853 555
1764761021194 0.6534174531698227 560
1764761069036 0.6663554012775421 565
1764761116911 0.6062730103731155 570
1764761164816 0.6273169815540314 575
1764761213007 0.639532670378685 580
1764761261035 0.6114655584096909 585
1764761308729 0.5551405996084213 590
1764761356900 0.6066636592149734 595
1764761404707 0.6493666172027588 600
1764761452754 0.6348212510347366 605
1764761500567 0.5676526129245758 610
1764761548448 0.6640574485063553 615
1764761596367 0.6141087412834167 620
1764761644317 0.5783260315656662 625
1764761692093 0.6195157915353775 630
1764761740323 0.5941673517227173 635
1764761788385 0.6598028391599655 640
1764761836052 0.6608550697565079 645
1764761884210 0.5908803641796112 650
1764761932308 0.5890292525291443 655
1764761979974 0.6135251224040985 660
1764762028129 0.6422208547592163 665
1764762093011 0.6212495565414429 670
1764762140757 0.6235774904489517 675
1764762188271 0.5554450899362564 680
1764762236009 0.6057630330324173 685
1764762283984 0.6531090885400772 690
1764762331929 0.6339229047298431 695
1764762379654 0.6583663821220398 700
1764762427589 0.6676618009805679 705
1764762475637 0.51579150557518 710
1764762523317 0.6083629131317139 715
1764762571347 0.6612999439239502 720
1764762619758 0.6204539835453033 725
1764762667367 0.6318193823099136 730
1764762715294 0.6503374725580215 735
1764762763286 0.6158365905284882 740
1764762811281 0.580073893070221 745
1764762858983 0.5803768187761307 750
1764762906963 0.6163357049226761 755
1764762955054 0.6624702364206314 760
1764763003146 0.6024065464735031 765
1764763051031 0.6038883328437805 770
1764763098783 0.6572865396738052 775
1764763146617 0.6043382734060287 780
1764763194525 0.6278694272041321 785
1764763242145 0.5923052728176117 790
1764763290011 0.6012785732746124 795
1764763337973 0.6625295579433441 800
1764763385728 0.6663669794797897 805
1764763433719 0.6023523509502411 810
1764763481659 0.6137055903673172 815
1764763529758 0.6573326140642166 820
1764763577631 0.6049497872591019 825
1764763626328 0.610923632979393 830
1764763695294 0.5978773832321167 835
1764763743862 0.640631690621376 840
1764763792293 0.6184512972831726 845
1764763840992 0.5681267231702805 850
1764763889754 0.598694235086441 855
1764763938196 0.6181087493896484 860
1764763986477 0.6565221548080444 865
1764764034282 0.6385429948568344 870
1764764081861 0.5854297429323196 875
1764764129789 0.5982983559370041 880
1764764177237 0.6350423991680145 885
1764764225136 0.5798841863870621 890
1764764273010 0.5345074534416199 895
1764764320790 0.6322035938501358 900
1764764368635 0.6780222803354263 905
1764764416582 0.6226852536201477 910
1764764464430 0.5736106634140015 915
1764764512257 0.6095586866140366 920
1764764560590 0.6426119804382324 925
1764764608515 0.5954013615846634 930
1764764656280 0.6283358037471771 935
1764764704223 0.6109587550163269 940
1764764752388 0.6361143589019775 945
1764764800010 0.6182222217321396 950
1764764847785 0.6231611222028732 955
1764764895524 0.6050211489200592 960
1764764942854 0.604523316025734 965
1764764990664 0.5762126594781876 970
1764765038335 0.6020418256521225 975
1764765086294 0.6410040706396103 980
1764765134066 0.6415886282920837 985
1764765181784 0.6663153320550919 990
1764765230011 0.6115725934505463 995
1764765299706 0.6134307235479355 1000
1764765348340 0.6261624693870544 1005
1764765397037 0.63103286921978 1010
1764765445483 0.629723384976387 1015
1764765494064 0.6015183180570602 1020
1764765542597 0.5976577550172806 1025
1764765590637 0.6159123033285141 1030
1764765638769 0.591400533914566 1035
1764765686863 0.6303797662258148 1040
1764765734854 0.6550193727016449 1045
1764765783075 0.6499762684106827 1050
1764765830933 0.5949594676494598 1055
1764765878638 0.5658209323883057 1060
1764765926903 0.6308904439210892 1065
1764765974910 0.673907533288002 1070
1764766022705 0.6206096857786179 1075
1764766070515 0.605572447180748 1080
1764766118540 0.6101168990135193 1085
1764766166545 0.6512412279844284 1090
1764766214614 0.649283766746521 1095
1764766262178 0.5991844087839127 1100
1764766310106 0.5941120088100433 1105
1764766358018 0.5816258043050766 1110
1764766405894 0.6049651354551315 1115
1764766454033 0.6600722223520279 1120
1764766502273 0.6558701545000076 1125
1764766550322 0.6453782469034195 1130
1764766598146 0.6194589138031006 1135
1764766645744 0.6601346731185913 1140
1764766693772 0.6250943541526794 1145
1764766741763 0.6533086150884628 1150
1764766789995 0.6262913942337036 1155
1764766838112 0.6064213365316391 1160
1764766885798 0.592015951871872 1165
1764766951153 0.6142158508300781 1170
1764766998891 0.6452002376317978 1175
1764767046884 0.6399845629930496 1180
1764767094688 0.6678291261196136 1185
1764767142408 0.6265164166688919 1190
1764767190621 0.6276755332946777 1195
1764767238740 0.5942535996437073 1200
1764767286623 0.639526829123497 1205
1764767334510 0.6329809278249741 1210
1764767382633 0.6286519467830658 1215
1764767430782 0.6121958196163177 1220
1764767478756 0.6182161867618561 1225
1764767526554 0.66810642182827 1230
1764767574080 0.644817903637886 1235
1764767622177 0.5890479981899261 1240
1764767670395 0.6104264706373215 1245
1764767718256 0.6241291910409927 1250
1764767766473 0.5949689298868179 1255
1764767814267 0.6063141822814941 1260
1764767862291 0.6108159273862839 1265
1764767910260 0.6201580911874771 1270
1764767957794 0.6367001533508301 1275
1764768005457 0.5920253694057465 1280
1764768053468 0.6197279244661331 1285
1764768101289 0.6091973185539246 1290
1764768149400 0.6069148778915405 1295
1764768197607 0.62163145840168 1300
1764768245350 0.6434289515018463 1305
1764768293341 0.6294032782316208 1310
1764768341304 0.6301987320184708 1315
1764768389407 0.652313843369484 1320
1764768437255 0.6211427748203278 1325
1764768485168 0.612766906619072 1330
1764768554791 0.6099674105644226 1335
1764768603514 0.6065440475940704 1340
1764768652240 0.6061238199472427 1345
1764768700899 0.6153375506401062 1350
1764768749521 0.5697589963674545 1355
1764768797457 0.5939536690711975 1360
1764768845348 0.5870639681816101 1365
1764768893619 0.5954108238220215 1370
1764768941570 0.6227923631668091 1375
1764768989669 0.6522620320320129 1380
1764769037963 0.6323760002851486 1385
1764769086088 0.6277404278516769 1390
1764769133831 0.626172736287117 1395
1764769181561 0.6067652106285095 1400
1764769229401 0.6042148023843765 1405
1764769277564 0.6110101640224457 1410
1764769325412 0.6310567855834961 1415
1764769373282 0.6092825084924698 1420
1764769420684 0.6379481256008148 1425
1764769468623 0.6432914137840271 1430
1764769516242 0.5735298246145248 1435
1764769564293 0.5844866931438446 1440
1764769612626 0.6327594518661499 1445
1764769660565 0.6111449897289276 1450
1764769708232 0.6271211206912994 1455
1764769756512 0.6310640722513199 1460
1764769804544 0.6086406409740448 1465
1764769852616 0.6082113981246948 1470
1764769900265 0.5922489613294601 1475
1764769948120 0.5997289419174194 1480
1764769995886 0.6116216331720352 1485
1764770043692 0.6237736791372299 1490
1764770091392 0.61933933198452 1495
1764770156569 0.6274292469024658 1500
1764770204630 0.610556349158287 1505
1764770252453 0.6087584495544434 1510
1764770300413 0.6137168258428574 1515
1764770348345 0.6228546649217606 1520
1764770396248 0.6255048662424088 1525
1764770443898 0.6363216042518616 1530
1764770491492 0.6094039082527161 1535
1764770539525 0.6228022575378418 1540
1764770587371 0.6118683218955994 1545
1764770635391 0.6197716891765594 1550
1764770682980 0.5921887457370758 1555
1764770730948 0.645935446023941 1560
1764770778955 0.5923282355070114 1565
1764770827018 0.6106675565242767 1570
1764770874904 0.6060609519481659 1575
1764770922853 0.6172804087400436 1580
1764770970881 0.6116816103458405 1585
1764771018998 0.6408884674310684 1590
1764771066809 0.6218521595001221 1595
1764771114952 0.6141304820775986 1600
1764771163001 0.6218632459640503 1605
1764771211302 0.6242451220750809 1610
1764771259386 0.6172999143600464 1615
1764771307441 0.6236959546804428 1620
1764771355816 0.6519713997840881 1625
1764771403765 0.6245211958885193 1630
1764771451989 0.6092020273208618 1635
1764771499836 0.6139249205589294 1640
1764771547887 0.6210227459669113 1645
1764771595814 0.6097023189067841 1650
1764771643873 0.6256827712059021 1655
1764771691651 0.6056162863969803 1660
1764771739678 0.6177310943603516 1665
