1764755640460 5.109661529445475e-07 5
1764755688433 7.506627213160755e-07 10
1764755736066 5.070933866591076e-06 15
1764755784131 2.821208727254998e-05 20
1764755832266 0.00019352669551153667 25
1764755880328 0.0010697261313907802 30
1764755927993 0.0011121725256089121 35
1764755975943 0.0006597017782041803 40
1764756023655 0.0005017820440116338 45
1764756071563 0.000878134131198749 50
1764756119516 0.0009142186463577673 55
1764756167310 0.000948782850173302 60
1764756215166 0.0015037270495668054 65
1764756263212 0.0020836826879531145 70
1764756310983 0.00265105243306607 75
1764756358811 0.001519649609690532 80
1764756406910 0.0021019424311816692 85
1764756454713 0.0013108968851156533 90
1764756502635 0.002453724213410169 95
1764756550489 0.001944477204233408 100
1764756598389 0.0023780616465955973 105
1764756646147 0.0020706941140815616 110
1764756694229 0.003796691889874637 115
1764756741998 0.0028067174716852605 120
1764756790217 0.003170160693116486 125
1764756838355 0.003362591320183128 130
1764756886279 0.006304001552052796 135
1764756934222 0.0037541816709563136 140
1764756981795 0.002192000363720581 145
1764757029317 0.002555986400693655 150
1764757077621 0.006965871201828122 155
1764757125742 0.005397711996920407 160
1764757173479 0.008416970493271947 165
1764757242761 0.008174854330718517 170
1764757291309 0.0016001759213395417 175
1764757340305 0.001754794386215508 180
1764757389220 0.0041798558086156845 185
1764757437842 0.0051003965199925005 190
1764757486334 0.0037808959023095667 195
1764757534088 0.0031007997458800673 200
1764757582013 0.007626847829669714 205
1764757629577 0.005898405914194882 210
1764757677595 0.0043971948325634 215
1764757725179 0.00474814826156944 220
1764757773222 0.008124319603666663 225
1764757821287 0.008120856015011668 230
1764757869255 0.0052224621176719666 235
1764757917645 0.006439215154387057 240
1764757965794 0.0028060293989256024 245
1764758013438 0.0020353429426904768 250
1764758061356 0.006231476203538477 255
1764758109351 0.00844664964824915 260
1764758157275 0.003078012785408646 265
1764758204947 0.003850421926472336 270
1764758252894 0.010969310300424695 275
1764758300671 0.004772230400703847 280
1764758348422 0.0020616180263459682 285
1764758396339 0.00233719649259001 290
1764758444013 0.0064161045011132956 295
1764758492109 0.006234097061678767 300
1764758540120 0.0034268631134182215 305
1764758588079 0.008588853990659118 310
1764758635942 0.01000616024248302 315
1764758684076 0.0029155188240110874 320
1764758732031 0.0016037847672123462 325
1764758779895 0.0019484196382109076 330
1764758844898 0.003875322814565152 335
1764758893052 0.004374683019705117 340
1764758940983 0.0042504939483478665 345
1764758988966 0.0027408378664404154 350
1764759036761 0.003264798200689256 355
1764759084867 0.00579590501729399 360
1764759133081 0.0073027273174375296 365
1764759180905 0.004925345943775028 370
1764759229066 0.002643114945385605 375
1764759277072 0.003220455313567072 380
1764759325042 0.008115773322060704 385
1764759373450 0.007806284469552338 390
1764759421579 0.006842368980869651 395
1764759469539 0.009608432883396745 400
1764759517169 0.0072000433574430645 405
1764759565003 0.007082866737619042 410
1764759612947 0.005136259715072811 415
1764759660679 0.005074006738141179 420
1764759708397 0.00874848966486752 425
1764759756604 0.01057231251616031 430
1764759804619 0.006341177853755653 435
1764759852487 0.0071108422707766294 440
1764759900351 0.005312114022672176 445
1764759948217 0.0026625352911651134 450
1764759996478 0.007011916255578399 455
1764760044253 0.009730283170938492 460
1764760092383 0.005072366970125586 465
1764760140389 0.0021862834983039647 470
1764760188602 0.001907672209199518 475
1764760236284 0.00405274418881163 480
1764760284069 0.009645960759371519 485
1764760331934 0.007589920191094279 490
1764760379755 0.004363134736195207 495
1764760445172 0.00431437068618834 500
1764760493320 0.007639270159415901 505
1764760541226 0.008250851067714393 510
1764760589118 0.006322507280856371 515
1764760637300 0.009284621337428689 520
1764760685627 0.005476785358041525 525
1764760733529 0.0025218210357706994 530
1764760781813 0.0044620411936193705 535
1764760829857 0.009394861990585923 540
1764760877632 0.009660853655077517 545
1764760925575 0.0042167388601228595 550
1764760973256 0.0027273998712189496 555
1764761021194 0.0022807094792369753 560
1764761069036 0.005833839415572584 565
1764761116911 0.007542650797404349 570
1764761164816 0.0058131994446739554 575
1764761213007 0.005492019350640476 580
1764761261035 0.0117469800170511 585
1764761308729 0.010235259309411049 590
1764761356900 0.004836772917769849 595
1764761404707 0.0039690014673396945 600
1764761452754 0.004047719237860292 605
1764761500567 0.004919315339066088 610
1764761548448 0.004519292037002742 615
1764761596367 0.005332662956789136 620
1764761644317 0.009222523658536375 625
1764761692093 0.008602550951763988 630
1764761740323 0.00651638419367373 635
1764761788385 0.00457905262010172 640
1764761836052 0.0051297181053087115 645
1764761884210 0.007367840735241771 650
1764761932308 0.008381094550713897 655
1764761979974 0.005069688544608653 660
1764762028129 0.004717038944363594 665
1764762093011 0.00582961761392653 670
1764762140757 0.012497709365561604 675
1764762188271 0.00934091315139085 680
1764762236009 0.004843338101636618 685
1764762283984 0.0034708708408288658 690
1764762331929 0.0028124884120188653 695
1764762379654 0.003898702037986368 700
1764762427589 0.0102841816842556 705
1764762475637 0.013526844093576074 710
1764762523317 0.006237825145944953 715
1764762571347 0.003578523639589548 720
1764762619758 0.004538078035693616 725
1764762667367 0.005542040569707751 730
1764762715294 0.006884995731525123 735
1764762763286 0.006786498241126537 740
1764762811281 0.007537703379057348 745
1764762858983 0.008424055413343012 750
1764762906963 0.008912915945984423 755
1764762955054 0.006996405893005431 760
1764763003146 0.00612497900146991 765
1764763051031 0.006854289676994085 770
1764763098783 0.005611855653114617 775
1764763146617 0.006957028876058757 780
1764763194525 0.007868559914641082 785
1764763242145 0.007959492970257998 790
1764763290011 0.008458618074655533 795
1764763337973 0.006908693932928145 800
1764763385728 0.005101470043882728 805
1764763433719 0.00834937859326601 810
1764763481659 0.007122570415958762 815
1764763529758 0.006488383864052594 820
1764763577631 0.005616222275421023 825
1764763626328 0.008032232755795121 830
1764763695294 0.0072784097865223885 835
1764763743862 0.006711339927278459 840
1764763792293 0.00805574026890099 845
1764763840992 0.010928539093583822 850
1764763889754 0.006430816953070462 855
1764763938196 0.005722603993490338 860
1764763986477 0.0059750741347670555 865
1764764034282 0.005696313106454909 870
1764764081861 0.0073563531041145325 875
1764764129789 0.008583339396864176 880
1764764177237 0.01120930421166122 885
1764764225136 0.00960315961856395 890
1764764273010 0.007414693129248917 895
1764764320790 0.005211087525822222 900
1764764368635 0.004198987095151097 905
1764764416582 0.006413443712517619 910
1764764464430 0.00901494501158595 915
1764764512257 0.009641059208661318 920
1764764560590 0.008634548750706017 925
1764764608515 0.008140336023643613 930
1764764656280 0.006342803244479001 935
1764764704223 0.007706569624133408 940
1764764752388 0.006461160141043365 945
1764764800010 0.008287191390991211 950
1764764847785 0.009878312353976071 955
1764764895524 0.009962750133126974 960
1764764942854 0.009639729047194123 965
1764764990664 0.010111106559634209 970
1764765038335 0.007780875777825713 975
1764765086294 0.007352679851464927 980
1764765134066 0.005948808393441141 985
1764765181784 0.004895883146673441 990
1764765230011 0.006681372527964413 995
1764765299706 0.009768676944077015 1000
1764765348340 0.008428452420048416 1005
1764765397037 0.007277100463397801 1010
1764765445483 0.009355611517094076 1015
1764765494064 0.010253340005874634 1020
1764765542597 0.010342647088691592 1025
1764765590637 0.009895178722217679 1030
1764765638769 0.010341380955651402 1035
1764765686863 0.008489679312333465 1040
1764765734854 0.0077637305948883295 1045
1764765783075 0.007899120100773871 1050
1764765830933 0.007586337625980377 1055
1764765878638 0.007740097702480853 1060
1764765926903 0.006779979914426804 1065
1764765974910 0.0073905938770622015 1070
1764766022705 0.011227026814594865 1075
1764766070515 0.011074530193582177 1080
1764766118540 0.010854046326130629 1085
1764766166545 0.008177597424946725 1090
1764766214614 0.009029380977153778 1095
1764766262178 0.009056023554876447 1100
1764766310106 0.011928539024665952 1105
1764766358018 0.009385242825374007 1110
1764766405894 0.006839199224486947 1115
1764766454033 0.005326482001692057 1120
1764766502273 0.007282255683094263 1125
1764766550322 0.006801007082685828 1130
1764766598146 0.00883026747033 1135
1764766645744 0.009952073683962226 1140
1764766693772 0.010112262796610594 1145
1764766741763 0.01051284745335579 1150
1764766789995 0.011064031394198537 1155
1764766838112 0.008333826088346541 1160
1764766885798 0.007240330334752798 1165
1764766951153 0.008041074615903199 1170
1764766998891 0.00768355664331466 1175
1764767046884 0.006860745488665998 1180
1764767094688 0.007787646260112524 1185
1764767142408 0.008647731156088412 1190
1764767190621 0.007904887432232499 1195
1764767238740 0.01050026761367917 1200
1764767286623 0.009372309548780322 1205
1764767334510 0.008672028197906911 1210
1764767382633 0.008586994255892932 1215
1764767430782 0.006181294680573046 1220
1764767478756 0.007099065231159329 1225
1764767526554 0.006380727980285883 1230
1764767574080 0.006700894911773503 1235
1764767622177 0.009006642503663898 1240
1764767670395 0.009443853050470352 1245
1764767718256 0.008097082958556712 1250
1764767766473 0.0072977012023329735 1255
1764767814267 0.008715992327779531 1260
1764767862291 0.009170793229714036 1265
1764767910260 0.008132782648317516 1270
1764767957794 0.009782087756320834 1275
1764768005457 0.008682589745149016 1280
1764768053468 0.00932157738134265 1285
1764768101289 0.008585952571593225 1290
1764768149400 0.009160769637674093 1295
1764768197607 0.00724088482093066 1300
1764768245350 0.008912720833905041 1305
1764768293341 0.007595526985824108 1310
1764768341304 0.007465264410711825 1315
1764768389407 0.007827216060832143 1320
1764768437255 0.007533249096013606 1325
1764768485168 0.009761230321601033 1330
1764768554791 0.007714101346209645 1335
1764768603514 0.01003488339483738 1340
1764768652240 0.009200615109875798 1345
1764768700899 0.010056651895865798 1350
1764768749521 0.009812016622163355 1355
1764768797457 0.011352237081155181 1360
1764768845348 0.010077169863507152 1365
1764768893619 0.00807237287517637 1370
1764768941570 0.010720830177888274 1375
1764768989669 0.00944087014067918 1380
1764769037963 0.007395862019620836 1385
1764769086088 0.007989276899024844 1390
1764769133831 0.006840287242084742 1395
1764769181561 0.007100806455127895 1400
1764769229401 0.008495264453813434 1405
1764769277564 0.007514974568039179 1410
1764769325412 0.009625985287129879 1415
1764769373282 0.008491493295878172 1420
1764769420684 0.00875730812549591 1425
1764769468623 0.00845368904992938 1430
1764769516242 0.008079378167167306 1435
1764769564293 0.009028882021084428 1440
1764769612626 0.007299878401681781 1445
1764769660565 0.00752751377876848 1450
1764769708232 0.008753097616136074 1455
1764769756512 0.009566245833411813 1460
1764769804544 0.011188695672899485 1465
1764769852616 0.008626478724181652 1470
1764769900265 0.008359730709344149 1475
1764769948120 0.007095238310284913 1480
1764769995886 0.007573113078251481 1485
1764770043692 0.00934718654025346 1490
1764770091392 0.008830855367705226 1495
1764770156569 0.009039335418492556 1500
1764770204630 0.009050949709489942 1505
1764770252453 0.00962595734745264 1510
1764770300413 0.007673089159652591 1515
1764770348345 0.008812293643131852 1520
1764770396248 0.007890002219937742 1525
1764770443898 0.008987493114545941 1530
1764770491492 0.008453318034298718 1535
1764770539525 0.008552503655664623 1540
1764770587371 0.00786956597585231 1545
1764770635391 0.008252637693658471 1550
1764770682980 0.009973501786589622 1555
1764770730948 0.008190426393412054 1560
1764770778955 0.009046517661772668 1565
1764770827018 0.006998953991569579 1570
1764770874904 0.009148897603154182 1575
1764770922853 0.00743625801987946 1580
1764770970881 0.008435218129307032 1585
1764771018998 0.00858409726060927 1590
1764771066809 0.008930099778808653 1595
1764771114952 0.00818298663944006 1600
1764771163001 0.006423466373234987 1605
1764771211302 0.009164953953586519 1610
1764771259386 0.007708358694799244 1615
1764771307441 0.008482230710797012 1620
1764771355816 0.007990240002982318 1625
1764771403765 0.01100407529156655 1630
1764771451989 0.007605231134220958 1635
1764771499836 0.010473145171999931 1640
1764771547887 0.008942402666434646 1645
1764771595814 0.009092731750570238 1650
1764771643873 0.0077926600351929665 1655
1764771691651 0.008795512607321143 1660
1764771739678 0.008338426006957889 1665
