1764755640460 3.7181376910666586e-07 5
1764755688433 7.474987029354452e-07 10
1764755736066 5.223648713581497e-06 15
1764755784131 2.788882738968823e-05 20
1764755832266 0.00019019200772163458 25
1764755880328 0.0010837982408702374 30
1764755927993 0.0012002965377178043 35
1764755975943 0.0006873367237858474 40
1764756023655 0.0005003848928026855 45
1764756071563 0.0008552525541745126 50
1764756119516 0.0008922304405132309 55
1764756167310 0.001054245003615506 60
1764756215166 0.0017205741896759719 65
1764756263212 0.0020641646697185934 70
1764756310983 0.002720541786402464 75
1764756358811 0.0016815850394777954 80
1764756406910 0.001892714819405228 85
1764756454713 0.0012557617155835032 90
1764756502635 0.002438943658489734 95
1764756550489 0.002029873023275286 100
1764756598389 0.002360954007599503 105
1764756646147 0.0019311547512188554 110
1764756694229 0.0031604949617758393 115
1764756741998 0.002522815717384219 120
1764756790217 0.002466954290866852 125
1764756838355 0.002806956763379276 130
1764756886279 0.005308024468831718 135
1764756934222 0.003049345512408763 140
1764756981795 0.0018732271273620427 145
1764757029317 0.0022931170533411205 150
1764757077621 0.006561261834576726 155
1764757125742 0.0040432935347780585 160
1764757173479 0.005106757511384785 165
1764757242761 0.006288396310992539 170
1764757291309 0.0012512183311628178 175
1764757340305 0.001539381977636367 180
1764757389220 0.0038442533696070313 185
1764757437842 0.005346867488697171 190
1764757486334 0.0024049984640441835 195
1764757534088 0.0028301607235334814 200
1764757582013 0.005120184505358338 205
1764757629577 0.004507344099693 210
1764757677595 0.0038742454489693046 215
1764757725179 0.00353682175045833 220
1764757773222 0.005967841716483235 225
1764757821287 0.006679524667561054 230
1764757869255 0.003647778299637139 235
1764757917645 0.005006779334507883 240
1764757965794 0.002106419065967202 245
1764758013438 0.0012000786373391747 250
1764758061356 0.004764145938679576 255
1764758109351 0.005539900157600641 260
1764758157275 0.00251065130578354 265
1764758204947 0.0019862848857883364 270
1764758252894 0.008947560447268188 275
1764758300671 0.0032400136697106063 280
1764758348422 0.0018026959733106196 285
1764758396339 0.0014512833731714636 290
1764758444013 0.004430668312124908 295
1764758492109 0.004568417323753238 300
1764758540120 0.00227388582425192 305
1764758588079 0.005513447569683194 310
1764758635942 0.009395467583090067 315
1764758684076 0.002687864936888218 320
1764758732031 0.001306056568864733 325
1764758779895 0.001566207007272169 330
1764758844898 0.0032827496179379523 335
1764758893052 0.0036256538587622344 340
1764758940983 0.004064496490173042 345
1764758988966 0.0020580498967319727 350
1764759036761 0.0022690140758641064 355
1764759084867 0.004883043700829148 360
1764759133081 0.006191201275214553 365
1764759180905 0.0029119610553607345 370
1764759229066 0.0021752740140073 375
1764759277072 0.0019206505094189197 380
1764759325042 0.004621700383722782 385
1764759373450 0.0048785291146487 390
1764759421579 0.004031963704619557 395
1764759469539 0.0065739109413698316 400
1764759517169 0.00500813964754343 405
1764759565003 0.00478386168833822 410
1764759612947 0.0032947598374448717 415
1764759660679 0.0029252709355205297 420
1764759708397 0.00480654597049579 425
1764759756604 0.005473984987474978 430
1764759804619 0.004539259651210159 435
1764759852487 0.0058917360147461295 440
1764759900351 0.003826405620202422 445
1764759948217 0.002403355232672766 450
1764759996478 0.0037435637786984444 455
1764760044253 0.007297603879123926 460
1764760092383 0.003860824159346521 465
1764760140389 0.0011999701091554016 470
1764760188602 0.001674750616075471 475
1764760236284 0.003082387673202902 480
1764760284069 0.006401152815669775 485
1764760331934 0.005307433195412159 490
1764760379755 0.0022148365096654743 495
1764760445172 0.0031169214053079486 500
1764760493320 0.00723523716442287 505
1764760541226 0.005621983436867595 510
1764760589118 0.005473003489896655 515
1764760637300 0.005826199543662369 520
1764760685627 0.0035349795361980796 525
1764760733529 0.0011414956534281373 530
1764760781813 0.0019694797229021788 535
1764760829857 0.0055794790387153625 540
1764760877632 0.008320112945511937 545
1764760925575 0.004326046037022024 550
1764760973256 0.0017716707952786237 555
1764761021194 0.0014375263708643615 560
1764761069036 0.003647268284112215 565
1764761116911 0.005053407629020512 570
1764761164816 0.0037631592131219804 575
1764761213007 0.00364254810847342 580
1764761261035 0.005824325373396277 585
1764761308729 0.007957453257404268 590
1764761356900 0.0033058752305805683 595
1764761404707 0.0027369692106731236 600
1764761452754 0.00265295515418984 605
1764761500567 0.004549521196167916 610
1764761548448 0.002838921907823533 615
1764761596367 0.0036621729377657175 620
1764761644317 0.0057131703943014145 625
1764761692093 0.006469702115282416 630
1764761740323 0.006423477432690561 635
1764761788385 0.002551088167820126 640
1764761836052 0.0025717296812217683 645
1764761884210 0.00537248799810186 650
1764761932308 0.005655921995639801 655
1764761979974 0.0032345805666409433 660
1764762028129 0.0029116894584149122 665
1764762093011 0.004069914517458528 670
1764762140757 0.007117935223504901 675
1764762188271 0.007037804462015629 680
1764762236009 0.00397802353836596 685
1764762283984 0.002640571619849652 690
1764762331929 0.001588163198903203 695
1764762379654 0.001982160552870482 700
1764762427589 0.005040839838329703 705
1764762475637 0.012467907276004553 710
1764762523317 0.005324764177203178 715
1764762571347 0.003026856982614845 720
1764762619758 0.00300433742813766 725
1764762667367 0.004042071406729519 730
1764762715294 0.0038565590512007475 735
1764762763286 0.004265222232788801 740
1764762811281 0.005812078597955406 745
1764762858983 0.005974369938485324 750
1764762906963 0.004799738992005587 755
1764762955054 0.005218182574026287 760
1764763003146 0.004537538334261626 765
1764763051031 0.0056872020941227674 770
1764763098783 0.004007570096291602 775
1764763146617 0.0038687664782628417 780
1764763194525 0.003839742566924542 785
1764763242145 0.005171721219085157 790
1764763290011 0.005323314806446433 795
1764763337973 0.0034437599242664874 800
1764763385728 0.003623952332418412 805
1764763433719 0.005235647840891033 810
1764763481659 0.0060077328234910965 815
1764763529758 0.004971356829628348 820
1764763577631 0.004039345600176603 825
1764763626328 0.004837937536649406 830
1764763695294 0.005331990891136229 835
1764763743862 0.003388059383723885 840
1764763792293 0.005167383351363242 845
1764763840992 0.006138943717814982 850
1764763889754 0.005101240007206798 855
1764763938196 0.004414801311213523 860
1764763986477 0.0041523544932715595 865
1764764034282 0.004068499314598739 870
1764764081861 0.005680733069311827 875
1764764129789 0.006591824232600629 880
1764764177237 0.0064905909821391106 885
1764764225136 0.005780798848718405 890
1764764273010 0.006276974338106811 895
1764764320790 0.0033643414499238133 900
1764764368635 0.003099923371337354 905
1764764416582 0.004386458836961538 910
1764764464430 0.006034881575033069 915
1764764512257 0.006345688016153872 920
1764764560590 0.005059994058683515 925
1764764608515 0.0053865022491663694 930
1764764656280 0.0052032931707799435 935
1764764704223 0.005588059313595295 940
1764764752388 0.00360754324356094 945
1764764800010 0.005382384406402707 950
1764764847785 0.007134777260944247 955
1764764895524 0.007096294197253883 960
1764764942854 0.0066986094461753964 965
1764764990664 0.0073074841639027 970
1764765038335 0.005848806933499873 975
1764765086294 0.003984315844718367 980
1764765134066 0.0037106439704075456 985
1764765181784 0.0032705633202567697 990
1764765230011 0.003804789448622614 995
1764765299706 0.005345518235117197 1000
1764765348340 0.004872762132436037 1005
1764765397037 0.005416820175014436 1010
1764765445483 0.005330480693373829 1015
1764765494064 0.00725624558981508 1020
1764765542597 0.0060890354216098785 1025
1764765590637 0.006402942119166255 1030
1764765638769 0.0063249809900298715 1035
1764765686863 0.0057815107284113765 1040
1764765734854 0.004328775394242257 1045
1764765783075 0.004462681710720062 1050
1764765830933 0.00501556450035423 1055
1764765878638 0.005722012254409492 1060
1764765926903 0.004795064101926982 1065
1764765974910 0.004049799754284322 1070
1764766022705 0.0060498034581542015 1075
1764766070515 0.007605863967910409 1080
1764766118540 0.005020034150220454 1085
1764766166545 0.004973695380613208 1090
1764766214614 0.0037252168403938413 1095
1764766262178 0.007601076969876885 1100
1764766310106 0.00867079000454396 1105
1764766358018 0.006678580539301038 1110
1764766405894 0.005665157572366297 1115
1764766454033 0.004239215166307986 1120
1764766502273 0.004277833271771669 1125
1764766550322 0.004318907856941223 1130
1764766598146 0.0050309954676777124 1135
1764766645744 0.005997895845212042 1140
1764766693772 0.005629110790323466 1145
1764766741763 0.0047337336000055075 1150
1764766789995 0.006033773417584598 1155
1764766838112 0.006850764621049166 1160
1764766885798 0.005795728764496744 1165
1764766951153 0.004940039128996432 1170
1764766998891 0.004384821222629398 1175
1764767046884 0.005082463787402958 1180
1764767094688 0.0043009864166378975 1185
1764767142408 0.00645831145811826 1190
1764767190621 0.0044141014805063605 1195
1764767238740 0.006837805616669357 1200
1764767286623 0.005703557748347521 1205
1764767334510 0.006217440473847091 1210
1764767382633 0.005120852496474981 1215
1764767430782 0.005500326864421368 1220
1764767478756 0.005112168844789267 1225
1764767526554 0.0031212816829793155 1230
1764767574080 0.004053042968735099 1235
1764767622177 0.005781095067504793 1240
1764767670395 0.005528438137844205 1245
1764767718256 0.005220380378887057 1250
1764767766473 0.006099808379076421 1255
1764767814267 0.006565988762304187 1260
1764767862291 0.006090289796702564 1265
1764767910260 0.005741182831116021 1270
1764767957794 0.005040847696363926 1275
1764768005457 0.006242976640351117 1280
1764768053468 0.005290271248668432 1285
1764768101289 0.005919617717154324 1290
1764768149400 0.00545195396989584 1295
1764768197607 0.006540081929415464 1300
1764768245350 0.004614412086084485 1305
1764768293341 0.004854898841585964 1310
1764768341304 0.00565595889929682 1315
1764768389407 0.004425754013936967 1320
1764768437255 0.005502744927071035 1325
1764768485168 0.006109835463576019 1330
1764768554791 0.005719520966522396 1335
1764768603514 0.005419016699306667 1340
1764768652240 0.006857449421659112 1345
1764768700899 0.007484381436370313 1350
1764768749521 0.006701062200590968 1355
1764768797457 0.007766412221826613 1360
1764768845348 0.0069949248572811484 1365
1764768893619 0.006336356047540903 1370
1764768941570 0.005669823498465121 1375
1764768989669 0.0055927501525729895 1380
1764769037963 0.005926353624090552 1385
1764769086088 0.006119594792835414 1390
1764769133831 0.006175552844069898 1395
1764769181561 0.005088141653686762 1400
1764769229401 0.005215809040237218 1405
1764769277564 0.00560696586035192 1410
1764769325412 0.007271563750691712 1415
1764769373282 0.005744651309214532 1420
1764769420684 0.004834780527744442 1425
1764769468623 0.005577870935667306 1430
1764769516242 0.00597526365891099 1435
1764769564293 0.006037270766682923 1440
1764769612626 0.0053499562200158834 1445
1764769660565 0.006037604762241244 1450
1764769708232 0.005731414072215557 1455
1764769756512 0.005278136348351836 1460
1764769804544 0.006345062400214374 1465
1764769852616 0.005411088932305574 1470
1764769900265 0.005816684220917523 1475
1764769948120 0.006470822263509035 1480
1764769995886 0.0053321009036153555 1485
1764770043692 0.005477219936437905 1490
1764770091392 0.0060135608073323965 1495
1764770156569 0.004816632135771215 1500
1764770204630 0.0057254653656855226 1505
1764770252453 0.005732047138735652 1510
1764770300413 0.005607173196040094 1515
1764770348345 0.0053485173266381025 1520
1764770396248 0.005852967326063663 1525
1764770443898 0.0061387051828205585 1530
1764770491492 0.005827379995025694 1535
1764770539525 0.005164491361938417 1540
1764770587371 0.00622886570636183 1545
1764770635391 0.005015870090574026 1550
1764770682980 0.0061559181194752455 1555
1764770730948 0.005063761491328478 1560
1764770778955 0.005865714279934764 1565
1764770827018 0.005221993196755648 1570
1764770874904 0.006654682336375117 1575
1764770922853 0.005831024493090808 1580
1764770970881 0.0053234974620863795 1585
1764771018998 0.005414526502136141 1590
1764771066809 0.006937208934687078 1595
1764771114952 0.005607566796243191 1600
1764771163001 0.0049039177829399705 1605
1764771211302 0.00557655980810523 1610
1764771259386 0.00649639283074066 1615
1764771307441 0.006067701848223805 1620
1764771355816 0.005183465487789363 1625
1764771403765 0.006013538921251893 1630
1764771451989 0.00554833875503391 1635
1764771499836 0.00537238031392917 1640
1764771547887 0.004966990905813873 1645
1764771595814 0.004915913916192949 1650
1764771643873 0.005553570226766169 1655
1764771691651 0.005389235797338188 1660
1764771739678 0.0060147568583488464 1665
