1764152394834 347.3197979927063 53
1764152775345 353.01362681388855 107
1764153151276 348.06575894355774 160
1764153533335 354.00022649765015 214
1764153887896 347.44818234443665 267
1764154269635 353.36479592323303 321
1764154626443 349.750244140625 374
1764154985847 352.32319045066833 428
1764155360744 346.70428562164307 481
1764155721289 353.43894028663635 535
1764156153164 421.912385225296 588
1764156639843 474.65523171424866 642
1764157030562 383.68529200553894 695
1764157622609 579.6518230438232 749
1764158296688 655.2588357925415 802
