1764152394834 18987.359885941452 53
1764152775345 18982.70064099508 107
1764153151276 18917.64653893391 160
1764153533335 19074.600789965378 214
1764153887896 18890.983846026436 267
1764154269635 18993.986037754905 321
1764154626443 18696.038414689054 374
1764154985847 19045.513272676686 428
1764155360744 19121.629800777257 481
1764155721289 19027.00363051725 535
1764156153164 15608.081750156638 588
1764156639843 14203.717876765617 642
1764157030562 17213.716912309097 695
1764157622609 11743.170174564217 749
1764158296688 9978.01119628095 802
