1764062657764 3.0 1
1764062666743 3.0 2
1764062675581 3.0 3
1764062684357 3.0 4
1764062693256 3.0 5
1764062702253 3.0 6
1764062711122 3.0 7
1764062720037 3.0 8
1764062728838 3.0 9
1764062737689 3.0 10
1764062746612 3.0 11
1764062755476 3.0 12
1764062764349 3.0 13
1764062773304 3.0 14
1764062782196 3.0 15
1764062791182 3.0 16
1764062800116 3.0 17
1764062809015 3.0 18
1764062818053 3.0 19
1764062827145 3.0 20
1764062835860 3.0 21
1764062844759 3.0 22
1764062853786 3.0 23
1764062862734 3.0 24
1764062871568 3.0 25
1764062880529 3.0 26
1764062889649 3.0 27
1764062898604 3.0 28
1764062907580 3.0 29
1764062916687 3.0 30
1764062925718 3.0 31
1764062934535 3.0 32
1764062943279 3.0 33
1764062952155 3.0 34
1764062961198 3.0 35
1764062970286 3.0 36
1764062979286 3.0 37
1764062988434 3.0 38
1764062997207 3.0 39
1764063006063 3.0 40
1764063014762 3.0 41
1764063023725 3.0 42
1764063032696 3.0 43
1764063041786 3.0 44
1764063050684 3.0 45
1764063059690 3.0 46
1764063068581 3.0 47
1764063077458 3.0 48
1764063086434 3.0 49
1764063095417 3.0 50
1764063104355 3.0 51
1764063113364 3.0 52
1764063122419 3.0 53
1764063131331 3.0 54
1764063140417 3.0 55
1764063149442 3.0 56
1764063158547 3.0 57
1764063167369 3.0 58
1764063176251 3.0 59
1764063185153 3.0 60
1764063194069 3.0 61
1764063202982 3.0 62
1764063211681 3.0 63
1764063220680 3.0 64
1764063229464 3.0 65
1764063238367 3.0 66
1764063247273 3.0 67
1764063256009 3.0 68
1764063264927 3.0 69
1764063273919 3.0 70
1764063282763 3.0 71
1764063291605 3.0 72
1764063300575 3.0 73
1764063309398 3.0 74
1764063318499 3.0 75
1764063327427 3.0 76
1764063336199 3.0 77
1764063345063 3.0 78
1764063353831 3.0 79
1764063362990 3.0 80
1764063372071 3.0 81
1764063380928 3.0 82
1764063389653 3.0 83
1764063398527 3.0 84
1764063407486 3.0 85
1764063416305 3.0 86
1764063425388 3.0 87
1764063434383 3.0 88
1764063443437 3.0 89
1764063452243 3.0 90
1764063461060 3.0 91
1764063470026 3.0 92
1764063479132 3.0 93
1764063488137 3.0 94
1764063497198 3.0 95
1764063506052 3.0 96
1764063515000 3.0 97
1764063523885 3.0 98
1764063532894 3.0 99
1764063541779 3.0 100
1764063550665 3.0 101
1764063559622 3.0 102
1764063568717 3.0 103
1764063577773 3.0 104
1764063586864 3.0 105
1764063595995 3.0 106
1764063604962 3.0 107
1764063613976 3.0 108
1764063622890 3.0 109
1764063631808 3.0 110
1764063640890 3.0 111
1764063649677 3.0 112
1764063658723 3.0 113
1764063667897 3.0 114
1764063676887 3.0 115
1764063685813 3.0 116
1764063694866 3.0 117
1764063703804 3.0 118
1764063712661 3.0 119
1764063721726 3.0 120
1764063730504 3.0 121
1764063739535 3.0 122
1764063748489 3.0 123
1764063757465 3.0 124
1764063766393 3.0 125
1764063775339 3.0 126
1764063784232 3.0 127
1764063793216 3.0 128
1764063802076 3.0 129
1764063811137 3.0 130
1764063819926 3.0 131
1764063829094 3.0 132
1764063837996 3.0 133
1764063846941 3.0 134
1764063855911 3.0 135
1764063864748 3.0 136
1764063873887 3.0 137
1764063882886 3.0 138
1764063891832 3.0 139
1764063900827 3.0 140
1764063909652 3.0 141
1764063918699 3.0 142
1764063927766 3.0 143
1764063936978 3.0 144
1764063945961 3.0 145
1764063954752 3.0 146
1764063963861 3.0 147
1764063972802 3.0 148
1764063981851 3.0 149
1764063990841 3.0 150
1764063999718 3.0 151
1764064008625 3.0 152
1764064017460 3.0 153
1764064026268 3.0 154
1764064035045 3.0 155
1764064044005 3.0 156
1764064052705 3.0 157
1764064061533 3.0 158
1764064070516 3.0 159
1764064079405 3.0 160
1764064088342 3.0 161
1764064097255 3.0 162
1764064106257 3.0 163
1764064115249 3.0 164
1764064124191 3.0 165
1764064133044 3.0 166
1764064141989 3.0 167
1764064150960 3.0 168
1764064159958 3.0 169
1764064169010 3.0 170
1764064177986 3.0 171
1764064186887 3.0 172
1764064195825 3.0 173
1764064204475 3.0 174
1764064213351 3.0 175
1764064222144 3.0 176
1764064231106 3.0 177
1764064239916 3.0 178
1764064249001 3.0 179
1764064257821 3.0 180
1764064266678 3.0 181
1764064275459 3.0 182
1764064284312 3.0 183
1764064293174 3.0 184
1764064302113 3.0 185
1764064311045 3.0 186
1764064319929 3.0 187
1764064329099 3.0 188
1764064338045 3.0 189
1764064346941 3.0 190
1764064355773 3.0 191
1764064364755 3.0 192
1764064373694 3.0 193
1764064382709 3.0 194
1764064391684 3.0 195
1764064400547 3.0 196
1764064409563 3.0 197
1764064418500 3.0 198
1764064427518 3.0 199
1764064436368 3.0 200
1764064445325 3.0 201
1764064454300 3.0 202
1764064463373 3.0 203
1764064472249 3.0 204
1764064481166 3.0 205
1764064490080 3.0 206
1764064498930 3.0 207
1764064507832 3.0 208
1764064516784 3.0 209
1764064525965 3.0 210
1764064534850 3.0 211
1764064543764 3.0 212
1764064552777 3.0 213
1764064561681 3.0 214
1764064570699 3.0 215
1764064579701 3.0 216
1764064588662 3.0 217
1764064597572 3.0 218
1764064606312 3.0 219
1764064615152 3.0 220
1764064624006 3.0 221
1764064632964 3.0 222
1764064641987 3.0 223
1764064650901 3.0 224
1764064659850 3.0 225
1764064668738 3.0 226
1764064677692 3.0 227
1764064686585 3.0 228
1764064695463 3.0 229
1764064704396 3.0 230
1764064713266 3.0 231
1764064722289 3.0 232
1764064731407 3.0 233
1764064740423 3.0 234
1764064749449 3.0 235
1764064758377 3.0 236
1764064767245 3.0 237
1764064776267 3.0 238
1764064785089 3.0 239
1764064793982 3.0 240
1764064803140 3.0 241
1764064812131 3.0 242
1764064820928 3.0 243
1764064829746 3.0 244
1764064838689 3.0 245
1764064847578 3.0 246
1764064856665 3.0 247
1764064865484 3.0 248
1764064874342 3.0 249
1764064883249 3.0 250
1764064892231 3.0 251
1764064901047 3.0 252
1764064909903 3.0 253
1764064918690 3.0 254
1764064927805 3.0 255
1764064936643 3.0 256
1764064945447 3.0 257
1764064954352 3.0 258
1764064963224 3.0 259
