1764062657764 0.10000000149011612 1
1764062666743 0.10000000149011612 2
1764062675581 0.10000000149011612 3
1764062684357 0.10000000149011612 4
1764062693256 0.10000000149011612 5
1764062702253 0.10000000149011612 6
1764062711122 0.10000000149011612 7
1764062720037 0.10000000149011612 8
1764062728838 0.10000000149011612 9
1764062737689 0.10000000149011612 10
1764062746612 0.10000000149011612 11
1764062755476 0.10000000149011612 12
1764062764349 0.10000000149011612 13
1764062773304 0.10000000149011612 14
1764062782196 0.10000000149011612 15
1764062791182 0.10000000149011612 16
1764062800116 0.10000000149011612 17
1764062809015 0.10000000149011612 18
1764062818053 0.10000000149011612 19
1764062827145 0.10000000149011612 20
1764062835860 0.10000000149011612 21
1764062844759 0.10000000149011612 22
1764062853786 0.10000000149011612 23
1764062862734 0.10000000149011612 24
1764062871568 0.10000000149011612 25
1764062880529 0.10000000149011612 26
1764062889649 0.10000000149011612 27
1764062898604 0.10000000149011612 28
1764062907580 0.10000000149011612 29
1764062916687 0.10000000149011612 30
1764062925718 0.10000000149011612 31
1764062934535 0.10000000149011612 32
1764062943279 0.10000000149011612 33
1764062952155 0.10000000149011612 34
1764062961198 0.10000000149011612 35
1764062970286 0.10000000149011612 36
1764062979286 0.10000000149011612 37
1764062988434 0.10000000149011612 38
1764062997207 0.10000000149011612 39
1764063006063 0.10000000149011612 40
1764063014762 0.10000000149011612 41
1764063023725 0.10000000149011612 42
1764063032696 0.10000000149011612 43
1764063041786 0.10000000149011612 44
1764063050684 0.10000000149011612 45
1764063059690 0.10000000149011612 46
1764063068581 0.10000000149011612 47
1764063077458 0.10000000149011612 48
1764063086434 0.10000000149011612 49
1764063095417 0.10000000149011612 50
1764063104355 0.10000000149011612 51
1764063113364 0.10000000149011612 52
1764063122419 0.10000000149011612 53
1764063131331 0.10000000149011612 54
1764063140417 0.10000000149011612 55
1764063149442 0.10000000149011612 56
1764063158547 0.10000000149011612 57
1764063167369 0.10000000149011612 58
1764063176251 0.10000000149011612 59
1764063185153 0.10000000149011612 60
1764063194069 0.10000000149011612 61
1764063202982 0.10000000149011612 62
1764063211681 0.10000000149011612 63
1764063220680 0.10000000149011612 64
1764063229464 0.10000000149011612 65
1764063238367 0.10000000149011612 66
1764063247273 0.10000000149011612 67
1764063256009 0.10000000149011612 68
1764063264927 0.10000000149011612 69
1764063273919 0.10000000149011612 70
1764063282763 0.10000000149011612 71
1764063291605 0.10000000149011612 72
1764063300575 0.10000000149011612 73
1764063309398 0.10000000149011612 74
1764063318499 0.10000000149011612 75
1764063327427 0.10000000149011612 76
1764063336199 0.10000000149011612 77
1764063345063 0.10000000149011612 78
1764063353831 0.10000000149011612 79
1764063362990 0.10000000149011612 80
1764063372071 0.10000000149011612 81
1764063380928 0.10000000149011612 82
1764063389653 0.10000000149011612 83
1764063398527 0.10000000149011612 84
1764063407486 0.10000000149011612 85
1764063416305 0.10000000149011612 86
1764063425388 0.10000000149011612 87
1764063434383 0.10000000149011612 88
1764063443437 0.10000000149011612 89
1764063452243 0.10000000149011612 90
1764063461060 0.10000000149011612 91
1764063470026 0.10000000149011612 92
1764063479132 0.10000000149011612 93
1764063488137 0.10000000149011612 94
1764063497198 0.10000000149011612 95
1764063506052 0.10000000149011612 96
1764063515000 0.10000000149011612 97
1764063523885 0.10000000149011612 98
1764063532894 0.10000000149011612 99
1764063541779 0.10000000149011612 100
1764063550665 0.10000000149011612 101
1764063559622 0.10000000149011612 102
1764063568717 0.10000000149011612 103
1764063577773 0.10000000149011612 104
1764063586864 0.10000000149011612 105
1764063595995 0.10000000149011612 106
1764063604962 0.10000000149011612 107
1764063613976 0.10000000149011612 108
1764063622890 0.10000000149011612 109
1764063631808 0.10000000149011612 110
1764063640890 0.10000000149011612 111
1764063649677 0.10000000149011612 112
1764063658723 0.10000000149011612 113
1764063667897 0.10000000149011612 114
1764063676887 0.10000000149011612 115
1764063685813 0.10000000149011612 116
1764063694866 0.10000000149011612 117
1764063703804 0.10000000149011612 118
1764063712661 0.10000000149011612 119
1764063721726 0.10000000149011612 120
1764063730504 0.10000000149011612 121
1764063739535 0.10000000149011612 122
1764063748489 0.10000000149011612 123
1764063757465 0.10000000149011612 124
1764063766393 0.10000000149011612 125
1764063775339 0.10000000149011612 126
1764063784232 0.10000000149011612 127
1764063793216 0.10000000149011612 128
1764063802076 0.10000000149011612 129
1764063811137 0.10000000149011612 130
1764063819926 0.10000000149011612 131
1764063829094 0.10000000149011612 132
1764063837996 0.10000000149011612 133
1764063846941 0.10000000149011612 134
1764063855911 0.10000000149011612 135
1764063864748 0.10000000149011612 136
1764063873887 0.10000000149011612 137
1764063882886 0.10000000149011612 138
1764063891832 0.10000000149011612 139
1764063900827 0.10000000149011612 140
1764063909652 0.10000000149011612 141
1764063918699 0.10000000149011612 142
1764063927766 0.10000000149011612 143
1764063936978 0.10000000149011612 144
1764063945961 0.10000000149011612 145
1764063954752 0.10000000149011612 146
1764063963861 0.10000000149011612 147
1764063972802 0.10000000149011612 148
1764063981851 0.10000000149011612 149
1764063990841 0.10000000149011612 150
1764063999718 0.10000000149011612 151
1764064008625 0.10000000149011612 152
1764064017460 0.10000000149011612 153
1764064026268 0.10000000149011612 154
1764064035045 0.10000000149011612 155
1764064044005 0.10000000149011612 156
1764064052705 0.10000000149011612 157
1764064061533 0.10000000149011612 158
1764064070516 0.10000000149011612 159
1764064079405 0.10000000149011612 160
1764064088342 0.10000000149011612 161
1764064097255 0.10000000149011612 162
1764064106257 0.10000000149011612 163
1764064115249 0.10000000149011612 164
1764064124191 0.10000000149011612 165
1764064133044 0.10000000149011612 166
1764064141989 0.10000000149011612 167
1764064150960 0.10000000149011612 168
1764064159958 0.10000000149011612 169
1764064169010 0.10000000149011612 170
1764064177986 0.10000000149011612 171
1764064186887 0.10000000149011612 172
1764064195825 0.10000000149011612 173
1764064204475 0.10000000149011612 174
1764064213351 0.10000000149011612 175
1764064222144 0.10000000149011612 176
1764064231106 0.10000000149011612 177
1764064239916 0.10000000149011612 178
1764064249001 0.10000000149011612 179
1764064257821 0.10000000149011612 180
1764064266678 0.10000000149011612 181
1764064275459 0.10000000149011612 182
1764064284312 0.10000000149011612 183
1764064293174 0.10000000149011612 184
1764064302113 0.10000000149011612 185
1764064311045 0.10000000149011612 186
1764064319929 0.10000000149011612 187
1764064329099 0.10000000149011612 188
1764064338045 0.10000000149011612 189
1764064346941 0.10000000149011612 190
1764064355773 0.10000000149011612 191
1764064364755 0.10000000149011612 192
1764064373694 0.10000000149011612 193
1764064382709 0.10000000149011612 194
1764064391684 0.10000000149011612 195
1764064400547 0.10000000149011612 196
1764064409563 0.10000000149011612 197
1764064418500 0.10000000149011612 198
1764064427518 0.10000000149011612 199
1764064436368 0.10000000149011612 200
1764064445325 0.10000000149011612 201
1764064454300 0.10000000149011612 202
1764064463373 0.10000000149011612 203
1764064472249 0.10000000149011612 204
1764064481166 0.10000000149011612 205
1764064490080 0.10000000149011612 206
1764064498930 0.10000000149011612 207
1764064507832 0.10000000149011612 208
1764064516784 0.10000000149011612 209
1764064525965 0.10000000149011612 210
1764064534850 0.10000000149011612 211
1764064543764 0.10000000149011612 212
1764064552777 0.10000000149011612 213
1764064561681 0.10000000149011612 214
1764064570699 0.10000000149011612 215
1764064579701 0.10000000149011612 216
1764064588662 0.10000000149011612 217
1764064597572 0.10000000149011612 218
1764064606312 0.10000000149011612 219
1764064615152 0.10000000149011612 220
1764064624006 0.10000000149011612 221
1764064632964 0.10000000149011612 222
1764064641987 0.10000000149011612 223
1764064650901 0.10000000149011612 224
1764064659850 0.10000000149011612 225
1764064668738 0.10000000149011612 226
1764064677692 0.10000000149011612 227
1764064686585 0.10000000149011612 228
1764064695463 0.10000000149011612 229
1764064704396 0.10000000149011612 230
1764064713266 0.10000000149011612 231
1764064722289 0.10000000149011612 232
1764064731407 0.10000000149011612 233
1764064740423 0.10000000149011612 234
1764064749449 0.10000000149011612 235
1764064758377 0.10000000149011612 236
1764064767245 0.10000000149011612 237
1764064776267 0.10000000149011612 238
1764064785089 0.10000000149011612 239
1764064793982 0.10000000149011612 240
1764064803140 0.10000000149011612 241
1764064812131 0.10000000149011612 242
1764064820928 0.10000000149011612 243
1764064829746 0.10000000149011612 244
1764064838689 0.10000000149011612 245
1764064847578 0.10000000149011612 246
1764064856665 0.10000000149011612 247
1764064865484 0.10000000149011612 248
1764064874342 0.10000000149011612 249
1764064883249 0.10000000149011612 250
1764064892231 0.10000000149011612 251
1764064901047 0.10000000149011612 252
1764064909903 0.10000000149011612 253
1764064918690 0.10000000149011612 254
1764064927805 0.10000000149011612 255
1764064936643 0.10000000149011612 256
1764064945447 0.10000000149011612 257
1764064954352 0.10000000149011612 258
1764064963224 0.10000000149011612 259
