1764062657764 0.5396913588047028 1
1764062666743 0.5404040962457657 2
1764062675581 0.5451784431934357 3
1764062684357 0.5375730693340302 4
1764062693256 0.5568352341651917 5
1764062702253 0.5461190938949585 6
1764062711122 0.5440511107444763 7
1764062720037 0.5490864366292953 8
1764062728838 0.5670969486236572 9
1764062737689 0.5741702616214752 10
1764062746612 0.5947598665952682 11
1764062755476 0.621005967259407 12
1764062764349 0.6521254330873489 13
1764062773304 0.6960007846355438 14
1764062782196 0.7282176911830902 15
1764062791182 0.7797244340181351 16
1764062800116 0.8263657689094543 17
1764062809015 0.8548686355352402 18
1764062818053 0.8803171068429947 19
1764062827145 0.9014284461736679 20
1764062835860 0.9549851715564728 21
1764062844759 0.9444320797920227 22
1764062853786 0.9529464095830917 23
1764062862734 0.9753765165805817 24
1764062871568 0.9808257073163986 25
1764062880529 0.995444267988205 26
1764062889649 1.0128534734249115 27
1764062898604 1.0231470465660095 28
1764062907580 1.0427986681461334 29
1764062916687 1.0525176227092743 30
1764062925718 1.0590391159057617 31
1764062934535 1.052986055612564 32
1764062943279 1.061253398656845 33
1764062952155 1.0708290934562683 34
1764062961198 1.06817826628685 35
1764062970286 1.0660788714885712 36
1764062979286 1.0751155018806458 37
1764062988434 1.0729496479034424 38
1764062997207 1.0701734125614166 39
1764063006063 1.0620627701282501 40
1764063014762 1.0593088567256927 41
1764063023725 1.0741537809371948 42
1764063032696 1.052950769662857 43
1764063041786 1.0523250699043274 44
1764063050684 1.0330493748188019 45
1764063059690 1.0340919196605682 46
1764063068581 1.0298632085323334 47
1764063077458 1.0249851047992706 48
1764063086434 1.0226655304431915 49
1764063095417 1.0272375643253326 50
1764063104355 1.0208013653755188 51
1764063113364 1.00812466442585 52
1764063122419 1.0137731730937958 53
1764063131331 1.0306947231292725 54
1764063140417 1.0241028666496277 55
1764063149442 1.01748588681221 56
1764063158547 1.0124110281467438 57
1764063167369 1.0165635645389557 58
1764063176251 1.0163363218307495 59
1764063185153 1.0166258215904236 60
1764063194069 1.0258425772190094 61
1764063202982 1.017460197210312 62
1764063211681 1.0229553580284119 63
1764063220680 1.0099292397499084 64
1764063229464 1.006908506155014 65
1764063238367 1.017024278640747 66
1764063247273 1.011135756969452 67
1764063256009 1.0166690349578857 68
1764063264927 1.0137557089328766 69
1764063273919 1.0162802934646606 70
1764063282763 1.0078087449073792 71
1764063291605 1.0139000713825226 72
1764063300575 1.0086722075939178 73
1764063309398 1.0153205394744873 74
1764063318499 1.022409588098526 75
1764063327427 1.0217493176460266 76
1764063336199 1.0237336158752441 77
1764063345063 1.0197541415691376 78
1764063353831 1.0217659771442413 79
1764063362990 1.0152948200702667 80
1764063372071 1.0234238803386688 81
1764063380928 1.019491285085678 82
1764063389653 1.0227916240692139 83
1764063398527 1.0271421372890472 84
1764063407486 1.023643046617508 85
1764063416305 1.0284027755260468 86
1764063425388 1.031525433063507 87
1764063434383 1.0280594527721405 88
1764063443437 1.0443638265132904 89
1764063452243 1.0398257374763489 90
1764063461060 1.0356237292289734 91
1764063470026 1.036781519651413 92
1764063479132 1.0356847047805786 93
1764063488137 1.0337758362293243 94
1764063497198 1.035766452550888 95
1764063506052 1.0374126732349396 96
1764063515000 1.0433047413825989 97
1764063523885 1.0390828251838684 98
1764063532894 1.0398699045181274 99
1764063541779 1.0432315468788147 100
1764063550665 1.0402515232563019 101
1764063559622 1.0423171520233154 102
1764063568717 1.047108918428421 103
1764063577773 1.0465430617332458 104
1764063586864 1.0471809208393097 105
1764063595995 1.052852064371109 106
1764063604962 1.0496762692928314 107
1764063613976 1.0469342470169067 108
1764063622890 1.0524015426635742 109
1764063631808 1.053411066532135 110
1764063640890 1.0466417968273163 111
1764063649677 1.0543152689933777 112
1764063658723 1.0559993088245392 113
1764063667897 1.054927408695221 114
1764063676887 1.0591357052326202 115
1764063685813 1.0501342713832855 116
1764063694866 1.0564508736133575 117
1764063703804 1.0509941279888153 118
1764063712661 1.0583952069282532 119
1764063721726 1.0651861727237701 120
1764063730504 1.0566321313381195 121
1764063739535 1.0626995265483856 122
1764063748489 1.0756053030490875 123
1764063757465 1.063587337732315 124
1764063766393 1.0718527734279633 125
1764063775339 1.0804857015609741 126
1764063784232 1.0671945810317993 127
1764063793216 1.0636334419250488 128
1764063802076 1.0653606057167053 129
1764063811137 1.0629842579364777 130
1764063819926 1.0626960098743439 131
1764063829094 1.067821204662323 132
1764063837996 1.0681071281433105 133
1764063846941 1.0633816123008728 134
1764063855911 1.0732994079589844 135
1764063864748 1.072021484375 136
1764063873887 1.0755734145641327 137
1764063882886 1.077385127544403 138
1764063891832 1.079703688621521 139
1764063900827 1.0727308094501495 140
1764063909652 1.0768997371196747 141
1764063918699 1.0753867030143738 142
1764063927766 1.078997164964676 143
1764063936978 1.0792006254196167 144
1764063945961 1.0645280480384827 145
1764063954752 1.0622543692588806 146
1764063963861 1.0784360766410828 147
1764063972802 1.078803539276123 148
1764063981851 1.0723714530467987 149
1764063990841 1.0838404297828674 150
1764063999718 1.0808636546134949 151
1764064008625 1.0784962177276611 152
1764064017460 1.0811896324157715 153
1764064026268 1.0856227278709412 154
1764064035045 1.088212937116623 155
1764064044005 1.098426729440689 156
1764064052705 1.0766750276088715 157
1764064061533 1.0824403166770935 158
1764064070516 1.084606558084488 159
1764064079405 1.0761095583438873 160
1764064088342 1.0788348615169525 161
1764064097255 1.0869660079479218 162
1764064106257 1.0902159810066223 163
1764064115249 1.0842258632183075 164
1764064124191 1.0828801393508911 165
1764064133044 1.1000399887561798 166
1764064141989 1.0923495888710022 167
1764064150960 1.0837897062301636 168
1764064159958 1.0860223770141602 169
1764064169010 1.08858260512352 170
1764064177986 1.0976702570915222 171
1764064186887 1.0956896245479584 172
1764064195825 1.0918088257312775 173
1764064204475 1.0915873050689697 174
1764064213351 1.1013408303260803 175
1764064222144 1.0897818505764008 176
1764064231106 1.0897342264652252 177
1764064239916 1.092258632183075 178
1764064249001 1.0935578048229218 179
1764064257821 1.1050191819667816 180
1764064266678 1.0953154265880585 181
1764064275459 1.1019361019134521 182
1764064284312 1.1050837934017181 183
1764064293174 1.0952833890914917 184
1764064302113 1.0983881950378418 185
1764064311045 1.0890552997589111 186
1764064319929 1.103991061449051 187
1764064329099 1.0944927036762238 188
1764064338045 1.0918866693973541 189
1764064346941 1.1018831729888916 190
1764064355773 1.1020231246948242 191
1764064364755 1.1054871380329132 192
1764064373694 1.0933546125888824 193
1764064382709 1.1046247482299805 194
1764064391684 1.1041167080402374 195
1764064400547 1.1150231957435608 196
1764064409563 1.0996849238872528 197
1764064418500 1.0986267626285553 198
1764064427518 1.102341890335083 199
1764064436368 1.094735473394394 200
1764064445325 1.1051431894302368 201
1764064454300 1.1162899732589722 202
1764064463373 1.1058097183704376 203
1764064472249 1.1179838478565216 204
1764064481166 1.1122224926948547 205
1764064490080 1.106466144323349 206
1764064498930 1.1135527193546295 207
1764064507832 1.1094078123569489 208
1764064516784 1.1114077270030975 209
1764064525965 1.1043986678123474 210
1764064534850 1.1117554008960724 211
1764064543764 1.1000970304012299 212
1764064552777 1.1134815514087677 213
1764064561681 1.1090522110462189 214
1764064570699 1.1217645704746246 215
1764064579701 1.1133595407009125 216
1764064588662 1.11678808927536 217
1764064597572 1.1132953464984894 218
1764064606312 1.1121191680431366 219
1764064615152 1.1136580407619476 220
1764064624006 1.11591175198555 221
1764064632964 1.1161754727363586 222
1764064641987 1.1157950460910797 223
1764064650901 1.1184190809726715 224
1764064659850 1.1156667470932007 225
1764064668738 1.1172673404216766 226
1764064677692 1.1095929145812988 227
1764064686585 1.118726909160614 228
1764064695463 1.112924963235855 229
1764064704396 1.1145763099193573 230
1764064713266 1.1056349277496338 231
1764064722289 1.1235924363136292 232
1764064731407 1.1154595613479614 233
1764064740423 1.126409262418747 234
1764064749449 1.1113896369934082 235
1764064758377 1.1148950159549713 236
1764064767245 1.1131733655929565 237
1764064776267 1.1100103855133057 238
1764064785089 1.1148898601531982 239
1764064793982 1.1232244074344635 240
1764064803140 1.1159442067146301 241
1764064812131 1.1134367883205414 242
1764064820928 1.111870288848877 243
1764064829746 1.1267747282981873 244
1764064838689 1.1205755174160004 245
1764064847578 1.1254484355449677 246
1764064856665 1.1141148805618286 247
1764064865484 1.1181678771972656 248
1764064874342 1.1250449419021606 249
1764064883249 1.1126335263252258 250
1764064892231 1.1211230158805847 251
1764064901047 1.1267504394054413 252
1764064909903 1.1174006462097168 253
1764064918690 1.1249392628669739 254
1764064927805 1.1230434775352478 255
1764064936643 1.1108516156673431 256
1764064945447 1.1205155551433563 257
1764064954352 1.1253250241279602 258
1764064963224 1.1221894323825836 259
