1764098308957 4.53125 1
1764098313588 4.75 2
1764098318266 6.28125 3
1764098322897 5.40625 4
1764098327511 4.3125 5
1764098332139 3.6875 6
1764098336745 2.390625 7
1764098341370 1.6328125 8
1764098345983 1.8359375 9
1764098350606 1.5390625 10
1764098355206 1.640625 11
1764098359815 1.6015625 12
1764098364430 1.6640625 13
1764098369065 1.3515625 14
1764098373723 1.2578125 15
1764098378363 1.2421875 16
1764098383014 1.2890625 17
1764098387841 1.2109375 18
1764098392480 1.1484375 19
1764098397124 1.140625 20
1764098401762 1.21875 21
1764098406425 1.03125 22
1764098411075 1.1796875 23
1764098415727 1.1015625 24
1764098420375 1.21875 25
1764098425034 1.0859375 26
1764098429695 1.015625 27
1764098434327 1.0234375 28
1764098438958 1.0234375 29
1764098443610 1.1171875 30
1764098448247 1.0703125 31
1764098452889 0.9921875 32
1764098457547 1.078125 33
1764098462210 0.99609375 34
1764098466853 1.0390625 35
1764098471492 1.0234375 36
1764098476155 1.0 37
1764098480779 1.0 38
1764098485401 0.96875 39
1764098490033 1.0859375 40
1764098494645 1.078125 41
1764098499267 1.03125 42
1764098503892 1.078125 43
1764098508499 0.99609375 44
1764098513127 1.015625 45
1764098517766 0.98046875 46
1764098522398 0.9140625 47
1764098527007 0.984375 48
1764098531664 0.921875 49
1764098536301 0.9765625 50
1764098540932 1.1484375 51
1764098545536 0.9453125 52
1764098550163 0.9296875 53
1764098554818 0.90234375 54
1764098559460 0.94140625 55
1764098564074 0.9921875 56
1764098568725 0.9140625 57
1764098573360 0.9609375 58
1764098577965 1.0 59
1764098582584 0.984375 60
1764098587204 0.9765625 61
1764098591823 0.9921875 62
1764098596440 0.9609375 63
1764098601046 1.0703125 64
1764098605657 1.0 65
1764098610284 0.9765625 66
1764098614896 0.98828125 67
1764098619515 1.0078125 68
1764098624129 0.9765625 69
1764098628734 1.0234375 70
1764098633406 1.03125 71
1764098638024 0.91015625 72
1764098642633 1.0078125 73
1764098647258 0.9609375 74
1764098651886 1.0234375 75
1764098656502 1.0546875 76
1764098661108 1.0625 77
1764098665726 0.8984375 78
1764098690211 1.015625 79
1764098694841 0.98046875 80
1764098699655 0.95703125 81
1764098704268 0.921875 82
1764098708874 0.95703125 83
1764098713539 0.96484375 84
1764098718150 1.03125 85
1764098722769 0.9453125 86
1764098727383 1.015625 87
1764098731995 1.0625 88
1764098736616 1.0 89
1764098741251 1.0703125 90
1764098745884 1.0703125 91
1764098750505 0.984375 92
1764098755123 0.96875 93
1764098759751 1.0234375 94
1764098764377 0.95703125 95
1764098768999 0.984375 96
1764098773623 1.046875 97
1764098778255 1.0546875 98
1764098782868 0.98828125 99
1764098787489 0.9921875 100
1764098792121 0.96875 101
1764098796732 0.9765625 102
1764098801339 1.078125 103
1764098805946 1.03125 104
1764098810566 1.0703125 105
1764098815230 0.9921875 106
1764098819872 0.9609375 107
1764098824479 1.0625 108
1764098829085 1.1484375 109
1764098833710 0.97265625 110
1764098838325 1.015625 111
1764098842937 1.109375 112
1764098847548 0.9296875 113
1764098852214 0.98046875 114
1764098856828 0.96875 115
1764098861453 0.953125 116
1764098866066 0.97265625 117
1764098870741 0.98046875 118
1764098875345 1.0546875 119
1764098879974 1.0 120
1764098884583 1.09375 121
1764098889195 1.0546875 122
1764098893811 0.9453125 123
1764098898426 1.0625 124
1764098903032 0.9609375 125
1764098907645 0.90234375 126
1764098912255 0.94921875 127
1764098916885 1.0234375 128
1764098921523 1.109375 129
1764098926150 0.87109375 130
1764098930765 0.95703125 131
1764098935386 0.94921875 132
1764098940001 0.97265625 133
1764098944658 1.046875 134
1764098949272 1.0625 135
1764098953887 1.0078125 136
1764098958520 1.0078125 137
1764098963134 0.98828125 138
1764098967740 1.0234375 139
1764098972361 0.9765625 140
1764098977016 1.15625 141
1764098981636 0.9453125 142
1764098986244 1.03125 143
1764098990849 1.0625 144
1764098995457 0.9921875 145
1764099000069 0.94140625 146
1764099004675 1.0 147
1764099009286 0.99609375 148
1764099013898 0.9609375 149
1764099018512 0.8984375 150
1764099023118 1.0 151
1764099027730 1.0390625 152
1764099032363 0.99609375 153
1764099036975 1.03125 154
1764099041581 1.015625 155
1764099046187 1.0625 156
1764099070698 1.03125 157
1764099075299 1.015625 158
1764099079898 1.0546875 159
1764099084512 0.953125 160
1764099089111 1.03125 161
1764099093756 1.0 162
1764099098374 1.0 163
1764099102982 0.953125 164
1764099107785 1.0703125 165
1764099112397 1.046875 166
1764099117006 0.9921875 167
1764099121614 0.9453125 168
1764099126244 0.9765625 169
1764099130910 0.95703125 170
1764099135527 0.98828125 171
1764099140149 0.96484375 172
1764099144772 0.91015625 173
1764099149396 0.98046875 174
1764099154051 0.98828125 175
1764099158681 0.859375 176
1764099163292 1.0703125 177
1764099167942 1.0 178
1764099172554 0.90625 179
1764099177179 1.46875 180
1764099181802 1.03125 181
1764099186428 0.98046875 182
1764099191046 0.95703125 183
1764099195648 1.09375 184
1764099200249 1.03125 185
1764099204859 1.015625 186
1764099209481 1.0390625 187
1764099214102 0.921875 188
1764099218727 1.0859375 189
1764099223345 1.03125 190
1764099227971 0.921875 191
1764099232574 1.0 192
1764099237209 0.99609375 193
1764099241823 0.96875 194
1764099246445 1.0078125 195
1764099251087 0.9375 196
1764099255727 0.9765625 197
1764099260336 1.078125 198
1764099264949 0.9375 199
1764099269563 0.97265625 200
1764099274210 0.953125 201
1764099278827 0.9375 202
1764099283490 0.96484375 203
1764099288090 1.0078125 204
1764099292704 1.0 205
1764099297316 0.94921875 206
1764099301951 0.9296875 207
1764099306558 0.98828125 208
1764099311162 0.9765625 209
1764099315835 1.015625 210
1764099320462 0.90625 211
1764099325081 0.921875 212
1764099329698 0.9140625 213
1764099334314 0.95703125 214
1764099338943 0.9140625 215
1764099343546 1.0390625 216
1764099348154 1.0625 217
1764099352766 1.015625 218
1764099357411 0.97265625 219
1764099362031 1.0546875 220
1764099366634 0.9765625 221
1764099371244 1.015625 222
1764099375854 0.9609375 223
1764099380479 0.92578125 224
1764099385109 0.95703125 225
1764099389727 1.0234375 226
1764099394336 0.984375 227
1764099398961 1.015625 228
1764099403569 0.91796875 229
1764099408183 0.99609375 230
1764099412797 1.03125 231
1764099417421 1.0703125 232
1764099422029 0.9921875 233
1764099426633 0.95703125 234
1764099450973 1.8359375 235
1764099455664 0.94140625 236
1764099460276 1.03125 237
1764099464916 0.89453125 238
1764099469518 1.0390625 239
1764099474114 0.88671875 240
1764099478728 0.97265625 241
1764099483334 0.984375 242
1764099487938 0.98046875 243
1764099492543 0.95703125 244
1764099497148 0.98046875 245
1764099501776 0.9453125 246
1764099506383 1.03125 247
1764099510992 0.90625 248
1764099515595 1.0 249
1764099520212 0.984375 250
1764099524817 1.0390625 251
1764099529412 0.9375 252
1764099534049 0.9375 253
1764099538651 1.0078125 254
1764099543263 0.98828125 255
1764099547881 0.9765625 256
1764099552497 0.953125 257
1764099557122 1.0703125 258
1764099561738 0.94921875 259
1764099566350 0.921875 260
1764099570953 0.97265625 261
1764099575574 0.9609375 262
1764099580187 0.9609375 263
1764099584799 1.03125 264
1764099589420 0.921875 265
1764099594034 0.94921875 266
1764099598839 0.9609375 267
1764099603456 1.0390625 268
1764099608083 0.984375 269
1764099612711 1.0390625 270
1764099617348 0.9296875 271
1764099621992 0.94140625 272
1764099626656 1.0234375 273
1764099631282 0.828125 274
1764099635896 0.90625 275
1764099640501 1.03125 276
1764099645114 0.94140625 277
1764099649721 1.03125 278
1764099654325 0.984375 279
1764099659004 0.9453125 280
1764099663612 0.92578125 281
1764099668234 0.9765625 282
1764099672847 0.92578125 283
1764099677460 1.1015625 284
1764099682080 0.9453125 285
1764099686693 0.99609375 286
1764099691317 1.0625 287
1764099695974 0.87109375 288
1764099700582 1.0546875 289
1764099705215 0.89453125 290
1764099709830 1.0625 291
1764099714427 1.0390625 292
1764099719035 0.9375 293
1764099723654 0.9609375 294
1764099728279 1.0859375 295
1764099732950 1.015625 296
1764099737584 0.94921875 297
1764099742226 1.0390625 298
1764099746864 1.0625 299
1764099751480 0.87109375 300
1764099756096 0.94140625 301
1764099760738 0.953125 302
1764099765351 0.95703125 303
1764099769970 0.92578125 304
1764099774586 1.0 305
1764099779210 0.84765625 306
1764099783821 1.03125 307
1764099788429 1.0625 308
1764099793040 1.078125 309
1764099797660 1.03125 310
1764099802262 0.96875 311
1764099806876 0.99609375 312
1764099831408 0.90234375 313
1764099836020 0.93359375 314
1764099840642 0.87890625 315
1764099845240 0.984375 316
1764099849855 1.046875 317
1764099854452 0.97265625 318
1764099859068 0.9609375 319
1764099863847 1.0234375 320
1764099868479 0.96484375 321
1764099873130 0.93359375 322
1764099877739 0.9921875 323
1764099882347 0.9609375 324
1764099886975 1.0546875 325
1764099891605 0.97265625 326
1764099896227 1.0 327
1764099900831 0.953125 328
1764099905449 0.95703125 329
1764099910074 0.9375 330
1764099914683 1.0390625 331
1764099919302 0.890625 332
1764099923943 0.96875 333
1764099928561 1.0078125 334
1764099933199 0.9453125 335
1764099937828 0.92578125 336
1764099942461 0.9296875 337
1764099947079 0.8984375 338
1764099951733 0.99609375 339
1764099956360 0.94921875 340
1764099961002 0.94140625 341
1764099965637 0.88671875 342
1764099970243 0.98046875 343
1764099974861 0.953125 344
1764099979484 0.8828125 345
1764099984097 1.0078125 346
1764099988719 0.94140625 347
1764099993341 0.96484375 348
1764099997953 0.91796875 349
1764100002577 1.0078125 350
1764100007197 1.1171875 351
1764100011808 0.98046875 352
1764100016441 1.0078125 353
1764100021053 0.94921875 354
1764100025707 0.96875 355
1764100030321 0.984375 356
1764100034933 0.953125 357
1764100039591 0.90234375 358
1764100044203 1.0390625 359
1764100048813 0.90625 360
1764100053434 1.078125 361
1764100058046 1.0546875 362
1764100062657 1.0078125 363
1764100067265 0.87890625 364
1764100071911 0.93359375 365
1764100076521 0.96484375 366
1764100081126 0.94140625 367
1764100085736 0.97265625 368
1764100090346 0.9453125 369
1764100094984 0.95703125 370
1764100099600 0.98046875 371
1764100104295 0.96484375 372
1764100108907 0.95703125 373
1764100113560 1.0234375 374
1764100118216 0.921875 375
1764100122866 0.99609375 376
1764100127542 0.96484375 377
1764100132144 0.97265625 378
1764100136757 1.03125 379
1764100141366 0.94921875 380
1764100145990 1.0 381
1764100150598 0.953125 382
1764100155211 0.9609375 383
1764100159812 1.0234375 384
1764100164423 1.015625 385
1764100169029 1.0078125 386
1764100173643 0.96484375 387
1764100178262 0.91015625 388
1764100182878 0.98046875 389
1764100187506 0.96875 390
