1764098308957 1.8181820000000004e-06 1
1764098313588 3.6363638000000004e-06 2
1764098318266 5.454545600000001e-06 3
1764098322897 7.272727400000001e-06 4
1764098327511 9.0909092e-06 5
1764098332139 1.0909091e-05 6
1764098336745 1.27272728e-05 7
1764098341370 1.4545454600000002e-05 8
1764098345983 1.6363636400000002e-05 9
1764098350606 1.8181818200000002e-05 10
1764098355206 2e-05 11
1764098359815 1.999965816862352e-05 12
1764098364430 1.9998632697981243e-05 13
1764098369065 1.9996923658533084e-05 14
1764098373723 1.999453116770684e-05 15
1764098378363 1.9991455389890137e-05 16
1764098383014 1.9987696536419126e-05 17
1764098387841 1.998325486556397e-05 18
1764098392480 1.9978130682511095e-05 19
1764098397124 1.997232433934222e-05 20
1764098401762 1.9965836235010165e-05 21
1764098406425 1.9958666815311438e-05 22
1764098411075 1.9950816572855605e-05 23
1764098415727 1.994228604703145e-05 24
1764098420375 1.9933075823969903e-05 25
1764098425034 1.992318653650377e-05 26
1764098429695 1.991261886412427e-05 27
1764098434327 1.99013735329343e-05 28
1764098438958 1.9889451315598604e-05 29
1764098443610 1.987685303129063e-05 30
1764098448247 1.9863579545636293e-05 31
1764098452889 1.9849631770654454e-05 32
1764098457547 1.9835010664694282e-05 33
1764098462210 1.9819717232369407e-05 34
1764098466853 1.9803752524488873e-05 35
1764098471492 1.978711763798496e-05 36
1764098476155 1.97698137158378e-05 37
1764098480779 1.9751841946996836e-05 38
1764098485401 1.973320356629916e-05 39
1764098490033 1.9713899854384633e-05 40
1764098494645 1.9693932137607908e-05 41
1764098499267 1.9673301787947303e-05 42
1764098503892 1.965201022291052e-05 43
1764098508499 1.9630058905437253e-05 44
1764098513127 1.9607449343798675e-05 45
1764098517766 1.958418309149379e-05 46
1764098522398 1.9560261747142714e-05 47
1764098527007 1.9535686954376814e-05 48
1764098531664 1.951046040172579e-05 49
1764098536301 1.9484583822501647e-05 50
1764098540932 1.945805899467959e-05 51
1764098545536 1.943088774077589e-05 52
1764098550163 1.9403071927722632e-05 53
1764098554818 1.937461346673944e-05 54
1764098559460 1.934551431320218e-05 55
1764098564074 1.9315776466508576e-05 56
1764098568725 1.9285401969940856e-05 57
1764098573360 1.9254392910525346e-05 58
1764098577965 1.922275141888907e-05 59
1764098582584 1.9190479669113366e-05 60
1764098587204 1.9157579878584494e-05 61
1764098591823 1.9124054307841287e-05 62
1764098596440 1.9089905260419817e-05 63
1764098601046 1.9055135082695148e-05 64
1764098605657 1.9019746163720077e-05 65
1764098610284 1.8983740935061018e-05 66
1764098614896 1.8947121870630907e-05 67
1764098619515 1.8909891486519234e-05 68
1764098624129 1.8872052340819153e-05 69
1764098628734 1.883360703345172e-05 70
1764098633406 1.879455820598726e-05 71
1764098638024 1.8754908541463844e-05 72
1764098642633 1.871466076420296e-05 73
1764098647258 1.8673817639622324e-05 74
1764098651886 1.863238197404585e-05 75
1764098656502 1.8590356614510843e-05 76
1764098661108 1.8547744448572378e-05 77
1764098665726 1.85045484041049e-05 78
1764098690211 1.8460771449101038e-05 79
1764098694841 1.841641659146768e-05 80
1764098699655 1.837148687881931e-05 81
1764098704268 1.8325985398268593e-05 82
1764098708874 1.8279915276214268e-05 83
1764098713539 1.8233279678126334e-05 84
1764098718150 1.8186081808328546e-05 85
1764098722769 1.8138324909778256e-05 86
1764098727383 1.8090012263843567e-05 87
1764098731995 1.8041147190077908e-05 88
1764098736616 1.7991733045991913e-05 89
1764098741251 1.7941773226822746e-05 90
1764098745884 1.7891271165300814e-05 91
1764098750505 1.7840230331413893e-05 92
1764098755123 1.778865423216872e-05 93
1764098759751 1.773654641135002e-05 94
1764098764377 1.7683910449277008e-05 95
1764098768999 1.7630749962557397e-05 96
1764098773623 1.7577068603838896e-05 97
1764098778255 1.7522870061558237e-05 98
1764098782868 1.7468158059687747e-05 99
1764098787489 1.7412936357479463e-05 100
1764098792121 1.735720874920685e-05 101
1764098796732 1.730097906390409e-05 102
1764098801339 1.7244251165102987e-05 103
1764098805946 1.7187028950567505e-05 104
1764098810566 1.7129316352025957e-05 105
1764098815230 1.707111733490086e-05 106
1764098819872 1.7012435898036456e-05 107
1764098824479 1.695327607342397e-05 108
1764098829085 1.689364192592457e-05 109
1764098833710 1.6833537552990046e-05 110
1764098838325 1.6772967084381324e-05 111
1764098842937 1.671193468188466e-05 112
1764098847548 1.665044453902572e-05 113
1764098852214 1.6588500880781412e-05 114
1764098856828 1.6526107963289625e-05 115
1764098861453 1.6463270073556765e-05 116
1764098866066 1.63999915291632e-05 117
1764098870741 1.6336276677966607e-05 118
1764098875345 1.627212989780322e-05 119
1764098879974 1.6207555596187048e-05 120
1764098884583 1.6142558210007012e-05 121
1764098889195 1.6077142205222104e-05 122
1764098893811 1.6011312076554533e-05 123
1764098898426 1.5945072347180873e-05 124
1764098903032 1.5878427568421304e-05 125
1764098907645 1.5811382319426868e-05 126
1764098912255 1.574394120686486e-05 127
1764098916885 1.5676108864602273e-05 128
1764098921523 1.560788995338744e-05 129
1764098926150 1.5539289160529774e-05 130
1764098930765 1.5470311199577703e-05 131
1764098935386 1.5400960809994813e-05 132
1764098940001 1.53312427568342e-05 133
1764098944658 1.526116183041105e-05 134
1764098949272 1.5190722845973514e-05 135
1764098953887 1.5119930643371845e-05 136
1764098958520 1.5048790086725855e-05 137
1764098963134 1.4977306064090703e-05 138
1764098967740 1.4905483487121031e-05 139
1764098972361 1.4833327290733488e-05 140
1764098977016 1.4760842432767663e-05 141
1764098981636 1.4688033893645417e-05 142
1764098986244 1.461490667602869e-05 143
1764098990849 1.4541465804475765e-05 144
1764098995457 1.4467716325096035e-05 145
1764099000069 1.4393663305203274e-05 146
1764099004675 1.4319311832967476e-05 147
1764099009286 1.4244667017065251e-05 148
1764099013898 1.4169733986328785e-05 149
1764099018512 1.4094517889393468e-05 150
1764099023118 1.4019023894344112e-05 151
1764099027730 1.3943257188359861e-05 152
1764099032363 1.386722297735778e-05 153
1764099036975 1.3790926485635161e-05 154
1764099041581 1.371437295551055e-05 155
1764099046187 1.3637567646963558e-05 156
1764099070698 1.3560515837273455e-05 157
1764099075299 1.3483222820656553e-05 158
1764099079898 1.3405693907902451e-05 159
1764099084512 1.332793442600914e-05 160
1764099089111 1.3249949717816959e-05 161
1764099093756 1.3171745141641518e-05 162
1764099098374 1.3093326070905514e-05 163
1764099102982 1.301469789376953e-05 164
1764099107785 1.2935866012761811e-05 165
1764099112397 1.2856835844407056e-05 166
1764099117006 1.2777612818854262e-05 167
1764099121614 1.2698202379503602e-05 168
1764099126244 1.261860998263242e-05 169
1764099130910 1.2538841097020334e-05 170
1764099135527 1.2458901203573467e-05 171
1764099140149 1.2378795794947857e-05 172
1764099144772 1.2298530375172071e-05 173
1764099149396 1.2218110459269006e-05 174
1764099154051 1.2137541572876962e-05 175
1764099158681 1.205682925186998e-05 176
1764099163292 1.1975979041977463e-05 177
1764099167942 1.1894996498403139e-05 178
1764099172554 1.1813887185443356e-05 179
1764099177179 1.1732656676104766e-05 180
1764099181802 1.1651310551721406e-05 181
1764099186428 1.1569854401571193e-05 182
1764099191046 1.1488293822491913e-05 183
1764099195648 1.1406634418496623e-05 184
1764099200249 1.1324881800388639e-05 185
1764099204859 1.1243041585375996e-05 186
1764099209481 1.1161119396685493e-05 187
1764099214102 1.1079120863176338e-05 188
1764099218727 1.099705161895337e-05 189
1764099223345 1.0914917302979946e-05 190
1764099227971 1.08327235586905e-05 191
1764099232574 1.0750476033602765e-05 192
1764099237209 1.0668180378929756e-05 193
1764099241823 1.0585842249191448e-05 194
1764099246445 1.0503467301826284e-05 195
1764099251087 1.0421061196802433e-05 196
1764099255727 1.0338629596228896e-05 197
1764099260336 1.0256178163966483e-05 198
1764099264949 1.0173712565238625e-05 199
1764099269563 1.0091238466242132e-05 200
1764099274210 1.0008761533757862e-05 201
1764099278827 9.926287434761371e-06 202
1764099283490 9.843821836033513e-06 203
1764099288090 9.761370403771098e-06 204
1764099292704 9.678938803197566e-06 205
1764099297316 9.596532698173715e-06 206
1764099301951 9.51415775080855e-06 207
1764099306558 9.431819621070244e-06 208
1764099311162 9.349523966397229e-06 209
1764099315835 9.267276441309496e-06 210
1764099320462 9.185082697020048e-06 211
1764099325081 9.102948381046628e-06 212
1764099329698 9.02087913682366e-06 213
1764099334314 8.938880603314506e-06 214
1764099338943 8.856958414624009e-06 215
1764099343546 8.775118199611365e-06 216
1764099348154 8.69336558150338e-06 217
1764099352766 8.611706177508091e-06 218
1764099357411 8.530145598428804e-06 219
1764099362031 8.448689448278595e-06 220
1764099366634 8.367343323895233e-06 221
1764099371244 8.286112814556645e-06 222
1764099375854 8.205003501596864e-06 223
1764099380479 8.12402095802254e-06 224
1764099385109 8.043170748130023e-06 225
1764099389727 7.962458427123044e-06 226
1764099394336 7.881889540731e-06 227
1764099398961 7.801469624827935e-06 228
1764099403569 7.721204205052146e-06 229
1764099408183 7.641098796426535e-06 230
1764099412797 7.561158902979663e-06 231
1764099417421 7.4813900173675765e-06 232
1764099422029 7.401797620496396e-06 233
1764099426633 7.322387181145737e-06 234
1764099450973 7.243164155592944e-06 235
1764099455664 7.164133987238193e-06 236
1764099460276 7.085302106230471e-06 237
1764099464916 7.006673929094489e-06 238
1764099469518 6.9282548583584836e-06 239
1764099474114 6.8500502821830435e-06 240
1764099478728 6.7720655739908594e-06 241
1764099483334 6.694306092097546e-06 242
1764099487938 6.6167771793434475e-06 243
1764099492543 6.539484162726545e-06 244
1764099497148 6.462432353036442e-06 245
1764099501776 6.385627044489451e-06 246
1764099506383 6.309073514364839e-06 247
1764099510992 6.23277702264222e-06 248
1764099515595 6.1567428116401395e-06 249
1764099520212 6.08097610565589e-06 250
1764099524817 6.005482110606533e-06 251
1764099529412 5.9302660136712135e-06 252
1764099534049 5.855332982934749e-06 253
1764099538651 5.780688167032521e-06 254
1764099543263 5.706336694796724e-06 255
1764099547881 5.632283674903962e-06 256
1764099552497 5.558534195524231e-06 257
1764099557122 5.485093323971309e-06 258
1764099561738 5.411966106354585e-06 259
1764099566350 5.339157567232335e-06 260
1764099570953 5.26667270926651e-06 261
1764099575574 5.194516512878967e-06 262
1764099580187 5.122693935909292e-06 263
1764099584799 5.05120991327414e-06 264
1764099589420 4.980069356628153e-06 265
1764099594034 4.909277154026487e-06 266
1764099598839 4.838838169588953e-06 267
1764099603456 4.7687572431658e-06 268
1764099608083 4.699039190005186e-06 269
1764099612711 4.629688800422298e-06 270
1764099617348 4.560710839470228e-06 271
1764099621992 4.4921100466125615e-06 272
1764099626656 4.423891135397727e-06 273
1764099631282 4.356058793135144e-06 274
1764099635896 4.288617680573131e-06 275
1764099640501 4.221572431578698e-06 276
1764099645114 4.15492765281913e-06 277
1764099649721 4.088687923445471e-06 278
1764099654325 4.022857794777899e-06 279
1764099659004 3.95744178999299e-06 280
1764099663612 3.892444403812955e-06 281
1764099668234 3.827870102196781e-06 282
1764099672847 3.7637233220333944e-06 283
1764099677460 3.7000084708368014e-06 284
1764099682080 3.6367299264432373e-06 285
1764099686693 3.573892036710377e-06 286
1764099691317 3.511499119218588e-06 287
1764099695974 3.4495554609742816e-06 288
1764099700582 3.3880653181153375e-06 289
1764099705215 3.327032915618676e-06 290
1764099709830 3.2664624470099533e-06 291
1764099714427 3.206358074075435e-06 292
1764099719035 3.1467239265760286e-06 293
1764099723654 3.0875641019635415e-06 294
1764099728279 3.0288826650991376e-06 295
1764099732950 2.970683647974038e-06 296
1764099737584 2.9129710494324914e-06 297
1764099742226 2.855748834897009e-06 298
1764099746864 2.7990209360959057e-06 299
1764099751480 2.742791250793143e-06 300
1764099756096 2.6870636425205328e-06 301
1764099760738 2.631841940312251e-06 302
1764099765351 2.577129938441761e-06 303
1764099769970 2.5229313961611044e-06 304
1764099774586 2.4692500374426024e-06 305
1764099779210 2.4160895507229935e-06 306
1764099783821 2.363453588649979e-06 307
1764099788429 2.311345767831278e-06 308
1764099793040 2.2597696685861057e-06 309
1764099797660 2.2087288346991875e-06 310
1764099802262 2.158226773177256e-06 311
1764099806876 2.108266954008089e-06 312
1764099831408 2.0588528099220954e-06 313
1764099836020 2.0099877361564366e-06 314
1764099840642 1.96167509022175e-06 315
1764099845240 1.9139181916714532e-06 316
1764099849855 1.8667203218736666e-06 317
1764099854452 1.8200847237857324e-06 318
1764099859068 1.7740146017314094e-06 319
1764099863847 1.7285131211806894e-06 320
1764099868479 1.6835834085323187e-06 321
1764099873130 1.6392285508989617e-06 322
1764099877739 1.5954515958950981e-06 323
1764099882347 1.5522555514276199e-06 324
1764099886975 1.5096433854891567e-06 325
1764099891605 1.4676180259541513e-06 326
1764099896227 1.4261823603776754e-06 327
1764099900831 1.3853392357970396e-06 328
1764099905449 1.3450914585361598e-06 329
1764099910074 1.3054417940127443e-06 330
1764099914683 1.2663929665482818e-06 331
1764099919302 1.227947659180849e-06 332
1764099923943 1.1901085134807686e-06 333
1764099928561 1.1528781293690959e-06 334
1764099933199 1.116259064938986e-06 335
1764099937828 1.0802538362799259e-06 336
1764099942461 1.044864917304857e-06 337
1764099947079 1.0100947395801834e-06 338
1764099951733 9.759456921587183e-07 339
1764099956360 9.424201214155088e-07 340
1764099961002 9.095203308866395e-07 341
1764099965637 8.772485811109347e-07 342
1764099970243 8.456070894746593e-07 343
1764099974861 8.145980300591493e-07 344
1764099979484 7.842235334914267e-07 345
1764099984097 7.544856867978234e-07 346
1764099988719 7.253865332605597e-07 347
1764099993341 6.969280722773711e-07 348
1764099997953 6.691122592241096e-07 349
1764100002577 6.419410053204099e-07 350
1764100007197 6.15416177498356e-07 351
1764100011808 5.895395982742098e-07 352
1764100016441 5.643130456231839e-07 353
1764100021053 5.397382528572854e-07 354
1764100025707 5.158169085062114e-07 355
1764100030321 4.925506562013274e-07 356
1764100034933 4.6994109456274803e-07 357
1764100039591 4.479897770894826e-07 358
1764100044203 4.2669821205269974e-07 359
1764100048813 4.0606786239209373e-07 360
1764100053434 3.861001456153713e-07 361
1764100058046 3.667964337008417e-07 362
1764100062657 3.4815805300316414e-07 363
1764100067265 3.3018628416220214e-07 364
1764100071911 3.1288236201503867e-07 365
1764100076521 2.962474755111253e-07 366
1764100081126 2.8028276763059273e-07 367
1764100085736 2.649893353057186e-07 368
1764100090346 2.503682293455491e-07 369
1764100094984 2.3642045436371081e-07 370
1764100099600 2.231469687093721e-07 371
1764100104295 2.1054868440140127e-07 372
1764100108907 1.9862646706570196e-07 373
1764100113560 1.8738113587573309e-07 374
1764100118216 1.768134634962292e-07 375
1764100122866 1.669241760300999e-07 376
1764100127542 1.5771395296855294e-07 377
1764100132144 1.4918342714439742e-07 378
1764100136757 1.4133318468856507e-07 379
1764100141366 1.3416376498983606e-07 380
1764100145990 1.2767566065777955e-07 381
1764100150598 1.2186931748890538e-07 382
1764100155211 1.167451344360315e-07 383
1764100159812 1.1230346358087715e-07 384
1764100164423 1.0854461010986712e-07 385
1764100169029 1.0546883229316405e-07 386
1764100173643 1.0307634146691853e-07 387
1764100178262 1.0136730201875923e-07 388
1764100182878 1.0034183137648332e-07 389
1764100187506 1.0000000000000001e-07 390
