1764183262819 0.3203125 1
1764183273967 0.3515625 2
1764183284720 0.380859375 3
1764183295513 0.322265625 4
1764183306300 0.375 5
1764183317127 0.375 6
1764183327974 0.345703125 7
1764183338798 0.32421875 8
1764183349595 0.390625 9
1764183360408 0.32421875 10
1764183371209 0.36328125 11
1764183382005 0.326171875 12
1764183392792 0.34765625 13
1764183403618 0.26953125 14
1764183414396 0.296875 15
1764183425177 0.271484375 16
1764183435976 0.318359375 17
1764183446838 0.2265625 18
1764183457615 0.2021484375 19
1764183468500 0.1904296875 20
1764183479246 0.1904296875 21
1764183490018 0.1708984375 22
1764183500768 0.1767578125 23
1764183511529 0.15234375 24
1764183522279 0.146484375 25
1764183533051 0.146484375 26
1764183543802 0.1494140625 27
1764183554580 0.123046875 28
1764183565310 0.1376953125 29
1764183576023 0.1259765625 30
1764183586763 0.13671875 31
1764183597514 0.126953125 32
1764183608254 0.1474609375 33
1764183618975 0.12451171875 34
1764183629710 0.1259765625 35
1764183640477 0.1142578125 36
1764183651227 0.140625 37
1764183661967 0.126953125 38
1764183672691 0.115234375 39
1764183683394 0.1162109375 40
1764183694136 0.10546875 41
1764183704848 0.11669921875 42
1764183715575 0.12060546875 43
1764183726333 0.11767578125 44
1764183737075 0.11279296875 45
1764183747852 0.10888671875 46
1764183758567 0.11376953125 47
1764183769332 0.111328125 48
1764183780037 0.10986328125 49
1764183790751 0.146484375 50
1764183801509 0.10693359375 51
1764183812279 0.11083984375 52
1764183823019 0.11474609375 53
1764183833736 0.11376953125 54
1764183844447 0.10693359375 55
1764183855169 0.10888671875 56
1764183865909 0.1162109375 57
1764183876613 0.10888671875 58
1764183887428 0.11279296875 59
1764183898217 0.0966796875 60
1764183908915 0.10693359375 61
1764183919628 0.10205078125 62
1764183930322 0.10302734375 63
1764183941093 0.11328125 64
1764183951802 0.111328125 65
1764183962535 0.10888671875 66
1764183973231 0.10302734375 67
1764183984000 0.10400390625 68
1764183994704 0.10498046875 69
1764184005428 0.1142578125 70
1764184016129 0.1083984375 71
1764184026829 0.111328125 72
1764184037574 0.10888671875 73
1764184048306 0.11083984375 74
1764184059040 0.10791015625 75
1764184069736 0.10791015625 76
1764184080461 0.10595703125 77
1764184091184 0.107421875 78
1764184101896 0.107421875 79
1764184112649 0.1015625 80
1764184123344 0.12109375 81
1764184134129 0.10595703125 82
1764184144898 0.0986328125 83
1764184155617 0.10546875 84
1764184166351 0.107421875 85
1764184177115 0.1142578125 86
1764184187815 0.11328125 87
1764184198577 0.1162109375 88
1764184209263 0.1083984375 89
1764184220006 0.11669921875 90
1764184230691 0.11181640625 91
1764184241415 0.111328125 92
1764184252136 0.1171875 93
1764184262880 0.10009765625 94
1764184273645 0.11083984375 95
1764184284387 0.10888671875 96
1764184295182 0.111328125 97
1764184305926 0.1103515625 98
1764184316747 0.109375 99
1764184327446 0.11328125 100
1764184338148 0.1162109375 101
1764184348871 0.1123046875 102
1764184359605 0.1142578125 103
1764184370347 0.10302734375 104
1764184381060 0.111328125 105
1764184391799 0.1103515625 106
1764184402558 0.1376953125 107
1764184413285 0.11376953125 108
1764184424019 0.11181640625 109
1764184434711 0.10693359375 110
1764184445445 0.09326171875 111
1764184456156 0.10400390625 112
1764184466842 0.109375 113
1764184477550 0.09912109375 114
1764184488254 0.10888671875 115
1764184498953 0.1015625 116
1764184509664 0.1025390625 117
1764184520373 0.1083984375 118
1764184531107 0.1015625 119
1764184541824 0.1015625 120
1764184552550 0.09814453125 121
1764184563289 0.0888671875 122
1764184574025 0.091796875 123
1764184584788 0.0966796875 124
1764184595499 0.1025390625 125
1764184606228 0.087890625 126
1764184616922 0.0947265625 127
1764184627656 0.09375 128
1764184638337 0.0966796875 129
1764184649093 0.0947265625 130
1764184659771 0.10400390625 131
1764184670535 0.0888671875 132
1764184681266 0.099609375 133
1764184692007 0.10595703125 134
1764184702739 0.0869140625 135
1764184713447 0.10009765625 136
1764184724168 0.08642578125 137
1764184735016 0.08740234375 138
1764184745817 0.09033203125 139
1764184756537 0.09326171875 140
1764184767283 0.0859375 141
1764184778013 0.09130859375 142
1764184788739 0.0859375 143
1764184799435 0.09326171875 144
1764184810136 0.09130859375 145
1764184820833 0.09033203125 146
1764184831527 0.09521484375 147
1764184842246 0.087890625 148
1764184853005 0.0849609375 149
1764184863744 0.08935546875 150
1764184874444 0.09228515625 151
1764184885183 0.0830078125 152
1764184895903 0.0908203125 153
1764184906645 0.0927734375 154
1764184917343 0.08837890625 155
1764184928079 0.08642578125 156
1764184938799 0.0849609375 157
1764184949553 0.09423828125 158
1764184960348 0.091796875 159
1764184971029 0.0947265625 160
1764184981744 0.0869140625 161
1764184992467 0.0869140625 162
1764185003218 0.08740234375 163
1764185013943 0.08154296875 164
1764185024666 0.08740234375 165
1764185035384 0.08154296875 166
1764185046118 0.080078125 167
1764185056859 0.083984375 168
1764185067522 0.1015625 169
1764185078224 0.08642578125 170
1764185088915 0.0869140625 171
1764185099628 0.08349609375 172
1764185110361 0.091796875 173
1764185121093 0.0869140625 174
1764185131790 0.08837890625 175
1764185142632 0.08447265625 176
1764185153370 0.0888671875 177
1764185164111 0.08349609375 178
1764185174825 0.0869140625 179
1764185185521 0.08984375 180
1764185196245 0.083984375 181
1764185206975 0.080078125 182
1764185217673 0.08935546875 183
1764185228459 0.087890625 184
1764185239188 0.09716796875 185
1764185249883 0.0908203125 186
1764185260616 0.0966796875 187
1764185271436 0.08251953125 188
1764185282151 0.07958984375 189
1764185292855 0.0927734375 190
1764185303622 0.07958984375 191
1764185314387 0.0869140625 192
1764185325106 0.0859375 193
1764185335859 0.0888671875 194
1764185346571 0.083984375 195
1764185388009 0.0859375 196
1764185398699 0.08740234375 197
1764185409398 0.07958984375 198
1764185420111 0.08642578125 199
1764185430861 0.08203125 200
1764185441589 0.08349609375 201
1764185452322 0.08154296875 202
1764185463070 0.08203125 203
1764185473822 0.0888671875 204
1764185484527 0.091796875 205
1764185495257 0.08203125 206
1764185506055 0.0859375 207
1764185516797 0.08154296875 208
1764185527563 0.0830078125 209
1764185538364 0.08349609375 210
1764185549114 0.08544921875 211
1764185559837 0.091796875 212
1764185570564 0.08251953125 213
1764185581310 0.0849609375 214
1764185592038 0.08203125 215
1764185602883 0.0849609375 216
1764185613788 0.0859375 217
1764185624541 0.08154296875 218
1764185635286 0.08056640625 219
1764185646051 0.07666015625 220
1764185656760 0.0908203125 221
1764185667523 0.07421875 222
1764185678277 0.08154296875 223
1764185689004 0.08349609375 224
1764185699731 0.0869140625 225
1764185710460 0.08984375 226
1764185721195 0.08251953125 227
1764185731917 0.0869140625 228
1764185742688 0.0830078125 229
1764185753404 0.083984375 230
1764185764175 0.08837890625 231
1764185774875 0.0810546875 232
1764185785589 0.083984375 233
1764185796326 0.08349609375 234
1764185807043 0.08349609375 235
1764185817760 0.08642578125 236
1764185828506 0.07861328125 237
1764185839229 0.08935546875 238
1764185849935 0.08935546875 239
1764185860711 0.080078125 240
1764185871420 0.087890625 241
1764185882144 0.091796875 242
1764185892933 0.07568359375 243
1764185903676 0.0849609375 244
1764185914434 0.087890625 245
1764185925219 0.078125 246
1764185935959 0.087890625 247
1764185946751 0.08642578125 248
1764185957486 0.08203125 249
1764185968204 0.0888671875 250
1764185978944 0.0859375 251
1764185989666 0.08154296875 252
1764186000392 0.0869140625 253
1764186011115 0.0791015625 254
1764186021830 0.0869140625 255
1764186032588 0.09033203125 256
1764186043410 0.08740234375 257
1764186054155 0.07958984375 258
1764186064866 0.0927734375 259
1764186075601 0.0849609375 260
1764186086302 0.09033203125 261
1764186097049 0.0869140625 262
1764186107807 0.0888671875 263
1764186118564 0.083984375 264
1764186129293 0.07958984375 265
1764186140061 0.09228515625 266
1764186150817 0.1015625 267
1764186161520 0.08544921875 268
1764186172261 0.08447265625 269
1764186182976 0.0859375 270
1764186193696 0.08154296875 271
1764186204410 0.08984375 272
1764186215137 0.0830078125 273
1764186225901 0.09326171875 274
1764186236611 0.0849609375 275
1764186247332 0.091796875 276
1764186258049 0.08984375 277
1764186268764 0.095703125 278
1764186279501 0.08984375 279
1764186290224 0.0859375 280
1764186300965 0.0986328125 281
1764186311737 0.0849609375 282
1764186322422 0.09765625 283
1764186333159 0.0908203125 284
1764186343920 0.08349609375 285
1764186354663 0.08251953125 286
1764186365379 0.09619140625 287
1764186376101 0.08984375 288
1764186386798 0.10107421875 289
1764186397531 0.08984375 290
1764186408255 0.0859375 291
1764186419009 0.0791015625 292
1764186429761 0.09130859375 293
1764186440465 0.08740234375 294
1764186451211 0.0908203125 295
1764186461984 0.0888671875 296
1764186472817 0.09326171875 297
1764186483557 0.0908203125 298
1764186494290 0.0888671875 299
1764186505049 0.08544921875 300
1764186515799 0.0888671875 301
1764186526502 0.08203125 302
1764186537260 0.09130859375 303
1764186548009 0.08251953125 304
1764186558777 0.09130859375 305
1764186569506 0.08544921875 306
1764186580259 0.08642578125 307
1764186591003 0.08447265625 308
1764186601744 0.09326171875 309
1764186612484 0.091796875 310
1764186623311 0.08935546875 311
1764186634056 0.0869140625 312
1764186644790 0.07861328125 313
1764186655527 0.08447265625 314
1764186666228 0.0888671875 315
1764186676939 0.08984375 316
1764186687670 0.083984375 317
1764186698386 0.08837890625 318
1764186709112 0.0859375 319
1764186719851 0.08251953125 320
1764186730603 0.0869140625 321
1764186741366 0.087890625 322
1764186752126 0.09375 323
1764186762877 0.0908203125 324
1764186773594 0.10302734375 325
1764186784287 0.087890625 326
1764186795013 0.0849609375 327
1764186805732 0.0908203125 328
1764186816458 0.0869140625 329
1764186827181 0.0830078125 330
1764186837902 0.09521484375 331
1764186848635 0.0908203125 332
1764186859319 0.09375 333
1764186870159 0.087890625 334
1764186880914 0.087890625 335
1764186891674 0.0869140625 336
1764186902395 0.08984375 337
1764186913158 0.0859375 338
1764186923977 0.08251953125 339
1764186934718 0.08935546875 340
1764186945435 0.08837890625 341
1764186956206 0.09326171875 342
1764186966951 0.08837890625 343
1764186977711 0.08447265625 344
1764186988444 0.087890625 345
1764186999182 0.08984375 346
1764187009908 0.09375 347
1764187020642 0.0859375 348
1764187031364 0.08544921875 349
1764187042094 0.0966796875 350
1764187052844 0.08837890625 351
1764187063575 0.08935546875 352
1764187074303 0.09326171875 353
1764187085044 0.091796875 354
1764187095821 0.09033203125 355
1764187106554 0.08837890625 356
1764187117276 0.08984375 357
1764187128029 0.09912109375 358
1764187138787 0.08935546875 359
1764187149543 0.0986328125 360
1764187160271 0.0966796875 361
1764187170994 0.087890625 362
1764187181708 0.0869140625 363
1764187192424 0.0869140625 364
1764187203143 0.10205078125 365
1764187213905 0.0830078125 366
1764187224639 0.09033203125 367
1764187235344 0.095703125 368
1764187246117 0.0947265625 369
1764187256835 0.0908203125 370
1764187267572 0.0888671875 371
1764187278288 0.0947265625 372
1764187289008 0.08544921875 373
1764187299811 0.08349609375 374
1764187310596 0.09521484375 375
1764187321367 0.08935546875 376
1764187332093 0.09228515625 377
1764187342811 0.08642578125 378
1764187353518 0.09423828125 379
1764187364222 0.0869140625 380
1764187374924 0.0986328125 381
1764187385657 0.09033203125 382
1764187396357 0.08447265625 383
1764187407059 0.09423828125 384
1764187417745 0.103515625 385
1764187428475 0.09228515625 386
1764187439182 0.08837890625 387
1764187449922 0.08544921875 388
1764187460642 0.09375 389
1764187471343 0.09716796875 390
1764187512791 0.0859375 391
1764187523481 0.09326171875 392
1764187534170 0.0888671875 393
1764187544868 0.08740234375 394
1764187555600 0.09521484375 395
1764187566355 0.087890625 396
1764187577087 0.09228515625 397
1764187587871 0.08935546875 398
1764187598608 0.09814453125 399
1764187609319 0.0869140625 400
1764187620047 0.0966796875 401
1764187630804 0.0859375 402
1764187641527 0.08984375 403
1764187652317 0.095703125 404
1764187663053 0.09814453125 405
1764187673779 0.09716796875 406
1764187684568 0.09375 407
1764187695274 0.09619140625 408
1764187705995 0.0986328125 409
1764187716727 0.09375 410
1764187727482 0.09326171875 411
1764187738199 0.09814453125 412
1764187748980 0.087890625 413
1764187759692 0.09912109375 414
1764187770531 0.08447265625 415
1764187781233 0.09423828125 416
1764187791944 0.10205078125 417
1764187802669 0.0908203125 418
1764187813391 0.0986328125 419
1764187824108 0.10205078125 420
1764187834810 0.09326171875 421
1764187845551 0.09375 422
1764187856288 0.0927734375 423
1764187867084 0.09423828125 424
1764187877829 0.10107421875 425
1764187888544 0.10107421875 426
1764187899246 0.09619140625 427
1764187909932 0.09326171875 428
1764187920651 0.09130859375 429
1764187931366 0.09521484375 430
1764187942076 0.09033203125 431
1764187952809 0.099609375 432
1764187963529 0.09912109375 433
1764187974252 0.09716796875 434
1764187985005 0.09912109375 435
1764187995719 0.09716796875 436
1764188006387 0.1025390625 437
1764188017159 0.08740234375 438
1764188027883 0.09765625 439
1764188038588 0.10595703125 440
1764188049302 0.0927734375 441
1764188060036 0.09228515625 442
1764188070749 0.10546875 443
1764188081517 0.0908203125 444
1764188092253 0.09619140625 445
1764188103017 0.091796875 446
1764188113725 0.09423828125 447
1764188124488 0.09375 448
1764188135213 0.10302734375 449
1764188145952 0.09765625 450
1764188156714 0.09814453125 451
1764188167468 0.09912109375 452
1764188178230 0.09375 453
1764188189022 0.095703125 454
1764188199872 0.08984375 455
1764188210601 0.103515625 456
1764188221340 0.0966796875 457
1764188232084 0.103515625 458
1764188242788 0.09521484375 459
1764188253505 0.09716796875 460
1764188264254 0.09130859375 461
1764188274995 0.09912109375 462
1764188285758 0.09765625 463
1764188296480 0.09619140625 464
1764188307212 0.09326171875 465
1764188317941 0.099609375 466
1764188328672 0.091796875 467
1764188339387 0.09521484375 468
1764188350105 0.08740234375 469
1764188360863 0.099609375 470
1764188371606 0.09326171875 471
1764188382331 0.09716796875 472
1764188393050 0.09814453125 473
1764188403804 0.08642578125 474
1764188414527 0.099609375 475
1764188425259 0.08837890625 476
1764188435979 0.0986328125 477
1764188446717 0.09130859375 478
1764188457452 0.08447265625 479
1764188468180 0.08935546875 480
1764188478901 0.0966796875 481
1764188489620 0.10302734375 482
1764188500362 0.09716796875 483
1764188511095 0.09228515625 484
1764188521824 0.107421875 485
1764188532558 0.11083984375 486
1764188543296 0.10595703125 487
1764188554023 0.09814453125 488
1764188564791 0.099609375 489
1764188575560 0.09375 490
1764188586270 0.099609375 491
1764188597148 0.10498046875 492
1764188607874 0.087890625 493
1764188618647 0.0966796875 494
1764188629425 0.09375 495
1764188640157 0.11181640625 496
1764188650885 0.09521484375 497
1764188661696 0.0986328125 498
1764188672425 0.10107421875 499
1764188683188 0.09619140625 500
1764188694003 0.091796875 501
1764188704689 0.08935546875 502
1764188715405 0.09326171875 503
1764188726218 0.09375 504
1764188736995 0.1005859375 505
1764188747737 0.09423828125 506
1764188758456 0.10107421875 507
1764188769162 0.09326171875 508
1764188779879 0.10205078125 509
1764188790613 0.09521484375 510
1764188801351 0.09814453125 511
1764188812070 0.0927734375 512
1764188822801 0.09912109375 513
1764188833539 0.10498046875 514
1764188844298 0.09326171875 515
1764188855028 0.09375 516
1764188865735 0.10205078125 517
1764188876473 0.09716796875 518
1764188887177 0.10546875 519
1764188897920 0.09521484375 520
1764188908656 0.09765625 521
1764188919368 0.09716796875 522
1764188930079 0.09228515625 523
1764188940816 0.1015625 524
1764188951502 0.103515625 525
1764188962204 0.10498046875 526
1764188972922 0.09814453125 527
1764188983619 0.111328125 528
1764188994307 0.09765625 529
1764189005042 0.09765625 530
1764189015756 0.09375 531
1764189026529 0.10009765625 532
1764189037267 0.099609375 533
1764189048050 0.10302734375 534
1764189058808 0.10107421875 535
1764189069493 0.1025390625 536
1764189080297 0.09521484375 537
1764189091029 0.0927734375 538
1764189101765 0.10009765625 539
1764189112493 0.0986328125 540
1764189123211 0.09814453125 541
1764189133930 0.09130859375 542
1764189144676 0.1064453125 543
1764189155425 0.10888671875 544
1764189166166 0.1044921875 545
1764189176863 0.10400390625 546
1764189187575 0.10595703125 547
1764189198302 0.09716796875 548
1764189209038 0.09912109375 549
1764189219795 0.099609375 550
1764189230495 0.09814453125 551
1764189241247 0.10888671875 552
1764189251996 0.09130859375 553
1764189262733 0.10302734375 554
1764189273444 0.09375 555
1764189284223 0.095703125 556
1764189294980 0.0947265625 557
1764189305730 0.09130859375 558
1764189316456 0.10400390625 559
1764189327173 0.1044921875 560
1764189337895 0.1064453125 561
1764189348628 0.099609375 562
1764189359342 0.09765625 563
1764189370051 0.1025390625 564
1764189380788 0.09326171875 565
1764189391472 0.1025390625 566
1764189402173 0.10205078125 567
1764189412947 0.1025390625 568
1764189423687 0.1064453125 569
1764189434402 0.09765625 570
1764189445137 0.0966796875 571
1764189455914 0.09765625 572
1764189466610 0.111328125 573
1764189477314 0.1083984375 574
1764189488131 0.09912109375 575
1764189498826 0.111328125 576
1764189509563 0.09423828125 577
1764189520245 0.1015625 578
1764189530983 0.109375 579
1764189541667 0.10498046875 580
1764189552408 0.09765625 581
1764189563121 0.09912109375 582
1764189573841 0.1103515625 583
1764189584556 0.099609375 584
1764189595251 0.10302734375 585
1764189636667 0.10107421875 586
1764189647353 0.1103515625 587
1764189658067 0.095703125 588
1764189668787 0.10107421875 589
1764189679534 0.0966796875 590
1764189690246 0.10205078125 591
1764189700947 0.10400390625 592
1764189711645 0.10107421875 593
1764189722369 0.1015625 594
1764189733098 0.10693359375 595
1764189743823 0.10791015625 596
1764189754543 0.1015625 597
1764189765258 0.1181640625 598
1764189775982 0.095703125 599
1764189786702 0.1044921875 600
1764189797436 0.10107421875 601
1764189808135 0.1123046875 602
1764189818863 0.107421875 603
1764189829613 0.10400390625 604
1764189840327 0.11279296875 605
1764189851062 0.109375 606
1764189861863 0.109375 607
1764189872546 0.126953125 608
1764189883348 0.0966796875 609
1764189894087 0.103515625 610
1764189904917 0.09814453125 611
1764189915633 0.10400390625 612
1764189926366 0.1005859375 613
1764189937058 0.1162109375 614
1764189947814 0.10400390625 615
1764189958544 0.1083984375 616
1764189969228 0.10888671875 617
1764189979984 0.10009765625 618
1764189990728 0.1005859375 619
1764190001424 0.09521484375 620
1764190012192 0.11181640625 621
1764190022906 0.09912109375 622
1764190033699 0.1064453125 623
1764190044423 0.0986328125 624
1764190055159 0.111328125 625
1764190065868 0.09619140625 626
1764190076568 0.10888671875 627
1764190087237 0.11865234375 628
1764190097956 0.111328125 629
1764190108712 0.1015625 630
1764190119467 0.1015625 631
1764190130203 0.1103515625 632
1764190140918 0.1015625 633
1764190151616 0.1123046875 634
1764190162349 0.10107421875 635
1764190173080 0.09765625 636
1764190183780 0.115234375 637
1764190194478 0.0986328125 638
1764190205211 0.10546875 639
1764190215963 0.111328125 640
1764190226669 0.10400390625 641
1764190237386 0.10498046875 642
1764190248099 0.10546875 643
1764190258802 0.1123046875 644
1764190269507 0.1064453125 645
1764190280232 0.103515625 646
1764190290951 0.10546875 647
1764190301684 0.11376953125 648
1764190312505 0.1044921875 649
1764190323200 0.10205078125 650
1764190334023 0.11181640625 651
1764190344729 0.11572265625 652
1764190355471 0.10791015625 653
1764190366186 0.111328125 654
1764190376968 0.10400390625 655
1764190387724 0.1015625 656
1764190398532 0.1025390625 657
1764190409301 0.1162109375 658
1764190420071 0.12353515625 659
1764190430824 0.10888671875 660
1764190441578 0.11328125 661
1764190452319 0.115234375 662
1764190463073 0.103515625 663
1764190473832 0.10546875 664
1764190484548 0.10986328125 665
1764190495264 0.11328125 666
1764190505982 0.11767578125 667
1764190516725 0.10302734375 668
1764190527423 0.10546875 669
1764190538120 0.099609375 670
1764190548845 0.10498046875 671
1764190559613 0.10888671875 672
1764190570336 0.10498046875 673
1764190581072 0.10693359375 674
1764190591783 0.109375 675
1764190602511 0.10888671875 676
1764190613224 0.10205078125 677
1764190623958 0.10107421875 678
1764190634692 0.1083984375 679
1764190645488 0.1328125 680
1764190656158 0.12158203125 681
1764190666863 0.11572265625 682
1764190677624 0.11376953125 683
1764190688393 0.1064453125 684
1764190699081 0.1162109375 685
1764190709817 0.10986328125 686
1764190720534 0.109375 687
1764190731392 0.109375 688
1764190742065 0.1123046875 689
1764190752819 0.109375 690
1764190763550 0.10791015625 691
1764190774280 0.10888671875 692
1764190785055 0.1015625 693
1764190795784 0.10693359375 694
1764190806508 0.1083984375 695
1764190817233 0.10791015625 696
1764190828008 0.10546875 697
1764190838735 0.10986328125 698
1764190849481 0.10400390625 699
1764190860193 0.11962890625 700
1764190870937 0.10986328125 701
1764190881724 0.10595703125 702
1764190892456 0.10888671875 703
1764190903144 0.1064453125 704
1764190913857 0.11181640625 705
1764190924582 0.11279296875 706
1764190935289 0.1171875 707
1764190946040 0.10888671875 708
1764190956787 0.10791015625 709
1764190967503 0.10498046875 710
1764190978274 0.11328125 711
1764190989012 0.1123046875 712
1764190999777 0.111328125 713
1764191010484 0.1103515625 714
1764191021200 0.109375 715
1764191031902 0.130859375 716
1764191042622 0.11181640625 717
1764191053339 0.1025390625 718
1764191064027 0.1015625 719
1764191074721 0.10888671875 720
1764191085494 0.11279296875 721
1764191096223 0.12109375 722
1764191106968 0.11181640625 723
1764191117728 0.109375 724
1764191128447 0.115234375 725
1764191139175 0.126953125 726
1764191149896 0.107421875 727
1764191160674 0.11181640625 728
1764191171392 0.11376953125 729
1764191182116 0.1044921875 730
1764191192855 0.10546875 731
1764191203562 0.1083984375 732
1764191214312 0.11328125 733
1764191225019 0.109375 734
1764191235762 0.11181640625 735
1764191246495 0.11572265625 736
1764191257217 0.119140625 737
1764191267950 0.11376953125 738
1764191278705 0.10986328125 739
1764191289418 0.10400390625 740
1764191300140 0.10791015625 741
1764191310862 0.11279296875 742
1764191321564 0.10498046875 743
1764191332270 0.10498046875 744
1764191342976 0.1259765625 745
1764191353704 0.1064453125 746
1764191364429 0.10400390625 747
1764191375136 0.10302734375 748
1764191385889 0.10986328125 749
1764191396582 0.11767578125 750
1764191407288 0.11279296875 751
1764191418022 0.10546875 752
1764191428782 0.1162109375 753
1764191439525 0.12060546875 754
1764191450216 0.1171875 755
1764191460945 0.11376953125 756
1764191471654 0.111328125 757
1764191482350 0.11279296875 758
1764191493050 0.11328125 759
1764191503817 0.10498046875 760
1764191514567 0.1123046875 761
1764191525275 0.10888671875 762
1764191535985 0.1181640625 763
1764191546701 0.11376953125 764
1764191557457 0.10546875 765
1764191568175 0.1015625 766
1764191578929 0.10546875 767
1764191589753 0.111328125 768
1764191600460 0.111328125 769
1764191611194 0.1171875 770
1764191622008 0.1162109375 771
1764191632712 0.10791015625 772
1764191643441 0.10400390625 773
1764191654182 0.10546875 774
1764191664963 0.115234375 775
1764191675709 0.10107421875 776
1764191686411 0.11328125 777
1764191697136 0.10595703125 778
1764191707909 0.11767578125 779
1764191718683 0.1181640625 780
1764191729435 0.107421875 781
1764191753442 0.11962890625 782
1764191764198 0.10498046875 783
1764191774950 0.10595703125 784
1764191785696 0.1162109375 785
1764191796449 0.10791015625 786
1764191807212 0.1083984375 787
1764191817907 0.1103515625 788
1764191828636 0.109375 789
1764191839363 0.11962890625 790
1764191850091 0.119140625 791
1764191860794 0.12060546875 792
1764191871547 0.107421875 793
1764191882251 0.11376953125 794
1764191892964 0.10986328125 795
1764191903676 0.11865234375 796
1764191914393 0.1201171875 797
1764191925119 0.12353515625 798
1764191935838 0.1220703125 799
1764191946605 0.1123046875 800
1764191957304 0.11474609375 801
1764191968090 0.111328125 802
1764191978820 0.1171875 803
1764191989559 0.1103515625 804
1764192000335 0.119140625 805
1764192011060 0.12451171875 806
1764192021792 0.10595703125 807
1764192032532 0.1103515625 808
1764192043248 0.11572265625 809
1764192053972 0.12060546875 810
1764192064681 0.1279296875 811
1764192075388 0.1181640625 812
1764192086103 0.12255859375 813
1764192096877 0.11767578125 814
1764192107561 0.11279296875 815
1764192118289 0.1162109375 816
1764192129043 0.11083984375 817
1764192139783 0.12060546875 818
1764192150507 0.1201171875 819
1764192161212 0.11376953125 820
1764192171999 0.10791015625 821
1764192182715 0.119140625 822
1764192193428 0.12353515625 823
1764192204209 0.1201171875 824
1764192215015 0.115234375 825
1764192225748 0.1171875 826
1764192236451 0.11572265625 827
1764192247190 0.11328125 828
1764192257886 0.11865234375 829
1764192268602 0.1201171875 830
1764192279358 0.111328125 831
1764192290084 0.115234375 832
1764192300817 0.11328125 833
1764192311564 0.10595703125 834
1764192322289 0.11669921875 835
1764192333032 0.1103515625 836
1764192343749 0.11865234375 837
1764192354419 0.134765625 838
1764192365139 0.10791015625 839
1764192375829 0.119140625 840
1764192386572 0.125 841
1764192397312 0.11181640625 842
1764192408041 0.1162109375 843
1764192418795 0.10986328125 844
1764192429489 0.11572265625 845
1764192440222 0.1015625 846
1764192451075 0.1142578125 847
1764192461812 0.1259765625 848
1764192472530 0.1044921875 849
1764192483241 0.11474609375 850
1764192493987 0.12158203125 851
1764192504751 0.10986328125 852
1764192515450 0.1337890625 853
1764192526152 0.12353515625 854
1764192536926 0.10888671875 855
1764192547668 0.119140625 856
1764192558382 0.12060546875 857
1764192569156 0.1298828125 858
1764192579877 0.1201171875 859
1764192590594 0.11962890625 860
1764192601312 0.1298828125 861
1764192612057 0.1142578125 862
1764192622818 0.12158203125 863
1764192633520 0.11474609375 864
1764192644238 0.1259765625 865
1764192654977 0.1162109375 866
1764192665723 0.12109375 867
1764192676470 0.1083984375 868
1764192687225 0.11572265625 869
1764192697908 0.126953125 870
1764192708621 0.1171875 871
1764192719375 0.1328125 872
1764192730081 0.11474609375 873
1764192740805 0.11181640625 874
1764192751492 0.1181640625 875
1764192762208 0.1220703125 876
1764192772905 0.12353515625 877
1764192783660 0.115234375 878
1764192794409 0.11572265625 879
1764192805146 0.1142578125 880
1764192815868 0.11865234375 881
1764192826618 0.1220703125 882
1764192837330 0.119140625 883
1764192848192 0.1240234375 884
1764192858901 0.11669921875 885
1764192869648 0.119140625 886
1764192880347 0.1357421875 887
1764192891044 0.11181640625 888
1764192901804 0.11279296875 889
1764192912519 0.12255859375 890
1764192923256 0.115234375 891
1764192933987 0.12890625 892
1764192944682 0.12060546875 893
1764192955435 0.109375 894
1764192966135 0.1123046875 895
1764192976856 0.1171875 896
1764192987589 0.115234375 897
1764192998304 0.126953125 898
1764193009014 0.11376953125 899
1764193019743 0.123046875 900
1764193030524 0.1123046875 901
1764193041254 0.11083984375 902
1764193052000 0.12158203125 903
1764193062766 0.1162109375 904
1764193073499 0.11376953125 905
1764193084186 0.1171875 906
1764193094910 0.12353515625 907
1764193105643 0.11767578125 908
1764193116354 0.12890625 909
1764193127077 0.1142578125 910
1764193137808 0.11572265625 911
1764193148533 0.12255859375 912
1764193159277 0.1513671875 913
1764193169967 0.119140625 914
1764193180679 0.11865234375 915
1764193191448 0.1064453125 916
1764193202210 0.11474609375 917
1764193212904 0.119140625 918
1764193223622 0.12451171875 919
1764193234336 0.111328125 920
1764193245142 0.1103515625 921
1764193255879 0.11328125 922
1764193266593 0.10986328125 923
1764193277397 0.12255859375 924
1764193288156 0.115234375 925
1764193298850 0.123046875 926
1764193309579 0.11865234375 927
1764193320301 0.11865234375 928
1764193331015 0.1318359375 929
1764193341730 0.12255859375 930
1764193352435 0.11962890625 931
1764193363162 0.11865234375 932
1764193373920 0.11767578125 933
1764193384632 0.126953125 934
1764193395374 0.12353515625 935
1764193406100 0.12109375 936
1764193416859 0.1416015625 937
1764193427596 0.12890625 938
1764193438334 0.1259765625 939
1764193449074 0.1162109375 940
1764193459886 0.123046875 941
1764193470607 0.119140625 942
1764193481334 0.1240234375 943
1764193492052 0.11962890625 944
1764193502755 0.1298828125 945
1764193513448 0.1298828125 946
1764193524173 0.119140625 947
1764193534882 0.12451171875 948
1764193545629 0.1142578125 949
1764193556348 0.12060546875 950
1764193567041 0.1279296875 951
1764193577764 0.134765625 952
1764193588508 0.1220703125 953
1764193599197 0.119140625 954
1764193609949 0.126953125 955
1764193620692 0.12451171875 956
1764193631440 0.1259765625 957
1764193642183 0.1142578125 958
1764193652934 0.111328125 959
1764193663645 0.11962890625 960
1764193674348 0.109375 961
1764193685041 0.1162109375 962
1764193695753 0.123046875 963
1764193706524 0.11962890625 964
1764193717201 0.134765625 965
1764193727912 0.1298828125 966
1764193738635 0.1103515625 967
1764193749343 0.126953125 968
1764193760059 0.123046875 969
1764193770788 0.11865234375 970
1764193781536 0.11376953125 971
1764193792302 0.1171875 972
1764193803017 0.134765625 973
1764193813761 0.1220703125 974
1764193824481 0.12109375 975
1764193835177 0.126953125 976
1764193859313 0.1162109375 977
1764193870111 0.11669921875 978
1764193880832 0.1298828125 979
1764193891530 0.1376953125 980
1764193902277 0.12353515625 981
1764193913031 0.1171875 982
1764193923787 0.12255859375 983
1764193934577 0.12890625 984
1764193945261 0.1328125 985
1764193955947 0.1298828125 986
1764193966648 0.1279296875 987
1764193977355 0.126953125 988
1764193988063 0.125 989
1764193998805 0.10595703125 990
1764194009574 0.11328125 991
1764194020299 0.13671875 992
1764194031047 0.11083984375 993
1764194041848 0.1142578125 994
1764194052571 0.1181640625 995
1764194063285 0.12255859375 996
1764194073983 0.1220703125 997
1764194084691 0.125 998
1764194095380 0.11279296875 999
1764194106086 0.1240234375 1000
1764194116837 0.1162109375 1001
1764194127560 0.11474609375 1002
1764194138409 0.1298828125 1003
1764194149120 0.1171875 1004
1764194159818 0.11962890625 1005
1764194170577 0.12060546875 1006
1764194181380 0.1279296875 1007
1764194192104 0.1259765625 1008
1764194202855 0.12255859375 1009
1764194213588 0.1201171875 1010
1764194224304 0.12255859375 1011
1764194235046 0.125 1012
1764194245762 0.12255859375 1013
1764194256473 0.1220703125 1014
1764194267241 0.1171875 1015
1764194277989 0.12158203125 1016
1764194288759 0.1201171875 1017
1764194299470 0.1259765625 1018
1764194310227 0.12109375 1019
1764194320979 0.12255859375 1020
1764194331752 0.126953125 1021
1764194342471 0.11865234375 1022
1764194353227 0.1318359375 1023
1764194363932 0.12353515625 1024
1764194374658 0.12353515625 1025
1764194385384 0.12890625 1026
1764194396084 0.1279296875 1027
1764194406793 0.1123046875 1028
1764194417539 0.115234375 1029
1764194428232 0.1259765625 1030
1764194438976 0.1279296875 1031
1764194449670 0.1259765625 1032
1764194460375 0.1259765625 1033
1764194471126 0.1318359375 1034
1764194481823 0.1181640625 1035
1764194492564 0.1171875 1036
1764194503309 0.11767578125 1037
1764194514050 0.12060546875 1038
1764194524799 0.11572265625 1039
1764194535503 0.1201171875 1040
1764194546267 0.1279296875 1041
1764194556990 0.12353515625 1042
1764194567752 0.125 1043
1764194578489 0.1220703125 1044
1764194589239 0.11865234375 1045
1764194600035 0.1142578125 1046
1764194610747 0.12255859375 1047
1764194621462 0.1171875 1048
1764194632199 0.125 1049
1764194642919 0.1201171875 1050
1764194653619 0.1279296875 1051
1764194664360 0.1240234375 1052
1764194675052 0.126953125 1053
1764194685813 0.12890625 1054
1764194696520 0.11962890625 1055
1764194707281 0.11669921875 1056
1764194718056 0.123046875 1057
1764194728787 0.12158203125 1058
1764194739526 0.111328125 1059
1764194750255 0.12353515625 1060
1764194760981 0.12158203125 1061
1764194771758 0.1201171875 1062
1764194782511 0.107421875 1063
1764194793268 0.1259765625 1064
1764194803998 0.12109375 1065
1764194814699 0.138671875 1066
1764194825417 0.125 1067
1764194836167 0.11865234375 1068
1764194846877 0.12890625 1069
1764194857688 0.12060546875 1070
1764194868363 0.123046875 1071
1764194879082 0.1123046875 1072
1764194889827 0.123046875 1073
1764194900558 0.12255859375 1074
1764194911293 0.11669921875 1075
1764194922006 0.12451171875 1076
1764194932707 0.1337890625 1077
1764194943438 0.12353515625 1078
1764194954164 0.11865234375 1079
1764194964997 0.130859375 1080
1764194975724 0.11376953125 1081
1764194986415 0.126953125 1082
1764194997156 0.11767578125 1083
1764195007882 0.1259765625 1084
1764195018597 0.1259765625 1085
1764195029345 0.12451171875 1086
1764195040081 0.1201171875 1087
1764195050792 0.11181640625 1088
1764195061499 0.1279296875 1089
1764195072286 0.1240234375 1090
1764195082983 0.123046875 1091
1764195093704 0.1279296875 1092
1764195104464 0.1171875 1093
1764195115183 0.1328125 1094
1764195125903 0.12890625 1095
1764195136643 0.1630859375 1096
1764195147419 0.1240234375 1097
1764195158177 0.126953125 1098
1764195168919 0.1298828125 1099
1764195179632 0.1259765625 1100
1764195190330 0.1259765625 1101
1764195201068 0.1337890625 1102
1764195211811 0.123046875 1103
1764195222489 0.126953125 1104
1764195233211 0.130859375 1105
1764195243952 0.1201171875 1106
1764195254687 0.134765625 1107
1764195265419 0.1298828125 1108
1764195276164 0.11474609375 1109
1764195286853 0.1318359375 1110
1764195297550 0.119140625 1111
1764195308281 0.123046875 1112
1764195318996 0.1298828125 1113
1764195329707 0.1298828125 1114
1764195340444 0.1328125 1115
1764195351207 0.1220703125 1116
1764195361947 0.1259765625 1117
1764195372655 0.1220703125 1118
1764195383356 0.11767578125 1119
1764195394167 0.11865234375 1120
1764195404914 0.1279296875 1121
1764195415611 0.1328125 1122
1764195426338 0.134765625 1123
1764195437036 0.1396484375 1124
1764195447770 0.125 1125
1764195458527 0.11865234375 1126
1764195469258 0.1142578125 1127
1764195479956 0.1328125 1128
1764195490666 0.11962890625 1129
1764195501366 0.1201171875 1130
1764195512124 0.12255859375 1131
1764195522865 0.1337890625 1132
1764195533629 0.1318359375 1133
1764195544357 0.1298828125 1134
1764195555086 0.11962890625 1135
1764195565844 0.126953125 1136
1764195576665 0.138671875 1137
1764195587426 0.1240234375 1138
1764195598215 0.125 1139
1764195608920 0.12890625 1140
1764195619674 0.125 1141
1764195630408 0.11669921875 1142
1764195641095 0.12890625 1143
1764195651826 0.13671875 1144
1764195662557 0.1279296875 1145
1764195673307 0.115234375 1146
1764195684011 0.11669921875 1147
1764195694727 0.115234375 1148
1764195705449 0.126953125 1149
1764195716180 0.12451171875 1150
1764195726899 0.12890625 1151
1764195737616 0.115234375 1152
1764195748343 0.1220703125 1153
1764195759068 0.1201171875 1154
1764195769812 0.12060546875 1155
1764195780553 0.1279296875 1156
1764195791273 0.125 1157
1764195802012 0.1220703125 1158
1764195812751 0.11376953125 1159
1764195823532 0.12451171875 1160
1764195834234 0.11572265625 1161
1764195844948 0.119140625 1162
1764195855645 0.12890625 1163
1764195866367 0.12060546875 1164
1764195877104 0.12890625 1165
1764195887927 0.11865234375 1166
1764195898651 0.11767578125 1167
1764195909379 0.1220703125 1168
1764195920088 0.130859375 1169
1764195930860 0.1220703125 1170
1764195941589 0.130859375 1171
1764195965588 0.1279296875 1172
1764195976323 0.12890625 1173
1764195987039 0.1201171875 1174
1764195997728 0.12451171875 1175
1764196008490 0.12060546875 1176
1764196019172 0.138671875 1177
1764196029926 0.1298828125 1178
1764196040638 0.1259765625 1179
1764196051395 0.1259765625 1180
1764196062117 0.1259765625 1181
1764196072819 0.130859375 1182
1764196083594 0.10791015625 1183
1764196094372 0.12451171875 1184
1764196105111 0.1318359375 1185
1764196115861 0.140625 1186
1764196126564 0.1376953125 1187
1764196137273 0.1240234375 1188
1764196147999 0.12451171875 1189
1764196158769 0.11376953125 1190
1764196169482 0.1201171875 1191
1764196180269 0.11767578125 1192
1764196190955 0.1318359375 1193
1764196201691 0.1171875 1194
1764196212426 0.119140625 1195
1764196223169 0.1240234375 1196
1764196233908 0.1337890625 1197
1764196244630 0.1328125 1198
1764196255443 0.1318359375 1199
1764196266171 0.12451171875 1200
1764196276937 0.12060546875 1201
1764196287651 0.1220703125 1202
1764196298403 0.125 1203
1764196309196 0.12109375 1204
1764196319908 0.11669921875 1205
1764196330622 0.126953125 1206
1764196341326 0.1298828125 1207
1764196352097 0.1318359375 1208
1764196362789 0.12158203125 1209
1764196373487 0.1259765625 1210
1764196384218 0.1279296875 1211
1764196394963 0.1328125 1212
1764196405690 0.1416015625 1213
1764196416392 0.138671875 1214
1764196427131 0.126953125 1215
1764196437843 0.1240234375 1216
1764196448550 0.1318359375 1217
1764196459306 0.130859375 1218
1764196470080 0.134765625 1219
1764196480833 0.130859375 1220
1764196491559 0.1318359375 1221
1764196502309 0.11279296875 1222
1764196513042 0.1142578125 1223
1764196523869 0.1318359375 1224
1764196534595 0.12890625 1225
1764196545312 0.134765625 1226
1764196556060 0.1220703125 1227
1764196566782 0.12060546875 1228
1764196577502 0.1259765625 1229
1764196588263 0.11181640625 1230
1764196599055 0.1220703125 1231
1764196609770 0.1259765625 1232
1764196620490 0.126953125 1233
1764196631216 0.1328125 1234
1764196641979 0.1328125 1235
1764196652759 0.1123046875 1236
1764196663545 0.11279296875 1237
1764196674372 0.12890625 1238
1764196685105 0.1357421875 1239
1764196695846 0.11962890625 1240
1764196706577 0.1201171875 1241
1764196717332 0.12255859375 1242
1764196728064 0.126953125 1243
1764196738807 0.1357421875 1244
1764196749530 0.12060546875 1245
1764196760249 0.1357421875 1246
1764196770970 0.125 1247
1764196781682 0.1318359375 1248
1764196792392 0.1201171875 1249
1764196803109 0.12890625 1250
1764196813810 0.126953125 1251
1764196824506 0.125 1252
1764196835231 0.126953125 1253
1764196845943 0.12353515625 1254
1764196856623 0.12890625 1255
1764196867333 0.123046875 1256
1764196878039 0.126953125 1257
1764196888777 0.126953125 1258
1764196899508 0.126953125 1259
1764196910230 0.12158203125 1260
1764196920941 0.130859375 1261
1764196931672 0.1259765625 1262
1764196942403 0.125 1263
1764196953143 0.1396484375 1264
1764196963873 0.130859375 1265
1764196974603 0.12255859375 1266
1764196985327 0.125 1267
1764196996075 0.126953125 1268
1764197006851 0.1220703125 1269
1764197017642 0.1279296875 1270
1764197028377 0.1328125 1271
1764197039122 0.12353515625 1272
1764197049853 0.12109375 1273
1764197060634 0.11474609375 1274
1764197071377 0.12060546875 1275
1764197082214 0.130859375 1276
1764197092931 0.12158203125 1277
1764197103691 0.130859375 1278
1764197114430 0.12353515625 1279
1764197125128 0.126953125 1280
1764197135892 0.1220703125 1281
1764197146649 0.1298828125 1282
1764197157385 0.123046875 1283
1764197168172 0.11376953125 1284
1764197178994 0.140625 1285
1764197189738 0.1455078125 1286
1764197200462 0.11962890625 1287
1764197211163 0.1298828125 1288
1764197221908 0.11767578125 1289
1764197232608 0.125 1290
1764197243365 0.134765625 1291
1764197254081 0.125 1292
1764197264818 0.12451171875 1293
1764197275575 0.125 1294
1764197286261 0.134765625 1295
1764197297004 0.12890625 1296
1764197307690 0.1259765625 1297
1764197318384 0.126953125 1298
1764197329133 0.123046875 1299
1764197339838 0.1318359375 1300
1764197350588 0.1328125 1301
1764197361280 0.134765625 1302
1764197372048 0.1279296875 1303
1764197382758 0.1357421875 1304
1764197393483 0.1259765625 1305
1764197404185 0.11865234375 1306
1764197414894 0.1240234375 1307
1764197425618 0.1328125 1308
1764197436329 0.1259765625 1309
1764197447055 0.1298828125 1310
1764197457772 0.12890625 1311
1764197468486 0.138671875 1312
1764197479202 0.126953125 1313
1764197489952 0.12353515625 1314
1764197500683 0.1357421875 1315
1764197511403 0.123046875 1316
1764197522131 0.1376953125 1317
1764197532969 0.1162109375 1318
1764197543690 0.12353515625 1319
1764197554412 0.12109375 1320
1764197565139 0.126953125 1321
1764197575891 0.11669921875 1322
1764197586618 0.12890625 1323
1764197597354 0.125 1324
1764197608057 0.1318359375 1325
1764197618841 0.1298828125 1326
1764197629645 0.130859375 1327
1764197640392 0.12060546875 1328
1764197651119 0.1396484375 1329
1764197661854 0.1318359375 1330
1764197672619 0.11767578125 1331
1764197683341 0.126953125 1332
1764197694051 0.1376953125 1333
1764197704756 0.140625 1334
1764197715559 0.130859375 1335
1764197726265 0.1279296875 1336
1764197737015 0.1259765625 1337
1764197747760 0.1279296875 1338
1764197758505 0.134765625 1339
1764197769241 0.12158203125 1340
1764197779975 0.12060546875 1341
1764197790665 0.126953125 1342
1764197801411 0.126953125 1343
1764197812121 0.1259765625 1344
1764197822871 0.123046875 1345
1764197833619 0.1259765625 1346
1764197844374 0.130859375 1347
1764197855125 0.1376953125 1348
1764197865878 0.1259765625 1349
1764197876640 0.1259765625 1350
1764197887350 0.140625 1351
1764197898041 0.1357421875 1352
1764197908749 0.123046875 1353
1764197919478 0.1279296875 1354
1764197930333 0.1259765625 1355
1764197941049 0.134765625 1356
1764197951797 0.12890625 1357
1764197962507 0.1240234375 1358
1764197973195 0.1337890625 1359
1764197983897 0.130859375 1360
1764197994612 0.12353515625 1361
1764198005328 0.11669921875 1362
1764198016087 0.1318359375 1363
1764198026830 0.11865234375 1364
1764198037526 0.130859375 1365
1764198048257 0.1328125 1366
1764198072328 0.1279296875 1367
1764198083035 0.1279296875 1368
1764198093831 0.1279296875 1369
1764198104562 0.11669921875 1370
1764198115282 0.1357421875 1371
1764198125995 0.1298828125 1372
1764198136772 0.1328125 1373
1764198147487 0.1318359375 1374
1764198158219 0.130859375 1375
1764198168922 0.134765625 1376
1764198179692 0.1298828125 1377
1764198190421 0.1298828125 1378
1764198201169 0.125 1379
1764198211906 0.11328125 1380
1764198222626 0.1259765625 1381
1764198233339 0.125 1382
1764198244030 0.1279296875 1383
1764198254819 0.11376953125 1384
1764198265575 0.1279296875 1385
1764198276307 0.1298828125 1386
1764198287036 0.1337890625 1387
1764198297759 0.1201171875 1388
1764198308449 0.1279296875 1389
1764198319175 0.1162109375 1390
1764198329951 0.1279296875 1391
1764198340719 0.11962890625 1392
1764198351392 0.13671875 1393
1764198362196 0.12353515625 1394
1764198372884 0.134765625 1395
1764198383612 0.11962890625 1396
1764198394432 0.138671875 1397
1764198405184 0.1259765625 1398
1764198415925 0.12158203125 1399
1764198426657 0.119140625 1400
1764198437470 0.11669921875 1401
1764198448180 0.1455078125 1402
1764198458924 0.140625 1403
1764198469674 0.1396484375 1404
1764198480416 0.12353515625 1405
1764198491123 0.134765625 1406
1764198501876 0.1318359375 1407
1764198512612 0.12890625 1408
1764198523355 0.130859375 1409
1764198534112 0.1279296875 1410
1764198544839 0.134765625 1411
1764198555533 0.1416015625 1412
1764198566269 0.130859375 1413
1764198577031 0.1259765625 1414
1764198587757 0.1220703125 1415
1764198598525 0.11865234375 1416
1764198609245 0.11865234375 1417
1764198619970 0.126953125 1418
1764198630711 0.12890625 1419
1764198641450 0.138671875 1420
1764198652226 0.111328125 1421
1764198662979 0.12060546875 1422
1764198673697 0.125 1423
1764198684472 0.1259765625 1424
1764198695257 0.12060546875 1425
1764198705969 0.1259765625 1426
1764198716679 0.1328125 1427
1764198727473 0.1318359375 1428
1764198738232 0.1328125 1429
1764198748938 0.1337890625 1430
1764198759668 0.1162109375 1431
1764198770395 0.11181640625 1432
1764198781093 0.1279296875 1433
1764198791930 0.123046875 1434
1764198802636 0.1376953125 1435
1764198813371 0.1337890625 1436
1764198824095 0.12158203125 1437
1764198834815 0.12451171875 1438
1764198845536 0.12890625 1439
1764198856269 0.12890625 1440
1764198867015 0.130859375 1441
1764198877750 0.1220703125 1442
1764198888469 0.134765625 1443
1764198899237 0.1279296875 1444
1764198909990 0.1220703125 1445
1764198920714 0.1171875 1446
1764198931444 0.12255859375 1447
1764198942216 0.126953125 1448
1764198952954 0.134765625 1449
1764198963665 0.126953125 1450
1764198974388 0.12158203125 1451
1764198985111 0.1298828125 1452
1764198995820 0.1298828125 1453
1764199006516 0.1396484375 1454
1764199017238 0.1396484375 1455
1764199027983 0.1298828125 1456
1764199038676 0.1337890625 1457
1764199049401 0.12255859375 1458
1764199060139 0.1123046875 1459
1764199070903 0.126953125 1460
1764199081622 0.1357421875 1461
1764199092358 0.1259765625 1462
1764199103051 0.134765625 1463
1764199113770 0.1259765625 1464
1764199124499 0.130859375 1465
1764199135238 0.1318359375 1466
1764199145950 0.123046875 1467
1764199156738 0.1328125 1468
1764199167512 0.126953125 1469
1764199178300 0.11962890625 1470
1764199189060 0.11767578125 1471
1764199199835 0.12060546875 1472
1764199210617 0.138671875 1473
1764199221429 0.1416015625 1474
1764199232208 0.138671875 1475
1764199242968 0.125 1476
1764199253689 0.1357421875 1477
1764199264418 0.126953125 1478
1764199275163 0.1279296875 1479
1764199285892 0.1220703125 1480
1764199296686 0.12353515625 1481
1764199307493 0.138671875 1482
1764199318249 0.11962890625 1483
1764199328932 0.12890625 1484
1764199339640 0.1259765625 1485
1764199350356 0.10791015625 1486
1764199361056 0.1298828125 1487
1764199371760 0.1328125 1488
1764199382443 0.1416015625 1489
1764199393187 0.1220703125 1490
1764199403887 0.12890625 1491
1764199414613 0.12158203125 1492
1764199425369 0.138671875 1493
1764199436123 0.130859375 1494
1764199446866 0.125 1495
1764199457556 0.1279296875 1496
1764199468312 0.1337890625 1497
1764199479041 0.130859375 1498
1764199489791 0.1298828125 1499
1764199500515 0.1279296875 1500
1764199511317 0.1357421875 1501
1764199522048 0.1357421875 1502
1764199532770 0.1328125 1503
1764199543464 0.1298828125 1504
1764199554217 0.12451171875 1505
1764199564923 0.1259765625 1506
1764199575693 0.1337890625 1507
1764199586419 0.11669921875 1508
1764199597148 0.1396484375 1509
1764199607865 0.123046875 1510
1764199618585 0.12890625 1511
1764199629320 0.1279296875 1512
1764199640042 0.1455078125 1513
1764199650871 0.12451171875 1514
1764199661620 0.11962890625 1515
1764199672361 0.1279296875 1516
1764199683081 0.1279296875 1517
1764199693834 0.12451171875 1518
1764199704555 0.12890625 1519
1764199715292 0.126953125 1520
1764199726102 0.123046875 1521
1764199736805 0.1357421875 1522
1764199747537 0.12890625 1523
1764199758271 0.123046875 1524
1764199768999 0.1240234375 1525
1764199779775 0.11865234375 1526
1764199790522 0.1279296875 1527
1764199801261 0.12158203125 1528
1764199812022 0.12255859375 1529
1764199822760 0.11962890625 1530
1764199833482 0.12109375 1531
1764199844190 0.12890625 1532
1764199854892 0.11962890625 1533
1764199865626 0.12255859375 1534
1764199876396 0.1259765625 1535
1764199887122 0.125 1536
1764199897844 0.11669921875 1537
1764199908580 0.11474609375 1538
1764199919319 0.1259765625 1539
1764199930029 0.1357421875 1540
1764199940820 0.126953125 1541
1764199951573 0.1279296875 1542
1764199962353 0.134765625 1543
1764199973122 0.12255859375 1544
1764199983813 0.142578125 1545
1764199994530 0.1533203125 1546
1764200005249 0.126953125 1547
1764200015968 0.12890625 1548
1764200026721 0.130859375 1549
1764200037465 0.130859375 1550
1764200048283 0.1259765625 1551
1764200059032 0.12255859375 1552
1764200069804 0.126953125 1553
1764200080516 0.1279296875 1554
1764200091236 0.1357421875 1555
1764200101959 0.1279296875 1556
1764200112667 0.1376953125 1557
1764200123420 0.12060546875 1558
1764200134149 0.1181640625 1559
1764200144875 0.1259765625 1560
1764200155669 0.130859375 1561
1764200166413 0.11962890625 1562
