1764183262819 1.197265625 1
1764183273967 1.205078125 2
1764183284720 1.177734375 3
1764183295513 1.259765625 4
1764183306300 1.244140625 5
1764183317127 1.234375 6
1764183327974 1.1796875 7
1764183338798 1.1953125 8
1764183349595 1.259765625 9
1764183360408 1.19921875 10
1764183371209 1.240234375 11
1764183382005 1.232421875 12
1764183392792 1.205078125 13
1764183403618 1.166015625 14
1764183414396 1.197265625 15
1764183425177 1.177734375 16
1764183435976 1.30859375 17
1764183446838 1.17578125 18
1764183457615 1.099609375 19
1764183468500 1.150390625 20
1764183479246 1.169921875 21
1764183490018 1.1142578125 22
1764183500768 1.212890625 23
1764183511529 1.166015625 24
1764183522279 1.0849609375 25
1764183533051 1.22265625 26
1764183543802 1.15234375 27
1764183554580 1.1015625 28
1764183565310 1.171875 29
1764183576023 1.140625 30
1764183586763 1.1123046875 31
1764183597514 1.1171875 32
1764183608254 1.142578125 33
1764183618975 1.08203125 34
1764183629710 1.140625 35
1764183640477 1.12109375 36
1764183651227 1.083984375 37
1764183661967 1.16015625 38
1764183672691 1.09765625 39
1764183683394 1.18359375 40
1764183694136 1.09765625 41
1764183704848 1.123046875 42
1764183715575 1.138671875 43
1764183726333 1.134765625 44
1764183737075 1.1044921875 45
1764183747852 1.0458984375 46
1764183758567 1.140625 47
1764183769332 1.095703125 48
1764183780037 1.123046875 49
1764183790751 1.09375 50
1764183801509 1.1171875 51
1764183812279 1.138671875 52
1764183823019 1.03125 53
1764183833736 1.2265625 54
1764183844447 1.123046875 55
1764183855169 1.11328125 56
1764183865909 1.08984375 57
1764183876613 1.111328125 58
1764183887428 1.1484375 59
1764183898217 1.0556640625 60
1764183908915 1.095703125 61
1764183919628 1.099609375 62
1764183930322 1.11328125 63
1764183941093 1.140625 64
1764183951802 1.15625 65
1764183962535 1.150390625 66
1764183973231 1.09765625 67
1764183984000 1.060546875 68
1764183994704 1.099609375 69
1764184005428 1.146484375 70
1764184016129 1.068359375 71
1764184026829 1.15234375 72
1764184037574 1.125 73
1764184048306 1.13671875 74
1764184059040 1.005859375 75
1764184069736 1.0859375 76
1764184080461 1.03125 77
1764184091184 1.0341796875 78
1764184101896 1.1640625 79
1764184112649 1.08984375 80
1764184123344 1.07421875 81
1764184134129 1.12109375 82
1764184144898 1.10546875 83
1764184155617 1.140625 84
1764184166351 1.0390625 85
1764184177115 1.12890625 86
1764184187815 1.083984375 87
1764184198577 1.1015625 88
1764184209263 1.06640625 89
1764184220006 1.091796875 90
1764184230691 1.083984375 91
1764184241415 1.033203125 92
1764184252136 1.154296875 93
1764184262880 1.171875 94
1764184273645 1.095703125 95
1764184284387 1.099609375 96
1764184295182 1.0703125 97
1764184305926 1.068359375 98
1764184316747 1.08984375 99
1764184327446 1.134765625 100
1764184338148 1.169921875 101
1764184348871 1.205078125 102
1764184359605 1.146484375 103
1764184370347 1.083984375 104
1764184381060 1.033203125 105
1764184391799 1.166015625 106
1764184402558 1.1171875 107
1764184413285 1.287109375 108
1764184424019 1.087890625 109
1764184434711 1.091796875 110
1764184445445 1.029296875 111
1764184456156 1.12890625 112
1764184466842 1.130859375 113
1764184477550 1.0703125 114
1764184488254 1.01953125 115
1764184498953 1.076171875 116
1764184509664 1.103515625 117
1764184520373 1.076171875 118
1764184531107 1.091796875 119
1764184541824 1.0859375 120
1764184552550 1.14453125 121
1764184563289 1.10546875 122
1764184574025 1.099609375 123
1764184584788 1.08203125 124
1764184595499 1.091796875 125
1764184606228 1.0185546875 126
1764184616922 1.0537109375 127
1764184627656 1.0576171875 128
1764184638337 1.048828125 129
1764184649093 1.08984375 130
1764184659771 1.1328125 131
1764184670535 1.0791015625 132
1764184681266 1.103515625 133
1764184692007 1.08984375 134
1764184702739 1.01171875 135
1764184713447 1.10546875 136
1764184724168 1.044921875 137
1764184735016 1.03125 138
1764184745817 1.091796875 139
1764184756537 1.078125 140
1764184767283 1.162109375 141
1764184778013 1.1015625 142
1764184788739 1.19140625 143
1764184799435 1.119140625 144
1764184810136 1.09765625 145
1764184820833 1.109375 146
1764184831527 1.0703125 147
1764184842246 1.01171875 148
1764184853005 1.0078125 149
1764184863744 1.1025390625 150
1764184874444 1.017578125 151
1764184885183 1.02734375 152
1764184895903 1.0498046875 153
1764184906645 1.07421875 154
1764184917343 1.064453125 155
1764184928079 1.087890625 156
1764184938799 1.0234375 157
1764184949553 1.142578125 158
1764184960348 1.080078125 159
1764184971029 1.0546875 160
1764184981744 1.140625 161
1764184992467 1.115234375 162
1764185003218 1.0576171875 163
1764185013943 1.041015625 164
1764185024666 1.06640625 165
1764185035384 1.0244140625 166
1764185046118 0.99609375 167
1764185056859 1.021484375 168
1764185067522 1.119140625 169
1764185078224 1.1064453125 170
1764185088915 1.09375 171
1764185099628 1.048828125 172
1764185110361 1.0361328125 173
1764185121093 0.986328125 174
1764185131790 1.091796875 175
1764185142632 1.080078125 176
1764185153370 1.0703125 177
1764185164111 1.0341796875 178
1764185174825 1.0517578125 179
1764185185521 1.052734375 180
1764185196245 1.021484375 181
1764185206975 1.009765625 182
1764185217673 0.94921875 183
1764185228459 1.0703125 184
1764185239188 1.0859375 185
1764185249883 1.025390625 186
1764185260616 1.091796875 187
1764185271436 1.08984375 188
1764185282151 0.986328125 189
1764185292855 1.056640625 190
1764185303622 1.041015625 191
1764185314387 1.166015625 192
1764185325106 1.103515625 193
1764185335859 1.12109375 194
1764185346571 1.046875 195
1764185388009 0.96484375 196
1764185398699 1.115234375 197
1764185409398 1.00390625 198
1764185420111 1.107421875 199
1764185430861 1.025390625 200
1764185441589 1.021484375 201
1764185452322 1.048828125 202
1764185463070 1.07421875 203
1764185473822 1.0546875 204
1764185484527 1.076171875 205
1764185495257 0.9375 206
1764185506055 1.09765625 207
1764185516797 0.9296875 208
1764185527563 1.0029296875 209
1764185538364 1.07421875 210
1764185549114 1.01953125 211
1764185559837 1.0654296875 212
1764185570564 1.037109375 213
1764185581310 1.0302734375 214
1764185592038 1.068359375 215
1764185602883 1.0283203125 216
1764185613788 0.998046875 217
1764185624541 1.0234375 218
1764185635286 0.9921875 219
1764185646051 1.029296875 220
1764185656760 1.056640625 221
1764185667523 1.0234375 222
1764185678277 1.1669921875 223
1764185689004 1.060546875 224
1764185699731 1.0146484375 225
1764185710460 1.1015625 226
1764185721195 1.0048828125 227
1764185731917 1.0478515625 228
1764185742688 1.0390625 229
1764185753404 0.97265625 230
1764185764175 0.9931640625 231
1764185774875 1.03515625 232
1764185785589 1.0498046875 233
1764185796326 1.09765625 234
1764185807043 0.99609375 235
1764185817760 1.0654296875 236
1764185828506 1.0400390625 237
1764185839229 1.048828125 238
1764185849935 1.05859375 239
1764185860711 0.9990234375 240
1764185871420 1.1455078125 241
1764185882144 1.0703125 242
1764185892933 0.9697265625 243
1764185903676 1.0390625 244
1764185914434 1.015625 245
1764185925219 0.9873046875 246
1764185935959 1.017578125 247
1764185946751 1.13671875 248
1764185957486 1.005859375 249
1764185968204 1.09375 250
1764185978944 1.013671875 251
1764185989666 1.056640625 252
1764186000392 1.01171875 253
1764186011115 0.9296875 254
1764186021830 1.015625 255
1764186032588 1.009765625 256
1764186043410 1.0830078125 257
1764186054155 0.9580078125 258
1764186064866 1.07421875 259
1764186075601 1.0009765625 260
1764186086302 1.046875 261
1764186097049 1.07421875 262
1764186107807 1.0498046875 263
1764186118564 1.0078125 264
1764186129293 0.9609375 265
1764186140061 1.021484375 266
1764186150817 1.0712890625 267
1764186161520 0.9375 268
1764186172261 0.98828125 269
1764186182976 0.9736328125 270
1764186193696 1.126953125 271
1764186204410 1.04296875 272
1764186215137 1.029296875 273
1764186225901 0.9951171875 274
1764186236611 1.013671875 275
1764186247332 1.0244140625 276
1764186258049 0.95703125 277
1764186268764 1.05859375 278
1764186279501 1.0205078125 279
1764186290224 1.044921875 280
1764186300965 1.07421875 281
1764186311737 0.986328125 282
1764186322422 1.046875 283
1764186333159 1.029296875 284
1764186343920 0.94140625 285
1764186354663 1.0458984375 286
1764186365379 1.037109375 287
1764186376101 1.048828125 288
1764186386798 1.0712890625 289
1764186397531 1.03515625 290
1764186408255 1.03125 291
1764186419009 0.9658203125 292
1764186429761 0.96875 293
1764186440465 0.9833984375 294
1764186451211 1.0146484375 295
1764186461984 1.0205078125 296
1764186472817 1.017578125 297
1764186483557 1.001953125 298
1764186494290 1.021484375 299
1764186505049 0.9873046875 300
1764186515799 0.9677734375 301
1764186526502 0.9423828125 302
1764186537260 1.09375 303
1764186548009 0.9658203125 304
1764186558777 1.0322265625 305
1764186569506 1.00390625 306
1764186580259 0.9833984375 307
1764186591003 0.9912109375 308
1764186601744 0.9970703125 309
1764186612484 1.0703125 310
1764186623311 0.9912109375 311
1764186634056 1.09375 312
1764186644790 0.9775390625 313
1764186655527 0.95703125 314
1764186666228 1.1435546875 315
1764186676939 1.033203125 316
1764186687670 0.927734375 317
1764186698386 1.048828125 318
1764186709112 1.060546875 319
1764186719851 0.9765625 320
1764186730603 1.01953125 321
1764186741366 0.9677734375 322
1764186752126 1.0244140625 323
1764186762877 0.9443359375 324
1764186773594 1.09765625 325
1764186784287 0.9990234375 326
1764186795013 0.98046875 327
1764186805732 1.0234375 328
1764186816458 1.0576171875 329
1764186827181 1.02734375 330
1764186837902 1.08203125 331
1764186848635 1.0478515625 332
1764186859319 1.00390625 333
1764186870159 0.96484375 334
1764186880914 1.0859375 335
1764186891674 1.001953125 336
1764186902395 1.01171875 337
1764186913158 0.962890625 338
1764186923977 0.9609375 339
1764186934718 1.1005859375 340
1764186945435 0.9296875 341
1764186956206 0.990234375 342
1764186966951 0.998046875 343
1764186977711 0.96484375 344
1764186988444 0.978515625 345
1764186999182 0.9375 346
1764187009908 0.990234375 347
1764187020642 0.978515625 348
1764187031364 1.0634765625 349
1764187042094 1.060546875 350
1764187052844 1.033203125 351
1764187063575 1.08984375 352
1764187074303 1.095703125 353
1764187085044 1.01953125 354
1764187095821 1.0908203125 355
1764187106554 1.095703125 356
1764187117276 0.953125 357
1764187128029 1.013671875 358
1764187138787 0.990234375 359
1764187149543 1.044921875 360
1764187160271 1.099609375 361
1764187170994 1.044921875 362
1764187181708 1.0 363
1764187192424 0.990234375 364
1764187203143 0.9462890625 365
1764187213905 1.029296875 366
1764187224639 1.01953125 367
1764187235344 0.998046875 368
1764187246117 1.0595703125 369
1764187256835 1.03125 370
1764187267572 1.005859375 371
1764187278288 1.06640625 372
1764187289008 1.01171875 373
1764187299811 0.9853515625 374
1764187310596 1.0009765625 375
1764187321367 1.0078125 376
1764187332093 0.982421875 377
1764187342811 0.9658203125 378
1764187353518 1.017578125 379
1764187364222 0.9248046875 380
1764187374924 0.98046875 381
1764187385657 1.080078125 382
1764187396357 0.943359375 383
1764187407059 0.98046875 384
1764187417745 1.0419921875 385
1764187428475 1.029296875 386
1764187439182 0.986328125 387
1764187449922 0.935546875 388
1764187460642 0.912109375 389
1764187471343 1.0146484375 390
1764187512791 1.015625 391
1764187523481 0.994140625 392
1764187534170 0.95703125 393
1764187544868 0.92578125 394
1764187555600 1.046875 395
1764187566355 1.021484375 396
1764187577087 1.0 397
1764187587871 1.03515625 398
1764187598608 0.9833984375 399
1764187609319 0.94921875 400
1764187620047 1.0029296875 401
1764187630804 0.923828125 402
1764187641527 0.9912109375 403
1764187652317 1.08203125 404
1764187663053 1.015625 405
1764187673779 1.005859375 406
1764187684568 0.9755859375 407
1764187695274 1.005859375 408
1764187705995 0.962890625 409
1764187716727 0.876953125 410
1764187727482 0.9599609375 411
1764187738199 1.0107421875 412
1764187748980 0.91015625 413
1764187759692 1.017578125 414
1764187770531 0.978515625 415
1764187781233 0.9208984375 416
1764187791944 1.029296875 417
1764187802669 0.9599609375 418
1764187813391 1.0205078125 419
1764187824108 1.033203125 420
1764187834810 0.9365234375 421
1764187845551 0.9833984375 422
1764187856288 0.939453125 423
1764187867084 0.982421875 424
1764187877829 1.0078125 425
1764187888544 0.9423828125 426
1764187899246 0.970703125 427
1764187909932 0.9423828125 428
1764187920651 0.88671875 429
1764187931366 1.0185546875 430
1764187942076 0.9140625 431
1764187952809 0.9755859375 432
1764187963529 0.9521484375 433
1764187974252 1.0 434
1764187985005 0.9482421875 435
1764187995719 0.9951171875 436
1764188006387 0.978515625 437
1764188017159 0.9169921875 438
1764188027883 0.998046875 439
1764188038588 1.041015625 440
1764188049302 0.9443359375 441
1764188060036 0.87109375 442
1764188070749 1.0634765625 443
1764188081517 0.96875 444
1764188092253 1.0009765625 445
1764188103017 0.986328125 446
1764188113725 0.93359375 447
1764188124488 0.947265625 448
1764188135213 0.9951171875 449
1764188145952 1.03515625 450
1764188156714 0.9248046875 451
1764188167468 0.919921875 452
1764188178230 1.0263671875 453
1764188189022 1.0234375 454
1764188199872 0.9150390625 455
1764188210601 1.001953125 456
1764188221340 0.927734375 457
1764188232084 1.0625 458
1764188242788 0.9130859375 459
1764188253505 0.9970703125 460
1764188264254 0.935546875 461
1764188274995 0.9765625 462
1764188285758 1.021484375 463
1764188296480 0.9892578125 464
1764188307212 0.9921875 465
1764188317941 1.0205078125 466
1764188328672 0.97265625 467
1764188339387 0.9921875 468
1764188350105 0.9248046875 469
1764188360863 1.017578125 470
1764188371606 0.962890625 471
1764188382331 0.916015625 472
1764188393050 0.9970703125 473
1764188403804 0.8642578125 474
1764188414527 0.9228515625 475
1764188425259 0.93359375 476
1764188435979 1.0439453125 477
1764188446717 0.9169921875 478
1764188457452 0.919921875 479
1764188468180 0.943359375 480
1764188478901 0.85546875 481
1764188489620 0.9814453125 482
1764188500362 1.037109375 483
1764188511095 0.896484375 484
1764188521824 1.009765625 485
1764188532558 1.09375 486
1764188543296 0.9267578125 487
1764188554023 0.951171875 488
1764188564791 0.978515625 489
1764188575560 1.005859375 490
1764188586270 0.9775390625 491
1764188597148 0.9677734375 492
1764188607874 0.927734375 493
1764188618647 0.89453125 494
1764188629425 0.978515625 495
1764188640157 0.982421875 496
1764188650885 0.9140625 497
1764188661696 0.92578125 498
1764188672425 0.9794921875 499
1764188683188 0.9658203125 500
1764188694003 0.9384765625 501
1764188704689 0.919921875 502
1764188715405 0.8759765625 503
1764188726218 0.8984375 504
1764188736995 0.9716796875 505
1764188747737 0.9169921875 506
1764188758456 0.984375 507
1764188769162 0.994140625 508
1764188779879 0.982421875 509
1764188790613 0.91796875 510
1764188801351 0.98046875 511
1764188812070 0.8876953125 512
1764188822801 0.9755859375 513
1764188833539 0.998046875 514
1764188844298 1.037109375 515
1764188855028 1.015625 516
1764188865735 0.9541015625 517
1764188876473 0.9775390625 518
1764188887177 1.0146484375 519
1764188897920 0.923828125 520
1764188908656 0.8701171875 521
1764188919368 0.95703125 522
1764188930079 0.9677734375 523
1764188940816 1.044921875 524
1764188951502 1.0146484375 525
1764188962204 0.9873046875 526
1764188972922 0.90625 527
1764188983619 0.974609375 528
1764188994307 0.9619140625 529
1764189005042 0.9658203125 530
1764189015756 0.9599609375 531
1764189026529 0.955078125 532
1764189037267 0.9912109375 533
1764189048050 0.9853515625 534
1764189058808 0.9755859375 535
1764189069493 0.869140625 536
1764189080297 0.9736328125 537
1764189091029 0.9013671875 538
1764189101765 0.8583984375 539
1764189112493 0.9990234375 540
1764189123211 0.9111328125 541
1764189133930 0.9443359375 542
1764189144676 1.013671875 543
1764189155425 0.982421875 544
1764189166166 0.947265625 545
1764189176863 0.978515625 546
1764189187575 0.9033203125 547
1764189198302 0.96484375 548
1764189209038 0.9375 549
1764189219795 0.9833984375 550
1764189230495 0.96875 551
1764189241247 0.947265625 552
1764189251996 0.921875 553
1764189262733 0.9501953125 554
1764189273444 0.873046875 555
1764189284223 0.859375 556
1764189294980 0.916015625 557
1764189305730 0.8818359375 558
1764189316456 1.005859375 559
1764189327173 0.9033203125 560
1764189337895 0.935546875 561
1764189348628 0.9384765625 562
1764189359342 0.939453125 563
1764189370051 1.029296875 564
1764189380788 0.916015625 565
1764189391472 0.9736328125 566
1764189402173 0.92578125 567
1764189412947 1.00390625 568
1764189423687 1.001953125 569
1764189434402 0.9912109375 570
1764189445137 0.9111328125 571
1764189455914 0.8759765625 572
1764189466610 0.9140625 573
1764189477314 0.9267578125 574
1764189488131 0.8544921875 575
1764189498826 0.9931640625 576
1764189509563 0.9326171875 577
1764189520245 0.9423828125 578
1764189530983 1.03515625 579
1764189541667 0.9892578125 580
1764189552408 0.990234375 581
1764189563121 0.9521484375 582
1764189573841 0.9541015625 583
1764189584556 0.9453125 584
1764189595251 0.876953125 585
1764189636667 0.9482421875 586
1764189647353 0.9912109375 587
1764189658067 0.89453125 588
1764189668787 0.9375 589
1764189679534 0.923828125 590
1764189690246 0.9140625 591
1764189700947 0.89453125 592
1764189711645 0.912109375 593
1764189722369 0.8544921875 594
1764189733098 1.0 595
1764189743823 0.875 596
1764189754543 0.9599609375 597
1764189765258 0.9443359375 598
1764189775982 0.90234375 599
1764189786702 0.984375 600
1764189797436 0.884765625 601
1764189808135 0.962890625 602
1764189818863 0.876953125 603
1764189829613 0.9501953125 604
1764189840327 0.92578125 605
1764189851062 0.947265625 606
1764189861863 0.951171875 607
1764189872546 0.9697265625 608
1764189883348 0.8935546875 609
1764189894087 0.9462890625 610
1764189904917 0.7998046875 611
1764189915633 0.919921875 612
1764189926366 0.8486328125 613
1764189937058 0.9892578125 614
1764189947814 0.900390625 615
1764189958544 0.90625 616
1764189969228 0.9775390625 617
1764189979984 0.8720703125 618
1764189990728 0.974609375 619
1764190001424 0.91796875 620
1764190012192 0.935546875 621
1764190022906 0.8818359375 622
1764190033699 0.82421875 623
1764190044423 0.859375 624
1764190055159 0.890625 625
1764190065868 0.828125 626
1764190076568 0.92578125 627
1764190087237 0.916015625 628
1764190097956 0.9130859375 629
1764190108712 0.9501953125 630
1764190119467 0.93359375 631
1764190130203 0.9189453125 632
1764190140918 0.912109375 633
1764190151616 0.9111328125 634
1764190162349 0.939453125 635
1764190173080 0.826171875 636
1764190183780 0.9462890625 637
1764190194478 0.828125 638
1764190205211 0.9228515625 639
1764190215963 0.94921875 640
1764190226669 0.8740234375 641
1764190237386 0.955078125 642
1764190248099 0.89453125 643
1764190258802 0.9482421875 644
1764190269507 0.93359375 645
1764190280232 0.931640625 646
1764190290951 0.947265625 647
1764190301684 1.00390625 648
1764190312505 0.86328125 649
1764190323200 0.83203125 650
1764190334023 0.9951171875 651
1764190344729 0.9072265625 652
1764190355471 0.92578125 653
1764190366186 0.9091796875 654
1764190376968 0.94921875 655
1764190387724 0.87890625 656
1764190398532 0.94921875 657
1764190409301 0.8974609375 658
1764190420071 0.947265625 659
1764190430824 0.9619140625 660
1764190441578 0.931640625 661
1764190452319 0.90234375 662
1764190463073 0.908203125 663
1764190473832 0.853515625 664
1764190484548 0.865234375 665
1764190495264 0.904296875 666
1764190505982 0.921875 667
1764190516725 0.912109375 668
1764190527423 0.92578125 669
1764190538120 0.80859375 670
1764190548845 0.87109375 671
1764190559613 0.86328125 672
1764190570336 0.798828125 673
1764190581072 0.8720703125 674
1764190591783 0.9765625 675
1764190602511 0.8564453125 676
1764190613224 0.884765625 677
1764190623958 0.8671875 678
1764190634692 0.9033203125 679
1764190645488 0.8857421875 680
1764190656158 0.951171875 681
1764190666863 0.953125 682
1764190677624 0.912109375 683
1764190688393 0.927734375 684
1764190699081 0.859375 685
1764190709817 0.89453125 686
1764190720534 0.93359375 687
1764190731392 0.8818359375 688
1764190742065 0.880859375 689
1764190752819 0.8486328125 690
1764190763550 0.880859375 691
1764190774280 0.8857421875 692
1764190785055 0.841796875 693
1764190795784 0.8896484375 694
1764190806508 0.9365234375 695
1764190817233 0.8974609375 696
1764190828008 0.8115234375 697
1764190838735 0.9326171875 698
1764190849481 0.845703125 699
1764190860193 0.98828125 700
1764190870937 0.9326171875 701
1764190881724 0.859375 702
1764190892456 0.8427734375 703
1764190903144 0.8447265625 704
1764190913857 0.9150390625 705
1764190924582 0.9453125 706
1764190935289 0.9423828125 707
1764190946040 0.90234375 708
1764190956787 0.8955078125 709
1764190967503 0.935546875 710
1764190978274 0.892578125 711
1764190989012 0.998046875 712
1764190999777 0.939453125 713
1764191010484 0.9287109375 714
1764191021200 0.919921875 715
1764191031902 0.9912109375 716
1764191042622 0.890625 717
1764191053339 0.861328125 718
1764191064027 0.87890625 719
1764191074721 0.8583984375 720
1764191085494 0.900390625 721
1764191096223 0.9794921875 722
1764191106968 0.96484375 723
1764191117728 0.9404296875 724
1764191128447 0.935546875 725
1764191139175 0.90625 726
1764191149896 0.82421875 727
1764191160674 0.9794921875 728
1764191171392 0.9140625 729
1764191182116 0.8837890625 730
1764191192855 0.8662109375 731
1764191203562 0.970703125 732
1764191214312 0.8779296875 733
1764191225019 0.84765625 734
1764191235762 0.900390625 735
1764191246495 0.9658203125 736
1764191257217 0.90625 737
1764191267950 0.91796875 738
1764191278705 0.9365234375 739
1764191289418 0.9052734375 740
1764191300140 0.8017578125 741
1764191310862 0.896484375 742
1764191321564 0.896484375 743
1764191332270 0.96484375 744
1764191342976 0.953125 745
1764191353704 0.9501953125 746
1764191364429 0.8525390625 747
1764191375136 0.828125 748
1764191385889 0.8779296875 749
1764191396582 0.86328125 750
1764191407288 0.830078125 751
1764191418022 0.830078125 752
1764191428782 0.89453125 753
1764191439525 0.919921875 754
1764191450216 0.935546875 755
1764191460945 0.9951171875 756
1764191471654 0.8681640625 757
1764191482350 0.96875 758
1764191493050 0.9111328125 759
1764191503817 0.869140625 760
1764191514567 0.9423828125 761
1764191525275 0.9140625 762
1764191535985 1.03125 763
1764191546701 0.91796875 764
1764191557457 0.853515625 765
1764191568175 0.849609375 766
1764191578929 0.904296875 767
1764191589753 0.9375 768
1764191600460 0.853515625 769
1764191611194 0.92578125 770
1764191622008 0.9423828125 771
1764191632712 0.9130859375 772
1764191643441 0.890625 773
1764191654182 0.8896484375 774
1764191664963 0.9541015625 775
1764191675709 0.8232421875 776
1764191686411 0.9013671875 777
1764191697136 0.853515625 778
1764191707909 0.919921875 779
1764191718683 0.8818359375 780
1764191729435 0.890625 781
1764191753442 0.8662109375 782
1764191764198 0.8310546875 783
1764191774950 0.853515625 784
1764191785696 0.904296875 785
1764191796449 0.88671875 786
1764191807212 0.8369140625 787
1764191817907 0.91015625 788
1764191828636 0.873046875 789
1764191839363 0.857421875 790
1764191850091 0.8984375 791
1764191860794 0.8671875 792
1764191871547 0.80859375 793
1764191882251 0.8974609375 794
1764191892964 0.8916015625 795
1764191903676 0.8837890625 796
1764191914393 0.9013671875 797
1764191925119 0.884765625 798
1764191935838 0.8896484375 799
1764191946605 0.8935546875 800
1764191957304 0.91015625 801
1764191968090 0.908203125 802
1764191978820 0.9140625 803
1764191989559 0.90625 804
1764192000335 0.9150390625 805
1764192011060 0.8818359375 806
1764192021792 0.826171875 807
1764192032532 0.8486328125 808
1764192043248 0.9208984375 809
1764192053972 0.8798828125 810
1764192064681 0.875 811
1764192075388 0.8681640625 812
1764192086103 0.8525390625 813
1764192096877 0.8359375 814
1764192107561 0.916015625 815
1764192118289 0.869140625 816
1764192129043 0.822265625 817
1764192139783 0.86328125 818
1764192150507 0.919921875 819
1764192161212 0.8046875 820
1764192171999 0.7783203125 821
1764192182715 0.9580078125 822
1764192193428 0.90234375 823
1764192204209 0.9482421875 824
1764192215015 0.84765625 825
1764192225748 0.83203125 826
1764192236451 0.8681640625 827
1764192247190 0.7998046875 828
1764192257886 0.9013671875 829
1764192268602 0.80859375 830
1764192279358 0.91015625 831
1764192290084 0.8623046875 832
1764192300817 0.8583984375 833
1764192311564 0.837890625 834
1764192322289 0.92578125 835
1764192333032 0.865234375 836
1764192343749 0.9013671875 837
1764192354419 0.9375 838
1764192365139 0.7880859375 839
1764192375829 0.83984375 840
1764192386572 0.9501953125 841
1764192397312 0.86328125 842
1764192408041 0.880859375 843
1764192418795 0.82421875 844
1764192429489 0.84765625 845
1764192440222 0.8603515625 846
1764192451075 0.9228515625 847
1764192461812 0.8974609375 848
1764192472530 0.8125 849
1764192483241 0.8544921875 850
1764192493987 0.90625 851
1764192504751 0.8173828125 852
1764192515450 0.9150390625 853
1764192526152 0.9140625 854
1764192536926 0.828125 855
1764192547668 0.9072265625 856
1764192558382 0.8974609375 857
1764192569156 0.8203125 858
1764192579877 0.9091796875 859
1764192590594 0.9033203125 860
1764192601312 0.927734375 861
1764192612057 0.857421875 862
1764192622818 0.8779296875 863
1764192633520 0.86328125 864
1764192644238 0.9345703125 865
1764192654977 0.8486328125 866
1764192665723 0.869140625 867
1764192676470 0.8408203125 868
1764192687225 0.8642578125 869
1764192697908 0.9384765625 870
1764192708621 0.908203125 871
1764192719375 0.93359375 872
1764192730081 0.859375 873
1764192740805 0.865234375 874
1764192751492 0.86328125 875
1764192762208 0.8984375 876
1764192772905 0.85546875 877
1764192783660 0.849609375 878
1764192794409 0.8603515625 879
1764192805146 0.89453125 880
1764192815868 0.9619140625 881
1764192826618 0.8759765625 882
1764192837330 0.890625 883
1764192848192 0.8701171875 884
1764192858901 0.861328125 885
1764192869648 0.919921875 886
1764192880347 0.9013671875 887
1764192891044 0.83203125 888
1764192901804 0.8544921875 889
1764192912519 0.8603515625 890
1764192923256 0.859375 891
1764192933987 0.9892578125 892
1764192944682 1.0 893
1764192955435 0.8720703125 894
1764192966135 0.8896484375 895
1764192976856 0.8701171875 896
1764192987589 0.8544921875 897
1764192998304 0.841796875 898
1764193009014 0.8330078125 899
1764193019743 0.9169921875 900
1764193030524 0.84765625 901
1764193041254 0.8994140625 902
1764193052000 0.7958984375 903
1764193062766 0.8642578125 904
1764193073499 0.857421875 905
1764193084186 0.904296875 906
1764193094910 0.90234375 907
1764193105643 0.88671875 908
1764193116354 0.82421875 909
1764193127077 0.8486328125 910
1764193137808 0.923828125 911
1764193148533 0.8310546875 912
1764193159277 0.9287109375 913
1764193169967 0.888671875 914
1764193180679 0.7958984375 915
1764193191448 0.7841796875 916
1764193202210 0.8818359375 917
1764193212904 0.9140625 918
1764193223622 0.87890625 919
1764193234336 0.8642578125 920
1764193245142 0.8154296875 921
1764193255879 0.873046875 922
1764193266593 0.8076171875 923
1764193277397 0.9130859375 924
1764193288156 0.8759765625 925
1764193298850 0.908203125 926
1764193309579 0.8642578125 927
1764193320301 0.8359375 928
1764193331015 0.92578125 929
1764193341730 0.8857421875 930
1764193352435 0.87890625 931
1764193363162 0.8681640625 932
1764193373920 0.830078125 933
1764193384632 0.8583984375 934
1764193395374 0.90234375 935
1764193406100 0.83984375 936
1764193416859 0.9248046875 937
1764193427596 0.8681640625 938
1764193438334 0.8603515625 939
1764193449074 0.8212890625 940
1764193459886 0.8447265625 941
1764193470607 0.8154296875 942
1764193481334 0.86328125 943
1764193492052 0.91796875 944
1764193502755 0.9072265625 945
1764193513448 0.8818359375 946
1764193524173 0.91796875 947
1764193534882 0.86328125 948
1764193545629 0.8828125 949
1764193556348 0.8330078125 950
1764193567041 0.9052734375 951
1764193577764 0.9208984375 952
1764193588508 0.919921875 953
1764193599197 0.79296875 954
1764193609949 0.92578125 955
1764193620692 0.818359375 956
1764193631440 0.912109375 957
1764193642183 0.82421875 958
1764193652934 0.865234375 959
1764193663645 1.001953125 960
1764193674348 0.8046875 961
1764193685041 0.828125 962
1764193695753 0.853515625 963
1764193706524 0.90234375 964
1764193717201 0.9453125 965
1764193727912 0.833984375 966
1764193738635 0.83984375 967
1764193749343 0.927734375 968
1764193760059 0.87109375 969
1764193770788 0.8896484375 970
1764193781536 0.8515625 971
1764193792302 0.9072265625 972
1764193803017 0.8955078125 973
1764193813761 0.9287109375 974
1764193824481 0.810546875 975
1764193835177 0.8408203125 976
1764193859313 0.83984375 977
1764193870111 0.841796875 978
1764193880832 0.896484375 979
1764193891530 0.892578125 980
1764193902277 0.8359375 981
1764193913031 0.8154296875 982
1764193923787 0.802734375 983
1764193934577 0.84375 984
1764193945261 0.88671875 985
1764193955947 0.8056640625 986
1764193966648 0.8935546875 987
1764193977355 0.837890625 988
1764193988063 0.8134765625 989
1764193998805 0.8125 990
1764194009574 0.8466796875 991
1764194020299 0.8642578125 992
1764194031047 0.9111328125 993
1764194041848 0.8662109375 994
1764194052571 0.8291015625 995
1764194063285 0.89453125 996
1764194073983 0.9482421875 997
1764194084691 0.7783203125 998
1764194095380 0.818359375 999
1764194106086 0.8955078125 1000
1764194116837 0.8095703125 1001
1764194127560 0.7919921875 1002
1764194138409 0.900390625 1003
1764194149120 0.8876953125 1004
1764194159818 0.8134765625 1005
1764194170577 0.84375 1006
1764194181380 0.927734375 1007
1764194192104 0.8671875 1008
1764194202855 0.8251953125 1009
1764194213588 0.8671875 1010
1764194224304 0.8818359375 1011
1764194235046 0.8671875 1012
1764194245762 0.8505859375 1013
1764194256473 0.8759765625 1014
1764194267241 0.7998046875 1015
1764194277989 0.818359375 1016
1764194288759 0.912109375 1017
1764194299470 0.9404296875 1018
1764194310227 0.85546875 1019
1764194320979 0.833984375 1020
1764194331752 0.9140625 1021
1764194342471 0.791015625 1022
1764194353227 0.857421875 1023
1764194363932 0.9580078125 1024
1764194374658 0.837890625 1025
1764194385384 0.9482421875 1026
1764194396084 0.8984375 1027
1764194406793 0.7578125 1028
1764194417539 0.796875 1029
1764194428232 0.8720703125 1030
1764194438976 0.91015625 1031
1764194449670 0.8720703125 1032
1764194460375 0.8505859375 1033
1764194471126 0.978515625 1034
1764194481823 0.8544921875 1035
1764194492564 0.8291015625 1036
1764194503309 0.8896484375 1037
1764194514050 0.8076171875 1038
1764194524799 0.833984375 1039
1764194535503 0.7841796875 1040
1764194546267 0.91015625 1041
1764194556990 0.857421875 1042
1764194567752 0.90625 1043
1764194578489 0.822265625 1044
1764194589239 0.8662109375 1045
1764194600035 0.7734375 1046
1764194610747 0.84765625 1047
1764194621462 0.818359375 1048
1764194632199 0.8544921875 1049
1764194642919 0.7587890625 1050
1764194653619 0.91015625 1051
1764194664360 0.7880859375 1052
1764194675052 0.7685546875 1053
1764194685813 0.8818359375 1054
1764194696520 0.8955078125 1055
1764194707281 0.796875 1056
1764194718056 0.845703125 1057
1764194728787 0.892578125 1058
1764194739526 0.83984375 1059
1764194750255 0.8203125 1060
1764194760981 0.8359375 1061
1764194771758 0.7958984375 1062
1764194782511 0.794921875 1063
1764194793268 0.89453125 1064
1764194803998 0.859375 1065
1764194814699 0.859375 1066
1764194825417 0.8154296875 1067
1764194836167 0.751953125 1068
1764194846877 0.8212890625 1069
1764194857688 0.83984375 1070
1764194868363 0.7763671875 1071
1764194879082 0.7958984375 1072
1764194889827 0.8369140625 1073
1764194900558 0.8291015625 1074
1764194911293 0.84375 1075
1764194922006 0.8076171875 1076
1764194932707 0.900390625 1077
1764194943438 0.822265625 1078
1764194954164 0.77734375 1079
1764194964997 0.90625 1080
1764194975724 0.8505859375 1081
1764194986415 0.8876953125 1082
1764194997156 0.8349609375 1083
1764195007882 0.8720703125 1084
1764195018597 0.9033203125 1085
1764195029345 0.8828125 1086
1764195040081 0.8037109375 1087
1764195050792 0.7490234375 1088
1764195061499 0.8515625 1089
1764195072286 0.8740234375 1090
1764195082983 0.822265625 1091
1764195093704 0.8544921875 1092
1764195104464 0.865234375 1093
1764195115183 0.8740234375 1094
1764195125903 0.802734375 1095
1764195136643 0.8447265625 1096
1764195147419 0.798828125 1097
1764195158177 0.8388671875 1098
1764195168919 0.8203125 1099
1764195179632 0.892578125 1100
1764195190330 0.8115234375 1101
1764195201068 0.876953125 1102
1764195211811 0.8642578125 1103
1764195222489 0.84375 1104
1764195233211 0.861328125 1105
1764195243952 0.814453125 1106
1764195254687 0.8271484375 1107
1764195265419 0.8095703125 1108
1764195276164 0.8447265625 1109
1764195286853 0.892578125 1110
1764195297550 0.826171875 1111
1764195308281 0.8271484375 1112
1764195318996 0.798828125 1113
1764195329707 0.810546875 1114
1764195340444 0.9130859375 1115
1764195351207 0.888671875 1116
1764195361947 0.833984375 1117
1764195372655 0.8017578125 1118
1764195383356 0.84375 1119
1764195394167 0.83203125 1120
1764195404914 0.8515625 1121
1764195415611 0.875 1122
1764195426338 0.931640625 1123
1764195437036 0.8798828125 1124
1764195447770 0.9013671875 1125
1764195458527 0.8359375 1126
1764195469258 0.818359375 1127
1764195479956 0.86328125 1128
1764195490666 0.79296875 1129
1764195501366 0.8896484375 1130
1764195512124 0.826171875 1131
1764195522865 0.8876953125 1132
1764195533629 0.8359375 1133
1764195544357 0.8876953125 1134
1764195555086 0.853515625 1135
1764195565844 0.8525390625 1136
1764195576665 0.87890625 1137
1764195587426 0.8046875 1138
1764195598215 0.7861328125 1139
1764195608920 0.89453125 1140
1764195619674 0.75 1141
1764195630408 0.8359375 1142
1764195641095 0.8369140625 1143
1764195651826 0.8759765625 1144
1764195662557 0.853515625 1145
1764195673307 0.8232421875 1146
1764195684011 0.7587890625 1147
1764195694727 0.8056640625 1148
1764195705449 0.8603515625 1149
1764195716180 0.8984375 1150
1764195726899 0.8525390625 1151
1764195737616 0.841796875 1152
1764195748343 0.8740234375 1153
1764195759068 0.8359375 1154
1764195769812 0.8623046875 1155
1764195780553 0.9013671875 1156
1764195791273 0.8134765625 1157
1764195802012 0.86328125 1158
1764195812751 0.84765625 1159
1764195823532 0.9326171875 1160
1764195834234 0.837890625 1161
1764195844948 0.7470703125 1162
1764195855645 0.9072265625 1163
1764195866367 0.8359375 1164
1764195877104 0.8310546875 1165
1764195887927 0.8525390625 1166
1764195898651 0.8056640625 1167
1764195909379 0.8359375 1168
1764195920088 0.873046875 1169
1764195930860 0.7939453125 1170
1764195941589 0.861328125 1171
1764195965588 0.8408203125 1172
1764195976323 0.90625 1173
1764195987039 0.8662109375 1174
1764195997728 0.8310546875 1175
1764196008490 0.806640625 1176
1764196019172 0.87109375 1177
1764196029926 0.8486328125 1178
1764196040638 0.8427734375 1179
1764196051395 0.8291015625 1180
1764196062117 0.8447265625 1181
1764196072819 0.814453125 1182
1764196083594 0.8076171875 1183
1764196094372 0.88671875 1184
1764196105111 0.8515625 1185
1764196115861 0.8447265625 1186
1764196126564 0.826171875 1187
1764196137273 0.810546875 1188
1764196147999 0.7646484375 1189
1764196158769 0.7626953125 1190
1764196169482 0.775390625 1191
1764196180269 0.77734375 1192
1764196190955 0.869140625 1193
1764196201691 0.7900390625 1194
1764196212426 0.7705078125 1195
1764196223169 0.8154296875 1196
1764196233908 0.8642578125 1197
1764196244630 0.8349609375 1198
1764196255443 0.8818359375 1199
1764196266171 0.8427734375 1200
1764196276937 0.7939453125 1201
1764196287651 0.798828125 1202
1764196298403 0.873046875 1203
1764196309196 0.8466796875 1204
1764196319908 0.83203125 1205
1764196330622 0.865234375 1206
1764196341326 0.8466796875 1207
1764196352097 0.849609375 1208
1764196362789 0.8193359375 1209
1764196373487 0.845703125 1210
1764196384218 0.8662109375 1211
1764196394963 0.8671875 1212
1764196405690 0.9462890625 1213
1764196416392 0.861328125 1214
1764196427131 0.8427734375 1215
1764196437843 0.845703125 1216
1764196448550 0.8203125 1217
1764196459306 0.923828125 1218
1764196470080 0.8701171875 1219
1764196480833 0.8193359375 1220
1764196491559 0.90234375 1221
1764196502309 0.7880859375 1222
1764196513042 0.7822265625 1223
1764196523869 0.7822265625 1224
1764196534595 0.841796875 1225
1764196545312 0.7607421875 1226
1764196556060 0.8017578125 1227
1764196566782 0.8251953125 1228
1764196577502 0.8369140625 1229
1764196588263 0.8115234375 1230
1764196599055 0.8779296875 1231
1764196609770 0.779296875 1232
1764196620490 0.8154296875 1233
1764196631216 0.8515625 1234
1764196641979 0.8232421875 1235
1764196652759 0.8115234375 1236
1764196663545 0.7890625 1237
1764196674372 0.7890625 1238
1764196685105 0.859375 1239
1764196695846 0.796875 1240
1764196706577 0.89453125 1241
1764196717332 0.833984375 1242
1764196728064 0.8564453125 1243
1764196738807 0.828125 1244
1764196749530 0.791015625 1245
1764196760249 0.78515625 1246
1764196770970 0.814453125 1247
1764196781682 0.798828125 1248
1764196792392 0.7900390625 1249
1764196803109 0.7841796875 1250
1764196813810 0.8671875 1251
1764196824506 0.896484375 1252
1764196835231 0.8515625 1253
1764196845943 0.828125 1254
1764196856623 0.8388671875 1255
1764196867333 0.8212890625 1256
1764196878039 0.8037109375 1257
1764196888777 0.8251953125 1258
1764196899508 0.8115234375 1259
1764196910230 0.8154296875 1260
1764196920941 0.82421875 1261
1764196931672 0.8974609375 1262
1764196942403 0.822265625 1263
1764196953143 0.8037109375 1264
1764196963873 0.771484375 1265
1764196974603 0.8203125 1266
1764196985327 0.8544921875 1267
1764196996075 0.830078125 1268
1764197006851 0.7529296875 1269
1764197017642 0.900390625 1270
1764197028377 0.8525390625 1271
1764197039122 0.7626953125 1272
1764197049853 0.7919921875 1273
1764197060634 0.78125 1274
1764197071377 0.822265625 1275
1764197082214 0.865234375 1276
1764197092931 0.8486328125 1277
1764197103691 0.8037109375 1278
1764197114430 0.8173828125 1279
1764197125128 0.9013671875 1280
1764197135892 0.822265625 1281
1764197146649 0.8671875 1282
1764197157385 0.87890625 1283
1764197168172 0.76171875 1284
1764197178994 0.943359375 1285
1764197189738 0.8701171875 1286
1764197200462 0.806640625 1287
1764197211163 0.810546875 1288
1764197221908 0.78125 1289
1764197232608 0.7939453125 1290
1764197243365 0.8857421875 1291
1764197254081 0.7880859375 1292
1764197264818 0.818359375 1293
1764197275575 0.8837890625 1294
1764197286261 0.87890625 1295
1764197297004 0.9140625 1296
1764197307690 0.8642578125 1297
1764197318384 0.814453125 1298
1764197329133 0.921875 1299
1764197339838 0.888671875 1300
1764197350588 0.8447265625 1301
1764197361280 0.88671875 1302
1764197372048 0.8623046875 1303
1764197382758 0.80859375 1304
1764197393483 0.8583984375 1305
1764197404185 0.7861328125 1306
1764197414894 0.830078125 1307
1764197425618 0.8408203125 1308
1764197436329 0.8388671875 1309
1764197447055 0.830078125 1310
1764197457772 0.7890625 1311
1764197468486 0.833984375 1312
1764197479202 0.8056640625 1313
1764197489952 0.7783203125 1314
1764197500683 0.826171875 1315
1764197511403 0.7880859375 1316
1764197522131 0.931640625 1317
1764197532969 0.7958984375 1318
1764197543690 0.80859375 1319
1764197554412 0.806640625 1320
1764197565139 0.8662109375 1321
1764197575891 0.74609375 1322
1764197586618 0.873046875 1323
1764197597354 0.8017578125 1324
1764197608057 0.86328125 1325
1764197618841 0.853515625 1326
1764197629645 0.8828125 1327
1764197640392 0.7138671875 1328
1764197651119 0.8193359375 1329
1764197661854 0.802734375 1330
1764197672619 0.8466796875 1331
1764197683341 0.91015625 1332
1764197694051 0.841796875 1333
1764197704756 0.873046875 1334
1764197715559 0.8720703125 1335
1764197726265 0.8115234375 1336
1764197737015 0.80859375 1337
1764197747760 0.84765625 1338
1764197758505 0.8671875 1339
1764197769241 0.7958984375 1340
1764197779975 0.82421875 1341
1764197790665 0.8203125 1342
1764197801411 0.8603515625 1343
1764197812121 0.7802734375 1344
1764197822871 0.865234375 1345
1764197833619 0.8251953125 1346
1764197844374 0.8232421875 1347
1764197855125 0.859375 1348
1764197865878 0.90234375 1349
1764197876640 0.8134765625 1350
1764197887350 0.927734375 1351
1764197898041 0.9541015625 1352
1764197908749 0.78125 1353
1764197919478 0.8154296875 1354
1764197930333 0.7890625 1355
1764197941049 0.8466796875 1356
1764197951797 0.8994140625 1357
1764197962507 0.8154296875 1358
1764197973195 0.8359375 1359
1764197983897 0.85546875 1360
1764197994612 0.80859375 1361
1764198005328 0.76171875 1362
1764198016087 0.8291015625 1363
1764198026830 0.8310546875 1364
1764198037526 0.869140625 1365
1764198048257 0.857421875 1366
1764198072328 0.89453125 1367
1764198083035 0.79296875 1368
1764198093831 0.81640625 1369
1764198104562 0.7861328125 1370
1764198115282 0.7998046875 1371
1764198125995 0.7978515625 1372
1764198136772 0.8837890625 1373
1764198147487 0.8037109375 1374
1764198158219 0.875 1375
1764198168922 0.8994140625 1376
1764198179692 0.87109375 1377
1764198190421 0.8125 1378
1764198201169 0.8251953125 1379
1764198211906 0.794921875 1380
1764198222626 0.8330078125 1381
1764198233339 0.775390625 1382
1764198244030 0.814453125 1383
1764198254819 0.78125 1384
1764198265575 0.9140625 1385
1764198276307 0.853515625 1386
1764198287036 0.8291015625 1387
1764198297759 0.759765625 1388
1764198308449 0.7939453125 1389
1764198319175 0.783203125 1390
1764198329951 0.83203125 1391
1764198340719 0.8115234375 1392
1764198351392 0.833984375 1393
1764198362196 0.8291015625 1394
1764198372884 0.8125 1395
1764198383612 0.8251953125 1396
1764198394432 0.90625 1397
1764198405184 0.8115234375 1398
1764198415925 0.787109375 1399
1764198426657 0.7607421875 1400
1764198437470 0.822265625 1401
1764198448180 1.0029296875 1402
1764198458924 0.8330078125 1403
1764198469674 0.896484375 1404
1764198480416 0.845703125 1405
1764198491123 0.8779296875 1406
1764198501876 0.8779296875 1407
1764198512612 0.802734375 1408
1764198523355 0.81640625 1409
1764198534112 0.82421875 1410
1764198544839 0.8623046875 1411
1764198555533 0.8759765625 1412
1764198566269 0.83203125 1413
1764198577031 0.837890625 1414
1764198587757 0.884765625 1415
1764198598525 0.8134765625 1416
1764198609245 0.888671875 1417
1764198619970 0.8134765625 1418
1764198630711 0.7890625 1419
1764198641450 0.857421875 1420
1764198652226 0.791015625 1421
1764198662979 0.7607421875 1422
1764198673697 0.8564453125 1423
1764198684472 0.8828125 1424
1764198695257 0.8828125 1425
1764198705969 0.849609375 1426
1764198716679 0.859375 1427
1764198727473 0.8564453125 1428
1764198738232 0.87109375 1429
1764198748938 0.8115234375 1430
1764198759668 0.7744140625 1431
1764198770395 0.791015625 1432
1764198781093 0.7919921875 1433
1764198791930 0.830078125 1434
1764198802636 0.876953125 1435
1764198813371 0.8603515625 1436
1764198824095 0.8310546875 1437
1764198834815 0.8076171875 1438
1764198845536 0.884765625 1439
1764198856269 0.7939453125 1440
1764198867015 0.8203125 1441
1764198877750 0.8203125 1442
1764198888469 0.783203125 1443
1764198899237 0.8134765625 1444
1764198909990 0.7646484375 1445
1764198920714 0.8271484375 1446
1764198931444 0.8525390625 1447
1764198942216 0.84375 1448
1764198952954 0.9365234375 1449
1764198963665 0.8408203125 1450
1764198974388 0.7568359375 1451
1764198985111 0.8076171875 1452
1764198995820 0.841796875 1453
1764199006516 0.8642578125 1454
1764199017238 0.87109375 1455
1764199027983 0.83984375 1456
1764199038676 0.8466796875 1457
1764199049401 0.798828125 1458
1764199060139 0.818359375 1459
1764199070903 0.802734375 1460
1764199081622 0.9013671875 1461
1764199092358 0.841796875 1462
1764199103051 0.8583984375 1463
1764199113770 0.875 1464
1764199124499 0.884765625 1465
1764199135238 0.81640625 1466
1764199145950 0.849609375 1467
1764199156738 0.828125 1468
1764199167512 0.849609375 1469
1764199178300 0.8037109375 1470
1764199189060 0.8134765625 1471
1764199199835 0.8076171875 1472
1764199210617 0.8857421875 1473
1764199221429 0.791015625 1474
1764199232208 0.8349609375 1475
1764199242968 0.88671875 1476
1764199253689 0.7822265625 1477
1764199264418 0.80078125 1478
1764199275163 0.873046875 1479
1764199285892 0.822265625 1480
1764199296686 0.8076171875 1481
1764199307493 0.828125 1482
1764199318249 0.8720703125 1483
1764199328932 0.8505859375 1484
1764199339640 0.845703125 1485
1764199350356 0.75390625 1486
1764199361056 0.8330078125 1487
1764199371760 0.86328125 1488
1764199382443 0.873046875 1489
1764199393187 0.861328125 1490
1764199403887 0.833984375 1491
1764199414613 0.8251953125 1492
1764199425369 0.8408203125 1493
1764199436123 0.845703125 1494
1764199446866 0.8828125 1495
1764199457556 0.8935546875 1496
1764199468312 0.86328125 1497
1764199479041 0.8486328125 1498
1764199489791 0.8662109375 1499
1764199500515 0.8701171875 1500
1764199511317 0.8671875 1501
1764199522048 0.9365234375 1502
1764199532770 0.890625 1503
1764199543464 0.8837890625 1504
1764199554217 0.84765625 1505
1764199564923 0.763671875 1506
1764199575693 0.8935546875 1507
1764199586419 0.765625 1508
1764199597148 0.8291015625 1509
1764199607865 0.845703125 1510
1764199618585 0.9296875 1511
1764199629320 0.7421875 1512
1764199640042 0.7958984375 1513
1764199650871 0.8310546875 1514
1764199661620 0.7265625 1515
1764199672361 0.8876953125 1516
1764199683081 0.8251953125 1517
1764199693834 0.8515625 1518
1764199704555 0.7705078125 1519
1764199715292 0.7783203125 1520
1764199726102 0.9267578125 1521
1764199736805 0.94140625 1522
1764199747537 0.875 1523
1764199758271 0.8154296875 1524
1764199768999 0.8525390625 1525
1764199779775 0.80859375 1526
1764199790522 0.78125 1527
1764199801261 0.818359375 1528
1764199812022 0.7880859375 1529
1764199822760 0.783203125 1530
1764199833482 0.798828125 1531
1764199844190 0.8515625 1532
1764199854892 0.7578125 1533
1764199865626 0.8779296875 1534
1764199876396 0.7998046875 1535
1764199887122 0.9912109375 1536
1764199897844 0.8505859375 1537
1764199908580 0.7958984375 1538
1764199919319 0.806640625 1539
1764199930029 0.9375 1540
1764199940820 0.8515625 1541
1764199951573 0.8564453125 1542
1764199962353 0.8466796875 1543
1764199973122 0.7587890625 1544
1764199983813 0.9228515625 1545
1764199994530 0.884765625 1546
1764200005249 0.8203125 1547
1764200015968 0.8232421875 1548
1764200026721 0.8798828125 1549
1764200037465 0.7509765625 1550
1764200048283 0.8759765625 1551
1764200059032 0.7939453125 1552
1764200069804 0.814453125 1553
1764200080516 0.861328125 1554
1764200091236 0.8681640625 1555
1764200101959 0.81640625 1556
1764200112667 0.876953125 1557
1764200123420 0.8125 1558
1764200134149 0.7958984375 1559
1764200144875 0.8310546875 1560
1764200155669 0.7548828125 1561
1764200166413 0.76953125 1562
