1764183262819 -0.2724609375 1
1764183273967 -0.2666015625 2
1764183284720 -0.27880859375 3
1764183295513 -0.2763671875 4
1764183306300 -0.30029296875 5
1764183317127 -0.2724609375 6
1764183327974 -0.2646484375 7
1764183338798 -0.27880859375 8
1764183349595 -0.275390625 9
1764183360408 -0.26953125 10
1764183371209 -0.2880859375 11
1764183382005 -0.31103515625 12
1764183392792 -0.25244140625 13
1764183403618 -0.27880859375 14
1764183414396 -0.2841796875 15
1764183425177 -0.302734375 16
1764183435976 -0.27880859375 17
1764183446838 -0.2607421875 18
1764183457615 -0.26416015625 19
1764183468500 -0.27197265625 20
1764183479246 -0.28759765625 21
1764183490018 -0.25732421875 22
1764183500768 -0.291015625 23
1764183511529 -0.287109375 24
1764183522279 -0.2744140625 25
1764183533051 -0.2724609375 26
1764183543802 -0.2841796875 27
1764183554580 -0.2880859375 28
1764183565310 -0.26611328125 29
1764183576023 -0.2978515625 30
1764183586763 -0.2880859375 31
1764183597514 -0.283203125 32
1764183608254 -0.265625 33
1764183618975 -0.2705078125 34
1764183629710 -0.275390625 35
1764183640477 -0.30419921875 36
1764183651227 -0.27685546875 37
1764183661967 -0.27880859375 38
1764183672691 -0.24755859375 39
1764183683394 -0.27001953125 40
1764183694136 -0.26123046875 41
1764183704848 -0.27490234375 42
1764183715575 -0.30419921875 43
1764183726333 -0.27587890625 44
1764183737075 -0.24365234375 45
1764183747852 -0.2626953125 46
1764183758567 -0.32958984375 47
1764183769332 -0.2548828125 48
1764183780037 -0.27685546875 49
1764183790751 -0.27880859375 50
1764183801509 -0.27197265625 51
1764183812279 -0.26708984375 52
1764183823019 -0.27783203125 53
1764183833736 -0.27587890625 54
1764183844447 -0.27294921875 55
1764183855169 -0.27099609375 56
1764183865909 -0.2763671875 57
1764183876613 -0.25390625 58
1764183887428 -0.24755859375 59
1764183898217 -0.28857421875 60
1764183908915 -0.28369140625 61
1764183919628 -0.2587890625 62
1764183930322 -0.28466796875 63
1764183941093 -0.2900390625 64
1764183951802 -0.27197265625 65
1764183962535 -0.2822265625 66
1764183973231 -0.26025390625 67
1764183984000 -0.30126953125 68
1764183994704 -0.294921875 69
1764184005428 -0.2822265625 70
1764184016129 -0.29150390625 71
1764184026829 -0.2939453125 72
1764184037574 -0.28369140625 73
1764184048306 -0.25830078125 74
1764184059040 -0.25390625 75
1764184069736 -0.27587890625 76
1764184080461 -0.26708984375 77
1764184091184 -0.240234375 78
1764184101896 -0.26513671875 79
1764184112649 -0.26318359375 80
1764184123344 -0.24560546875 81
1764184134129 -0.29833984375 82
1764184144898 -0.29541015625 83
1764184155617 -0.30322265625 84
1764184166351 -0.28564453125 85
1764184177115 -0.28564453125 86
1764184187815 -0.275390625 87
1764184198577 -0.26513671875 88
1764184209263 -0.26708984375 89
1764184220006 -0.2890625 90
1764184230691 -0.28662109375 91
1764184241415 -0.267578125 92
1764184252136 -0.2685546875 93
1764184262880 -0.306640625 94
1764184273645 -0.2998046875 95
1764184284387 -0.28857421875 96
1764184295182 -0.28369140625 97
1764184305926 -0.2412109375 98
1764184316747 -0.26611328125 99
1764184327446 -0.27001953125 100
1764184338148 -0.3076171875 101
1764184348871 -0.302734375 102
1764184359605 -0.306640625 103
1764184370347 -0.2763671875 104
1764184381060 -0.2578125 105
1764184391799 -0.30419921875 106
1764184402558 -0.2705078125 107
1764184413285 -0.29150390625 108
1764184424019 -0.2421875 109
1764184434711 -0.27978515625 110
1764184445445 -0.2626953125 111
1764184456156 -0.25390625 112
1764184466842 -0.25927734375 113
1764184477550 -0.28369140625 114
1764184488254 -0.27197265625 115
1764184498953 -0.23681640625 116
1764184509664 -0.27490234375 117
1764184520373 -0.27197265625 118
1764184531107 -0.248046875 119
1764184541824 -0.24853515625 120
1764184552550 -0.26904296875 121
1764184563289 -0.291015625 122
1764184574025 -0.28515625 123
1764184584788 -0.29150390625 124
1764184595499 -0.2451171875 125
1764184606228 -0.2705078125 126
1764184616922 -0.25341796875 127
1764184627656 -0.25830078125 128
1764184638337 -0.25439453125 129
1764184649093 -0.26708984375 130
1764184659771 -0.2509765625 131
1764184670535 -0.31396484375 132
1764184681266 -0.27392578125 133
1764184692007 -0.2529296875 134
1764184702739 -0.26416015625 135
1764184713447 -0.30615234375 136
1764184724168 -0.2734375 137
1764184735016 -0.26123046875 138
1764184745817 -0.251953125 139
1764184756537 -0.24658203125 140
1764184767283 -0.2705078125 141
1764184778013 -0.2705078125 142
1764184788739 -0.267578125 143
1764184799435 -0.24755859375 144
1764184810136 -0.26904296875 145
1764184820833 -0.26904296875 146
1764184831527 -0.2822265625 147
1764184842246 -0.27490234375 148
1764184853005 -0.271484375 149
1764184863744 -0.28173828125 150
1764184874444 -0.29248046875 151
1764184885183 -0.25927734375 152
1764184895903 -0.27197265625 153
1764184906645 -0.2490234375 154
1764184917343 -0.26513671875 155
1764184928079 -0.2705078125 156
1764184938799 -0.26806640625 157
1764184949553 -0.27978515625 158
1764184960348 -0.30322265625 159
1764184971029 -0.29052734375 160
1764184981744 -0.2626953125 161
1764184992467 -0.29248046875 162
1764185003218 -0.2470703125 163
1764185013943 -0.27099609375 164
1764185024666 -0.24462890625 165
1764185035384 -0.26416015625 166
1764185046118 -0.2919921875 167
1764185056859 -0.27294921875 168
1764185067522 -0.27587890625 169
1764185078224 -0.275390625 170
1764185088915 -0.248046875 171
1764185099628 -0.28515625 172
1764185110361 -0.25 173
1764185121093 -0.27685546875 174
1764185131790 -0.26904296875 175
1764185142632 -0.2724609375 176
1764185153370 -0.255859375 177
1764185164111 -0.24609375 178
1764185174825 -0.3017578125 179
1764185185521 -0.27685546875 180
1764185196245 -0.27294921875 181
1764185206975 -0.2607421875 182
1764185217673 -0.26953125 183
1764185228459 -0.26025390625 184
1764185239188 -0.26123046875 185
1764185249883 -0.2958984375 186
1764185260616 -0.2783203125 187
1764185271436 -0.2685546875 188
1764185282151 -0.2900390625 189
1764185292855 -0.26904296875 190
1764185303622 -0.279296875 191
1764185314387 -0.2958984375 192
1764185325106 -0.2998046875 193
1764185335859 -0.255859375 194
1764185346571 -0.28515625 195
1764185388009 -0.27392578125 196
1764185398699 -0.27685546875 197
1764185409398 -0.27001953125 198
1764185420111 -0.291015625 199
1764185430861 -0.30322265625 200
1764185441589 -0.28125 201
1764185452322 -0.29541015625 202
1764185463070 -0.298828125 203
1764185473822 -0.2666015625 204
1764185484527 -0.25537109375 205
1764185495257 -0.26513671875 206
1764185506055 -0.28076171875 207
1764185516797 -0.2490234375 208
1764185527563 -0.310546875 209
1764185538364 -0.27734375 210
1764185549114 -0.27880859375 211
1764185559837 -0.30224609375 212
1764185570564 -0.29541015625 213
1764185581310 -0.34521484375 214
1764185592038 -0.2919921875 215
1764185602883 -0.291015625 216
1764185613788 -0.263671875 217
1764185624541 -0.25341796875 218
1764185635286 -0.26513671875 219
1764185646051 -0.27001953125 220
1764185656760 -0.26806640625 221
1764185667523 -0.25927734375 222
1764185678277 -0.28466796875 223
1764185689004 -0.273193359375 224
1764185699731 -0.2919921875 225
1764185710460 -0.2822265625 226
1764185721195 -0.26171875 227
1764185731917 -0.3212890625 228
1764185742688 -0.32666015625 229
1764185753404 -0.291015625 230
1764185764175 -0.27392578125 231
1764185774875 -0.30419921875 232
1764185785589 -0.25732421875 233
1764185796326 -0.2802734375 234
1764185807043 -0.283203125 235
1764185817760 -0.28173828125 236
1764185828506 -0.26513671875 237
1764185839229 -0.30029296875 238
1764185849935 -0.265625 239
1764185860711 -0.2998046875 240
1764185871420 -0.28955078125 241
1764185882144 -0.3125 242
1764185892933 -0.2939453125 243
1764185903676 -0.28857421875 244
1764185914434 -0.33447265625 245
1764185925219 -0.2861328125 246
1764185935959 -0.27685546875 247
1764185946751 -0.29931640625 248
1764185957486 -0.2744140625 249
1764185968204 -0.25927734375 250
1764185978944 -0.26220703125 251
1764185989666 -0.265625 252
1764186000392 -0.279296875 253
1764186011115 -0.2802734375 254
1764186021830 -0.28955078125 255
1764186032588 -0.291015625 256
1764186043410 -0.291015625 257
1764186054155 -0.29345703125 258
1764186064866 -0.296875 259
1764186075601 -0.2939453125 260
1764186086302 -0.2841796875 261
1764186097049 -0.29443359375 262
1764186107807 -0.25244140625 263
1764186118564 -0.25927734375 264
1764186129293 -0.2724609375 265
1764186140061 -0.296875 266
1764186150817 -0.291015625 267
1764186161520 -0.2744140625 268
1764186172261 -0.283203125 269
1764186182976 -0.27880859375 270
1764186193696 -0.2822265625 271
1764186204410 -0.27685546875 272
1764186215137 -0.2841796875 273
1764186225901 -0.26220703125 274
1764186236611 -0.2568359375 275
1764186247332 -0.25 276
1764186258049 -0.23583984375 277
1764186268764 -0.28515625 278
1764186279501 -0.271484375 279
1764186290224 -0.2900390625 280
1764186300965 -0.28515625 281
1764186311737 -0.29931640625 282
1764186322422 -0.322265625 283
1764186333159 -0.2841796875 284
1764186343920 -0.30029296875 285
1764186354663 -0.27685546875 286
1764186365379 -0.29736328125 287
1764186376101 -0.30029296875 288
1764186386798 -0.2607421875 289
1764186397531 -0.2783203125 290
1764186408255 -0.29736328125 291
1764186419009 -0.31494140625 292
1764186429761 -0.29833984375 293
1764186440465 -0.310546875 294
1764186451211 -0.2744140625 295
1764186461984 -0.31201171875 296
1764186472817 -0.279296875 297
1764186483557 -0.27197265625 298
1764186494290 -0.291015625 299
1764186505049 -0.29736328125 300
1764186515799 -0.3076171875 301
1764186526502 -0.28759765625 302
1764186537260 -0.3037109375 303
1764186548009 -0.2890625 304
1764186558777 -0.2880859375 305
1764186569506 -0.2734375 306
1764186580259 -0.2802734375 307
1764186591003 -0.28564453125 308
1764186601744 -0.31103515625 309
1764186612484 -0.25927734375 310
1764186623311 -0.3623046875 311
1764186634056 -0.32275390625 312
1764186644790 -0.31787109375 313
1764186655527 -0.30810546875 314
1764186666228 -0.27978515625 315
1764186676939 -0.318359375 316
1764186687670 -0.2939453125 317
1764186698386 -0.298828125 318
1764186709112 -0.30419921875 319
1764186719851 -0.32080078125 320
1764186730603 -0.29248046875 321
1764186741366 -0.271484375 322
1764186752126 -0.27294921875 323
1764186762877 -0.294921875 324
1764186773594 -0.25634765625 325
1764186784287 -0.273193359375 326
1764186795013 -0.3037109375 327
1764186805732 -0.3232421875 328
1764186816458 -0.35595703125 329
1764186827181 -0.3193359375 330
1764186837902 -0.31005859375 331
1764186848635 -0.296875 332
1764186859319 -0.328125 333
1764186870159 -0.3037109375 334
1764186880914 -0.30224609375 335
1764186891674 -0.2763671875 336
1764186902395 -0.265625 337
1764186913158 -0.349609375 338
1764186923977 -0.31982421875 339
1764186934718 -0.27734375 340
1764186945435 -0.271484375 341
1764186956206 -0.26318359375 342
1764186966951 -0.298828125 343
1764186977711 -0.28857421875 344
1764186988444 -0.3251953125 345
1764186999182 -0.3134765625 346
1764187009908 -0.2724609375 347
1764187020642 -0.2822265625 348
1764187031364 -0.30859375 349
1764187042094 -0.27392578125 350
1764187052844 -0.2822265625 351
1764187063575 -0.29248046875 352
1764187074303 -0.28662109375 353
1764187085044 -0.28369140625 354
1764187095821 -0.29052734375 355
1764187106554 -0.26318359375 356
1764187117276 -0.28564453125 357
1764187128029 -0.2900390625 358
1764187138787 -0.27734375 359
1764187149543 -0.28369140625 360
1764187160271 -0.27880859375 361
1764187170994 -0.31884765625 362
1764187181708 -0.314453125 363
1764187192424 -0.291015625 364
1764187203143 -0.3056640625 365
1764187213905 -0.30224609375 366
1764187224639 -0.2919921875 367
1764187235344 -0.2978515625 368
1764187246117 -0.27294921875 369
1764187256835 -0.2783203125 370
1764187267572 -0.26806640625 371
1764187278288 -0.267578125 372
1764187289008 -0.24658203125 373
1764187299811 -0.25244140625 374
1764187310596 -0.2783203125 375
1764187321367 -0.251953125 376
1764187332093 -0.27880859375 377
1764187342811 -0.2900390625 378
1764187353518 -0.2744140625 379
1764187364222 -0.2822265625 380
1764187374924 -0.30810546875 381
1764187385657 -0.31494140625 382
1764187396357 -0.306640625 383
1764187407059 -0.27392578125 384
1764187417745 -0.279296875 385
1764187428475 -0.27685546875 386
1764187439182 -0.28857421875 387
1764187449922 -0.29638671875 388
1764187460642 -0.28369140625 389
1764187471343 -0.28759765625 390
1764187512791 -0.27880859375 391
1764187523481 -0.3095703125 392
1764187534170 -0.314453125 393
1764187544868 -0.29248046875 394
1764187555600 -0.306640625 395
1764187566355 -0.29150390625 396
1764187577087 -0.33251953125 397
1764187587871 -0.29296875 398
1764187598608 -0.3095703125 399
1764187609319 -0.29931640625 400
1764187620047 -0.2763671875 401
1764187630804 -0.328125 402
1764187641527 -0.3154296875 403
1764187652317 -0.27294921875 404
1764187663053 -0.3017578125 405
1764187673779 -0.32080078125 406
1764187684568 -0.30029296875 407
1764187695274 -0.29150390625 408
1764187705995 -0.33740234375 409
1764187716727 -0.3125 410
1764187727482 -0.3125 411
1764187738199 -0.32763671875 412
1764187748980 -0.3310546875 413
1764187759692 -0.28271484375 414
1764187770531 -0.349609375 415
1764187781233 -0.27294921875 416
1764187791944 -0.28662109375 417
1764187802669 -0.2939453125 418
1764187813391 -0.28662109375 419
1764187824108 -0.2841796875 420
1764187834810 -0.3125 421
1764187845551 -0.3408203125 422
1764187856288 -0.29736328125 423
1764187867084 -0.3212890625 424
1764187877829 -0.2822265625 425
1764187888544 -0.31982421875 426
1764187899246 -0.30712890625 427
1764187909932 -0.34716796875 428
1764187920651 -0.3134765625 429
1764187931366 -0.296875 430
1764187942076 -0.27978515625 431
1764187952809 -0.30615234375 432
1764187963529 -0.2841796875 433
1764187974252 -0.28271484375 434
1764187985005 -0.29150390625 435
1764187995719 -0.2861328125 436
1764188006387 -0.30615234375 437
1764188017159 -0.36279296875 438
1764188027883 -0.30029296875 439
1764188038588 -0.349609375 440
1764188049302 -0.35009765625 441
1764188060036 -0.33740234375 442
1764188070749 -0.31591796875 443
1764188081517 -0.2734375 444
1764188092253 -0.30078125 445
1764188103017 -0.31640625 446
1764188113725 -0.3095703125 447
1764188124488 -0.3232421875 448
1764188135213 -0.36376953125 449
1764188145952 -0.36328125 450
1764188156714 -0.3798828125 451
1764188167468 -0.35498046875 452
1764188178230 -0.36572265625 453
1764188189022 -0.361328125 454
1764188199872 -0.36083984375 455
1764188210601 -0.32470703125 456
1764188221340 -0.33349609375 457
1764188232084 -0.3349609375 458
1764188242788 -0.38623046875 459
1764188253505 -0.33642578125 460
1764188264254 -0.31005859375 461
1764188274995 -0.31005859375 462
1764188285758 -0.3408203125 463
1764188296480 -0.3642578125 464
1764188307212 -0.369140625 465
1764188317941 -0.3515625 466
1764188328672 -0.30615234375 467
1764188339387 -0.30419921875 468
1764188350105 -0.3154296875 469
1764188360863 -0.3154296875 470
1764188371606 -0.30615234375 471
1764188382331 -0.296875 472
1764188393050 -0.30126953125 473
1764188403804 -0.31201171875 474
1764188414527 -0.31103515625 475
1764188425259 -0.29736328125 476
1764188435979 -0.27880859375 477
1764188446717 -0.30322265625 478
1764188457452 -0.2998046875 479
1764188468180 -0.328125 480
1764188478901 -0.322265625 481
1764188489620 -0.33642578125 482
1764188500362 -0.3447265625 483
1764188511095 -0.3623046875 484
1764188521824 -0.32666015625 485
1764188532558 -0.33251953125 486
1764188543296 -0.318359375 487
1764188554023 -0.33251953125 488
1764188564791 -0.3212890625 489
1764188575560 -0.34521484375 490
1764188586270 -0.349609375 491
1764188597148 -0.37109375 492
1764188607874 -0.40234375 493
1764188618647 -0.39501953125 494
1764188629425 -0.3623046875 495
1764188640157 -0.3623046875 496
1764188650885 -0.35009765625 497
1764188661696 -0.337890625 498
1764188672425 -0.3115234375 499
1764188683188 -0.3134765625 500
1764188694003 -0.30810546875 501
1764188704689 -0.3330078125 502
1764188715405 -0.3662109375 503
1764188726218 -0.31640625 504
1764188736995 -0.35498046875 505
1764188747737 -0.3310546875 506
1764188758456 -0.3291015625 507
1764188769162 -0.3525390625 508
1764188779879 -0.3662109375 509
1764188790613 -0.35205078125 510
1764188801351 -0.3896484375 511
1764188812070 -0.3544921875 512
1764188822801 -0.318359375 513
1764188833539 -0.3173828125 514
1764188844298 -0.34814453125 515
1764188855028 -0.33642578125 516
1764188865735 -0.34375 517
1764188876473 -0.330078125 518
1764188887177 -0.29736328125 519
1764188897920 -0.3583984375 520
1764188908656 -0.38134765625 521
1764188919368 -0.302734375 522
1764188930079 -0.3056640625 523
1764188940816 -0.35986328125 524
1764188951502 -0.31787109375 525
1764188962204 -0.3056640625 526
1764188972922 -0.3642578125 527
1764188983619 -0.283203125 528
1764188994307 -0.291015625 529
1764189005042 -0.41357421875 530
1764189015756 -0.34423828125 531
1764189026529 -0.30908203125 532
1764189037267 -0.3408203125 533
1764189048050 -0.3173828125 534
1764189058808 -0.333984375 535
1764189069493 -0.34765625 536
1764189080297 -0.3134765625 537
1764189091029 -0.33251953125 538
1764189101765 -0.2939453125 539
1764189112493 -0.3701171875 540
1764189123211 -0.30712890625 541
1764189133930 -0.32470703125 542
1764189144676 -0.3466796875 543
1764189155425 -0.33056640625 544
1764189166166 -0.298828125 545
1764189176863 -0.33935546875 546
1764189187575 -0.33447265625 547
1764189198302 -0.3271484375 548
1764189209038 -0.314453125 549
1764189219795 -0.330078125 550
1764189230495 -0.33984375 551
1764189241247 -0.26904296875 552
1764189251996 -0.34716796875 553
1764189262733 -0.310546875 554
1764189273444 -0.3251953125 555
1764189284223 -0.3076171875 556
1764189294980 -0.30712890625 557
1764189305730 -0.33251953125 558
1764189316456 -0.35595703125 559
1764189327173 -0.34619140625 560
1764189337895 -0.31982421875 561
1764189348628 -0.3203125 562
1764189359342 -0.32666015625 563
1764189370051 -0.291015625 564
1764189380788 -0.3564453125 565
1764189391472 -0.33349609375 566
1764189402173 -0.369140625 567
1764189412947 -0.3037109375 568
1764189423687 -0.35693359375 569
1764189434402 -0.32373046875 570
1764189445137 -0.32568359375 571
1764189455914 -0.33984375 572
1764189466610 -0.31103515625 573
1764189477314 -0.34765625 574
1764189488131 -0.3544921875 575
1764189498826 -0.38916015625 576
1764189509563 -0.3125 577
1764189520245 -0.3134765625 578
1764189530983 -0.3505859375 579
1764189541667 -0.32373046875 580
1764189552408 -0.36474609375 581
1764189563121 -0.3134765625 582
1764189573841 -0.310546875 583
1764189584556 -0.32373046875 584
1764189595251 -0.33056640625 585
1764189636667 -0.32275390625 586
1764189647353 -0.3720703125 587
1764189658067 -0.32470703125 588
1764189668787 -0.39453125 589
1764189679534 -0.34033203125 590
1764189690246 -0.33251953125 591
1764189700947 -0.3525390625 592
1764189711645 -0.35107421875 593
1764189722369 -0.40283203125 594
1764189733098 -0.357421875 595
1764189743823 -0.33642578125 596
1764189754543 -0.3369140625 597
1764189765258 -0.37939453125 598
1764189775982 -0.3251953125 599
1764189786702 -0.33837890625 600
1764189797436 -0.3251953125 601
1764189808135 -0.37548828125 602
1764189818863 -0.38720703125 603
1764189829613 -0.337890625 604
1764189840327 -0.318359375 605
1764189851062 -0.3330078125 606
1764189861863 -0.3701171875 607
1764189872546 -0.3701171875 608
1764189883348 -0.349609375 609
1764189894087 -0.3916015625 610
1764189904917 -0.3916015625 611
1764189915633 -0.35107421875 612
1764189926366 -0.34423828125 613
1764189937058 -0.30908203125 614
1764189947814 -0.35107421875 615
1764189958544 -0.3388671875 616
1764189969228 -0.34716796875 617
1764189979984 -0.3701171875 618
1764189990728 -0.37158203125 619
1764190001424 -0.35107421875 620
1764190012192 -0.35009765625 621
1764190022906 -0.32080078125 622
1764190033699 -0.3828125 623
1764190044423 -0.34130859375 624
1764190055159 -0.3408203125 625
1764190065868 -0.341796875 626
1764190076568 -0.32861328125 627
1764190087237 -0.33056640625 628
1764190097956 -0.337890625 629
1764190108712 -0.3564453125 630
1764190119467 -0.35107421875 631
1764190130203 -0.33154296875 632
1764190140918 -0.3505859375 633
1764190151616 -0.34716796875 634
1764190162349 -0.38916015625 635
1764190173080 -0.41845703125 636
1764190183780 -0.40673828125 637
1764190194478 -0.3447265625 638
1764190205211 -0.34619140625 639
1764190215963 -0.40576171875 640
1764190226669 -0.41357421875 641
1764190237386 -0.36962890625 642
1764190248099 -0.36669921875 643
1764190258802 -0.36376953125 644
1764190269507 -0.36279296875 645
1764190280232 -0.37548828125 646
1764190290951 -0.37939453125 647
1764190301684 -0.34521484375 648
1764190312505 -0.34228515625 649
1764190323200 -0.357421875 650
1764190334023 -0.341796875 651
1764190344729 -0.35693359375 652
1764190355471 -0.3447265625 653
1764190366186 -0.35009765625 654
1764190376968 -0.353515625 655
1764190387724 -0.35791015625 656
1764190398532 -0.333984375 657
1764190409301 -0.40087890625 658
1764190420071 -0.3701171875 659
1764190430824 -0.3291015625 660
1764190441578 -0.32568359375 661
1764190452319 -0.3310546875 662
1764190463073 -0.359375 663
1764190473832 -0.3359375 664
1764190484548 -0.32177734375 665
1764190495264 -0.36083984375 666
1764190505982 -0.2978515625 667
1764190516725 -0.330078125 668
1764190527423 -0.32275390625 669
1764190538120 -0.37744140625 670
1764190548845 -0.3369140625 671
1764190559613 -0.34814453125 672
1764190570336 -0.3740234375 673
1764190581072 -0.33251953125 674
1764190591783 -0.3134765625 675
1764190602511 -0.3671875 676
1764190613224 -0.357421875 677
1764190623958 -0.34375 678
1764190634692 -0.39990234375 679
1764190645488 -0.3447265625 680
1764190656158 -0.33349609375 681
1764190666863 -0.3447265625 682
1764190677624 -0.3359375 683
1764190688393 -0.3974609375 684
1764190699081 -0.3671875 685
1764190709817 -0.32373046875 686
1764190720534 -0.36474609375 687
1764190731392 -0.3037109375 688
1764190742065 -0.36376953125 689
1764190752819 -0.34375 690
1764190763550 -0.34228515625 691
1764190774280 -0.32470703125 692
1764190785055 -0.34375 693
1764190795784 -0.328125 694
1764190806508 -0.33642578125 695
1764190817233 -0.3583984375 696
1764190828008 -0.34912109375 697
1764190838735 -0.3193359375 698
1764190849481 -0.3447265625 699
1764190860193 -0.28173828125 700
1764190870937 -0.35888671875 701
1764190881724 -0.3466796875 702
1764190892456 -0.3291015625 703
1764190903144 -0.3759765625 704
1764190913857 -0.318359375 705
1764190924582 -0.365234375 706
1764190935289 -0.32373046875 707
1764190946040 -0.3916015625 708
1764190956787 -0.33837890625 709
1764190967503 -0.36376953125 710
1764190978274 -0.37060546875 711
1764190989012 -0.353515625 712
1764190999777 -0.353515625 713
1764191010484 -0.419921875 714
1764191021200 -0.47021484375 715
1764191031902 -0.32861328125 716
1764191042622 -0.34912109375 717
1764191053339 -0.390625 718
1764191064027 -0.375 719
1764191074721 -0.40966796875 720
1764191085494 -0.38623046875 721
1764191096223 -0.37744140625 722
1764191106968 -0.32177734375 723
1764191117728 -0.3564453125 724
1764191128447 -0.33447265625 725
1764191139175 -0.3212890625 726
1764191149896 -0.38427734375 727
1764191160674 -0.35693359375 728
1764191171392 -0.29150390625 729
1764191182116 -0.35302734375 730
1764191192855 -0.36572265625 731
1764191203562 -0.3984375 732
1764191214312 -0.3671875 733
1764191225019 -0.39990234375 734
1764191235762 -0.376953125 735
1764191246495 -0.4033203125 736
1764191257217 -0.3427734375 737
1764191267950 -0.3759765625 738
1764191278705 -0.36279296875 739
1764191289418 -0.35888671875 740
1764191300140 -0.4306640625 741
1764191310862 -0.41650390625 742
1764191321564 -0.32568359375 743
1764191332270 -0.37890625 744
1764191342976 -0.35546875 745
1764191353704 -0.3955078125 746
1764191364429 -0.3603515625 747
1764191375136 -0.384765625 748
1764191385889 -0.3505859375 749
1764191396582 -0.37060546875 750
1764191407288 -0.36865234375 751
1764191418022 -0.40234375 752
1764191428782 -0.37646484375 753
1764191439525 -0.388671875 754
1764191450216 -0.4208984375 755
1764191460945 -0.32373046875 756
1764191471654 -0.36328125 757
1764191482350 -0.31787109375 758
1764191493050 -0.3662109375 759
1764191503817 -0.36279296875 760
1764191514567 -0.3359375 761
1764191525275 -0.3388671875 762
1764191535985 -0.380859375 763
1764191546701 -0.40380859375 764
1764191557457 -0.39306640625 765
1764191568175 -0.3251953125 766
1764191578929 -0.375 767
1764191589753 -0.3466796875 768
1764191600460 -0.34716796875 769
1764191611194 -0.34033203125 770
1764191622008 -0.3134765625 771
1764191632712 -0.32080078125 772
1764191643441 -0.3701171875 773
1764191654182 -0.3291015625 774
1764191664963 -0.349609375 775
1764191675709 -0.3388671875 776
1764191686411 -0.34912109375 777
1764191697136 -0.3154296875 778
1764191707909 -0.3115234375 779
1764191718683 -0.3544921875 780
1764191729435 -0.3154296875 781
1764191753442 -0.392578125 782
1764191764198 -0.3505859375 783
1764191774950 -0.38427734375 784
1764191785696 -0.37939453125 785
1764191796449 -0.330078125 786
1764191807212 -0.3154296875 787
1764191817907 -0.3671875 788
1764191828636 -0.38818359375 789
1764191839363 -0.3701171875 790
1764191850091 -0.33447265625 791
1764191860794 -0.35888671875 792
1764191871547 -0.3837890625 793
1764191882251 -0.33837890625 794
1764191892964 -0.35400390625 795
1764191903676 -0.3740234375 796
1764191914393 -0.3603515625 797
1764191925119 -0.3603515625 798
1764191935838 -0.3544921875 799
1764191946605 -0.39453125 800
1764191957304 -0.33203125 801
1764191968090 -0.369140625 802
1764191978820 -0.32861328125 803
1764191989559 -0.37890625 804
1764192000335 -0.36279296875 805
1764192011060 -0.357421875 806
1764192021792 -0.388671875 807
1764192032532 -0.29931640625 808
1764192043248 -0.34326171875 809
1764192053972 -0.3701171875 810
1764192064681 -0.3798828125 811
1764192075388 -0.41064453125 812
1764192086103 -0.3642578125 813
1764192096877 -0.361328125 814
1764192107561 -0.35107421875 815
1764192118289 -0.35546875 816
1764192129043 -0.37255859375 817
1764192139783 -0.31689453125 818
1764192150507 -0.35498046875 819
1764192161212 -0.357421875 820
1764192171999 -0.349609375 821
1764192182715 -0.36083984375 822
1764192193428 -0.35546875 823
1764192204209 -0.4140625 824
1764192215015 -0.3740234375 825
1764192225748 -0.39697265625 826
1764192236451 -0.37158203125 827
1764192247190 -0.3681640625 828
1764192257886 -0.33251953125 829
1764192268602 -0.3720703125 830
1764192279358 -0.33544921875 831
1764192290084 -0.34228515625 832
1764192300817 -0.3671875 833
1764192311564 -0.39208984375 834
1764192322289 -0.3671875 835
1764192333032 -0.3984375 836
1764192343749 -0.35205078125 837
1764192354419 -0.3564453125 838
1764192365139 -0.36181640625 839
1764192375829 -0.39111328125 840
1764192386572 -0.41064453125 841
1764192397312 -0.36865234375 842
1764192408041 -0.3994140625 843
1764192418795 -0.35986328125 844
1764192429489 -0.37841796875 845
1764192440222 -0.42578125 846
1764192451075 -0.39306640625 847
1764192461812 -0.38427734375 848
1764192472530 -0.3427734375 849
1764192483241 -0.38525390625 850
1764192493987 -0.35595703125 851
1764192504751 -0.39013671875 852
1764192515450 -0.365234375 853
1764192526152 -0.32177734375 854
1764192536926 -0.466796875 855
1764192547668 -0.37646484375 856
1764192558382 -0.38330078125 857
1764192569156 -0.40087890625 858
1764192579877 -0.365234375 859
1764192590594 -0.39599609375 860
1764192601312 -0.3701171875 861
1764192612057 -0.3896484375 862
1764192622818 -0.40673828125 863
1764192633520 -0.39404296875 864
1764192644238 -0.3779296875 865
1764192654977 -0.39453125 866
1764192665723 -0.38037109375 867
1764192676470 -0.36279296875 868
1764192687225 -0.46142578125 869
1764192697908 -0.412109375 870
1764192708621 -0.37353515625 871
1764192719375 -0.37353515625 872
1764192730081 -0.4384765625 873
1764192740805 -0.4453125 874
1764192751492 -0.41748046875 875
1764192762208 -0.3525390625 876
1764192772905 -0.36083984375 877
1764192783660 -0.3828125 878
1764192794409 -0.38818359375 879
1764192805146 -0.396484375 880
1764192815868 -0.345703125 881
1764192826618 -0.3583984375 882
1764192837330 -0.4208984375 883
1764192848192 -0.3662109375 884
1764192858901 -0.3876953125 885
1764192869648 -0.39013671875 886
1764192880347 -0.3759765625 887
1764192891044 -0.38916015625 888
1764192901804 -0.3779296875 889
1764192912519 -0.41796875 890
1764192923256 -0.37646484375 891
1764192933987 -0.3515625 892
1764192944682 -0.3837890625 893
1764192955435 -0.4033203125 894
1764192966135 -0.41357421875 895
1764192976856 -0.3623046875 896
1764192987589 -0.38037109375 897
1764192998304 -0.36962890625 898
1764193009014 -0.36962890625 899
1764193019743 -0.39306640625 900
1764193030524 -0.3984375 901
1764193041254 -0.37109375 902
1764193052000 -0.3251953125 903
1764193062766 -0.3974609375 904
1764193073499 -0.35791015625 905
1764193084186 -0.40087890625 906
1764193094910 -0.3701171875 907
1764193105643 -0.39697265625 908
1764193116354 -0.38720703125 909
1764193127077 -0.3671875 910
1764193137808 -0.34423828125 911
1764193148533 -0.3310546875 912
1764193159277 -0.3603515625 913
1764193169967 -0.38232421875 914
1764193180679 -0.36962890625 915
1764193191448 -0.3779296875 916
1764193202210 -0.36767578125 917
1764193212904 -0.38134765625 918
1764193223622 -0.400390625 919
1764193234336 -0.35546875 920
1764193245142 -0.35107421875 921
1764193255879 -0.3818359375 922
1764193266593 -0.345703125 923
1764193277397 -0.306640625 924
1764193288156 -0.3759765625 925
1764193298850 -0.333984375 926
1764193309579 -0.37548828125 927
1764193320301 -0.45703125 928
1764193331015 -0.37548828125 929
1764193341730 -0.396484375 930
1764193352435 -0.38037109375 931
1764193363162 -0.41650390625 932
1764193373920 -0.39794921875 933
1764193384632 -0.361328125 934
1764193395374 -0.34326171875 935
1764193406100 -0.3662109375 936
1764193416859 -0.3642578125 937
1764193427596 -0.38037109375 938
1764193438334 -0.37890625 939
1764193449074 -0.37158203125 940
1764193459886 -0.3525390625 941
1764193470607 -0.376953125 942
1764193481334 -0.37890625 943
1764193492052 -0.38818359375 944
1764193502755 -0.3701171875 945
1764193513448 -0.36474609375 946
1764193524173 -0.39697265625 947
1764193534882 -0.36376953125 948
1764193545629 -0.35791015625 949
1764193556348 -0.33203125 950
1764193567041 -0.38525390625 951
1764193577764 -0.38623046875 952
1764193588508 -0.3759765625 953
1764193599197 -0.44580078125 954
1764193609949 -0.3671875 955
1764193620692 -0.36328125 956
1764193631440 -0.3603515625 957
1764193642183 -0.4013671875 958
1764193652934 -0.392578125 959
1764193663645 -0.39111328125 960
1764193674348 -0.390625 961
1764193685041 -0.41455078125 962
1764193695753 -0.373046875 963
1764193706524 -0.37939453125 964
1764193717201 -0.33642578125 965
1764193727912 -0.392578125 966
1764193738635 -0.40966796875 967
1764193749343 -0.3515625 968
1764193760059 -0.39013671875 969
1764193770788 -0.41748046875 970
1764193781536 -0.38037109375 971
1764193792302 -0.37744140625 972
1764193803017 -0.4140625 973
1764193813761 -0.400390625 974
1764193824481 -0.35791015625 975
1764193835177 -0.38427734375 976
1764193859313 -0.34765625 977
1764193870111 -0.36474609375 978
1764193880832 -0.3515625 979
1764193891530 -0.3720703125 980
1764193902277 -0.3642578125 981
1764193913031 -0.37646484375 982
1764193923787 -0.34130859375 983
1764193934577 -0.3720703125 984
1764193945261 -0.3603515625 985
1764193955947 -0.365234375 986
1764193966648 -0.3779296875 987
1764193977355 -0.38037109375 988
1764193988063 -0.3515625 989
1764193998805 -0.33056640625 990
1764194009574 -0.3681640625 991
1764194020299 -0.33935546875 992
1764194031047 -0.40771484375 993
1764194041848 -0.33203125 994
1764194052571 -0.40185546875 995
1764194063285 -0.3271484375 996
1764194073983 -0.35205078125 997
1764194084691 -0.32421875 998
1764194095380 -0.353515625 999
1764194106086 -0.37353515625 1000
1764194116837 -0.3583984375 1001
1764194127560 -0.3759765625 1002
1764194138409 -0.3837890625 1003
1764194149120 -0.384765625 1004
1764194159818 -0.3623046875 1005
1764194170577 -0.41015625 1006
1764194181380 -0.45361328125 1007
1764194192104 -0.4208984375 1008
1764194202855 -0.33203125 1009
1764194213588 -0.359375 1010
1764194224304 -0.34130859375 1011
1764194235046 -0.36376953125 1012
1764194245762 -0.3916015625 1013
1764194256473 -0.326171875 1014
1764194267241 -0.388671875 1015
1764194277989 -0.35888671875 1016
1764194288759 -0.33544921875 1017
1764194299470 -0.31494140625 1018
1764194310227 -0.3505859375 1019
1764194320979 -0.3662109375 1020
1764194331752 -0.35302734375 1021
1764194342471 -0.39990234375 1022
1764194353227 -0.36572265625 1023
1764194363932 -0.35888671875 1024
1764194374658 -0.40771484375 1025
1764194385384 -0.3916015625 1026
1764194396084 -0.416015625 1027
1764194406793 -0.3994140625 1028
1764194417539 -0.3779296875 1029
1764194428232 -0.34716796875 1030
1764194438976 -0.349609375 1031
1764194449670 -0.36474609375 1032
1764194460375 -0.4140625 1033
1764194471126 -0.3828125 1034
1764194481823 -0.36279296875 1035
1764194492564 -0.3740234375 1036
1764194503309 -0.3955078125 1037
1764194514050 -0.3828125 1038
1764194524799 -0.36328125 1039
1764194535503 -0.36328125 1040
1764194546267 -0.38037109375 1041
1764194556990 -0.3916015625 1042
1764194567752 -0.375 1043
1764194578489 -0.4365234375 1044
1764194589239 -0.38330078125 1045
1764194600035 -0.40283203125 1046
1764194610747 -0.427734375 1047
1764194621462 -0.35595703125 1048
1764194632199 -0.3486328125 1049
1764194642919 -0.40234375 1050
1764194653619 -0.38623046875 1051
1764194664360 -0.373046875 1052
1764194675052 -0.369140625 1053
1764194685813 -0.39013671875 1054
1764194696520 -0.400390625 1055
1764194707281 -0.36962890625 1056
1764194718056 -0.38037109375 1057
1764194728787 -0.37451171875 1058
1764194739526 -0.44873046875 1059
1764194750255 -0.3837890625 1060
1764194760981 -0.3759765625 1061
1764194771758 -0.38037109375 1062
1764194782511 -0.37158203125 1063
1764194793268 -0.4345703125 1064
1764194803998 -0.38037109375 1065
1764194814699 -0.359375 1066
1764194825417 -0.4404296875 1067
1764194836167 -0.36962890625 1068
1764194846877 -0.4248046875 1069
1764194857688 -0.3447265625 1070
1764194868363 -0.3486328125 1071
1764194879082 -0.4111328125 1072
1764194889827 -0.4267578125 1073
1764194900558 -0.4091796875 1074
1764194911293 -0.38818359375 1075
1764194922006 -0.3779296875 1076
1764194932707 -0.39501953125 1077
1764194943438 -0.41064453125 1078
1764194954164 -0.412109375 1079
1764194964997 -0.34521484375 1080
1764194975724 -0.3623046875 1081
1764194986415 -0.3994140625 1082
1764194997156 -0.484375 1083
1764195007882 -0.3759765625 1084
1764195018597 -0.38525390625 1085
1764195029345 -0.4296875 1086
1764195040081 -0.40380859375 1087
1764195050792 -0.43505859375 1088
1764195061499 -0.35986328125 1089
1764195072286 -0.3828125 1090
1764195082983 -0.37646484375 1091
1764195093704 -0.3662109375 1092
1764195104464 -0.39990234375 1093
1764195115183 -0.39990234375 1094
1764195125903 -0.36865234375 1095
1764195136643 -0.39306640625 1096
1764195147419 -0.369140625 1097
1764195158177 -0.36767578125 1098
1764195168919 -0.36083984375 1099
1764195179632 -0.33837890625 1100
1764195190330 -0.36865234375 1101
1764195201068 -0.38232421875 1102
1764195211811 -0.37255859375 1103
1764195222489 -0.39599609375 1104
1764195233211 -0.328125 1105
1764195243952 -0.39697265625 1106
1764195254687 -0.3740234375 1107
1764195265419 -0.3564453125 1108
1764195276164 -0.34033203125 1109
1764195286853 -0.37353515625 1110
1764195297550 -0.3671875 1111
1764195308281 -0.36279296875 1112
1764195318996 -0.38818359375 1113
1764195329707 -0.392578125 1114
1764195340444 -0.36865234375 1115
1764195351207 -0.37109375 1116
1764195361947 -0.3642578125 1117
1764195372655 -0.35302734375 1118
1764195383356 -0.42822265625 1119
1764195394167 -0.36865234375 1120
1764195404914 -0.40625 1121
1764195415611 -0.36962890625 1122
1764195426338 -0.38330078125 1123
1764195437036 -0.3828125 1124
1764195447770 -0.35546875 1125
1764195458527 -0.4091796875 1126
1764195469258 -0.4111328125 1127
1764195479956 -0.40283203125 1128
1764195490666 -0.37060546875 1129
1764195501366 -0.38427734375 1130
1764195512124 -0.36279296875 1131
1764195522865 -0.36328125 1132
1764195533629 -0.369140625 1133
1764195544357 -0.36865234375 1134
1764195555086 -0.3779296875 1135
1764195565844 -0.45751953125 1136
1764195576665 -0.3486328125 1137
1764195587426 -0.37841796875 1138
1764195598215 -0.42626953125 1139
1764195608920 -0.37060546875 1140
1764195619674 -0.37060546875 1141
1764195630408 -0.35791015625 1142
1764195641095 -0.40869140625 1143
1764195651826 -0.39306640625 1144
1764195662557 -0.36474609375 1145
1764195673307 -0.41162109375 1146
1764195684011 -0.44580078125 1147
1764195694727 -0.3671875 1148
1764195705449 -0.3515625 1149
1764195716180 -0.3896484375 1150
1764195726899 -0.40234375 1151
1764195737616 -0.427734375 1152
1764195748343 -0.36474609375 1153
1764195759068 -0.34765625 1154
1764195769812 -0.36474609375 1155
1764195780553 -0.35498046875 1156
1764195791273 -0.375 1157
1764195802012 -0.42236328125 1158
1764195812751 -0.392578125 1159
1764195823532 -0.3876953125 1160
1764195834234 -0.42529296875 1161
1764195844948 -0.35205078125 1162
1764195855645 -0.3330078125 1163
1764195866367 -0.3974609375 1164
1764195877104 -0.431640625 1165
1764195887927 -0.4248046875 1166
1764195898651 -0.34814453125 1167
1764195909379 -0.4560546875 1168
1764195920088 -0.35546875 1169
1764195930860 -0.39599609375 1170
1764195941589 -0.373046875 1171
1764195965588 -0.4150390625 1172
1764195976323 -0.40087890625 1173
1764195987039 -0.3935546875 1174
1764195997728 -0.4296875 1175
1764196008490 -0.4306640625 1176
1764196019172 -0.36328125 1177
1764196029926 -0.38330078125 1178
1764196040638 -0.3486328125 1179
1764196051395 -0.41357421875 1180
1764196062117 -0.3818359375 1181
1764196072819 -0.3466796875 1182
1764196083594 -0.37109375 1183
1764196094372 -0.3974609375 1184
1764196105111 -0.43115234375 1185
1764196115861 -0.396484375 1186
1764196126564 -0.359375 1187
1764196137273 -0.38330078125 1188
1764196147999 -0.37158203125 1189
1764196158769 -0.35205078125 1190
1764196169482 -0.36767578125 1191
1764196180269 -0.35595703125 1192
1764196190955 -0.36181640625 1193
1764196201691 -0.3857421875 1194
1764196212426 -0.4140625 1195
1764196223169 -0.37890625 1196
1764196233908 -0.4072265625 1197
1764196244630 -0.369140625 1198
1764196255443 -0.3583984375 1199
1764196266171 -0.36669921875 1200
1764196276937 -0.3330078125 1201
1764196287651 -0.41748046875 1202
1764196298403 -0.37109375 1203
1764196309196 -0.38720703125 1204
1764196319908 -0.42041015625 1205
1764196330622 -0.38037109375 1206
1764196341326 -0.38427734375 1207
1764196352097 -0.3623046875 1208
1764196362789 -0.357421875 1209
1764196373487 -0.421875 1210
1764196384218 -0.35888671875 1211
1764196394963 -0.3544921875 1212
1764196405690 -0.376953125 1213
1764196416392 -0.34375 1214
1764196427131 -0.44287109375 1215
1764196437843 -0.40380859375 1216
1764196448550 -0.37158203125 1217
1764196459306 -0.36767578125 1218
1764196470080 -0.4140625 1219
1764196480833 -0.345703125 1220
1764196491559 -0.34765625 1221
1764196502309 -0.42041015625 1222
1764196513042 -0.3896484375 1223
1764196523869 -0.42529296875 1224
1764196534595 -0.43115234375 1225
1764196545312 -0.3876953125 1226
1764196556060 -0.41748046875 1227
1764196566782 -0.3818359375 1228
1764196577502 -0.375 1229
1764196588263 -0.41259765625 1230
1764196599055 -0.396484375 1231
1764196609770 -0.380859375 1232
1764196620490 -0.3828125 1233
1764196631216 -0.43408203125 1234
1764196641979 -0.42626953125 1235
1764196652759 -0.43994140625 1236
1764196663545 -0.3759765625 1237
1764196674372 -0.37646484375 1238
1764196685105 -0.3583984375 1239
1764196695846 -0.44287109375 1240
1764196706577 -0.3828125 1241
1764196717332 -0.40771484375 1242
1764196728064 -0.42724609375 1243
1764196738807 -0.4453125 1244
1764196749530 -0.36962890625 1245
1764196760249 -0.37939453125 1246
1764196770970 -0.392578125 1247
1764196781682 -0.3447265625 1248
1764196792392 -0.3896484375 1249
1764196803109 -0.40576171875 1250
1764196813810 -0.40966796875 1251
1764196824506 -0.39501953125 1252
1764196835231 -0.39501953125 1253
1764196845943 -0.384765625 1254
1764196856623 -0.38818359375 1255
1764196867333 -0.3857421875 1256
1764196878039 -0.3564453125 1257
1764196888777 -0.38427734375 1258
1764196899508 -0.39306640625 1259
1764196910230 -0.40087890625 1260
1764196920941 -0.3818359375 1261
1764196931672 -0.392578125 1262
1764196942403 -0.36474609375 1263
1764196953143 -0.3818359375 1264
1764196963873 -0.3876953125 1265
1764196974603 -0.42138671875 1266
1764196985327 -0.40673828125 1267
1764196996075 -0.43310546875 1268
1764197006851 -0.41064453125 1269
1764197017642 -0.41796875 1270
1764197028377 -0.39453125 1271
1764197039122 -0.361328125 1272
1764197049853 -0.37744140625 1273
1764197060634 -0.41357421875 1274
1764197071377 -0.3740234375 1275
1764197082214 -0.39306640625 1276
1764197092931 -0.45654296875 1277
1764197103691 -0.3955078125 1278
1764197114430 -0.384765625 1279
1764197125128 -0.40771484375 1280
1764197135892 -0.390625 1281
1764197146649 -0.3916015625 1282
1764197157385 -0.40087890625 1283
1764197168172 -0.4716796875 1284
1764197178994 -0.375 1285
1764197189738 -0.3330078125 1286
1764197200462 -0.3515625 1287
1764197211163 -0.33935546875 1288
1764197221908 -0.40283203125 1289
1764197232608 -0.384765625 1290
1764197243365 -0.41259765625 1291
1764197254081 -0.4091796875 1292
1764197264818 -0.408203125 1293
1764197275575 -0.40625 1294
1764197286261 -0.40283203125 1295
1764197297004 -0.3916015625 1296
1764197307690 -0.46435546875 1297
1764197318384 -0.37646484375 1298
1764197329133 -0.39599609375 1299
1764197339838 -0.39208984375 1300
1764197350588 -0.3828125 1301
1764197361280 -0.37060546875 1302
1764197372048 -0.38232421875 1303
1764197382758 -0.38427734375 1304
1764197393483 -0.43505859375 1305
1764197404185 -0.39404296875 1306
1764197414894 -0.384765625 1307
1764197425618 -0.42236328125 1308
1764197436329 -0.3388671875 1309
1764197447055 -0.384765625 1310
1764197457772 -0.3671875 1311
1764197468486 -0.3623046875 1312
1764197479202 -0.396484375 1313
1764197489952 -0.39501953125 1314
1764197500683 -0.43115234375 1315
1764197511403 -0.4228515625 1316
1764197522131 -0.38037109375 1317
1764197532969 -0.3779296875 1318
1764197543690 -0.37548828125 1319
1764197554412 -0.4169921875 1320
1764197565139 -0.37060546875 1321
1764197575891 -0.43115234375 1322
1764197586618 -0.38818359375 1323
1764197597354 -0.396484375 1324
1764197608057 -0.39892578125 1325
1764197618841 -0.3857421875 1326
1764197629645 -0.42236328125 1327
1764197640392 -0.3779296875 1328
1764197651119 -0.37939453125 1329
1764197661854 -0.37890625 1330
1764197672619 -0.36328125 1331
1764197683341 -0.42529296875 1332
1764197694051 -0.37646484375 1333
1764197704756 -0.38818359375 1334
1764197715559 -0.4189453125 1335
1764197726265 -0.4208984375 1336
1764197737015 -0.43701171875 1337
1764197747760 -0.3330078125 1338
1764197758505 -0.42138671875 1339
1764197769241 -0.36328125 1340
1764197779975 -0.40283203125 1341
1764197790665 -0.37744140625 1342
1764197801411 -0.38525390625 1343
1764197812121 -0.41259765625 1344
1764197822871 -0.36767578125 1345
1764197833619 -0.40234375 1346
1764197844374 -0.38916015625 1347
1764197855125 -0.39794921875 1348
1764197865878 -0.392578125 1349
1764197876640 -0.416015625 1350
1764197887350 -0.39892578125 1351
1764197898041 -0.3916015625 1352
1764197908749 -0.357421875 1353
1764197919478 -0.36474609375 1354
1764197930333 -0.43505859375 1355
1764197941049 -0.37939453125 1356
1764197951797 -0.3671875 1357
1764197962507 -0.3486328125 1358
1764197973195 -0.35546875 1359
1764197983897 -0.3701171875 1360
1764197994612 -0.392578125 1361
1764198005328 -0.3642578125 1362
1764198016087 -0.3583984375 1363
1764198026830 -0.39501953125 1364
1764198037526 -0.4404296875 1365
1764198048257 -0.3955078125 1366
1764198072328 -0.40576171875 1367
1764198083035 -0.4169921875 1368
1764198093831 -0.3896484375 1369
1764198104562 -0.4052734375 1370
1764198115282 -0.35595703125 1371
1764198125995 -0.43115234375 1372
1764198136772 -0.37255859375 1373
1764198147487 -0.3798828125 1374
1764198158219 -0.37890625 1375
1764198168922 -0.37158203125 1376
1764198179692 -0.35205078125 1377
1764198190421 -0.4423828125 1378
1764198201169 -0.3369140625 1379
1764198211906 -0.42724609375 1380
1764198222626 -0.4033203125 1381
1764198233339 -0.3916015625 1382
1764198244030 -0.392578125 1383
1764198254819 -0.39599609375 1384
1764198265575 -0.376953125 1385
1764198276307 -0.3955078125 1386
1764198287036 -0.400390625 1387
1764198297759 -0.43798828125 1388
1764198308449 -0.375 1389
1764198319175 -0.376953125 1390
1764198329951 -0.40576171875 1391
1764198340719 -0.42724609375 1392
1764198351392 -0.39306640625 1393
1764198362196 -0.36181640625 1394
1764198372884 -0.392578125 1395
1764198383612 -0.39453125 1396
1764198394432 -0.3974609375 1397
1764198405184 -0.3974609375 1398
1764198415925 -0.4091796875 1399
1764198426657 -0.39404296875 1400
1764198437470 -0.41650390625 1401
1764198448180 -0.369140625 1402
1764198458924 -0.40625 1403
1764198469674 -0.37158203125 1404
1764198480416 -0.42724609375 1405
1764198491123 -0.3818359375 1406
1764198501876 -0.41357421875 1407
1764198512612 -0.4091796875 1408
1764198523355 -0.36572265625 1409
1764198534112 -0.39501953125 1410
1764198544839 -0.42041015625 1411
1764198555533 -0.33251953125 1412
1764198566269 -0.431640625 1413
1764198577031 -0.38818359375 1414
1764198587757 -0.40087890625 1415
1764198598525 -0.40771484375 1416
1764198609245 -0.40478515625 1417
1764198619970 -0.3681640625 1418
1764198630711 -0.494140625 1419
1764198641450 -0.38671875 1420
1764198652226 -0.400390625 1421
1764198662979 -0.3720703125 1422
1764198673697 -0.4443359375 1423
1764198684472 -0.369140625 1424
1764198695257 -0.36181640625 1425
1764198705969 -0.4169921875 1426
1764198716679 -0.34619140625 1427
1764198727473 -0.4130859375 1428
1764198738232 -0.4033203125 1429
1764198748938 -0.3701171875 1430
1764198759668 -0.39306640625 1431
1764198770395 -0.4208984375 1432
1764198781093 -0.37109375 1433
1764198791930 -0.40771484375 1434
1764198802636 -0.40283203125 1435
1764198813371 -0.3876953125 1436
1764198824095 -0.39111328125 1437
1764198834815 -0.37451171875 1438
1764198845536 -0.41650390625 1439
1764198856269 -0.36181640625 1440
1764198867015 -0.42724609375 1441
1764198877750 -0.43115234375 1442
1764198888469 -0.373046875 1443
1764198899237 -0.41455078125 1444
1764198909990 -0.4501953125 1445
1764198920714 -0.38525390625 1446
1764198931444 -0.37109375 1447
1764198942216 -0.337890625 1448
1764198952954 -0.41943359375 1449
1764198963665 -0.4130859375 1450
1764198974388 -0.39697265625 1451
1764198985111 -0.39306640625 1452
1764198995820 -0.35498046875 1453
1764199006516 -0.380859375 1454
1764199017238 -0.369140625 1455
1764199027983 -0.3671875 1456
1764199038676 -0.3955078125 1457
1764199049401 -0.37353515625 1458
1764199060139 -0.369140625 1459
1764199070903 -0.37158203125 1460
1764199081622 -0.38232421875 1461
1764199092358 -0.41259765625 1462
1764199103051 -0.3828125 1463
1764199113770 -0.4072265625 1464
1764199124499 -0.365234375 1465
1764199135238 -0.3818359375 1466
1764199145950 -0.39794921875 1467
1764199156738 -0.3701171875 1468
1764199167512 -0.4091796875 1469
1764199178300 -0.37158203125 1470
1764199189060 -0.37841796875 1471
1764199199835 -0.36181640625 1472
1764199210617 -0.41943359375 1473
1764199221429 -0.39697265625 1474
1764199232208 -0.35498046875 1475
1764199242968 -0.36474609375 1476
1764199253689 -0.39990234375 1477
1764199264418 -0.3759765625 1478
1764199275163 -0.4208984375 1479
1764199285892 -0.3798828125 1480
1764199296686 -0.39111328125 1481
1764199307493 -0.39111328125 1482
1764199318249 -0.43701171875 1483
1764199328932 -0.38330078125 1484
1764199339640 -0.36376953125 1485
1764199350356 -0.41455078125 1486
1764199361056 -0.39111328125 1487
1764199371760 -0.36376953125 1488
1764199382443 -0.3994140625 1489
1764199393187 -0.4072265625 1490
1764199403887 -0.388671875 1491
1764199414613 -0.37109375 1492
1764199425369 -0.373046875 1493
1764199436123 -0.3798828125 1494
1764199446866 -0.3984375 1495
1764199457556 -0.35009765625 1496
1764199468312 -0.39306640625 1497
1764199479041 -0.384765625 1498
1764199489791 -0.3955078125 1499
1764199500515 -0.39892578125 1500
1764199511317 -0.38427734375 1501
1764199522048 -0.396484375 1502
1764199532770 -0.39794921875 1503
1764199543464 -0.3623046875 1504
1764199554217 -0.38134765625 1505
1764199564923 -0.42041015625 1506
1764199575693 -0.3544921875 1507
1764199586419 -0.44384765625 1508
1764199597148 -0.40478515625 1509
1764199607865 -0.4140625 1510
1764199618585 -0.3603515625 1511
1764199629320 -0.3701171875 1512
1764199640042 -0.34228515625 1513
1764199650871 -0.39111328125 1514
1764199661620 -0.4150390625 1515
1764199672361 -0.38134765625 1516
1764199683081 -0.3955078125 1517
1764199693834 -0.3974609375 1518
1764199704555 -0.39990234375 1519
1764199715292 -0.38427734375 1520
1764199726102 -0.40478515625 1521
1764199736805 -0.36767578125 1522
1764199747537 -0.43408203125 1523
1764199758271 -0.37060546875 1524
1764199768999 -0.4111328125 1525
1764199779775 -0.361328125 1526
1764199790522 -0.37255859375 1527
1764199801261 -0.36962890625 1528
1764199812022 -0.3935546875 1529
1764199822760 -0.384765625 1530
1764199833482 -0.4482421875 1531
1764199844190 -0.37109375 1532
1764199854892 -0.38671875 1533
1764199865626 -0.369140625 1534
1764199876396 -0.38818359375 1535
1764199887122 -0.38330078125 1536
1764199897844 -0.44140625 1537
1764199908580 -0.404296875 1538
1764199919319 -0.40576171875 1539
1764199930029 -0.36279296875 1540
1764199940820 -0.43408203125 1541
1764199951573 -0.37255859375 1542
1764199962353 -0.373046875 1543
1764199973122 -0.4345703125 1544
1764199983813 -0.36474609375 1545
1764199994530 -0.3486328125 1546
1764200005249 -0.427734375 1547
1764200015968 -0.38232421875 1548
1764200026721 -0.349609375 1549
1764200037465 -0.4033203125 1550
1764200048283 -0.37255859375 1551
1764200059032 -0.36767578125 1552
1764200069804 -0.3564453125 1553
1764200080516 -0.38427734375 1554
1764200091236 -0.40869140625 1555
1764200101959 -0.3701171875 1556
1764200112667 -0.39794921875 1557
1764200123420 -0.435546875 1558
1764200134149 -0.4013671875 1559
1764200144875 -0.36669921875 1560
1764200155669 -0.43701171875 1561
1764200166413 -0.4560546875 1562
