1764183262819 0.06941737048327923 1
1764183273967 0.06992343068122864 2
1764183284720 0.06990299746394157 3
1764183295513 0.06849162839353085 4
1764183306300 0.07117141596972942 5
1764183317127 0.07033379375934601 6
1764183327974 0.0688475426286459 7
1764183338798 0.06883455067873001 8
1764183349595 0.06970388628542423 9
1764183360408 0.06987925618886948 10
1764183371209 0.07155640050768852 11
1764183382005 0.07000906392931938 12
1764183392792 0.07139436528086662 13
1764183403618 0.06985243037343025 14
1764183414396 0.07140207104384899 15
1764183425177 0.07038843631744385 16
1764183435976 0.07119251415133476 17
1764183446838 0.07068843953311443 18
1764183457615 0.07047054171562195 19
1764183468500 0.07176811434328556 20
1764183479246 0.07106374762952328 21
1764183490018 0.06991058588027954 22
1764183500768 0.07042635977268219 23
1764183511529 0.07120408490300179 24
1764183522279 0.07023503817617893 25
1764183533051 0.07033336162567139 26
1764183543802 0.07032434456050396 27
1764183554580 0.07102727703750134 28
1764183565310 0.07112708315253258 29
1764183576023 0.07006892561912537 30
1764183586763 0.06947374530136585 31
1764183597514 0.06975150108337402 32
1764183608254 0.07056809030473232 33
1764183618975 0.06888925284147263 34
1764183629710 0.06780151836574078 35
1764183640477 0.06867874972522259 36
1764183651227 0.0692486073821783 37
1764183661967 0.07015325501561165 38
1764183672691 0.0689274538308382 39
1764183683394 0.06863392889499664 40
1764183694136 0.06730333343148232 41
1764183704848 0.06985977478325367 42
1764183715575 0.06947113201022148 43
1764183726333 0.06851432844996452 44
1764183737075 0.06889310665428638 45
1764183747852 0.0690068881958723 46
1764183758567 0.06935419142246246 47
1764183769332 0.07049332186579704 48
1764183780037 0.06988381035625935 49
1764183790751 0.07023227214813232 50
1764183801509 0.07012461498379707 51
1764183812279 0.07029513269662857 52
1764183823019 0.06966309808194637 53
1764183833736 0.06974287331104279 54
1764183844447 0.06903913803398609 55
1764183855169 0.06975466571748257 56
1764183865909 0.070484085008502 57
1764183876613 0.0692443884909153 58
1764183887428 0.07014224492013454 59
1764183898217 0.0681287907063961 60
1764183908915 0.07029297202825546 61
1764183919628 0.06875481642782688 62
1764183930322 0.06772962212562561 63
1764183941093 0.06911293976008892 64
1764183951802 0.06985332071781158 65
1764183962535 0.0703824870288372 66
1764183973231 0.0706415455788374 67
1764183984000 0.07115081697702408 68
1764183994704 0.07157741114497185 69
1764184005428 0.07229798659682274 70
1764184016129 0.07192416116595268 71
1764184026829 0.0698842965066433 72
1764184037574 0.07182114943861961 73
1764184048306 0.07012183032929897 74
1764184059040 0.06963132694363594 75
1764184069736 0.06968211010098457 76
1764184080461 0.06887453980743885 77
1764184091184 0.06948542781174183 78
1764184101896 0.06910605542361736 79
1764184112649 0.0690446738153696 80
1764184123344 0.07028713077306747 81
1764184134129 0.07044972665607929 82
1764184144898 0.07051786780357361 83
1764184155617 0.07188757695257664 84
1764184166351 0.07288936153054237 85
1764184177115 0.07268296554684639 86
1764184187815 0.07319062389433384 87
1764184198577 0.07331667095422745 88
1764184209263 0.07302995212376118 89
1764184220006 0.07147957012057304 90
1764184230691 0.07089406065642834 91
1764184241415 0.07125382497906685 92
1764184252136 0.07153607532382011 93
1764184262880 0.06952753849327564 94
1764184273645 0.06921429000794888 95
1764184284387 0.06882227398455143 96
1764184295182 0.0691116638481617 97
1764184305926 0.06889266707003117 98
1764184316747 0.07009402103722095 99
1764184327446 0.07060116343200207 100
1764184338148 0.07230870611965656 101
1764184348871 0.07331983745098114 102
1764184359605 0.0735635906457901 103
1764184370347 0.07227238826453686 104
1764184381060 0.0711163841187954 105
1764184391799 0.07157566212117672 106
1764184402558 0.06971318833529949 107
1764184413285 0.07047318108379841 108
1764184424019 0.06965604424476624 109
1764184434711 0.06930752098560333 110
1764184445445 0.0681686345487833 111
1764184456156 0.06900844722986221 112
1764184466842 0.06905564107000828 113
1764184477550 0.06850390695035458 114
1764184488254 0.07004894688725471 115
1764184498953 0.06901710294187069 116
1764184509664 0.06889881566166878 117
1764184520373 0.06858617067337036 118
1764184531107 0.06895770691335201 119
1764184541824 0.06999695114791393 120
1764184552550 0.07037621736526489 121
1764184563289 0.06901652738451958 122
1764184574025 0.06928076222538948 123
1764184584788 0.07070712000131607 124
1764184595499 0.06752432882785797 125
1764184606228 0.06668870523571968 126
1764184616922 0.0664586890488863 127
1764184627656 0.06606570072472095 128
1764184638337 0.06587953492999077 129
1764184649093 0.06703259609639645 130
1764184659771 0.06877335347235203 131
1764184670535 0.06694802269339561 132
1764184681266 0.06855521723628044 133
1764184692007 0.07044223323464394 134
1764184702739 0.0686964001506567 135
1764184713447 0.06952579878270626 136
1764184724168 0.06813114322721958 137
1764184735016 0.06740758940577507 138
1764184745817 0.06793892197310925 139
1764184756537 0.06601563841104507 140
1764184767283 0.06532233394682407 141
1764184778013 0.06754117459058762 142
1764184788739 0.06635265052318573 143
1764184799435 0.06771548092365265 144
1764184810136 0.06795823201537132 145
1764184820833 0.06779791042208672 146
1764184831527 0.06902102567255497 147
1764184842246 0.06993791274726391 148
1764184853005 0.06911508925259113 149
1764184863744 0.06874656863510609 150
1764184874444 0.0682654045522213 151
1764184885183 0.06723825074732304 152
1764184895903 0.06846833787858486 153
1764184906645 0.06696283631026745 154
1764184917343 0.06673808209598064 155
1764184928079 0.06820737384259701 156
1764184938799 0.0693080760538578 157
1764184949553 0.07037973403930664 158
1764184960348 0.07018801383674145 159
1764184971029 0.07074304483830929 160
1764184981744 0.06993613764643669 161
1764184992467 0.0698815118521452 162
1764185003218 0.06815144047141075 163
1764185013943 0.06783248670399189 164
1764185024666 0.06828420795500278 165
1764185035384 0.06816528923809528 166
1764185046118 0.06860113516449928 167
1764185056859 0.06961979158222675 168
1764185067522 0.07150767557322979 169
1764185078224 0.06944767013192177 170
1764185088915 0.0696534737944603 171
1764185099628 0.07070649787783623 172
1764185110361 0.06923847831785679 173
1764185121093 0.06895039975643158 174
1764185131790 0.06871887668967247 175
1764185142632 0.0691953357309103 176
1764185153370 0.06857518665492535 177
1764185164111 0.06859059259295464 178
1764185174825 0.0701571125537157 179
1764185185521 0.07014668919146061 180
1764185196245 0.07117100618779659 181
1764185206975 0.06882510147988796 182
1764185217673 0.06880034133791924 183
1764185228459 0.07048844173550606 184
1764185239188 0.06908831931650639 185
1764185249883 0.07044344767928123 186
1764185260616 0.07076057977974415 187
1764185271436 0.07300575263798237 188
1764185282151 0.07289463840425014 189
1764185292855 0.07296792604029179 190
1764185303622 0.07123170234262943 191
1764185314387 0.07060801796615124 192
1764185325106 0.06937284767627716 193
1764185335859 0.07130805402994156 194
1764185346571 0.06988836638629436 195
1764185388009 0.07123394124209881 196
1764185398699 0.071770578622818 197
1764185409398 0.07334892265498638 198
1764185420111 0.07266842760145664 199
1764185430861 0.07250908203423023 200
1764185441589 0.07292497158050537 201
1764185452322 0.07170483842492104 202
1764185463070 0.07031547278165817 203
1764185473822 0.0691479742527008 204
1764185484527 0.06818123906850815 205
1764185495257 0.06794220395386219 206
1764185506055 0.06789855659008026 207
1764185516797 0.06908638775348663 208
1764185527563 0.06971816346049309 209
1764185538364 0.070755111053586 210
1764185549114 0.0702685508877039 211
1764185559837 0.07375448755919933 212
1764185570564 0.07361718825995922 213
1764185581310 0.07405773364007473 214
1764185592038 0.07313008233904839 215
1764185602883 0.07398983091115952 216
1764185613788 0.07145337946712971 217
1764185624541 0.07023213431239128 218
1764185635286 0.06858488731086254 219
1764185646051 0.06858292408287525 220
1764185656760 0.06990624032914639 221
1764185667523 0.06706348806619644 222
1764185678277 0.07016087509691715 223
1764185689004 0.071969760581851 224
1764185699731 0.0725292470306158 225
1764185710460 0.07410230860114098 226
1764185721195 0.0729220025241375 227
1764185731917 0.07519989088177681 228
1764185742688 0.07406296208500862 229
1764185753404 0.07333959080278873 230
1764185764175 0.07287769019603729 231
1764185774875 0.07254927232861519 232
1764185785589 0.0721167754381895 233
1764185796326 0.07106301560997963 234
1764185807043 0.07202224433422089 235
1764185817760 0.07241269573569298 236
1764185828506 0.07268800213932991 237
1764185839229 0.0736059695482254 238
1764185849935 0.07317936234176159 239
1764185860711 0.07283467054367065 240
1764185871420 0.07236608117818832 241
1764185882144 0.074367955327034 242
1764185892933 0.07300590164959431 243
1764185903676 0.07364286109805107 244
1764185914434 0.07243254035711288 245
1764185925219 0.07260358147323132 246
1764185935959 0.07110641337931156 247
1764185946751 0.07175739295780659 248
1764185957486 0.0708642527461052 249
1764185968204 0.07177347503602505 250
1764185978944 0.07192715629935265 251
1764185989666 0.07070579379796982 252
1764186000392 0.07234309986233711 253
1764186011115 0.07249115034937859 254
1764186021830 0.07362343929708004 255
1764186032588 0.07330100052058697 256
1764186043410 0.07427898235619068 257
1764186054155 0.07311064563691616 258
1764186064866 0.07160074636340141 259
1764186075601 0.07006621360778809 260
1764186086302 0.06890338845551014 261
1764186097049 0.06758593767881393 262
1764186107807 0.06832022778689861 263
1764186118564 0.0680580660700798 264
1764186129293 0.06854440458118916 265
1764186140061 0.0694185346364975 266
1764186150817 0.07168874517083168 267
1764186161520 0.07122682593762875 268
1764186172261 0.07018090598285198 269
1764186182976 0.07029902935028076 270
1764186193696 0.06979487277567387 271
1764186204410 0.06957081146538258 272
1764186215137 0.06767250970005989 273
1764186225901 0.06913447007536888 274
1764186236611 0.06795707531273365 275
1764186247332 0.0683718454092741 276
1764186258049 0.06763647124171257 277
1764186268764 0.06996903009712696 278
1764186279501 0.07183471880853176 279
1764186290224 0.072340227663517 280
1764186300965 0.07421844452619553 281
1764186311737 0.07277138158679008 282
1764186322422 0.076402822509408 283
1764186333159 0.07395033538341522 284
1764186343920 0.07113165967166424 285
1764186354663 0.0714942179620266 286
1764186365379 0.07114163972437382 287
1764186376101 0.07041041739284992 288
1764186386798 0.07307028211653233 289
1764186397531 0.07223431020975113 290
1764186408255 0.07384835369884968 291
1764186419009 0.07358740270137787 292
1764186429761 0.07604975067079067 293
1764186440465 0.07482966594398022 294
1764186451211 0.07456839270889759 295
1764186461984 0.07487300224602222 296
1764186472817 0.0738478098064661 297
1764186483557 0.07155692763626575 298
1764186494290 0.07225033640861511 299
1764186505049 0.07254568859934807 300
1764186515799 0.07325215637683868 301
1764186526502 0.07231196947395802 302
1764186537260 0.07224255613982677 303
1764186548009 0.07215840555727482 304
1764186558777 0.07446015067398548 305
1764186569506 0.07307402789592743 306
1764186580259 0.07352643460035324 307
1764186591003 0.0738222561776638 308
1764186601744 0.07395967282354832 309
1764186612484 0.0723955612629652 310
1764186623311 0.07381016947329044 311
1764186634056 0.07235726527869701 312
1764186644790 0.07319390028715134 313
1764186655527 0.07446322776377201 314
1764186666228 0.07297300174832344 315
1764186676939 0.07455155067145824 316
1764186687670 0.07388448715209961 317
1764186698386 0.07543628662824631 318
1764186709112 0.07385905832052231 319
1764186719851 0.07431856729090214 320
1764186730603 0.07320445403456688 321
1764186741366 0.07292313873767853 322
1764186752126 0.07123145647346973 323
1764186762877 0.07229887694120407 324
1764186773594 0.07107154279947281 325
1764186784287 0.07139734365046024 326
1764186795013 0.07276088744401932 327
1764186805732 0.07447746396064758 328
1764186816458 0.0758455004543066 329
1764186827181 0.07523583807051182 330
1764186837902 0.07810304872691631 331
1764186848635 0.0756965409964323 332
1764186859319 0.07567771524190903 333
1764186870159 0.07486879639327526 334
1764186880914 0.07260053232312202 335
1764186891674 0.0713560227304697 336
1764186902395 0.0706586129963398 337
1764186913158 0.07020554691553116 338
1764186923977 0.07087302394211292 339
1764186934718 0.07022016309201717 340
1764186945435 0.07158695720136166 341
1764186956206 0.07341983914375305 342
1764186966951 0.07354854419827461 343
1764186977711 0.07526952773332596 344
1764186988444 0.07536019757390022 345
1764186999182 0.07443200051784515 346
1764187009908 0.07355836778879166 347
1764187020642 0.072335971519351 348
1764187031364 0.07370876520872116 349
1764187042094 0.07134989090263844 350
1764187052844 0.07141229510307312 351
1764187063575 0.07162188552320004 352
1764187074303 0.07110535353422165 353
1764187085044 0.07219609431922436 354
1764187095821 0.07064430601894855 355
1764187106554 0.0704716183245182 356
1764187117276 0.07176902890205383 357
1764187128029 0.07075888104736805 358
1764187138787 0.07112799026072025 359
1764187149543 0.07254354655742645 360
1764187160271 0.07185325212776661 361
1764187170994 0.07320518791675568 362
1764187181708 0.07368219085037708 363
1764187192424 0.07350100576877594 364
1764187203143 0.07577741704881191 365
1764187213905 0.07442702539265156 366
1764187224639 0.07428521662950516 367
1764187235344 0.072904197499156 368
1764187246117 0.07303732074797153 369
1764187256835 0.07183676399290562 370
1764187267572 0.06924876570701599 371
1764187278288 0.0695418193936348 372
1764187289008 0.06943010538816452 373
1764187299811 0.06853976100683212 374
1764187310596 0.06888191029429436 375
1764187321367 0.06995167769491673 376
1764187332093 0.07223287597298622 377
1764187342811 0.07335907034575939 378
1764187353518 0.07400820218026638 379
1764187364222 0.07295324467122555 380
1764187374924 0.07550540193915367 381
1764187385657 0.0734756737947464 382
1764187396357 0.07208687998354435 383
1764187407059 0.07169926539063454 384
1764187417745 0.07187935896217823 385
1764187428475 0.07185486517846584 386
1764187439182 0.07029967196285725 387
1764187449922 0.07129708305001259 388
1764187460642 0.0721833948045969 389
1764187471343 0.07211701013147831 390
1764187512791 0.07328564114868641 391
1764187523481 0.07489185407757759 392
1764187534170 0.0755597073584795 393
1764187544868 0.075669314712286 394
1764187555600 0.07591906376183033 395
1764187566355 0.07589509524405003 396
1764187577087 0.07724355533719063 397
1764187587871 0.07611812092363834 398
1764187598608 0.07596686109900475 399
1764187609319 0.07488573528826237 400
1764187620047 0.07479234598577023 401
1764187630804 0.07501762732863426 402
1764187641527 0.07609471119940281 403
1764187652317 0.07448766380548477 404
1764187663053 0.0761413685977459 405
1764187673779 0.07650832645595074 406
1764187684568 0.07657952420413494 407
1764187695274 0.07617013528943062 408
1764187705995 0.07720555365085602 409
1764187716727 0.07891026139259338 410
1764187727482 0.0788651891052723 411
1764187738199 0.07924474962055683 412
1764187748980 0.07807360403239727 413
1764187759692 0.0779360719025135 414
1764187770531 0.07520717196166515 415
1764187781233 0.07410072721540928 416
1764187791944 0.07511462457478046 417
1764187802669 0.07234100066125393 418
1764187813391 0.07419499568641186 419
1764187824108 0.0743571538478136 420
1764187834810 0.07385604456067085 421
1764187845551 0.0769762322306633 422
1764187856288 0.07571927085518837 423
1764187867084 0.07683534920215607 424
1764187877829 0.0779068972915411 425
1764187888544 0.07782159745693207 426
1764187899246 0.07814671471714973 427
1764187909932 0.07768484018743038 428
1764187920651 0.07611080817878246 429
1764187931366 0.07500224001705647 430
1764187942076 0.07390330731868744 431
1764187952809 0.07531885802745819 432
1764187963529 0.07339791767299175 433
1764187974252 0.07405353151261806 434
1764187985005 0.07369791343808174 435
1764187995719 0.07483277097344398 436
1764188006387 0.07553768530488014 437
1764188017159 0.07687181606888771 438
1764188027883 0.07705842889845371 439
1764188038588 0.07700854353606701 440
1764188049302 0.07680603489279747 441
1764188060036 0.0768593829125166 442
1764188070749 0.0776282548904419 443
1764188081517 0.07425739988684654 444
1764188092253 0.07554402761161327 445
1764188103017 0.07481683418154716 446
1764188113725 0.07619939558207989 447
1764188124488 0.07576347701251507 448
1764188135213 0.07777618803083897 449
1764188145952 0.07867096364498138 450
1764188156714 0.08052217587828636 451
1764188167468 0.07977654039859772 452
1764188178230 0.0799433533102274 453
1764188189022 0.07959259673953056 454
1764188199872 0.08095604181289673 455
1764188210601 0.0805856641381979 456
1764188221340 0.0778733566403389 457
1764188232084 0.07777419500052929 458
1764188242788 0.07850900664925575 459
1764188253505 0.07762854360044003 460
1764188264254 0.0767547320574522 461
1764188274995 0.07806051895022392 462
1764188285758 0.07708334177732468 463
1764188296480 0.0784218292683363 464
1764188307212 0.07659068889915943 465
1764188317941 0.07779545336961746 466
1764188328672 0.07590285502374172 467
1764188339387 0.07566885836422443 468
1764188350105 0.07598832994699478 469
1764188360863 0.07512467540800571 470
1764188371606 0.07334828563034534 471
1764188382331 0.0738083254545927 472
1764188393050 0.07271731272339821 473
1764188403804 0.07152730412781239 474
1764188414527 0.07314992696046829 475
1764188425259 0.07120617665350437 476
1764188435979 0.07343165762722492 477
1764188446717 0.07386995851993561 478
1764188457452 0.07552890107035637 479
1764188468180 0.07743349485099316 480
1764188478901 0.0790636446326971 481
1764188489620 0.07919835299253464 482
1764188500362 0.07756751403212547 483
1764188511095 0.07792511768639088 484
1764188521824 0.078528868034482 485
1764188532558 0.07627571932971478 486
1764188543296 0.07985994964838028 487
1764188554023 0.0776743795722723 488
1764188564791 0.0794504601508379 489
1764188575560 0.07911600358784199 490
1764188586270 0.08195321075618267 491
1764188597148 0.08298797160387039 492
1764188607874 0.0837620161473751 493
1764188618647 0.08656169474124908 494
1764188629425 0.08306834660470486 495
1764188640157 0.08386524952948093 496
1764188650885 0.08355952985584736 497
1764188661696 0.08247216790914536 498
1764188672425 0.08043680340051651 499
1764188683188 0.07718637399375439 500
1764188694003 0.07638799585402012 501
1764188704689 0.08021547272801399 502
1764188715405 0.07820074632763863 503
1764188726218 0.07958483882248402 504
1764188736995 0.07940058596432209 505
1764188747737 0.0797728169709444 506
1764188758456 0.08101336844265461 507
1764188769162 0.0784462783485651 508
1764188779879 0.07932692766189575 509
1764188790613 0.08080747351050377 510
1764188801351 0.0803216677159071 511
1764188812070 0.0799579955637455 512
1764188822801 0.07961639761924744 513
1764188833539 0.07928149588406086 514
1764188844298 0.0780266635119915 515
1764188855028 0.07826447114348412 516
1764188865735 0.0799671933054924 517
1764188876473 0.07974657975137234 518
1764188887177 0.08054308407008648 519
1764188897920 0.07942071929574013 520
1764188908656 0.0789767187088728 521
1764188919368 0.0775191318243742 522
1764188930079 0.07644884660840034 523
1764188940816 0.07595157995820045 524
1764188951502 0.07781805843114853 525
1764188962204 0.07601424306631088 526
1764188972922 0.07566853426396847 527
1764188983619 0.0754154622554779 528
1764188994307 0.07698111794888973 529
1764189005042 0.07935188710689545 530
1764189015756 0.08048257231712341 531
1764189026529 0.07892641983926296 532
1764189037267 0.079383360221982 533
1764189048050 0.07917928695678711 534
1764189058808 0.07869408093392849 535
1764189069493 0.08014932088553905 536
1764189080297 0.07557005435228348 537
1764189091029 0.07467294856905937 538
1764189101765 0.07451457530260086 539
1764189112493 0.07488898560404778 540
1764189123211 0.07539089024066925 541
1764189133930 0.07446971908211708 542
1764189144676 0.07505207508802414 543
1764189155425 0.07646080292761326 544
1764189166166 0.0769389197230339 545
1764189176863 0.07685955427587032 546
1764189187575 0.07667978294193745 547
1764189198302 0.07627426832914352 548
1764189209038 0.07587049528956413 549
1764189219795 0.07672690786421299 550
1764189230495 0.07493126951158047 551
1764189241247 0.07502400316298008 552
1764189251996 0.07538324408233166 553
1764189262733 0.0734670739620924 554
1764189273444 0.07536499761044979 555
1764189284223 0.07493040151894093 556
1764189294980 0.07538912631571293 557
1764189305730 0.07611682079732418 558
1764189316456 0.07780062407255173 559
1764189327173 0.07821345888078213 560
1764189337895 0.07906966283917427 561
1764189348628 0.07872961834073067 562
1764189359342 0.0779355987906456 563
1764189370051 0.07736468873918056 564
1764189380788 0.07742821983993053 565
1764189391472 0.07781543210148811 566
1764189402173 0.07762283831834793 567
1764189412947 0.07544532045722008 568
1764189423687 0.07563879899680614 569
1764189434402 0.07637192495167255 570
1764189445137 0.07672146335244179 571
1764189455914 0.07899262569844723 572
1764189466610 0.07877754420042038 573
1764189477314 0.07904835790395737 574
1764189488131 0.08004148118197918 575
1764189498826 0.07970485277473927 576
1764189509563 0.07776128873229027 577
1764189520245 0.07895027846097946 578
1764189530983 0.08031622134149075 579
1764189541667 0.07913576625287533 580
1764189552408 0.0785910002887249 581
1764189563121 0.07831054739654064 582
1764189573841 0.07985569722950459 583
1764189584556 0.07843521982431412 584
1764189595251 0.0788376796990633 585
1764189636667 0.08129382319748402 586
1764189647353 0.08133658021688461 587
1764189658067 0.07941189408302307 588
1764189668787 0.0798119455575943 589
1764189679534 0.0788404531776905 590
1764189690246 0.07868867553770542 591
1764189700947 0.08030075207352638 592
1764189711645 0.07972859963774681 593
1764189722369 0.08023898676037788 594
1764189733098 0.08266343176364899 595
1764189743823 0.08075553365051746 596
1764189754543 0.0815049447119236 597
1764189765258 0.08319526351988316 598
1764189775982 0.07957513816654682 599
1764189786702 0.08006690815091133 600
1764189797436 0.0802854597568512 601
1764189808135 0.07919129729270935 602
1764189818863 0.08216838166117668 603
1764189829613 0.0802804995328188 604
1764189840327 0.08062143810093403 605
1764189851062 0.08087376691401005 606
1764189861863 0.08146424777805805 607
1764189872546 0.08220650069415569 608
1764189883348 0.08026768267154694 609
1764189894087 0.08122370392084122 610
1764189904917 0.08196749910712242 611
1764189915633 0.08060141652822495 612
1764189926366 0.07852495647966862 613
1764189937058 0.07861237600445747 614
1764189947814 0.08004462718963623 615
1764189958544 0.07778413780033588 616
1764189969228 0.07845034264028072 617
1764189979984 0.08179711177945137 618
1764189990728 0.08227511309087276 619
1764190001424 0.08126950450241566 620
1764190012192 0.08266007341444492 621
1764190022906 0.0800516065210104 622
1764190033699 0.08261337876319885 623
1764190044423 0.07970302738249302 624
1764190055159 0.08035011030733585 625
1764190065868 0.07943636178970337 626
1764190076568 0.07822135835886002 627
1764190087237 0.08077945187687874 628
1764190097956 0.07907969132065773 629
1764190108712 0.07943429052829742 630
1764190119467 0.07885195501148701 631
1764190130203 0.07831571623682976 632
1764190140918 0.07978947088122368 633
1764190151616 0.08179083280265331 634
1764190162349 0.08214733935892582 635
1764190173080 0.08495460450649261 636
1764190183780 0.08399502374231815 637
1764190194478 0.08345438167452812 638
1764190205211 0.08205484785139561 639
1764190215963 0.08246879652142525 640
1764190226669 0.08445356972515583 641
1764190237386 0.08120361529290676 642
1764190248099 0.08165383897721767 643
1764190258802 0.08158380724489689 644
1764190269507 0.08233519829809666 645
1764190280232 0.08214734122157097 646
1764190290951 0.08245672099292278 647
1764190301684 0.08340456336736679 648
1764190312505 0.08434396050870419 649
1764190323200 0.08503959700465202 650
1764190334023 0.08260709419846535 651
1764190344729 0.08433879353106022 652
1764190355471 0.08216367848217487 653
1764190366186 0.08213766291737556 654
1764190376968 0.0811544843018055 655
1764190387724 0.08066515624523163 656
1764190398532 0.07911933772265911 657
1764190409301 0.08161633275449276 658
1764190420071 0.08060349151492119 659
1764190430824 0.07804359495639801 660
1764190441578 0.07901458255946636 661
1764190452319 0.07821622863411903 662
1764190463073 0.07851745933294296 663
1764190473832 0.0764680877327919 664
1764190484548 0.07804141007363796 665
1764190495264 0.07926839590072632 666
1764190505982 0.07744620367884636 667
1764190516725 0.07648313790559769 668
1764190527423 0.07631189748644829 669
1764190538120 0.08026388846337795 670
1764190548845 0.07880913093686104 671
1764190559613 0.07889549620449543 672
1764190570336 0.07947496511042118 673
1764190581072 0.07817968353629112 674
1764190591783 0.07594903372228146 675
1764190602511 0.07883753441274166 676
1764190613224 0.07733705267310143 677
1764190623958 0.08015969023108482 678
1764190634692 0.08015901409089565 679
1764190645488 0.07949377782642841 680
1764190656158 0.08245443366467953 681
1764190666863 0.08126907423138618 682
1764190677624 0.08294506557285786 683
1764190688393 0.08344462886452675 684
1764190699081 0.08076631464064121 685
1764190709817 0.08204755000770092 686
1764190720534 0.08020602539181709 687
1764190731392 0.07762784883379936 688
1764190742065 0.07892113924026489 689
1764190752819 0.0784052237868309 690
1764190763550 0.07529415190219879 691
1764190774280 0.07675874419510365 692
1764190785055 0.0766621045768261 693
1764190795784 0.0756832342594862 694
1764190806508 0.07614126428961754 695
1764190817233 0.07763946056365967 696
1764190828008 0.08001021482050419 697
1764190838735 0.07807906158268452 698
1764190849481 0.08025440201163292 699
1764190860193 0.0783888641744852 700
1764190870937 0.08152143657207489 701
1764190881724 0.0811565462499857 702
1764190892456 0.08288978040218353 703
1764190903144 0.0807267464697361 704
1764190913857 0.0791521668434143 705
1764190924582 0.08189084567129612 706
1764190935289 0.0804019570350647 707
1764190946040 0.08172091655433178 708
1764190956787 0.07934430241584778 709
1764190967503 0.0800064168870449 710
1764190978274 0.08073108457028866 711
1764190989012 0.08108222298324108 712
1764190999777 0.08033192344009876 713
1764191010484 0.08341812528669834 714
1764191021200 0.08415544778108597 715
1764191031902 0.08453764952719212 716
1764191042622 0.08581497706472874 717
1764191053339 0.08406710438430309 718
1764191064027 0.08377150259912014 719
1764191074721 0.08435557782649994 720
1764191085494 0.08441107347607613 721
1764191096223 0.08398178592324257 722
1764191106968 0.08373449742794037 723
1764191117728 0.0813050102442503 724
1764191128447 0.07997910678386688 725
1764191139175 0.07849719561636448 726
1764191149896 0.07928451336920261 727
1764191160674 0.07836851477622986 728
1764191171392 0.07603966444730759 729
1764191182116 0.07853343337774277 730
1764191192855 0.07998801209032536 731
1764191203562 0.07997238077223301 732
1764191214312 0.08218856155872345 733
1764191225019 0.08472575806081295 734
1764191235762 0.08344533480703831 735
1764191246495 0.08388647250831127 736
1764191257217 0.08409436047077179 737
1764191267950 0.08373212814331055 738
1764191278705 0.08348153345286846 739
1764191289418 0.08446347713470459 740
1764191300140 0.08595418743789196 741
1764191310862 0.0841957051306963 742
1764191321564 0.08160783350467682 743
1764191332270 0.08253303542733192 744
1764191342976 0.08243503607809544 745
1764191353704 0.08112706989049911 746
1764191364429 0.08123249001801014 747
1764191375136 0.08031023479998112 748
1764191385889 0.08135685510933399 749
1764191396582 0.08148114196956158 750
1764191407288 0.0826023742556572 751
1764191418022 0.08147209882736206 752
1764191428782 0.08191018737852573 753
1764191439525 0.0828633401542902 754
1764191450216 0.08196465857326984 755
1764191460945 0.07965758442878723 756
1764191471654 0.08095027320086956 757
1764191482350 0.07812044024467468 758
1764191493050 0.08034905791282654 759
1764191503817 0.07988321967422962 760
1764191514567 0.0787283442914486 761
1764191525275 0.07870093546807766 762
1764191535985 0.07870453409850597 763
1764191546701 0.07986412942409515 764
1764191557457 0.0802163127809763 765
1764191568175 0.0785024743527174 766
1764191578929 0.07836772128939629 767
1764191589753 0.07841582968831062 768
1764191600460 0.07924947515130043 769
1764191611194 0.07893702760338783 770
1764191622008 0.07782688550651073 771
1764191632712 0.07744847610592842 772
1764191643441 0.0790332779288292 773
1764191654182 0.07704254612326622 774
1764191664963 0.07639568857848644 775
1764191675709 0.07785285823047161 776
1764191686411 0.07854489795863628 777
1764191697136 0.07722372189164162 778
1764191707909 0.07730665430426598 779
1764191718683 0.0786138754338026 780
1764191729435 0.07852700538933277 781
1764191753442 0.07954786345362663 782
1764191764198 0.08080587536096573 783
1764191774950 0.08227911032736301 784
1764191785696 0.08355826884508133 785
1764191796449 0.08092379383742809 786
1764191807212 0.08220313861966133 787
1764191817907 0.0833852719515562 788
1764191828636 0.08279822021722794 789
1764191839363 0.08458388410508633 790
1764191850091 0.08218324929475784 791
1764191860794 0.08355448581278324 792
1764191871547 0.08299322798848152 793
1764191882251 0.08263770863413811 794
1764191892964 0.08311652205884457 795
1764191903676 0.08365834131836891 796
1764191914393 0.08349581249058247 797
1764191925119 0.08253983408212662 798
1764191935838 0.08392727375030518 799
1764191946605 0.08139681816101074 800
1764191957304 0.08218562975525856 801
1764191968090 0.08126104436814785 802
1764191978820 0.08092336170375347 803
1764191989559 0.08257349766790867 804
1764192000335 0.08213298209011555 805
1764192011060 0.08215678483247757 806
1764192021792 0.0819095578044653 807
1764192032532 0.08168406412005424 808
1764192043248 0.0819638092070818 809
1764192053972 0.0824080128222704 810
1764192064681 0.08191773854196072 811
1764192075388 0.08317272737622261 812
1764192086103 0.08262434974312782 813
1764192096877 0.08261504210531712 814
1764192107561 0.08106807619333267 815
1764192118289 0.0821115393191576 816
1764192129043 0.08253696374595165 817
1764192139783 0.08241924457252026 818
1764192150507 0.08259263448417187 819
1764192161212 0.084037184715271 820
1764192171999 0.0839443039149046 821
1764192182715 0.08366394229233265 822
1764192193428 0.08595738373696804 823
1764192204209 0.0855605211108923 824
1764192215015 0.08547082357108593 825
1764192225748 0.08557974174618721 826
1764192236451 0.08505071699619293 827
1764192247190 0.0847274623811245 828
1764192257886 0.08409133926033974 829
1764192268602 0.0833191629499197 830
1764192279358 0.08256973884999752 831
1764192290084 0.08376766741275787 832
1764192300817 0.08423676528036594 833
1764192311564 0.08427448570728302 834
1764192322289 0.08396238833665848 835
1764192333032 0.08517678268253803 836
1764192343749 0.08533894084393978 837
1764192354419 0.0860875565558672 838
1764192365139 0.08655091375112534 839
1764192375829 0.0860679168254137 840
1764192386572 0.08730775490403175 841
1764192397312 0.08722472190856934 842
1764192408041 0.08559254556894302 843
1764192418795 0.0862627625465393 844
1764192429489 0.08497843891382217 845
1764192440222 0.08479192294180393 846
1764192451075 0.08606181852519512 847
1764192461812 0.08496678434312344 848
1764192472530 0.08490453846752644 849
1764192483241 0.08417564071714878 850
1764192493987 0.08434702642261982 851
1764192504751 0.08669942803680897 852
1764192515450 0.08569267578423023 853
1764192526152 0.08514865301549435 854
1764192536926 0.08559542708098888 855
1764192547668 0.08676429651677608 856
1764192558382 0.0860882569104433 857
1764192569156 0.08682744018733501 858
1764192579877 0.08552179299294949 859
1764192590594 0.08557836897671223 860
1764192601312 0.08613910339772701 861
1764192612057 0.08510978892445564 862
1764192622818 0.08629643730819225 863
1764192633520 0.08650278486311436 864
1764192644238 0.08514908887445927 865
1764192654977 0.08601062744855881 866
1764192665723 0.08612488210201263 867
1764192676470 0.08712934888899326 868
1764192687225 0.0871525090187788 869
1764192697908 0.08626587502658367 870
1764192708621 0.08668068237602711 871
1764192719375 0.08572870679199696 872
1764192730081 0.08779029548168182 873
1764192740805 0.0866406299173832 874
1764192751492 0.08580749668180943 875
1764192762208 0.0841257106512785 876
1764192772905 0.08414831198751926 877
1764192783660 0.08395316079258919 878
1764192794409 0.08642081543803215 879
1764192805146 0.0845798160880804 880
1764192815868 0.08448498882353306 881
1764192826618 0.08690603636205196 882
1764192837330 0.08660655654966831 883
1764192848192 0.08742880262434483 884
1764192858901 0.08599809743463993 885
1764192869648 0.08653205819427967 886
1764192880347 0.08672806993126869 887
1764192891044 0.08559227734804153 888
1764192901804 0.08691042102873325 889
1764192912519 0.08820384182035923 890
1764192923256 0.08742775954306126 891
1764192933987 0.08482353016734123 892
1764192944682 0.08486668579280376 893
1764192955435 0.08710858225822449 894
1764192966135 0.0855251494795084 895
1764192976856 0.08346728421747684 896
1764192987589 0.08351688273251057 897
1764192998304 0.08422894775867462 898
1764193009014 0.08213638328015804 899
1764193019743 0.08380957506597042 900
1764193030524 0.08355187065899372 901
1764193041254 0.08370018750429153 902
1764193052000 0.08342364802956581 903
1764193062766 0.08440928161144257 904
1764193073499 0.08425239846110344 905
1764193084186 0.08523786254227161 906
1764193094910 0.08673891797661781 907
1764193105643 0.08772293478250504 908
1764193116354 0.08666334673762321 909
1764193127077 0.08615127019584179 910
1764193137808 0.08483973518013954 911
1764193148533 0.0852515660226345 912
1764193159277 0.08499951101839542 913
1764193169967 0.08423553220927715 914
1764193180679 0.08635121583938599 915
1764193191448 0.08371134102344513 916
1764193202210 0.0847987849265337 917
1764193212904 0.0830879658460617 918
1764193223622 0.08457732200622559 919
1764193234336 0.08193297497928143 920
1764193245142 0.08325779251754284 921
1764193255879 0.0825272910296917 922
1764193266593 0.08200003020465374 923
1764193277397 0.08210663311183453 924
1764193288156 0.08194624073803425 925
1764193298850 0.08295715600252151 926
1764193309579 0.08489903621375561 927
1764193320301 0.08658065274357796 928
1764193331015 0.08462277799844742 929
1764193341730 0.0859975777566433 930
1764193352435 0.08644144795835018 931
1764193363162 0.0873612891882658 932
1764193373920 0.08742399886250496 933
1764193384632 0.08650867454707623 934
1764193395374 0.08388790674507618 935
1764193406100 0.08584124594926834 936
1764193416859 0.08465330488979816 937
1764193427596 0.08453953266143799 938
1764193438334 0.0829187911003828 939
1764193449074 0.08486460521817207 940
1764193459886 0.08387956209480762 941
1764193470607 0.08148616179823875 942
1764193481334 0.08287282660603523 943
1764193492052 0.0816354937851429 944
1764193502755 0.08189122006297112 945
1764193513448 0.08144634962081909 946
1764193524173 0.08141844347119331 947
1764193534882 0.08333455212414265 948
1764193545629 0.08239365369081497 949
1764193556348 0.08460590615868568 950
1764193567041 0.08386186137795448 951
1764193577764 0.08473756164312363 952
1764193588508 0.08427024446427822 953
1764193599197 0.08612145110964775 954
1764193609949 0.0834750160574913 955
1764193620692 0.08600917644798756 956
1764193631440 0.08331249840557575 957
1764193642183 0.0851552989333868 958
1764193652934 0.08356849476695061 959
1764193663645 0.08417863585054874 960
1764193674348 0.08138355799019337 961
1764193685041 0.08449781313538551 962
1764193695753 0.08516435511410236 963
1764193706524 0.08643437176942825 964
1764193717201 0.08544981107115746 965
1764193727912 0.08588940650224686 966
1764193738635 0.0855167992413044 967
1764193749343 0.08476258628070354 968
1764193760059 0.08432123810052872 969
1764193770788 0.08397236280143261 970
1764193781536 0.0831958744674921 971
1764193792302 0.08473692834377289 972
1764193803017 0.08564379066228867 973
1764193813761 0.08367536216974258 974
1764193824481 0.08472397737205029 975
1764193835177 0.08581344224512577 976
1764193859313 0.08445899002254009 977
1764193870111 0.0855184756219387 978
1764193880832 0.0850681122392416 979
1764193891530 0.08513479307293892 980
1764193902277 0.08642834797501564 981
1764193913031 0.08467625081539154 982
1764193923787 0.08389964886009693 983
1764193934577 0.08518857136368752 984
1764193945261 0.08364652469754219 985
1764193955947 0.08364582434296608 986
1764193966648 0.08030471578240395 987
1764193977355 0.08154026232659817 988
1764193988063 0.08112793788313866 989
1764193998805 0.0805101078003645 990
1764194009574 0.08032169006764889 991
1764194020299 0.0804960299283266 992
1764194031047 0.08054857887327671 993
1764194041848 0.08011373691260815 994
1764194052571 0.08162736520171165 995
1764194063285 0.0819433145225048 996
1764194073983 0.0808156318962574 997
1764194084691 0.08424053713679314 998
1764194095380 0.08087296970188618 999
1764194106086 0.08401508443057537 1000
1764194116837 0.084984190762043 1001
1764194127560 0.08262293413281441 1002
1764194138409 0.08345640636980534 1003
1764194149120 0.08255686052143574 1004
1764194159818 0.0821946132928133 1005
1764194170577 0.08242275565862656 1006
1764194181380 0.08310272544622421 1007
1764194192104 0.0833410695195198 1008
1764194202855 0.0827477015554905 1009
1764194213588 0.08179238624870777 1010
1764194224304 0.08158459514379501 1011
1764194235046 0.08242945745587349 1012
1764194245762 0.0840577632188797 1013
1764194256473 0.08091933280229568 1014
1764194267241 0.08296765014529228 1015
1764194277989 0.08081546984612942 1016
1764194288759 0.08140162564814091 1017
1764194299470 0.08177435584366322 1018
1764194310227 0.08295339904725552 1019
1764194320979 0.08157832361757755 1020
1764194331752 0.08048366010189056 1021
1764194342471 0.0842666570097208 1022
1764194353227 0.08292848244309425 1023
1764194363932 0.08292325399816036 1024
1764194374658 0.08371206745505333 1025
1764194385384 0.08268164843320847 1026
1764194396084 0.08457435481250286 1027
1764194406793 0.08566762693226337 1028
1764194417539 0.0840673353523016 1029
1764194428232 0.08413882926106453 1030
1764194438976 0.0818784199655056 1031
1764194449670 0.08490481786429882 1032
1764194460375 0.08347765170037746 1033
1764194471126 0.083662249147892 1034
1764194481823 0.0820594821125269 1035
1764194492564 0.08423903957009315 1036
1764194503309 0.08409172296524048 1037
1764194514050 0.08459356985986233 1038
1764194524799 0.0822228491306305 1039
1764194535503 0.08283596113324165 1040
1764194546267 0.08221384882926941 1041
1764194556990 0.08327958360314369 1042
1764194567752 0.08292104117572308 1043
1764194578489 0.0844100508838892 1044
1764194589239 0.08186825551092625 1045
1764194600035 0.082988815382123 1046
1764194610747 0.08335056900978088 1047
1764194621462 0.0828061755746603 1048
1764194632199 0.08474843762814999 1049
1764194642919 0.08625545352697372 1050
1764194653619 0.08511364832520485 1051
1764194664360 0.08729402348399162 1052
1764194675052 0.08612914942204952 1053
1764194685813 0.08548399060964584 1054
1764194696520 0.0857018381357193 1055
1764194707281 0.08459687232971191 1056
1764194718056 0.08758324012160301 1057
1764194728787 0.08385469950735569 1058
1764194739526 0.08577410876750946 1059
1764194750255 0.08338439650833607 1060
1764194760981 0.08598108030855656 1061
1764194771758 0.08718951232731342 1062
1764194782511 0.08582719601690769 1063
1764194793268 0.08548920601606369 1064
1764194803998 0.08567284792661667 1065
1764194814699 0.08484882675111294 1066
1764194825417 0.08744848147034645 1067
1764194836167 0.08808505535125732 1068
1764194846877 0.08704529516398907 1069
1764194857688 0.085687056183815 1070
1764194868363 0.08749392628669739 1071
1764194879082 0.08567360416054726 1072
1764194889827 0.08478016965091228 1073
1764194900558 0.08906550891697407 1074
1764194911293 0.08556561730802059 1075
1764194922006 0.08659135550260544 1076
1764194932707 0.08459539338946342 1077
1764194943438 0.08597579970955849 1078
1764194954164 0.08508561924099922 1079
1764194964997 0.08556902408599854 1080
1764194975724 0.08417261391878128 1081
1764194986415 0.08517988584935665 1082
1764194997156 0.0885105561465025 1083
1764195007882 0.08635679818689823 1084
1764195018597 0.08802668936550617 1085
1764195029345 0.08782526105642319 1086
1764195040081 0.08728161826729774 1087
1764195050792 0.0889478288590908 1088
1764195061499 0.08790168352425098 1089
1764195072286 0.08656294643878937 1090
1764195082983 0.08519310690462589 1091
1764195093704 0.08657980524003506 1092
1764195104464 0.08764097094535828 1093
1764195115183 0.08718708530068398 1094
1764195125903 0.08658775128424168 1095
1764195136643 0.08740341663360596 1096
1764195147419 0.0861105527728796 1097
1764195158177 0.08579716645181179 1098
1764195168919 0.08779687993228436 1099
1764195179632 0.08370673842728138 1100
1764195190330 0.08559882454574108 1101
1764195201068 0.0861431434750557 1102
1764195211811 0.08566629327833652 1103
1764195222489 0.08660721406340599 1104
1764195233211 0.08540572971105576 1105
1764195243952 0.08480468019843102 1106
1764195254687 0.0835836548358202 1107
1764195265419 0.08496878482401371 1108
1764195276164 0.08175749890506268 1109
1764195286853 0.0844904575496912 1110
1764195297550 0.08253522403538227 1111
1764195308281 0.08273200877010822 1112
1764195318996 0.08467011153697968 1113
1764195329707 0.08620852045714855 1114
1764195340444 0.08412854373455048 1115
1764195351207 0.08506459929049015 1116
1764195361947 0.08479697071015835 1117
1764195372655 0.08377694524824619 1118
1764195383356 0.0843545738607645 1119
1764195394167 0.0854098666459322 1120
1764195404914 0.08372240327298641 1121
1764195415611 0.08697711117565632 1122
1764195426338 0.08522739447653294 1123
1764195437036 0.08516339212656021 1124
1764195447770 0.08647679910063744 1125
1764195458527 0.08402532897889614 1126
1764195469258 0.08481897413730621 1127
1764195479956 0.08749109879136086 1128
1764195490666 0.08579856529831886 1129
1764195501366 0.08528082631528378 1130
1764195512124 0.08645608648657799 1131
1764195522865 0.08536263555288315 1132
1764195533629 0.08525672368705273 1133
1764195544357 0.08375327289104462 1134
1764195555086 0.08466620557010174 1135
1764195565844 0.08581455051898956 1136
1764195576665 0.08618791773915291 1137
1764195587426 0.08603336475789547 1138
1764195598215 0.08498702198266983 1139
1764195608920 0.08446542546153069 1140
1764195619674 0.08695823326706886 1141
1764195630408 0.08616899698972702 1142
1764195641095 0.08550613187253475 1143
1764195651826 0.08582208678126335 1144
1764195662557 0.08658518642187119 1145
1764195673307 0.08514850027859211 1146
1764195684011 0.08860250562429428 1147
1764195694727 0.08483394607901573 1148
1764195705449 0.0862729586660862 1149
1764195716180 0.08552178367972374 1150
1764195726899 0.0851726159453392 1151
1764195737616 0.08280068635940552 1152
1764195748343 0.08284605108201504 1153
1764195759068 0.08444578014314175 1154
1764195769812 0.08485031686723232 1155
1764195780553 0.08432620950043201 1156
1764195791273 0.08577782846987247 1157
1764195802012 0.08557363785803318 1158
1764195812751 0.08605665154755116 1159
1764195823532 0.08323710598051548 1160
1764195834234 0.0868308637291193 1161
1764195844948 0.08586199767887592 1162
1764195855645 0.08605128712952137 1163
1764195866367 0.08446159586310387 1164
1764195877104 0.08752615004777908 1165
1764195887927 0.08612394146621227 1166
1764195898651 0.08704939670860767 1167
1764195909379 0.08778180927038193 1168
1764195920088 0.08736464567482471 1169
1764195930860 0.08760659769177437 1170
1764195941589 0.08705271780490875 1171
1764195965588 0.087858185172081 1172
1764195976323 0.08509564585983753 1173
1764195987039 0.08697146736085415 1174
1764195997728 0.08548647537827492 1175
1764196008490 0.08711998723447323 1176
1764196019172 0.08558764681220055 1177
1764196029926 0.08563014306128025 1178
1764196040638 0.08357631973922253 1179
1764196051395 0.088786780834198 1180
1764196062117 0.08700411766767502 1181
1764196072819 0.0846845917403698 1182
1764196083594 0.08505266718566418 1183
1764196094372 0.08626270666718483 1184
1764196105111 0.08671860024333 1185
1764196115861 0.08723581023514271 1186
1764196126564 0.0856348667293787 1187
1764196137273 0.08611628971993923 1188
1764196147999 0.08487648889422417 1189
1764196158769 0.08516224473714828 1190
1764196169482 0.08446647785604 1191
1764196180269 0.08545041084289551 1192
1764196190955 0.08666395209729671 1193
1764196201691 0.0851757638156414 1194
1764196212426 0.0854751318693161 1195
1764196223169 0.08305442333221436 1196
1764196233908 0.08665821887552738 1197
1764196244630 0.08585993014276028 1198
1764196255443 0.0854063481092453 1199
1764196266171 0.08334500901401043 1200
1764196276937 0.08531213738024235 1201
1764196287651 0.0864642933011055 1202
1764196298403 0.08496727794408798 1203
1764196309196 0.08595037087798119 1204
1764196319908 0.08561142720282078 1205
1764196330622 0.08357018418610096 1206
1764196341326 0.08462123014032841 1207
1764196352097 0.08721858449280262 1208
1764196362789 0.08674581535160542 1209
1764196373487 0.08552881143987179 1210
1764196384218 0.08652769401669502 1211
1764196394963 0.08633381500840187 1212
1764196405690 0.08674495108425617 1213
1764196416392 0.08620641753077507 1214
1764196427131 0.08741224557161331 1215
1764196437843 0.08561784401535988 1216
1764196448550 0.086299242451787 1217
1764196459306 0.08689553290605545 1218
1764196470080 0.08627983368933201 1219
1764196480833 0.08505719341337681 1220
1764196491559 0.08527958206832409 1221
1764196502309 0.08672850392758846 1222
1764196513042 0.08541817776858807 1223
1764196523869 0.08679253794252872 1224
1764196534595 0.08671948872506618 1225
1764196545312 0.08693047240376472 1226
1764196556060 0.0878831222653389 1227
1764196566782 0.08594927191734314 1228
1764196577502 0.08649058826267719 1229
1764196588263 0.08580520376563072 1230
1764196599055 0.08630228973925114 1231
1764196609770 0.08725941367447376 1232
1764196620490 0.08571192622184753 1233
1764196631216 0.0852575283497572 1234
1764196641979 0.0869469977915287 1235
1764196652759 0.08533378876745701 1236
1764196663545 0.0862205121666193 1237
1764196674372 0.08593285083770752 1238
1764196685105 0.08688181266188622 1239
1764196695846 0.08564862795174122 1240
1764196706577 0.08535641431808472 1241
1764196717332 0.08596064150333405 1242
1764196728064 0.08727633766829967 1243
1764196738807 0.08711250871419907 1244
1764196749530 0.08589483425021172 1245
1764196760249 0.08695009350776672 1246
1764196770970 0.08844282478094101 1247
1764196781682 0.08536775596439838 1248
1764196792392 0.08719171583652496 1249
1764196803109 0.08385877497494221 1250
1764196813810 0.08669024892151356 1251
1764196824506 0.08471624366939068 1252
1764196835231 0.08652672171592712 1253
1764196845943 0.08681723847985268 1254
1764196856623 0.08639362640678883 1255
1764196867333 0.08743703924119473 1256
1764196878039 0.08561864122748375 1257
1764196888777 0.08600089326500893 1258
1764196899508 0.08859757333993912 1259
1764196910230 0.08672144636511803 1260
1764196920941 0.0879156868904829 1261
1764196931672 0.08817303366959095 1262
1764196942403 0.08687631413340569 1263
1764196953143 0.08833063021302223 1264
1764196963873 0.08743853867053986 1265
1764196974603 0.08691156655550003 1266
1764196985327 0.08658109232783318 1267
1764196996075 0.08760012872517109 1268
1764197006851 0.08910387009382248 1269
1764197017642 0.08744250610470772 1270
1764197028377 0.0878127682954073 1271
1764197039122 0.08635480143129826 1272
1764197049853 0.08961746655404568 1273
1764197060634 0.08728044107556343 1274
1764197071377 0.08734671398997307 1275
1764197082214 0.08887285366654396 1276
1764197092931 0.08827603794634342 1277
1764197103691 0.0885952040553093 1278
1764197114430 0.08628871850669384 1279
1764197125128 0.08907914906740189 1280
1764197135892 0.0867097806185484 1281
1764197146649 0.0875641219317913 1282
1764197157385 0.09095146134495735 1283
1764197168172 0.08831657655537128 1284
1764197178994 0.08578668534755707 1285
1764197189738 0.08535875752568245 1286
1764197200462 0.08628376759588718 1287
1764197211163 0.0848808828741312 1288
1764197221908 0.08702479489147663 1289
1764197232608 0.08824408054351807 1290
1764197243365 0.0865725576877594 1291
1764197254081 0.08627384714782238 1292
1764197264818 0.08579512685537338 1293
1764197275575 0.0874954853206873 1294
1764197286261 0.08789183758199215 1295
1764197297004 0.08684736490249634 1296
1764197307690 0.08784638158977032 1297
1764197318384 0.08760841563344002 1298
1764197329133 0.08655570447444916 1299
1764197339838 0.08914853259921074 1300
1764197350588 0.08680868335068226 1301
1764197361280 0.08744537271559238 1302
1764197372048 0.08630068972706795 1303
1764197382758 0.0891609899699688 1304
1764197393483 0.0865302998572588 1305
1764197404185 0.087917884811759 1306
1764197414894 0.08620747178792953 1307
1764197425618 0.08693576976656914 1308
1764197436329 0.08576040714979172 1309
1764197447055 0.08849983662366867 1310
1764197457772 0.08716390281915665 1311
1764197468486 0.08630744554102421 1312
1764197479202 0.08788482286036015 1313
1764197489952 0.08817827142775059 1314
1764197500683 0.08919266425073147 1315
1764197511403 0.08736353553831577 1316
1764197522131 0.08779754117131233 1317
1764197532969 0.08567868173122406 1318
1764197543690 0.0866729374974966 1319
1764197554412 0.08828790858387947 1320
1764197565139 0.08601945266127586 1321
1764197575891 0.08733586966991425 1322
1764197586618 0.08760729990899563 1323
1764197597354 0.0870673730969429 1324
1764197608057 0.08831379376351833 1325
1764197618841 0.08737070858478546 1326
1764197629645 0.0882219672203064 1327
1764197640392 0.08822307735681534 1328
1764197651119 0.08780898526310921 1329
1764197661854 0.08900629915297031 1330
1764197672619 0.08631810173392296 1331
1764197683341 0.08670010976493359 1332
1764197694051 0.08644436672329903 1333
1764197704756 0.08722154423594475 1334
1764197715559 0.08774760365486145 1335
1764197726265 0.08790969662368298 1336
1764197737015 0.08725559711456299 1337
1764197747760 0.08518406189978123 1338
1764197758505 0.08694064244627953 1339
1764197769241 0.08678866550326347 1340
1764197779975 0.08752785064280033 1341
1764197790665 0.08800071105360985 1342
1764197801411 0.08952510356903076 1343
1764197812121 0.08621685951948166 1344
1764197822871 0.08577892743051052 1345
1764197833619 0.08627249673008919 1346
1764197844374 0.08770550973713398 1347
1764197855125 0.08677340298891068 1348
1764197865878 0.08649578504264355 1349
1764197876640 0.08926323428750038 1350
1764197887350 0.08730795979499817 1351
1764197898041 0.08751725777983665 1352
1764197908749 0.0861698854714632 1353
1764197919478 0.08639195188879967 1354
1764197930333 0.08777796477079391 1355
1764197941049 0.08792714029550552 1356
1764197951797 0.08784947916865349 1357
1764197962507 0.08720687218010426 1358
1764197973195 0.08765953034162521 1359
1764197983897 0.08738850243389606 1360
1764197994612 0.08773122541606426 1361
1764198005328 0.08748945407569408 1362
1764198016087 0.08621899969875813 1363
1764198026830 0.08722308091819286 1364
1764198037526 0.08889999613165855 1365
1764198048257 0.08677459135651588 1366
1764198072328 0.08575515076518059 1367
1764198083035 0.08691889606416225 1368
1764198093831 0.08721013739705086 1369
1764198104562 0.08571362122893333 1370
1764198115282 0.0861002616584301 1371
1764198125995 0.08796203881502151 1372
1764198136772 0.08833442814648151 1373
1764198147487 0.08793867379426956 1374
1764198158219 0.08878215961158276 1375
1764198168922 0.08512216061353683 1376
1764198179692 0.08806625939905643 1377
1764198190421 0.08873678185045719 1378
1764198201169 0.08691075816750526 1379
1764198211906 0.08628521300852299 1380
1764198222626 0.08565317280590534 1381
1764198233339 0.08629036881029606 1382
1764198244030 0.08713126741349697 1383
1764198254819 0.08623147197067738 1384
1764198265575 0.08567772433161736 1385
1764198276307 0.08753676526248455 1386
1764198287036 0.0888201929628849 1387
1764198297759 0.08944350853562355 1388
1764198308449 0.08641986548900604 1389
1764198319175 0.08718573115766048 1390
1764198329951 0.08711176551878452 1391
1764198340719 0.08948096632957458 1392
1764198351392 0.08836418949067593 1393
1764198362196 0.08568765036761761 1394
1764198372884 0.08867446705698967 1395
1764198383612 0.08749357610940933 1396
1764198394432 0.08700490929186344 1397
1764198405184 0.08690286800265312 1398
1764198415925 0.08738292381167412 1399
1764198426657 0.08884758688509464 1400
1764198437470 0.08739128150045872 1401
1764198448180 0.0849732905626297 1402
1764198458924 0.08719681948423386 1403
1764198469674 0.08671979233622551 1404
1764198480416 0.08605203963816166 1405
1764198491123 0.08644402585923672 1406
1764198501876 0.08579619973897934 1407
1764198512612 0.08973208256065845 1408
1764198523355 0.08823379129171371 1409
1764198534112 0.08884122222661972 1410
1764198544839 0.08791779167950153 1411
1764198555533 0.086034270003438 1412
1764198566269 0.08815298601984978 1413
1764198577031 0.08719608187675476 1414
1764198587757 0.08646075427532196 1415
1764198598525 0.08879564702510834 1416
1764198609245 0.0871840063482523 1417
1764198619970 0.08679228462278843 1418
1764198630711 0.0884409174323082 1419
1764198641450 0.08715722151100636 1420
1764198652226 0.08901230618357658 1421
1764198662979 0.08813318982720375 1422
1764198673697 0.08834975026547909 1423
1764198684472 0.0857953317463398 1424
1764198695257 0.08597316220402718 1425
1764198705969 0.08724906668066978 1426
1764198716679 0.08672797866165638 1427
1764198727473 0.08915388397872448 1428
1764198738232 0.08849935978651047 1429
1764198748938 0.08614055253565311 1430
1764198759668 0.08676854521036148 1431
1764198770395 0.08862114138901234 1432
1764198781093 0.087019432336092 1433
1764198791930 0.08806927688419819 1434
1764198802636 0.08844293095171452 1435
1764198813371 0.08745168522000313 1436
1764198824095 0.08794229291379452 1437
1764198834815 0.0857032798230648 1438
1764198845536 0.08778048679232597 1439
1764198856269 0.08721152506768703 1440
1764198867015 0.08785055950284004 1441
1764198877750 0.0867677852511406 1442
1764198888469 0.08825484849512577 1443
1764198899237 0.08923348970711231 1444
1764198909990 0.09067247062921524 1445
1764198920714 0.08699184656143188 1446
1764198931444 0.08597875200212002 1447
1764198942216 0.0862770713865757 1448
1764198952954 0.08746783621609211 1449
1764198963665 0.08780120126903057 1450
1764198974388 0.0877523384988308 1451
1764198985111 0.0867781899869442 1452
1764198995820 0.08740547113120556 1453
1764199006516 0.08653966523706913 1454
1764199017238 0.0869001392275095 1455
1764199027983 0.08905816450715065 1456
1764199038676 0.08828970044851303 1457
1764199049401 0.0854817908257246 1458
1764199060139 0.08579984307289124 1459
1764199070903 0.08756331913173199 1460
1764199081622 0.08829986676573753 1461
1764199092358 0.08856986463069916 1462
1764199103051 0.08875194191932678 1463
1764199113770 0.08656422048807144 1464
1764199124499 0.08662816695868969 1465
1764199135238 0.08780860155820847 1466
1764199145950 0.08692232705652714 1467
1764199156738 0.08814898878335953 1468
1764199167512 0.08673255518078804 1469
1764199178300 0.08724036440253258 1470
1764199189060 0.08515559509396553 1471
1764199199835 0.08579716086387634 1472
1764199210617 0.08718845620751381 1473
1764199221429 0.08913030475378036 1474
1764199232208 0.0885381530970335 1475
1764199242968 0.08549769036471844 1476
1764199253689 0.09011120907962322 1477
1764199264418 0.08703778870403767 1478
1764199275163 0.08805223368108273 1479
1764199285892 0.08912008441984653 1480
1764199296686 0.08972275070846081 1481
1764199307493 0.08667881414294243 1482
1764199318249 0.08795550838112831 1483
1764199328932 0.08692249096930027 1484
1764199339640 0.0867617130279541 1485
1764199350356 0.08548256009817123 1486
1764199361056 0.08557537384331226 1487
1764199371760 0.08850270882248878 1488
1764199382443 0.08750375173985958 1489
1764199393187 0.0868168231099844 1490
1764199403887 0.08610833063721657 1491
1764199414613 0.08689378388226032 1492
1764199425369 0.08765410259366035 1493
1764199436123 0.08666197024285793 1494
1764199446866 0.08600071631371975 1495
1764199457556 0.08734073489904404 1496
1764199468312 0.08740025199949741 1497
1764199479041 0.08624120615422726 1498
1764199489791 0.08819178305566311 1499
1764199500515 0.08726568706333637 1500
1764199511317 0.0880389902740717 1501
1764199522048 0.08801278285682201 1502
1764199532770 0.0864305179566145 1503
1764199543464 0.08851442486047745 1504
1764199554217 0.08864252083003521 1505
1764199564923 0.08907095156610012 1506
1764199575693 0.08589382655918598 1507
1764199586419 0.08695991709828377 1508
1764199597148 0.08833944238722324 1509
1764199607865 0.08601285703480244 1510
1764199618585 0.08642107248306274 1511
1764199629320 0.08681274391710758 1512
1764199640042 0.08674112893640995 1513
1764199650871 0.08567362651228905 1514
1764199661620 0.08957442454993725 1515
1764199672361 0.08710018917918205 1516
1764199683081 0.08886045217514038 1517
1764199693834 0.08626239746809006 1518
1764199704555 0.08985811658203602 1519
1764199715292 0.08793259598314762 1520
1764199726102 0.08526760712265968 1521
1764199736805 0.08665704168379307 1522
1764199747537 0.08599033765494823 1523
1764199758271 0.08505680970847607 1524
1764199768999 0.08857839927077293 1525
1764199779775 0.08782786689698696 1526
1764199790522 0.08761086128652096 1527
1764199801261 0.08632787689566612 1528
1764199812022 0.08759953640401363 1529
1764199822760 0.0867374837398529 1530
1764199833482 0.08782723732292652 1531
1764199844190 0.0863458625972271 1532
1764199854892 0.08751670271158218 1533
1764199865626 0.08756501600146294 1534
1764199876396 0.08765758387744427 1535
1764199887122 0.08551173284649849 1536
1764199897844 0.08862333931028843 1537
1764199908580 0.08645415864884853 1538
1764199919319 0.08719157427549362 1539
1764199930029 0.08613526448607445 1540
1764199940820 0.08807077072560787 1541
1764199951573 0.0877129714936018 1542
1764199962353 0.08631998673081398 1543
1764199973122 0.0885336808860302 1544
1764199983813 0.08777226135134697 1545
1764199994530 0.08585559204220772 1546
1764200005249 0.0888584814965725 1547
1764200015968 0.08771352469921112 1548
1764200026721 0.08703367412090302 1549
1764200037465 0.08550856448709965 1550
1764200048283 0.08571132645010948 1551
1764200059032 0.08838052861392498 1552
1764200069804 0.0872521661221981 1553
1764200080516 0.08493896946310997 1554
1764200091236 0.08678959123790264 1555
1764200101959 0.08659202419221401 1556
1764200112667 0.08747721835970879 1557
1764200123420 0.08758051320910454 1558
1764200134149 0.08697929978370667 1559
1764200144875 0.08783458173274994 1560
1764200155669 0.08963830955326557 1561
1764200166413 0.08694697730243206 1562
