1764499568395 1.0 5
1764499629869 1.0 10
1764499691217 1.0 15
1764499752610 1.0 20
1764499813827 1.0 25
1764499875282 1.0 30
1764499936814 1.0 35
1764499998351 1.0 40
1764500060200 1.0 45
1764500120883 1.0 50
1764500182751 1.0 55
1764500244051 1.0 60
1764500305471 1.0 65
1764500366513 1.0 70
1764500428300 1.0 75
1764500489698 1.0 80
1764500550386 1.0 85
1764500612219 1.0 90
1764500673719 1.0 95
1764500735048 1.0 100
1764500796548 1.0 105
1764500857608 1.0 110
1764500919371 1.0 115
1764500981062 1.0 120
1764501041919 1.0 125
1764501127050 1.0 130
1764501188429 1.0 135
1764501249625 1.0 140
1764501310631 1.0 145
1764501372147 1.0 150
1764501433871 1.0 155
1764501494763 1.0 160
1764501556161 1.0 165
1764501617441 1.0 170
1764501679204 1.0 175
1764501740734 1.0 180
1764501802170 1.0 185
1764501863638 1.0 190
1764501924876 1.0 195
1764501986003 1.0 200
1764502047377 1.0 205
1764502109444 1.0 210
1764502170521 1.0 215
1764502231099 1.0 220
1764502292441 1.0 225
1764502354038 1.0 230
1764502415143 1.0 235
1764502476130 1.0 240
1764502537565 1.0 245
1764502599209 1.0 250
1764502684522 0.999976 255
1764502745858 0.999946 260
1764502807021 0.999916 265
1764502867989 0.999886 270
1764502929574 0.999856 275
1764502991299 0.999826 280
1764503052647 0.999796 285
1764503114002 0.999766 290
1764503175383 0.999736 295
1764503236662 0.999706 300
1764503297958 0.999676 305
1764503359806 0.999646 310
1764503420557 0.999616 315
1764503481709 0.999586 320
1764503542498 0.999556 325
1764503603521 0.999526 330
1764503665332 0.999496 335
1764503727173 0.999466 340
1764503788395 0.999436 345
1764503849937 0.999406 350
1764503911092 0.999376 355
1764503972701 0.999346 360
1764504034202 0.999316 365
1764504095238 0.999286 370
1764504156380 0.999256 375
1764504241616 0.999226 380
1764504302805 0.999196 385
1764504363984 0.999166 390
1764504425203 0.999136 395
1764504486628 0.999106 400
1764504547688 0.999076 405
1764504609043 0.999046 410
1764504670520 0.999016 415
1764504732313 0.998986 420
1764504793121 0.998956 425
1764504854072 0.998926 430
1764504916298 0.998896 435
1764504978457 0.998866 440
1764505039754 0.998836 445
1764505101295 0.998806 450
1764505162373 0.998776 455
1764505223531 0.998746 460
1764505285092 0.998716 465
1764505347041 0.998686 470
1764505408919 0.998656 475
1764505470124 0.998626 480
1764505531890 0.998596 485
1764505592715 0.998566 490
1764505654237 0.998536 495
1764505715934 0.998506 500
1764505800748 0.998476 505
1764505861644 0.998446 510
1764505922898 0.998416 515
1764505984362 0.998386 520
1764506045804 0.998356 525
1764506107000 0.998326 530
1764506168876 0.998296 535
