1764499568395 1.3513514378378378e-05 5
1764499629869 2.7027027756756756e-05 10
1764499691217 4.0540541135135136e-05 15
1764499752610 5.405405451351351e-05 20
1764499813827 6.756756789189186e-05 25
1764499875282 8.108108127027024e-05 30
1764499936814 9.459459464864861e-05 35
1764499998351 9.999850585181534e-05 40
1764500060200 9.998937527289477e-05 45
1764500120883 9.997194572664654e-05 50
1764500182751 9.994622013586439e-05 55
1764500244051 9.991220281452149e-05 60
1764500305471 9.986989946704706e-05 65
1764500366513 9.981931718736977e-05 70
1764500428300 9.976046445772816e-05 75
1764500489698 9.969335114724825e-05 80
1764500550386 9.961798851028851e-05 85
1764500612219 9.953438918455267e-05 90
1764500673719 9.944256718897045e-05 95
1764500735048 9.934253792134664e-05 100
1764500796548 9.923431815577911e-05 105
1764500857608 9.911792603984591e-05 110
1764500919371 9.899338109156197e-05 115
1764500981062 9.886070419610621e-05 120
1764501041919 9.871991760231919e-05 125
1764501127050 9.85710449189722e-05 130
1764501188429 9.841411111080823e-05 135
1764501249625 9.824914249435567e-05 140
1764501310631 9.807616673351506e-05 145
1764501372147 9.789521283492024e-05 150
1764501433871 9.770631114307417e-05 155
1764501494763 9.750949333526028e-05 160
1764501556161 9.730479241623055e-05 165
1764501617441 9.709224271267086e-05 170
1764501679204 9.687187986744465e-05 175
1764501740734 9.664374083361599e-05 180
1764501802170 9.640786386825266e-05 185
1764501863638 9.616428852601101e-05 190
1764501924876 9.591305565250274e-05 195
1764501986003 9.565420737744553e-05 200
1764502047377 9.538778710759823e-05 205
1764502109444 9.51138395194819e-05 210
1764502170521 9.483241055188782e-05 215
1764502231099 9.454354739817404e-05 220
1764502292441 9.424729849835142e-05 225
1764502354038 9.394371353096059e-05 230
1764502415143 9.363284340474128e-05 235
1764502476130 9.331474025009536e-05 240
1764502537565 9.298945741034497e-05 245
1764502599209 9.265704943278725e-05 250
1764502684522 9.231757205954728e-05 255
1764502745858 9.197108221823044e-05 260
1764502807021 9.161763801237629e-05 265
1764502867989 9.125729871171497e-05 270
1764502929574 9.089012474222816e-05 275
1764502991299 9.05161776760161e-05 280
1764503052647 9.013552022097252e-05 285
1764503114002 8.974821621026896e-05 290
1764503175383 8.935433059165054e-05 295
1764503236662 8.89539294165447e-05 300
1764503297958 8.854707982898497e-05 305
1764503359806 8.813385005435128e-05 310
1764503420557 8.771430938792937e-05 315
1764503481709 8.728852818329037e-05 320
1764503542498 8.685657784049306e-05 325
1764503603521 8.641853079411081e-05 330
1764503665332 8.597446050108473e-05 335
1764503727173 8.552444142840566e-05 340
1764503788395 8.506854904062649e-05 345
1764503849937 8.460685978720757e-05 350
1764503911092 8.413945108969663e-05 355
1764503972701 8.366640132874582e-05 360
1764504034202 8.318778983096798e-05 365
1764504095238 8.270369685563412e-05 370
1764504156380 8.221420358121464e-05 375
1764504241616 8.171939209176634e-05 380
1764504302805 8.121934536316763e-05 385
1764504363984 8.071414724920407e-05 390
1764504425203 8.020388246750688e-05 395
1764504486628 7.968863658534635e-05 400
1764504547688 7.916849600528301e-05 405
1764504609043 7.864354795067854e-05 410
1764504670520 7.811388045106918e-05 415
1764504732313 7.757958232740386e-05 420
1764504793121 7.704074317714967e-05 425
1764504854072 7.649745335926703e-05 430
1764504916298 7.59498039790573e-05 435
1764504978457 7.539788687288515e-05 440
1764505039754 7.484179459277826e-05 445
1764505101295 7.42816203909072e-05 450
1764505162373 7.371745820394772e-05 455
1764505223531 7.314940263732844e-05 460
1764505285092 7.257754894936611e-05 465
1764505347041 7.20019930352917e-05 470
1764505408919 7.142283141116952e-05 475
1764505470124 7.084016119771226e-05 480
1764505531890 7.025408010399457e-05 485
1764505592715 6.966468641106812e-05 490
1764505654237 6.907207895548065e-05 495
1764505715934 6.847635711270184e-05 500
1764505800748 6.787762078045882e-05 505
1764505861644 6.727597036198431e-05 510
1764505922898 6.667150674917958e-05 515
1764505984362 6.606433130569583e-05 520
1764506045804 6.545454584993632e-05 525
1764506107000 6.484225263798218e-05 530
1764506168876 6.422755434644498e-05 535
