1764499568395 0.24986229836940765 5
1764499629869 0.24973814189434052 10
1764499691217 0.25043735901514685 15
1764499752610 0.2483969877163569 20
1764499813827 0.2470072160164515 25
1764499875282 0.24574602643648782 30
1764499936814 0.2486484299103419 35
1764499998351 0.2476133108139038 40
1764500060200 0.26008818546930945 45
1764500120883 0.24942881862322488 50
1764500182751 0.24730669955412546 55
1764500244051 0.2595355908075968 60
1764500305471 0.24820034702618915 65
1764500366513 0.24946347872416177 70
1764500428300 0.24534355600674945 75
1764500489698 0.25236737728118896 80
1764500550386 0.24487119416395822 85
1764500612219 0.24058024088541666 90
1764500673719 0.25043249130249023 95
1764500735048 0.246835192044576 100
1764500796548 0.24445384740829468 105
1764500857608 0.2425370415051778 110
1764500919371 0.24924037357171375 115
1764500981062 0.2426322102546692 120
1764501041919 0.24543649454911548 125
1764501127050 0.2656333247820536 130
1764501188429 0.24554910759131113 135
1764501249625 0.2479619781176249 140
1764501310631 0.2554157127936681 145
1764501372147 0.24767890572547913 150
1764501433871 0.24172528584798175 155
1764501494763 0.2415053347746531 160
1764501556161 0.25053395330905914 165
1764501617441 0.24003950258096057 170
1764501679204 0.250772883494695 175
1764501740734 0.24251364668210346 180
1764501802170 0.24527702728907266 185
1764501863638 0.23520162204901376 190
1764501924876 0.24257328112920123 195
1764501986003 0.2455469767252604 200
1764502047377 0.24890102942784625 205
1764502109444 0.244905615846316 210
1764502170521 0.24333754181861877 215
1764502231099 0.23581002155939737 220
1764502292441 0.24617652098337808 225
1764502354038 0.2335596481959025 230
1764502415143 0.23517070710659027 235
1764502476130 0.23756945133209229 240
1764502537565 0.22735463082790375 245
1764502599209 0.25456036130587256 250
1764502684522 0.24103543162345886 255
1764502745858 0.23295873403549194 260
1764502807021 0.2321568876504898 265
1764502867989 0.22714922328790027 270
1764502929574 0.2332128882408142 275
1764502991299 0.23467284440994263 280
1764503052647 0.22434857487678528 285
1764503114002 0.2237399766842524 290
1764503175383 0.23088129361470539 295
1764503236662 0.22230133910973865 300
1764503297958 0.22701202829678852 305
1764503359806 0.21809040009975433 310
1764503420557 0.22265593707561493 315
1764503481709 0.22444462279478708 320
1764503542498 0.2065256933371226 325
1764503603521 0.2232457399368286 330
1764503665332 0.19619499643643695 335
1764503727173 0.2140626460313797 340
1764503788395 0.21946717302004495 345
1764503849937 0.20268564422925311 350
1764503911092 0.21620876590410867 355
1764503972701 0.2026452124118805 360
1764504034202 0.1957446535428365 365
1764504095238 0.21507118145624796 370
1764504156380 0.1979875514904658 375
1764504241616 0.21225135028362274 380
1764504302805 0.20934694508711496 385
1764504363984 0.19530691703160602 390
1764504425203 0.19861840705076853 395
1764504486628 0.20072727898756662 400
1764504547688 0.18447420994440714 405
1764504609043 0.19523803889751434 410
1764504670520 0.19816503425439197 415
1764504732313 0.1920223832130432 420
1764504793121 0.18605748812357584 425
1764504854072 0.19332181910673776 430
1764504916298 0.19042620062828064 435
1764504978457 0.1825777341922124 440
1764505039754 0.19732483228047687 445
1764505101295 0.18102596700191498 450
1764505162373 0.18796954055627185 455
1764505223531 0.1856772204240163 460
1764505285092 0.18631979326407114 465
1764505347041 0.17687192062536874 470
1764505408919 0.1764811376730601 475
1764505470124 0.16059419016043344 480
1764505531890 0.17638289431730905 485
1764505592715 0.17561099926630655 490
1764505654237 0.1784504602352778 495
1764505715934 0.16866290072600046 500
1764505800748 0.16346260408560434 505
1764505861644 0.17029231786727905 510
1764505922898 0.15985040863355 515
1764505984362 0.1522880345582962 520
1764506045804 0.16684411962827045 525
1764506107000 0.15433802704016367 530
1764506168876 0.16505150000254312 535
