1764499568395 6.75675718918919e-05 5
1764499629869 0.00013513513878378382 10
1764499691217 0.00020270270567567574 15
1764499752610 0.0002702702725675677 20
1764499813827 0.0003378378394594596 25
1764499875282 0.00040540540635135156 30
1764499936814 0.0004729729732432435 35
1764499998351 0.0004999924688894531 40
1764500060200 0.0004999464470825705 45
1764500120883 0.0004998585951272386 50
1764500182751 0.0004997289277555184 55
1764500244051 0.0004995574667115779 60
1764500305471 0.0004993442407480452 65
1764500366513 0.0004990892856211869 70
1764500428300 0.0004987926440849126 75
1764500489698 0.0004984543658836048 80
1764500550386 0.0004980745077437775 85
1764500612219 0.0004976531333645636 90
1764500673719 0.000497190313407033 95
1764500735048 0.0004966861254823432 100
1764500796548 0.0004961406541387251 105
1764500857608 0.0004955539908473042 110
1764500919371 0.0004949262339867617 115
1764500981062 0.0004942574888268382 120
1764501041919 0.0004935478675106793 125
1764501127050 0.0004927974890360313 130
1764501188429 0.0004920064792352858 135
1764501249625 0.0004911749707543785 140
1764501310631 0.0004903031030305455 145
1764501372147 0.0004893910222689414 150
1764501433871 0.0004884388814181211 155
1764501494763 0.0004874468401443925 160
1764501556161 0.00048641506480504064 165
1764501617441 0.00048534372842043167 170
1764501679204 0.00048423301064499865 175
1764501740734 0.00048308309773711466 180
1764501802170 0.0004818941825278591 185
1764501863638 0.0004806664643886814 190
1764501924876 0.00047940014919796805 195
1764501986003 0.0004780954493065181 200
1764502047377 0.00047675258350193437 205
1764502109444 0.00047537177697193377 210
1764502170521 0.0004739532612665858 215
1764502231099 0.00047249727425948307 220
1764502292441 0.000471004060107852 225
1764502354038 0.00046947386921160936 230
1764502415143 0.0004679069581713727 235
1764502476130 0.00046630358974543006 240
1764502537565 0.00046466403280567804 245
1764502599209 0.0004629885622925336 250
1764502684522 0.00046127745916882905 255
1764502745858 0.00045953101037269663 260
1764502807021 0.00045774950876945205 265
1764502867989 0.00045593325310248233 270
1764502929574 0.00045408254794314975 275
1764502991299 0.00045219770363971723 280
1764503052647 0.00045027903626530564 285
1764503114002 0.00044832686756489083 290
1764503175383 0.0004463415249013495 295
1764503236662 0.00044432334120056357 300
1764503297958 0.00044227265489559073 305
1764503359806 0.00044018980986991187 310
1764503420557 0.00043807515539976506 315
1764503481709 0.00043592904609557445 320
1764503542498 0.00043375184184248495 325
1764503603521 0.0004315439077400128 330
1764503665332 0.00042930561404082085 335
1764503727173 0.0004270373360886303 340
1764503788395 0.0004247394542552787 345
1764503849937 0.0004224123538769348 350
1764503911092 0.00042005642518948066 355
1764503972701 0.000417672063263072 360
1764504034202 0.0004152596679358888 365
1764504095238 0.0004128196437470848 370
1764504156380 0.0004103523998689503 375
1764504241616 0.0004078583500382968 380
1764504302805 0.00040533791248707697 385
1764504363984 0.0004027915098722506 390
1764504425203 0.00040021956920490825 395
1764504486628 0.00039762252177866474 400
1764504547688 0.00039500080309733533 405
1764504609043 0.0003923548528019047 410
1764504670520 0.00038968511459680304 415
1764504732313 0.0003869920361755 420
1764504793121 0.00038427606914543083 425
1764504854072 0.0003815376689522649 430
1764504916298 0.00037877729480353104 435
1764504978457 0.00037599540959161286 440
1764505039754 0.00037319247981612455 445
1764505101295 0.00037036897550568354 450
1764505162373 0.0003675253701390899 455
1764505223531 0.000364662140565928 460
1764505285092 0.0003617797669266027 465
1764505347041 0.0003588787325718236 470
1764505408919 0.0003559595239815512 475
1764505470124 0.0003530226306834182 480
1764505531890 0.0003500685451706391 485
1764505592715 0.00034709776281942393 490
1764505654237 0.00034411078180590735 495
1764505715934 0.00034110810302260804 500
1764505800748 0.00033809022999443364 505
1764505861644 0.00033505766879424393 510
1764505922898 0.00033201092795798583 515
1764505984362 0.0003289505183994163 520
1764506045804 0.0003258769533244264 525
1764506107000 0.00032279074814498085 530
1764506168876 0.00031969242039268735 535
