1764837039812 6.410257346153845e-06 5
1764837074976 1.2820513692307686e-05 10
1764837109971 1.923077003846153e-05 15
1764837145039 2.5641026384615366e-05 20
1764837180280 3.2051282730769205e-05 25
1764837215234 3.8461539076923044e-05 30
1764837250366 4.487179542307689e-05 35
1764837285501 5.128205176923072e-05 40
1764837320590 5.769230811538457e-05 45
1764837355714 6.410256446153843e-05 50
1764837390885 7.051282080769226e-05 55
1764837425814 7.69230771538461e-05 60
1764837460955 8.333333349999996e-05 65
1764837496271 8.974358984615378e-05 70
1764837531254 9.615384619230763e-05 75
1764837566641 9.999984609387289e-05 80
1764837601756 9.99981146608787e-05 85
1764837636811 9.999445947940871e-05 90
1764837672104 9.998888069080797e-05 95
1764837707200 9.998137851080702e-05 100
1764837742278 9.997195322951345e-05 105
1764837777647 9.996060521140082e-05 110
1764837812920 9.994733489529442e-05 115
1764837847988 9.993214279435442e-05 120
1764837883327 9.991502949605594e-05 125
1764837918585 9.989599566216643e-05 130
1764837953641 9.987504202872001e-05 135
1764837989147 9.985216940598897e-05 140
1764838024316 9.982737867845252e-05 145
1764838059344 9.980067080476255e-05 150
1764838094741 9.977204681770662e-05 155
1764838129913 9.974150782416788e-05 160
1764838165025 9.970905500508237e-05 165
1764838200325 9.967468961539335e-05 170
1764838235602 9.963841298400277e-05 175
1764838270691 9.960022651371986e-05 180
1764838305864 9.956013168120686e-05 185
1764838340834 9.951813003692204e-05 190
1764838376123 9.947422320505955e-05 195
1764838411332 9.942841288348678e-05 200
1764838446306 9.938070084367865e-05 205
1764838481426 9.933108893064905e-05 210
1764838516603 9.927957906287958e-05 215
1764838551533 9.922617323224532e-05 220
1764838586815 9.917087350393776e-05 225
1764838622066 9.911368201638508e-05 230
1764838657030 9.905460098116935e-05 235
1764838692178 9.899363268294094e-05 240
1764838727405 9.893077947933034e-05 245
1764838762326 9.886604380085689e-05 250
1764838797491 9.879942815083479e-05 255
1764838832712 9.873093510527633e-05 260
1764838867725 9.866056731279232e-05 265
1764838903026 9.858832749448955e-05 270
1764838938259 9.851421844386564e-05 275
1764838973284 9.8438243026701e-05 280
1764839008565 9.836040418094807e-05 285
1764839043712 9.828070491661759e-05 290
1764839078804 9.819914831566231e-05 295
1764839114091 9.811573753185778e-05 300
1764839149231 9.803047579068031e-05 305
1764839184269 9.794336638918244e-05 310
1764839219726 9.785441269586524e-05 315
1764839254885 9.776361815054812e-05 320
1764839290032 9.767098626423588e-05 325
1764839325280 9.757652061898288e-05 330
1764839360307 9.74802248677545e-05 335
1764839395527 9.738210273428592e-05 340
1764839430869 9.728215801293808e-05 345
1764839465826 9.718039456855104e-05 350
1764839501174 9.707681633629446e-05 355
1764839536356 9.697142732151543e-05 360
1764839571252 9.686423159958357e-05 365
1764839606537 9.675523331573355e-05 370
1764839641753 9.66444366849046e-05 375
1764839676678 9.65318459915777e-05 380
1764839711914 9.641746558960975e-05 385
1764839747228 9.630129990206538e-05 390
1764839782213 9.618335342104574e-05 395
1764839817506 9.606363070751488e-05 400
1764839852682 9.59421363911234e-05 405
1764839887746 9.581887517002935e-05 410
1764839923076 9.569385181071664e-05 415
1764839958291 9.55670711478106e-05 420
1764839993322 9.543853808389113e-05 425
1764840028685 9.530825758930311e-05 430
1764840063844 9.517623470196409e-05 435
1764840098953 9.504247452716968e-05 440
1764840134317 9.490698223739591e-05 445
1764840169502 9.476976307209936e-05 450
1764840204444 9.463082233751447e-05 455
1764840239613 9.449016540644842e-05 460
1764840274852 9.434779771807328e-05 465
1764840310034 9.420372477771574e-05 470
1764840345166 9.40579521566442e-05 475
1764840380119 9.391048549185338e-05 480
1764840415421 9.37613304858462e-05 485
1764840450610 9.361049290641343e-05 490
1764840485713 9.345797858641054e-05 495
1764840521110 9.330379342353222e-05 500
1764840556165 9.314794338008425e-05 505
1764840591206 9.2990434482753e-05 510
1764840626525 9.28312728223723e-05 515
1764840661694 9.2670464553688e-05 520
1764840713064 9.250801589511991e-05 525
1764840749003 9.234393312852134e-05 530
1764840784693 9.217822259893624e-05 535
1764840819779 9.201089071435372e-05 540
1764840855134 9.184194394546036e-05 545
1764840890537 9.167138882538996e-05 550
1764840925672 9.149923194947091e-05 555
1764840960998 9.13254799749711e-05 560
1764840996027 9.115013962084058e-05 565
1764841031265 9.097321766745165e-05 570
1764841066743 9.079472095633669e-05 575
1764841101819 9.061465638992364e-05 580
1764841137048 9.043303093126904e-05 585
1764841172435 9.02498516037888e-05 590
1764841207416 9.006512549098655e-05 595
1764841242869 8.987885973617979e-05 600
1764841278130 8.969106154222363e-05 605
1764841313228 8.950173817123229e-05 610
1764841348519 8.931089694429817e-05 615
1764841383778 8.911854524120892e-05 620
1764841418856 8.892469050016184e-05 625
1764841454170 8.87293402174765e-05 630
1764841489463 8.853250194730466e-05 635
1764841524667 8.833418330133823e-05 640
1764841560097 8.813439194851491e-05 645
1764841595430 8.793313561472168e-05 650
1764841630525 8.7730422082496e-05 655
1764841665981 8.752625919072483e-05 660
1764841701279 8.73206548343416e-05 665
1764841736404 8.711361696402078e-05 670
1764841771919 8.69051535858706e-05 675
1764841807193 8.669527276112324e-05 680
1764841842266 8.648398260582332e-05 685
1764841877610 8.627129129051395e-05 690
1764841912941 8.605720703992072e-05 695
1764841947998 8.584173813263378e-05 700
1764841983521 8.562489290078759e-05 705
1764842018682 8.540667972973882e-05 710
1764842053859 8.518710705774202e-05 715
1764842089115 8.496618337562336e-05 720
1764842124322 8.474391722645225e-05 725
1764842159440 8.452031720521097e-05 730
1764842194662 8.429539195846238e-05 735
1764842229859 8.406915018401556e-05 740
1764842265260 8.384160063058932e-05 745
1764842300584 8.361275209747405e-05 750
1764842335665 8.338261343419136e-05 755
1764842371069 8.315119354015194e-05 760
1764842406386 8.291850136431138e-05 765
1764842441403 8.268454590482408e-05 770
1764842476800 8.244933620869542e-05 775
1764842512078 8.221288137143176e-05 780
1764842547142 8.197519053668883e-05 785
1764842582537 8.173627289591805e-05 790
1764842617836 8.149613768801123e-05 795
1764842652926 8.125479419894317e-05 800
1764842688258 8.101225176141265e-05 805
1764842723510 8.076851975448154e-05 810
1764842758604 8.052360760321206e-05 815
1764842794107 8.027752477830241e-05 820
1764842829417 8.003028079572039e-05 825
1764842864608 7.978188521633554e-05 830
1764842899916 7.953234764554943e-05 835
1764842935137 7.928167773292416e-05 840
1764842970217 7.902988517180919e-05 845
1764843005474 7.87769796989666e-05 850
1764843040870 7.852297109419454e-05 855
1764843075930 7.826786917994895e-05 860
1764843111389 7.801168382096385e-05 865
1764843146716 7.775442492386981e-05 870
1764843181753 7.749610243681092e-05 875
1764843217046 7.723672634905998e-05 880
1764843252244 7.697630669063233e-05 885
1764843287463 7.6714853531898e-05 890
1764843322828 7.645237698319221e-05 895
1764843357935 7.618888719442441e-05 900
1764843393280 7.592439435468586e-05 905
1764843428519 7.565890869185554e-05 910
1764843463655 7.539244047220473e-05 915
1764843499012 7.51249999999999e-05 920
1764843534368 7.485659761710437e-05 925
1764843569539 7.458724370257828e-05 930
1764843604921 7.431694867227732e-05 935
1764843640156 7.404572297844987e-05 940
1764843675261 7.377357710933292e-05 945
1764843710630 7.350052158874643e-05 950
1764843745909 7.322656697568631e-05 955
1764843781003 7.295172386391628e-05 960
1764843816420 7.267600288155797e-05 965
1764843851641 7.239941469068023e-05 970
1764843886744 7.212196998688654e-05 975
1764843922088 7.18436794989016e-05 980
1764843957255 7.156455398815637e-05 985
1764843992356 7.128460424837198e-05 990
1764844027636 7.10038411051423e-05 995
1764844063154 7.072227541551536e-05 1000
1764844098314 7.043991806757345e-05 1005
1764844133595 7.015677998001205e-05 1010
1764844169159 6.987287210171776e-05 1015
1764844204173 6.958820541134478e-05 1020
1764844239425 6.930279091689045e-05 1025
1764844274769 6.901663965526943e-05 1030
1764844309893 6.872976269188708e-05 1035
1764844345183 6.844217112021146e-05 1040
1764844400113 6.815387606134435e-05 1045
1764844435875 6.786488866359128e-05 1050
1764844471638 6.757522010203031e-05 1055
1764844507114 6.728488157807996e-05 1060
1764844542377 6.699388431906612e-05 1065
1764844577674 6.670223957778772e-05 1070
1764844612856 6.640995863208174e-05 1075
1764844648164 6.611705278438705e-05 1080
1764844683509 6.582353336130728e-05 1085
1764844718681 6.552941171317293e-05 1090
1764844753876 6.523469921360244e-05 1095
1764844789144 6.493940725906227e-05 1100
1764844824379 6.464354726842627e-05 1105
1764844859610 6.434713068253424e-05 1110
1764844894941 6.405016896374924e-05 1115
1764844930170 6.375267359551462e-05 1120
1764844965522 6.345465608190975e-05 1125
1764845000766 6.315612794720528e-05 1130
1764845035873 6.285710073541746e-05 1135
1764845071279 6.255758600986176e-05 1140
1764845106465 6.225759535270568e-05 1145
1764845141538 6.195714036452085e-05 1150
1764845176951 6.165623266383455e-05 1155
1764845212227 6.13548838866803e-05 1160
1764845247369 6.105310568614798e-05 1165
1764845282753 6.075090973193313e-05 1170
1764845318077 6.044830770988579e-05 1175
1764845353145 6.0145311321558506e-05 1180
1764845388512 5.984193228375392e-05 1185
1764845423792 5.953818232807162e-05 1190
1764845458878 5.92340732004545e-05 1195
1764845494234 5.892961666073453e-05 1200
1764845529489 5.8624824482178114e-05 1205
1764845564675 5.831970845103062e-05 1210
1764845600059 5.801428036606085e-05 1215
1764845635418 5.7708552038104536e-05 1220
1764845670619 5.740253528960782e-05 1225
1764845705860 5.7096241954169973e-05 1230
1764845741169 5.678968387608581e-05 1235
1764845776341 5.648287290988769e-05 1240
1764845811661 5.6175820919887125e-05 1245
1764845846765 5.586853977971597e-05 1250
1764845882234 5.556104137186717e-05 1255
1764845917568 5.5253337587235504e-05 1260
1764845952621 5.4945440324657504e-05 1265
1764845987960 5.4637361490451565e-05 1270
1764846023291 5.43291129979573e-05 1275
1764846058347 5.402070676707504e-05 1280
1764846093775 5.371215472380482e-05 1285
1764846129103 5.340346879978516e-05 1290
1764846164136 5.3094660931831796e-05 1295
1764846199468 5.2785743061475946e-05 1300
1764846234706 5.247672713450261e-05 1305
1764846269725 5.216762510048864e-05 1310
1764846305165 5.18584489123406e-05 1315
1764846340507 5.154921052583258e-05 1320
1764846375601 5.1239921899143906e-05 1325
1764846410900 5.093059499239662e-05 1330
1764846446204 5.0621241767193087e-05 1335
1764846481283 5.0311874186153384e-05 1340
1764846516763 5.0002504212452735e-05 1345
1764846552030 4.9693143809358864e-05 1350
1764846587143 4.9383804939769446e-05 1355
1764846622652 4.9074499565749395e-05 1360
1764846657872 4.876523964806845e-05 1365
1764846693147 4.845603714573847e-05 1370
1764846728643 4.814690401555115e-05 1375
1764846763767 4.783785221161553e-05 1380
1764846798956 4.75288936848958e-05 1385
1764846834359 4.7220040382749145e-05 1390
1764846869540 4.691130424846371e-05 1395
1764846904744 4.6602697220796816e-05 1400
1764846940108 4.629423123351328e-05 1405
1764846975189 4.598591821492388e-05 1410
1764847010449 4.567777008742412e-05 1415
1764847045660 4.536979876703326e-05 1420
1764847080665 4.5062016162933374e-05 1425
1764847116087 4.475443417700904e-05 1430
1764847151528 4.444706470338687e-05 1435
1764847186630 4.4139919627975746e-05 1440
1764847222071 4.383301082800705e-05 1445
1764847257331 4.352635017157551e-05 1450
1764847292577 4.321994951718018e-05 1455
1764847327984 4.29138207132659e-05 1460
1764847363403 4.2607975597765063e-05 1465
1764847398558 4.230242599763995e-05 1470
1764847433920 4.1997183728425334e-05 1475
1764847469259 4.169226059377149e-05 1480
1764847504336 4.138766838498796e-05 1485
1764847539720 4.108341888058735e-05 1490
1764847574929 4.077952384583e-05 1495
1764847610040 4.047599503226898e-05 1500
1764847645403 4.0172844177295654e-05 1505
1764847680698 3.987008300368589e-05 1510
1764847715742 3.956772321914659e-05 1515
1764847751142 3.926577651586302e-05 1520
1764847786452 3.896425457004673e-05 1525
1764847821481 3.866316904148398e-05 1530
1764847856912 3.8362531573084876e-05 1535
1764847892043 3.806235379043311e-05 1540
1764847927212 3.7762647301336476e-05 1545
1764847962616 3.7463423695377906e-05 1550
1764847997876 3.716469454346738e-05 1555
1764848033149 3.686647139739443e-05 1560
1764848084461 3.656876578938149e-05 1565
1764848120335 3.627158923163787e-05 1570
1764848156437 3.597495321591464e-05 1575
1764848192017 3.5678869213060245e-05 1580
1764848227185 3.538334867257687e-05 1585
1764848262595 3.508840302217783e-05 1590
1764848297862 3.479404366734546e-05 1595
1764848333031 3.450028199089026e-05 1600
1764848368403 3.420712935251057e-05 1605
1764848403743 3.391459708835341e-05 1610
1764848438858 3.362269651057606e-05 1615
1764848474205 3.3331438906908644e-05 1620
1764848509301 3.3040835540217596e-05 1625
1764848544507 3.2750897648070136e-05 1630
1764848579887 3.2461636442299774e-05 1635
1764848615090 3.2173063108572674e-05 1640
1764848650222 3.188518880595519e-05 1645
1764848685501 3.159802466648224e-05 1650
1764848720713 3.131158179472695e-05 1655
1764848756091 3.1025871267371125e-05 1660
1764848791347 3.074090413277702e-05 1665
1764848826520 3.045669141056001e-05 1670
1764848861795 3.0173244091162586e-05 1675
1764848897113 2.9890573135429222e-05 1680
1764848932346 2.9608689474182627e-05 1685
1764848967613 2.932760400780094e-05 1690
1764849002952 2.9047327605796354e-05 1695
1764849038155 2.8767871106394697e-05 1700
1764849073413 2.8489245316116336e-05 1705
1764849108589 2.821146100935831e-05 1710
1764849143610 2.793452892797771e-05 1715
1764849178996 2.7658459780876192e-05 1720
1764849214286 2.7383264243585968e-05 1725
1764849249344 2.710895295785701e-05 1730
1764849284845 2.6835536531245416e-05 1735
1764849320070 2.6563025536703275e-05 1740
1764849355086 2.6291430512169858e-05 1745
1764849390440 2.6020761960164036e-05 1750
1764849425623 2.5751030347378285e-05 1755
1764849460770 2.548224610427375e-05 1760
1764849496230 2.521441962467703e-05 1765
1764849531468 2.4947561265378266e-05 1770
1764849566760 2.4681681345730554e-05 1775
1764849602145 2.4416790147250965e-05 1780
1764849637226 2.4152897913222957e-05 1785
1764849672613 2.3890014848300232e-05 1790
1764849708072 2.3628151118112156e-05 1795
1764849743185 2.336731684887068e-05 1800
1764849778515 2.310752212697864e-05 1805
1764849813816 2.2848776998639934e-05 1810
1764849848928 2.2591091469470816e-05 1815
1764849884427 2.233447550411314e-05 1820
1764849919671 2.207893902584889e-05 1825
1764849954870 2.1824491916216575e-05 1830
1764849990299 2.1571144014629104e-05 1835
1764850025518 2.1318905117993198e-05 1840
1764850060695 2.1067784980330578e-05 1845
1764850096181 2.0817793312400876e-05 1850
1764850131301 2.0568939781326012e-05 1855
1764850166764 2.0321234010216418e-05 1860
1764850202121 2.0074685577798912e-05 1865
1764850237391 1.9829304018046265e-05 1870
1764850272657 1.9585098819808554e-05 1875
1764850308061 1.9342079426446213e-05 1880
1764850343296 1.910025523546488e-05 1885
1764850378478 1.8859635598151974e-05 1890
1764850413877 1.862022981921509e-05 1895
1764850449008 1.8382047156422194e-05 1900
1764850484385 1.814509682024365e-05 1905
1764850519887 1.790938797349597e-05 1910
1764850555037 1.767492973098756e-05 1915
1764850590447 1.744173115916631e-05 1920
1764850625853 1.720980127576887e-05 1925
1764850660945 1.697914904947197e-05 1930
1764850696242 1.6749783399545662e-05 1935
1764850731481 1.652171319550835e-05 1940
1764850766830 1.6294947256783907e-05 1945
1764850802165 1.6069494352360454e-05 1950
1764850837416 1.5845363200451436e-05 1955
1764850872652 1.5622562468158404e-05 1960
1764850907880 1.5401100771135882e-05 1965
1764850943022 1.5180986673258198e-05 1970
1764850978489 1.4962228686288326e-05 1975
1764851013802 1.474483526954874e-05 1980
1764851049072 1.4528814829594272e-05 1985
1764851084392 1.4314175719887079e-05 1990
1764851119703 1.4100926240473503e-05 1995
1764851154931 1.3889074637663314e-05 2000
1764851190080 1.3678629103710628e-05 2005
1764851225457 1.3469597776497208e-05 2010
1764851260692 1.3261988739217776e-05 2015
1764851295855 1.305581002006736e-05 2020
1764851331138 1.2851069591931001e-05 2025
1764851366260 1.264777537207528e-05 2030
1764851401470 1.2445935221842253e-05 2035
1764851436894 1.2245556946345402e-05 2040
1764851471988 1.204664829416787e-05 2045
1764851507275 1.184921695706276e-05 2050
1764851542670 1.1653270569655809e-05 2055
1764851577837 1.1458816709149976e-05 2060
1764851613107 1.12658628950326e-05 2065
1764851648432 1.1074416588784562e-05 2070
1764851683690 1.0884485193591728e-05 2075
1764851719009 1.06960760540587e-05 2080
1764851773730 1.0509196455924808e-05 2085
1764851809619 1.0323853625782338e-05 2090
1764851845474 1.0140054730797114e-05 2095
1764851881247 9.95780687843134e-06 2100
1764851916498 9.777117116168698e-06 2105
1764851951860 9.597992431241944e-06 2110
1764851987122 9.420439750362607e-06 2115
1764852022163 9.244465939453188e-06 2120
1764852057584 9.0700778033816e-06 2125
1764852092828 8.897282085698087e-06 2130
1764852128091 8.726085468374466e-06 2135
1764852163460 8.556494571545666e-06 2140
1764852198546 8.388515953253744e-06 2145
1764852233753 8.22215610919433e-06 2150
1764852269094 8.057421472465421e-06 2155
1764852304203 7.894318413318596e-06 2160
1764852339550 7.73285323891271e-06 2165
1764852374876 7.573032193069974e-06 2170
1764852410122 7.414861456034502e-06 2175
1764852445341 7.2583471442333546e-06 2180
1764852480608 7.1034953100399825e-06 2185
1764852515850 6.950311941540211e-06 2190
1764852551049 6.798802962300671e-06 2195
1764852586284 6.648974231139716e-06 2200
1764852621512 6.500831541900907e-06 2205
1764852656759 6.354380623228921e-06 2210
1764852691988 6.209627138348043e-06 2215
1764852727162 6.066576684843203e-06 2220
1764852762420 5.925234794443468e-06 2225
1764852797710 5.785606932808138e-06 2230
1764852833026 5.647698499315413e-06 2235
1764852868288 5.511514826853603e-06 2240
1764852903580 5.377061181614901e-06 2245
1764852938786 5.2443427628917e-06 2250
1764852974032 5.113364702875596e-06 2255
1764853009344 4.984132066458897e-06 2260
1764853044426 4.856649851038775e-06 2265
1764853079767 4.730922986324006e-06 2270
1764853115082 4.606956334144357e-06 2275
1764853150295 4.484754688262551e-06 2280
1764853185496 4.364322774188929e-06 2285
1764853220706 4.245665248998705e-06 2290
1764853256123 4.128786701151828e-06 2295
1764853291321 4.013691650315651e-06 2300
1764853326686 3.900384547190057e-06 2305
1764853361905 3.788869773335412e-06 2310
1764853397231 3.679151641003083e-06 2315
1764853432468 3.5712343929687254e-06 2320
1764853467741 3.4651222023682136e-06 2325
1764853503086 3.3608191725362495e-06 2330
1764853538308 3.258329336847667e-06 2335
1764853573577 3.157656658561518e-06 2340
1764853608869 3.058805030667773e-06 2345
1764853644080 2.9617782757367834e-06 2350
1764853679450 2.8665801457714794e-06 2355
1764853714738 2.773214322062279e-06 2360
1764853749974 2.6816844150447174e-06 2365
1764853785293 2.5919939641598313e-06 2370
1764853820641 2.504146437717326e-06 2375
1764853855742 2.4181452327614093e-06 2380
1764853891091 2.333993674939457e-06 2385
1764853926536 2.2516950183734063e-06 2390
1764853961642 2.1712524455339133e-06 2395
1764853996979 2.09266906711728e-06 2400
1764854032360 2.015947921925197e-06 2405
1764854067474 1.9410919767472055e-06 2410
1764854102730 1.8681041262459708e-06 2415
1764854138105 1.7969871928453692e-06 2420
1764854173255 1.7277439266213077e-06 2425
1764854208549 1.6603770051954183e-06 2430
1764854243911 1.5948890336315049e-06 2435
1764854279199 1.5312825443347962e-06 2440
1764854314595 1.4695599969539965e-06 2445
1764854349912 1.4097237782862382e-06 2450
1764854385094 1.3517762021847152e-06 2455
1764854420459 1.2957195094692546e-06 2460
1764854455728 1.2415558678396212e-06 2465
1764854490949 1.1892873717917393e-06 2470
1764854526217 1.1389160425366769e-06 2475
1764854561434 1.0904438279224668e-06 2480
1764854596743 1.0438726023588186e-06 2485
1764854632026 9.992041667446196e-07 2490
1764854667123 9.564402483982895e-07 2495
1764854702409 9.15582500990997e-07 2500
1764854737820 8.766325044827016e-07 2505
1764854772987 8.395917650610582e-07 2510
1764854808378 8.044617150831899e-07 2515
1764854843785 7.71243713020272e-07 2520
1764854878886 7.399390434050274e-07 2525
1764854914215 7.105489167820218e-07 2530
1764854949634 6.830744696608969e-07 2535
1764854984779 6.575167644723725e-07 2540
1764855020034 6.338767895272066e-07 2545
1764855055448 6.121554589779359e-07 2550
1764855090546 5.9235361278357e-07 2555
1764855125819 5.744720166770594e-07 2560
1764855161077 5.585113621357449e-07 2565
1764855196333 5.444722663545643e-07 2570
1764855231638 5.323552722222186e-07 2575
1764855266961 5.221608483001507e-07 2580
1764855302236 5.138893888044668e-07 2585
1764855337578 5.075412135906537e-07 2590
1764855372865 5.031165681412284e-07 2595
1764855408037 5.006156235562439e-07 2600
1764855443355 5.000384765466601e-07 2605
