1764837039812 1.232421875 5
1764837074976 1.29296875 10
1764837109971 1.134765625 15
1764837145039 1.248046875 20
1764837180280 1.109375 25
1764837215234 1.173828125 30
1764837250366 1.134765625 35
1764837285501 1.07421875 40
1764837320590 1.154296875 45
1764837355714 1.189453125 50
1764837390885 1.11328125 55
1764837425814 1.099609375 60
1764837460955 1.001953125 65
1764837496271 1.1953125 70
1764837531254 1.279296875 75
1764837566641 1.1484375 80
1764837601756 0.9501953125 85
1764837636811 1.111328125 90
1764837672104 1.0234375 95
1764837707200 1.1142578125 100
1764837742278 1.09765625 105
1764837777647 1.0595703125 110
1764837812920 1.1298828125 115
1764837847988 1.076171875 120
1764837883327 1.064453125 125
1764837918585 1.052734375 130
1764837953641 1.12109375 135
1764837989147 1.142578125 140
1764838024316 1.041015625 145
1764838059344 1.1201171875 150
1764838094741 1.0244140625 155
1764838129913 0.8974609375 160
1764838165025 1.0048828125 165
1764838200325 1.111328125 170
1764838235602 1.0439453125 175
1764838270691 1.119140625 180
1764838305864 1.06640625 185
1764838340834 1.017578125 190
1764838376123 1.146484375 195
1764838411332 1.09375 200
1764838446306 0.9501953125 205
1764838481426 0.9765625 210
1764838516603 0.9765625 215
1764838551533 1.048828125 220
1764838586815 1.013671875 225
1764838622066 1.171875 230
1764838657030 1.068359375 235
1764838692178 1.146484375 240
1764838727405 1.0859375 245
1764838762326 1.181640625 250
1764838797491 0.974609375 255
1764838832712 0.9462890625 260
1764838867725 1.0546875 265
1764838903026 1.08984375 270
1764838938259 0.9375 275
1764838973284 1.181640625 280
1764839008565 0.962890625 285
1764839043712 0.9638671875 290
1764839078804 1.0390625 295
1764839114091 0.9638671875 300
1764839149231 0.9111328125 305
1764839184269 1.04296875 310
1764839219726 1.189453125 315
1764839254885 0.998046875 320
1764839290032 1.0 325
1764839325280 0.9638671875 330
1764839360307 0.951171875 335
1764839395527 0.98828125 340
1764839430869 0.896484375 345
1764839465826 1.091796875 350
1764839501174 0.908203125 355
1764839536356 1.013671875 360
1764839571252 1.01953125 365
1764839606537 0.9462890625 370
1764839641753 1.017578125 375
1764839676678 0.9853515625 380
1764839711914 1.021484375 385
1764839747228 1.048828125 390
1764839782213 0.970703125 395
1764839817506 0.9638671875 400
1764839852682 0.927734375 405
1764839887746 1.08984375 410
1764839923076 1.083984375 415
1764839958291 1.1162109375 420
1764839993322 0.958984375 425
1764840028685 0.9482421875 430
1764840063844 1.0302734375 435
1764840098953 0.939453125 440
1764840134317 1.072265625 445
1764840169502 1.0390625 450
1764840204444 1.091796875 455
1764840239613 0.873046875 460
1764840274852 0.9541015625 465
1764840310034 0.9658203125 470
1764840345166 1.05859375 475
1764840380119 1.0625 480
1764840415421 1.15234375 485
1764840450610 0.9150390625 490
1764840485713 0.939453125 495
1764840521110 1.037109375 500
1764840556165 1.04296875 505
1764840591206 1.0546875 510
1764840626525 1.064453125 515
1764840661694 1.111328125 520
1764840713064 0.7919921875 525
1764840749003 0.9873046875 530
1764840784693 1.193359375 535
1764840819779 1.0009765625 540
1764840855134 1.0498046875 545
1764840890537 1.0615234375 550
1764840925672 0.986328125 555
1764840960998 1.0068359375 560
1764840996027 1.126953125 565
1764841031265 0.9384765625 570
1764841066743 1.083984375 575
1764841101819 1.0087890625 580
1764841137048 1.0400390625 585
1764841172435 0.9814453125 590
1764841207416 1.16015625 595
1764841242869 0.92578125 600
1764841278130 1.05078125 605
1764841313228 1.08984375 610
1764841348519 1.044921875 615
1764841383778 0.9541015625 620
1764841418856 0.9765625 625
1764841454170 0.953125 630
1764841489463 1.0498046875 635
1764841524667 1.10546875 640
1764841560097 1.0859375 645
1764841595430 0.958984375 650
1764841630525 0.912109375 655
1764841665981 1.0390625 660
1764841701279 0.9189453125 665
1764841736404 0.908203125 670
1764841771919 0.98046875 675
1764841807193 0.89453125 680
1764841842266 0.974609375 685
1764841877610 1.04296875 690
1764841912941 0.935546875 695
1764841947998 0.953125 700
1764841983521 0.9599609375 705
1764842018682 0.986328125 710
1764842053859 0.951171875 715
1764842089115 0.876953125 720
1764842124322 0.9248046875 725
1764842159440 0.947265625 730
1764842194662 0.9697265625 735
1764842229859 1.162109375 740
1764842265260 0.921875 745
1764842300584 0.908203125 750
1764842335665 0.9140625 755
1764842371069 1.09765625 760
1764842406386 1.162109375 765
1764842441403 0.9970703125 770
1764842476800 1.02734375 775
1764842512078 0.982421875 780
1764842547142 0.9755859375 785
1764842582537 0.9619140625 790
1764842617836 0.92578125 795
1764842652926 1.013671875 800
1764842688258 1.0595703125 805
1764842723510 1.021484375 810
1764842758604 0.8955078125 815
1764842794107 1.01171875 820
1764842829417 0.94140625 825
1764842864608 0.8525390625 830
1764842899916 1.04296875 835
1764842935137 1.0029296875 840
1764842970217 0.9375 845
1764843005474 0.92578125 850
1764843040870 1.103515625 855
1764843075930 0.9765625 860
1764843111389 0.947265625 865
1764843146716 0.9765625 870
1764843181753 0.7861328125 875
1764843217046 0.9013671875 880
1764843252244 1.013671875 885
1764843287463 0.951171875 890
1764843322828 0.8466796875 895
1764843357935 0.837890625 900
1764843393280 1.046875 905
1764843428519 1.0595703125 910
1764843463655 0.8369140625 915
1764843499012 1.0068359375 920
1764843534368 1.0029296875 925
1764843569539 0.90234375 930
1764843604921 0.951171875 935
1764843640156 1.0078125 940
1764843675261 0.990234375 945
1764843710630 0.9521484375 950
1764843745909 0.892578125 955
1764843781003 1.0146484375 960
1764843816420 0.974609375 965
1764843851641 1.0224609375 970
1764843886744 0.859375 975
1764843922088 0.94921875 980
1764843957255 0.9716796875 985
1764843992356 0.912109375 990
1764844027636 0.98828125 995
1764844063154 0.98828125 1000
1764844098314 0.853515625 1005
1764844133595 1.044921875 1010
1764844169159 0.822265625 1015
1764844204173 1.04296875 1020
1764844239425 0.890625 1025
1764844274769 1.017578125 1030
1764844309893 1.05859375 1035
1764844345183 0.916015625 1040
1764844400113 0.8896484375 1045
1764844435875 1.03125 1050
1764844471638 0.9658203125 1055
1764844507114 0.97265625 1060
1764844542377 0.9189453125 1065
1764844577674 0.9541015625 1070
1764844612856 0.8583984375 1075
1764844648164 0.98828125 1080
1764844683509 0.8916015625 1085
1764844718681 0.818359375 1090
1764844753876 0.9384765625 1095
1764844789144 0.8759765625 1100
1764844824379 0.9150390625 1105
1764844859610 0.90625 1110
1764844894941 0.9013671875 1115
1764844930170 0.859375 1120
1764844965522 0.8935546875 1125
1764845000766 1.0234375 1130
1764845035873 0.900390625 1135
1764845071279 0.9482421875 1140
1764845106465 0.8662109375 1145
1764845141538 0.91796875 1150
1764845176951 0.96875 1155
1764845212227 0.94921875 1160
1764845247369 0.9697265625 1165
1764845282753 0.84375 1170
1764845318077 0.95703125 1175
1764845353145 0.970703125 1180
1764845388512 1.03125 1185
1764845423792 0.94921875 1190
1764845458878 1.03515625 1195
1764845494234 0.8603515625 1200
1764845529489 0.9404296875 1205
1764845564675 0.990234375 1210
1764845600059 0.9072265625 1215
1764845635418 0.7939453125 1220
1764845670619 0.951171875 1225
1764845705860 0.96484375 1230
1764845741169 0.8662109375 1235
1764845776341 0.91015625 1240
1764845811661 0.98828125 1245
1764845846765 0.9052734375 1250
1764845882234 0.986328125 1255
1764845917568 0.99609375 1260
1764845952621 0.99609375 1265
1764845987960 0.87109375 1270
1764846023291 0.953125 1275
1764846058347 1.021484375 1280
1764846093775 0.8193359375 1285
1764846129103 0.9169921875 1290
1764846164136 0.9716796875 1295
1764846199468 0.814453125 1300
1764846234706 0.9150390625 1305
1764846269725 0.94921875 1310
1764846305165 0.892578125 1315
1764846340507 0.9541015625 1320
1764846375601 0.8505859375 1325
1764846410900 0.927734375 1330
1764846446204 0.8857421875 1335
1764846481283 1.0078125 1340
1764846516763 0.9189453125 1345
1764846552030 0.9521484375 1350
1764846587143 0.994140625 1355
1764846622652 0.923828125 1360
1764846657872 0.9697265625 1365
1764846693147 0.9169921875 1370
1764846728643 0.912109375 1375
1764846763767 1.0263671875 1380
1764846798956 0.97265625 1385
1764846834359 0.8681640625 1390
1764846869540 0.955078125 1395
1764846904744 0.9072265625 1400
1764846940108 0.91796875 1405
1764846975189 0.8505859375 1410
1764847010449 0.9111328125 1415
1764847045660 1.0009765625 1420
1764847080665 0.861328125 1425
1764847116087 0.9921875 1430
1764847151528 0.8671875 1435
1764847186630 0.9140625 1440
1764847222071 0.8916015625 1445
1764847257331 0.9052734375 1450
1764847292577 0.9697265625 1455
1764847327984 0.9365234375 1460
1764847363403 1.03125 1465
1764847398558 0.9501953125 1470
1764847433920 1.150390625 1475
1764847469259 0.896484375 1480
1764847504336 0.96484375 1485
1764847539720 0.927734375 1490
1764847574929 0.8798828125 1495
1764847610040 0.9697265625 1500
1764847645403 1.23046875 1505
1764847680698 0.91796875 1510
1764847715742 0.890625 1515
1764847751142 0.8779296875 1520
1764847786452 0.8974609375 1525
1764847821481 0.9619140625 1530
1764847856912 0.9228515625 1535
1764847892043 0.849609375 1540
1764847927212 0.8701171875 1545
1764847962616 0.947265625 1550
1764847997876 1.04296875 1555
1764848033149 0.8857421875 1560
1764848084461 0.95703125 1565
1764848120335 0.8955078125 1570
1764848156437 0.87109375 1575
1764848192017 0.9365234375 1580
1764848227185 0.955078125 1585
1764848262595 0.9423828125 1590
1764848297862 0.91015625 1595
1764848333031 0.9111328125 1600
1764848368403 0.927734375 1605
1764848403743 0.9443359375 1610
1764848438858 0.853515625 1615
1764848474205 0.8623046875 1620
1764848509301 0.7763671875 1625
1764848544507 0.892578125 1630
1764848579887 0.962890625 1635
1764848615090 0.861328125 1640
1764848650222 0.818359375 1645
1764848685501 0.8466796875 1650
1764848720713 0.970703125 1655
1764848756091 0.91015625 1660
1764848791347 0.9697265625 1665
1764848826520 0.9150390625 1670
1764848861795 0.8916015625 1675
1764848897113 0.916015625 1680
1764848932346 0.88671875 1685
1764848967613 1.12890625 1690
1764849002952 0.826171875 1695
1764849038155 0.888671875 1700
1764849073413 0.869140625 1705
1764849108589 1.0400390625 1710
1764849143610 1.0048828125 1715
1764849178996 0.93359375 1720
1764849214286 0.9296875 1725
1764849249344 0.8671875 1730
1764849284845 0.859375 1735
1764849320070 0.9375 1740
1764849355086 0.875 1745
1764849390440 0.951171875 1750
1764849425623 1.0185546875 1755
1764849460770 0.953125 1760
1764849496230 0.7958984375 1765
1764849531468 0.875 1770
1764849566760 0.943359375 1775
1764849602145 1.02734375 1780
1764849637226 1.0625 1785
1764849672613 0.857421875 1790
1764849708072 1.0791015625 1795
1764849743185 0.8134765625 1800
1764849778515 0.89453125 1805
1764849813816 0.962890625 1810
1764849848928 0.861328125 1815
1764849884427 0.89453125 1820
1764849919671 0.9384765625 1825
1764849954870 0.8515625 1830
1764849990299 0.9482421875 1835
1764850025518 0.8310546875 1840
1764850060695 0.892578125 1845
1764850096181 1.017578125 1850
1764850131301 1.037109375 1855
1764850166764 0.9404296875 1860
1764850202121 0.9931640625 1865
1764850237391 0.98046875 1870
1764850272657 0.8037109375 1875
1764850308061 1.021484375 1880
1764850343296 0.8740234375 1885
1764850378478 0.88671875 1890
1764850413877 0.8955078125 1895
1764850449008 0.857421875 1900
1764850484385 0.908203125 1905
1764850519887 0.8994140625 1910
1764850555037 0.873046875 1915
1764850590447 0.9287109375 1920
1764850625853 0.90625 1925
1764850660945 0.9150390625 1930
1764850696242 0.798828125 1935
1764850731481 0.921875 1940
1764850766830 0.80078125 1945
1764850802165 0.9306640625 1950
1764850837416 1.02734375 1955
1764850872652 0.8232421875 1960
1764850907880 0.953125 1965
1764850943022 1.041015625 1970
1764850978489 0.998046875 1975
1764851013802 0.966796875 1980
1764851049072 0.87109375 1985
1764851084392 0.8818359375 1990
1764851119703 0.8427734375 1995
1764851154931 0.814453125 2000
1764851190080 1.08984375 2005
1764851225457 0.830078125 2010
1764851260692 0.92578125 2015
1764851295855 0.9658203125 2020
1764851331138 0.921875 2025
1764851366260 0.994140625 2030
1764851401470 1.0048828125 2035
1764851436894 0.884765625 2040
1764851471988 0.9453125 2045
1764851507275 0.9072265625 2050
1764851542670 0.939453125 2055
1764851577837 0.9443359375 2060
1764851613107 0.84765625 2065
1764851648432 0.865234375 2070
1764851683690 0.9287109375 2075
1764851719009 0.86328125 2080
1764851773730 0.86328125 2085
1764851809619 0.9892578125 2090
1764851845474 0.9453125 2095
1764851881247 0.9853515625 2100
1764851916498 0.828125 2105
1764851951860 1.017578125 2110
1764851987122 0.9267578125 2115
1764852022163 0.990234375 2120
1764852057584 0.8837890625 2125
1764852092828 0.8193359375 2130
1764852128091 0.916015625 2135
1764852163460 0.8623046875 2140
1764852198546 0.7900390625 2145
1764852233753 0.8701171875 2150
1764852269094 0.8505859375 2155
1764852304203 0.9052734375 2160
1764852339550 0.822265625 2165
1764852374876 0.935546875 2170
1764852410122 0.962890625 2175
1764852445341 0.9609375 2180
1764852480608 0.9658203125 2185
1764852515850 0.9248046875 2190
1764852551049 0.8076171875 2195
1764852586284 0.9560546875 2200
1764852621512 0.95703125 2205
1764852656759 0.8994140625 2210
1764852691988 0.9873046875 2215
1764852727162 0.8564453125 2220
1764852762420 0.9580078125 2225
1764852797710 0.9248046875 2230
1764852833026 0.859375 2235
1764852868288 0.9296875 2240
1764852903580 0.9287109375 2245
1764852938786 0.943359375 2250
1764852974032 0.900390625 2255
1764853009344 0.9375 2260
1764853044426 0.9375 2265
1764853079767 1.02734375 2270
1764853115082 0.9248046875 2275
1764853150295 0.9873046875 2280
1764853185496 0.904296875 2285
1764853220706 1.0068359375 2290
1764853256123 0.9404296875 2295
1764853291321 0.828125 2300
1764853326686 0.9482421875 2305
1764853361905 0.9189453125 2310
1764853397231 1.01953125 2315
1764853432468 0.7783203125 2320
1764853467741 0.791015625 2325
1764853503086 0.9150390625 2330
1764853538308 1.0654296875 2335
1764853573577 0.775390625 2340
1764853608869 0.93359375 2345
1764853644080 1.021484375 2350
1764853679450 0.880859375 2355
1764853714738 0.9521484375 2360
1764853749974 0.8330078125 2365
1764853785293 0.9609375 2370
1764853820641 0.96875 2375
1764853855742 0.896484375 2380
1764853891091 0.990234375 2385
1764853926536 0.9775390625 2390
1764853961642 0.9375 2395
1764853996979 0.931640625 2400
1764854032360 0.8037109375 2405
1764854067474 0.859375 2410
1764854102730 0.8720703125 2415
1764854138105 0.8583984375 2420
1764854173255 0.8984375 2425
1764854208549 0.828125 2430
1764854243911 0.8837890625 2435
1764854279199 0.8291015625 2440
1764854314595 0.8486328125 2445
1764854349912 0.9287109375 2450
1764854385094 0.857421875 2455
1764854420459 0.8544921875 2460
1764854455728 1.1376953125 2465
1764854490949 0.82421875 2470
1764854526217 0.8134765625 2475
1764854561434 0.94140625 2480
1764854596743 0.87109375 2485
1764854632026 0.90625 2490
1764854667123 0.986328125 2495
1764854702409 0.927734375 2500
1764854737820 1.0078125 2505
1764854772987 0.9267578125 2510
1764854808378 0.9873046875 2515
1764854843785 0.7431640625 2520
1764854878886 0.9140625 2525
1764854914215 0.9326171875 2530
1764854949634 0.896484375 2535
1764854984779 0.8984375 2540
1764855020034 0.9052734375 2545
1764855055448 0.8193359375 2550
1764855090546 1.056640625 2555
1764855125819 0.8935546875 2560
1764855161077 0.87109375 2565
1764855196333 0.84765625 2570
1764855231638 0.84765625 2575
1764855266961 0.892578125 2580
1764855302236 0.90625 2585
1764855337578 0.84375 2590
1764855372865 0.8447265625 2595
1764855408037 0.8671875 2600
1764855443355 0.974609375 2605
