1764557144395 -0.00010021527608239378 5
1764557205708 0.00045359134674072266 10
1764557267257 0.0011286536852518902 15
1764557329144 0.003432939449946104 20
1764557390242 0.0061734815438588275 25
1764557451100 0.009034136931101444 30
1764557512154 0.0068089962005615234 35
1764557573417 0.01369653145472205 40
1764557634826 0.015411992867787605 45
1764557696343 0.005315244197845459 50
1764557758092 0.01343962550163269 55
1764557819788 0.02610241373380029 60
1764557881361 0.024980703989664732 65
1764557942970 0.009390006462732914 70
1764558004626 0.012929747502009092 75
1764558066158 0.043275356292724554 80
1764558127440 0.022569199403127016 85
1764558188840 0.002084354559580448 90
1764558250370 0.002182990312576294 95
1764558311680 0.007067263126373291 100
1764558372842 0.01911479234695429 105
1764558434381 0.021728138128916386 110
1764558495849 0.015498419602711977 115
1764558557363 0.013832906881968199 120
1764558618680 0.027994195620218876 125
1764558715179 0.022168536980946785 130
1764558776409 0.02854982018470764 135
1764558837980 0.03505373001098633 140
1764558899155 0.02414499719937635 145
1764558960998 0.03450380762418109 150
1764559023138 0.026628226041793823 155
1764559084228 0.016230781873067257 160
1764559145565 0.02522317568461102 165
1764559206930 0.025717725356419918 170
1764559268781 0.02957384785016376 175
1764559330456 0.020877083142598507 180
1764559391947 0.018599351247151674 185
1764559453447 0.016337931156158447 190
1764559514948 0.031667838493982914 195
1764559576562 0.05560074249903357 200
1764559637595 0.014515529076258304 205
1764559699175 0.013961354891459166 210
1764559760834 0.02042322357495624 215
1764559822061 0.05081156889597571 220
1764559883109 0.048560430606206295 225
1764559945187 0.04672686258951825 230
1764560007104 0.02401484052340186 235
1764560068283 0.01683227221171063 240
1764560129833 0.025745262702306038 245
1764560191546 0.023523499568303408 250
1764560277693 0.048238625129063906 255
1764560339489 0.031906823317209954 260
1764560401428 0.022384007771809877 265
1764560462771 0.02535795172055566 270
1764560524317 0.01801826556523639 275
1764560585591 0.02687281370162964 280
1764560646725 0.05068525671958923 285
1764560707601 0.033689320087432806 290
1764560769196 0.02721133828163147 295
1764560831200 0.04911530017852783 300
1764560893027 0.08933971325556433 305
1764560954432 0.04124791423479712 310
1764561016033 0.05336559812227887 315
1764561077777 0.04556498924891156 320
1764561138646 0.028812299172083555 325
1764561199923 0.021724234024683597 330
1764561262291 0.05111588040987647 335
1764561323897 0.053737868865330995 340
1764561385986 0.039890458186467526 345
1764561447728 0.028666098912557003 350
1764561508890 0.029172738393147712 355
1764561570126 0.020037641127904293 360
1764561631847 0.05517175793647766 365
1764561692916 0.04845462242762244 370
1764561754122 0.04056444764137268 375
1764561851468 0.06317673126856482 380
1764561913768 0.0662190516789754 385
1764561975204 0.054072787364323915 390
1764562036275 0.05659001072247821 395
1764562098698 0.047085851430892944 400
1764562160256 0.036021033922831236 405
1764562222154 0.05161983768145245 410
1764562283054 0.0827780663967132 415
1764562344360 0.050342023372650146 420
1764562405876 0.038461834192276 425
1764562468062 0.07165956497192383 430
1764562529374 0.06647876898447669 435
1764562590993 0.05952120820681256 440
1764562652725 0.04982419808705646 445
1764562714829 0.04045596718788147 450
1764562775962 0.04205540815989173 455
1764562837967 0.04566005865732825 460
1764562899685 0.04877748092015588 465
1764562961268 0.11622262001037598 470
1764563022295 0.050689200560251835 475
1764563083999 0.0419158935546875 480
1764563145464 0.04255191485087073 485
1764563207301 0.07719507813453669 490
1764563268659 0.06738899151484168 495
1764563329863 0.07747015357017517 500
1764563426400 0.05995394786198932 505
1764563488445 0.0826537509759267 510
1764563549852 0.04113307595252991 515
1764563611252 0.06169310212135315 520
1764563672743 0.09065398573875427 525
1764563734075 0.11043813824653625 530
1764563795708 0.04198157787322998 535
1764563857277 0.044249395529429136 540
1764563918206 0.05456469456354773 545
1764563980212 0.060822854439417484 550
1764564042056 0.08269798755645746 555
1764564103698 0.055159876743952396 560
1764564165303 0.05950481692949927 565
1764564226648 0.0845468938350677 570
1764564288039 0.0826067328453064 575
1764564350448 0.06773593028386432 580
1764564411611 0.05656121174494427 585
1764564473177 0.06364647547403968 590
1764564534637 0.05269768834114075 595
1764564596808 0.04500344395637512 600
1764564658136 0.04905429482460022 605
1764564719826 0.07013099392255151 610
1764564781565 0.08564885457356775 615
1764564842824 0.07647059361139935 620
1764564904540 0.06624053915341693 625
1764564990524 0.04988168676694227 630
1764565052876 0.06352626283963525 635
1764565114556 0.061667124430338505 640
1764565176447 0.07835111021995544 645
1764565237860 0.05399643381436664 650
1764565300256 0.07144221663475031 655
1764565362070 0.1102760334809621 660
1764565423361 0.05347072084744764 665
1764565484907 0.0686850746472677 670
1764565545888 0.06989209850629174 675
1764565608069 0.07262852787971497 680
1764565669534 0.04232678810755408 685
1764565731187 0.06465637683868408 690
1764565792779 0.07900755604108173 695
1764565854759 0.05841986338297522 700
1764565916617 0.06411208709081018 705
1764565978402 0.056122004985809326 710
1764566039597 0.06369053324063612 715
1764566101162 0.05579755703608191 720
1764566162724 0.12556785345077515 725
1764566224338 0.07479711373647058 730
1764566286292 0.049320101737976074 735
1764566347991 0.0778779685497284 740
1764566409892 0.052383651336034176 745
1764566471294 0.09502065181732178 750
1764566567150 0.08804711699485773 755
1764566629222 0.09533411264419556 760
1764566691096 0.0827892621358235 765
1764566752489 0.05745254953702289 770
1764566814083 0.07665439446767175 775
1764566875577 0.0809551477432251 780
1764566937064 0.09158060948053992 785
1764566998822 0.11384490132331848 790
1764567060141 0.0710378885269165 795
1764567121702 0.06917178630828857 800
1764567183074 0.07412070035934448 805
1764567244913 0.07736889521280932 810
1764567306376 0.09986056884129846 815
1764567368142 0.11351583401362098 820
1764567430283 0.09704160690307617 825
1764567491484 0.048743247985839844 830
1764567553134 0.0708086291948955 835
1764567614470 0.08752308289210009 840
1764567676069 0.09395531813303637 845
1764567737317 0.09657460451126099 850
1764567798775 0.11911599834760034 855
1764567860554 0.07240527868270874 860
1764567922504 0.0810957749684652 865
1764567984676 0.08510686953862512 870
1764568045930 0.07505201299985248 875
1764568132253 0.09851844112078345 880
1764568193653 0.08045355478922522 885
1764568255686 0.05633437633514404 890
1764568317714 0.06906178593635559 895
1764568379301 0.06836656729380286 900
1764568440520 0.10123080015182495 905
1764568502113 0.0881393353144328 910
1764568563622 0.07997230688730878 915
1764568624780 0.06772641340891522 920
1764568686504 0.07838345567385357 925
1764568748088 0.06464319427808124 930
1764568809091 0.09315272172292072 935
1764568870761 0.07279949386914569 940
1764568932361 0.10111615061759943 945
1764568993464 0.058659921089808165 950
1764569054957 0.04780895511309308 955
1764569116547 0.053724547227223696 960
1764569178233 0.07507451375325525 965
1764569239474 0.07731976111729938 970
1764569301314 0.04994910955429077 975
1764569362688 0.05825687448183692 980
1764569424346 0.04826646049817401 985
1764569486033 0.052016685406367 990
1764569547420 0.06885209679603577 995
1764569633883 0.0592654446760813 1000
1764569695265 0.07613859574000037 1005
1764569756827 0.07760937015215558 1010
1764569818431 0.07294091582298279 1015
1764569880149 0.06344428658485413 1020
1764569941318 0.0634204049905141 1025
1764570002994 0.05424398183822632 1030
1764570064555 0.07828412453333539 1035
1764570126069 0.06992781162261963 1040
1764570187431 0.059024035930633545 1045
1764570249126 0.06669285893440247 1050
1764570310508 0.07858294248580933 1055
1764570371754 0.05578211943308514 1060
1764570432863 0.03288634618123376 1065
1764570494993 0.07763603329658508 1070
1764570556400 0.07489893833796185 1075
1764570618100 0.0698183377583822 1080
1764570680046 0.102970947821935 1085
1764570741595 0.07412002484003705 1090
1764570803147 0.08714810013771057 1095
1764570864741 0.14021998643875117 1100
1764570926194 0.09693453709284461 1105
1764570987751 0.10799126823743177 1110
1764571049761 0.11583592494328815 1115
1764571110994 0.11313694715499872 1120
1764571171736 0.11746387680371595 1125
1764571268708 0.09849702318509418 1130
1764571330685 0.10600403944651288 1135
1764571392407 0.0898055533568064 1140
1764571454423 0.1340685486793518 1145
1764571515821 0.13869133591651917 1150
1764571577344 0.11567928393681848 1155
1764571638870 0.09631033738454181 1160
1764571701013 0.12243754665056866 1165
1764571762187 0.11984172463417048 1170
1764571823873 0.10665570696194959 1175
1764571885814 0.12278611461321515 1180
1764571947488 0.10999823609987897 1185
1764572008999 0.1016457279523213 1190
1764572070621 0.10549211502075195 1195
1764572132035 0.10202428698539728 1200
1764572193353 0.11797731121381116 1205
1764572254527 0.17074186603228253 1210
1764572316353 0.14594226082166029 1215
1764572377845 0.08346962928771973 1220
1764572438841 0.08812155326207471 1225
1764572500113 0.143269677956899 1230
1764572561381 0.08815838893254596 1235
1764572622881 0.12738100687662762 1240
1764572684166 0.1267843643824259 1245
1764572780649 0.11390648285547889 1250
