1764557144395 0.4996585051218668 5
1764557205708 0.4974418878555298 10
1764557267257 0.4972542424996694 15
1764557329144 0.4986708164215088 20
1764557390242 0.4905241330464681 25
1764557451100 0.4644398788611094 30
1764557512154 0.48262598117192584 35
1764557573417 0.5100521643956502 40
1764557634826 0.5186886390050252 45
1764557696343 0.514799157778422 50
1764557758092 0.4795866012573242 55
1764557819788 0.5112740397453308 60
1764557881361 0.5182215571403503 65
1764557942970 0.499614934126536 70
1764558004626 0.49718551834424335 75
1764558066158 0.5172625978787739 80
1764558127440 0.48517547051111853 85
1764558188840 0.5230551759401957 90
1764558250370 0.4861085812250773 95
1764558311680 0.4747079610824585 100
1764558372842 0.5116093357404072 105
1764558434381 0.5023688475290934 110
1764558495849 0.5145404736200968 115
1764558557363 0.509900689125061 120
1764558618680 0.5048449138800303 125
1764558715179 0.5185697277386982 130
1764558776409 0.5138901472091675 135
1764558837980 0.48094456394513446 140
1764558899155 0.5263807972272236 145
1764558960998 0.48495868841807044 150
1764559023138 0.5069952408472697 155
1764559084228 0.4921400547027588 160
1764559145565 0.5096405148506165 165
1764559206930 0.5275014638900757 170
1764559268781 0.5032603542009989 175
1764559330456 0.5465075771013895 180
1764559391947 0.47100318471590674 185
1764559453447 0.5232005715370178 190
1764559514948 0.5147149761517842 195
1764559576562 0.5128728548685709 200
1764559637595 0.49512727061907447 205
1764559699175 0.48390914996465045 210
1764559760834 0.5195397535959879 215
1764559822061 0.5255441268285115 220
1764559883109 0.5244616270065308 225
1764559945187 0.4916607141494751 230
1764560007104 0.5026222268740336 235
1764560068283 0.5032272934913635 240
1764560129833 0.5133555432160695 245
1764560191546 0.5115726391474406 250
1764560277693 0.4883726934591929 255
1764560339489 0.5411525368690491 260
1764560401428 0.48506785432497657 265
1764560462771 0.5275031725565592 270
1764560524317 0.501533697048823 275
1764560585591 0.520168125629425 280
1764560646725 0.5475866595904032 285
1764560707601 0.5199235876401265 290
1764560769196 0.49154379963874817 295
1764560831200 0.5686983863512675 300
1764560893027 0.5057155390580494 305
1764560954432 0.5393515030543009 310
1764561016033 0.49143608411153156 315
1764561077777 0.5308270454406738 320
1764561138646 0.5001683235168457 325
1764561199923 0.4842721323172251 330
1764561262291 0.5370921691258748 335
1764561323897 0.5092143813769022 340
1764561385986 0.5334802865982056 345
1764561447728 0.5076346397399902 350
1764561508890 0.530791958173116 355
1764561570126 0.4996972680091858 360
1764561631847 0.535455564657847 365
1764561692916 0.4954356948534647 370
1764561754122 0.5203795234362284 375
1764561851468 0.5268385012944539 380
1764561913768 0.5431431929270426 385
1764561975204 0.5018336276213328 390
1764562036275 0.5255045096079508 395
1764562098698 0.5048193136850992 400
1764562160256 0.5152464509010315 405
1764562222154 0.5216986536979675 410
1764562283054 0.5448243816693623 415
1764562344360 0.5562509099642435 420
1764562405876 0.49914371967315674 425
1764562468062 0.5199520587921143 430
1764562529374 0.5421443382898966 435
1764562590993 0.5554829835891724 440
1764562652725 0.4851630131403605 445
1764562714829 0.49539370338122046 450
1764562775962 0.5326064626375834 455
1764562837967 0.5248919328053792 460
1764562899685 0.5284047722816467 465
1764562961268 0.5439005295435587 470
1764563022295 0.533508022626241 475
1764563083999 0.49827448527018225 480
1764563145464 0.5086558957894642 485
1764563207301 0.5543704827626545 490
1764563268659 0.5451451937357584 495
1764563329863 0.5555152098337809 500
1764563426400 0.5517027179400126 505
1764563488445 0.5404134194056193 510
1764563549852 0.5454883972803751 515
1764563611252 0.5390971104303995 520
1764563672743 0.5556464195251465 525
1764563734075 0.5657697121302286 530
1764563795708 0.5227839748064677 535
1764563857277 0.5340784788131714 540
1764563918206 0.4983107248942057 545
1764563980212 0.5390121142069498 550
1764564042056 0.5337529977162678 555
1764564103698 0.5094963510831196 560
1764564165303 0.5401746829350789 565
1764564226648 0.51852281888326 570
1764564288039 0.5282941261927286 575
1764564350448 0.5521954695383707 580
1764564411611 0.49651506543159485 585
1764564473177 0.5135613580544789 590
1764564534637 0.5298465490341187 595
1764564596808 0.5110988020896912 600
1764564658136 0.5226078430811564 605
1764564719826 0.5322242975234985 610
1764564781565 0.535567045211792 615
1764564842824 0.5409128665924072 620
1764564904540 0.4953238566716512 625
1764564990524 0.5322935183842976 630
1764565052876 0.5501001477241516 635
1764565114556 0.5040125449498494 640
1764565176447 0.5699666142463684 645
1764565237860 0.5110515157381693 650
1764565300256 0.5450675686200459 655
1764565362070 0.5568918983141581 660
1764565423361 0.537463625272115 665
1764565484907 0.5619810819625854 670
1764565545888 0.5378609895706177 675
1764565608069 0.5488154292106628 680
1764565669534 0.5635688503583272 685
1764565731187 0.5548566579818726 690
1764565792779 0.547468105951945 695
1764565854759 0.5752001206080118 700
1764565916617 0.5892725388209025 705
1764565978402 0.5709891319274902 710
1764566039597 0.5382566054662068 715
1764566101162 0.5712888439496357 720
1764566162724 0.5513068238894144 725
1764566224338 0.6443790594736735 730
1764566286292 0.5721201101938883 735
1764566347991 0.5485760569572449 740
1764566409892 0.5733691851298014 745
1764566471294 0.5767133831977844 750
1764566567150 0.5639037092526753 755
1764566629222 0.6327365239461262 760
1764566691096 0.590696891148885 765
1764566752489 0.5478171507517496 770
1764566814083 0.5964451432228088 775
1764566875577 0.6006571253140767 780
1764566937064 0.6316882769266764 785
1764566998822 0.6348097920417786 790
1764567060141 0.6065001487731934 795
1764567121702 0.5668986241022745 800
1764567183074 0.5933168530464172 805
1764567244913 0.6444521546363831 810
1764567306376 0.6044790148735046 815
1764567368142 0.6392627755800883 820
1764567430283 0.6491965452829996 825
1764567491484 0.5991889635721842 830
1764567553134 0.6033818125724792 835
1764567614470 0.592676043510437 840
1764567676069 0.6340782046318054 845
1764567737317 0.6688735286394755 850
1764567798775 0.6124523282051086 855
1764567860554 0.6156899730364481 860
1764567922504 0.6590433716773987 865
1764567984676 0.60230819384257 870
1764568045930 0.5729606548945109 875
1764568132253 0.57664422194163 880
1764568193653 0.5883269508679707 885
1764568255686 0.5696012179056803 890
1764568317714 0.5458641449610392 895
1764568379301 0.5396583278973897 900
1764568440520 0.5553367137908936 905
1764568502113 0.5508444309234619 910
1764568563622 0.5229741334915161 915
1764568624780 0.5279859304428101 920
1764568686504 0.5129061937332153 925
1764568748088 0.507030169169108 930
1764568809091 0.511014978090922 935
1764568870761 0.48995823661486304 940
1764568932361 0.5033346613248189 945
1764568993464 0.49216699600219727 950
1764569054957 0.47475339968999225 955
1764569116547 0.44666610161463416 960
1764569178233 0.47448500990867615 965
1764569239474 0.4976228674252828 970
1764569301314 0.4750000536441803 975
1764569362688 0.46103067199389136 980
1764569424346 0.4535898665587107 985
1764569486033 0.44588062167167664 990
1764569547420 0.4557262559731801 995
1764569633883 0.44318638245264685 1000
1764569695265 0.4499152104059855 1005
1764569756827 0.45212143659591675 1010
1764569818431 0.43438078959782916 1015
1764569880149 0.44357748826344806 1020
1764569941318 0.4175798992315928 1025
1764570002994 0.4332840343316396 1030
1764570064555 0.4375383257865906 1035
1764570126069 0.45767648021380103 1040
1764570187431 0.4252854883670807 1045
1764570249126 0.4351160029570261 1050
1764570310508 0.44601024190584815 1055
1764570371754 0.42278777559598285 1060
1764570432863 0.4202827215194702 1065
1764570494993 0.4444235563278198 1070
1764570556400 0.464655061562856 1075
1764570618100 0.46511396765708923 1080
1764570680046 0.4755135675271352 1085
1764570741595 0.48280441761016846 1090
1764570803147 0.5187371373176575 1095
1764570864741 0.5457868774731953 1100
1764570926194 0.5156615773836771 1105
1764570987751 0.5097378691037495 1110
1764571049761 0.5523736874262491 1115
1764571110994 0.5281329949696858 1120
1764571171736 0.5400946338971455 1125
1764571268708 0.533235768477122 1130
1764571330685 0.518654465675354 1135
1764571392407 0.5201890667279561 1140
1764571454423 0.5265340010325114 1145
1764571515821 0.578010618686676 1150
1764571577344 0.5501131415367126 1155
1764571638870 0.542783240477244 1160
1764571701013 0.5726896524429321 1165
1764571762187 0.5719430645306904 1170
1764571823873 0.5629929502805073 1175
1764571885814 0.5764978528022766 1180
1764571947488 0.5696385502815247 1185
1764572008999 0.5715014537175496 1190
1764572070621 0.5886099338531494 1195
1764572132035 0.5864698489507039 1200
1764572193353 0.584626277287801 1205
1764572254527 0.6226704120635986 1210
1764572316353 0.6137557824452717 1215
1764572377845 0.5847049554189045 1220
1764572438841 0.5675725539525349 1225
1764572500113 0.597730795542399 1230
1764572561381 0.5657548109690348 1235
1764572622881 0.6195233464241028 1240
1764572684166 0.615501860777537 1245
1764572780649 0.6285213430722554 1250
