1764557144395 0.4997587203979492 5
1764557205708 0.49698829650878906 10
1764557267257 0.4961255888144175 15
1764557329144 0.4952378769715627 20
1764557390242 0.48435065150260925 25
1764557451100 0.45540574193000793 30
1764557512154 0.4758169849713643 35
1764557573417 0.4963556329409281 40
1764557634826 0.5032766461372375 45
1764557696343 0.5094839135805765 50
1764557758092 0.46614697575569153 55
1764557819788 0.4851716260115305 60
1764557881361 0.4932408531506856 65
1764557942970 0.4902249276638031 70
1764558004626 0.48425577084223426 75
1764558066158 0.4739872415860494 80
1764558127440 0.4626062711079915 85
1764558188840 0.5209708213806152 90
1764558250370 0.483925590912501 95
1764558311680 0.4676406979560852 100
1764558372842 0.49249454339345294 105
1764558434381 0.480640709400177 110
1764558495849 0.49904205401738483 115
1764558557363 0.49606778224309284 120
1764558618680 0.4768507182598114 125
1764558715179 0.49640119075775146 130
1764558776409 0.48534032702445984 135
1764558837980 0.44589083393414813 140
1764558899155 0.5022358000278473 145
1764558960998 0.45045488079388935 150
1764559023138 0.48036701480547583 155
1764559084228 0.47590927282969153 160
1764559145565 0.48441733916600543 165
1764559206930 0.5017837385336558 170
1764559268781 0.47368650635083515 175
1764559330456 0.525630493958791 180
1764559391947 0.45240383346875507 185
1764559453447 0.5068626403808594 190
1764559514948 0.4830471376578013 195
1764559576562 0.45727211236953735 200
1764559637595 0.48061174154281616 205
1764559699175 0.4699477950731913 210
1764559760834 0.4991165300210317 215
1764559822061 0.47473255793253577 220
1764559883109 0.47590119640032447 225
1764559945187 0.44493385155995685 230
1764560007104 0.4786073863506317 235
1764560068283 0.4863950212796529 240
1764560129833 0.4876102805137634 245
1764560191546 0.48804913957913715 250
1764560277693 0.44013406833012897 255
1764560339489 0.5092457135518391 260
1764560401428 0.4626838465531667 265
1764560462771 0.5021452208360035 270
1764560524317 0.4835154314835866 275
1764560585591 0.4932953119277954 280
1764560646725 0.49690140287081397 285
1764560707601 0.48623426755269367 290
1764560769196 0.4643324613571167 295
1764560831200 0.5195830861727396 300
1764560893027 0.4163758258024851 305
1764560954432 0.4981035888195038 310
1764561016033 0.4380704859892527 315
1764561077777 0.48526205619176227 320
1764561138646 0.47135602434476215 325
1764561199923 0.4625478982925415 330
1764561262291 0.4859762887159983 335
1764561323897 0.45547651251157123 340
1764561385986 0.49358982841173804 345
1764561447728 0.47896854082743323 350
1764561508890 0.5016192197799683 355
1764561570126 0.4796596268812815 360
1764561631847 0.4802838067213694 365
1764561692916 0.4469810724258423 370
1764561754122 0.4798150757948557 375
1764561851468 0.46366177002588904 380
1764561913768 0.4769241412480672 385
1764561975204 0.44776084025700885 390
1764562036275 0.4689144988854726 395
1764562098698 0.4577334622542063 400
1764562160256 0.47922541697820026 405
1764562222154 0.4700788160165151 410
1764562283054 0.4620463152726491 415
1764562344360 0.5059088865915934 420
1764562405876 0.46068188548088074 425
1764562468062 0.44829249382019043 430
1764562529374 0.4756655693054199 435
1764562590993 0.4959617753823598 440
1764562652725 0.435338815053304 445
1764562714829 0.454937736193339 450
1764562775962 0.49055105447769165 455
1764562837967 0.4792318741480509 460
1764562899685 0.47962729136149085 465
1764562961268 0.42767790953318274 470
1764563022295 0.48281882206598914 475
1764563083999 0.45635859171549475 480
1764563145464 0.4661039809385935 485
1764563207301 0.47717540462811786 490
1764563268659 0.47775620222091675 495
1764563329863 0.4780450562636057 500
1764563426400 0.49174877007802326 505
1764563488445 0.45775966842969257 510
1764563549852 0.5043553213278452 515
1764563611252 0.4774040083090464 520
1764563672743 0.4649924337863922 525
1764563734075 0.4553315738836924 530
1764563795708 0.4808023969332377 535
1764563857277 0.48982908328374225 540
1764563918206 0.44374603033065796 545
1764563980212 0.47818925976753235 550
1764564042056 0.45105501015981037 555
1764564103698 0.45433647433916724 560
1764564165303 0.4806698660055796 565
1764564226648 0.4339759250481923 570
1764564288039 0.44568739334742224 575
1764564350448 0.4844595392545064 580
1764564411611 0.4399538536866506 585
1764564473177 0.4499148825804392 590
1764564534637 0.4771488606929779 595
1764564596808 0.46609535813331604 600
1764564658136 0.47355354825655616 605
1764564719826 0.462093303600947 610
1764564781565 0.44991819063822425 615
1764564842824 0.4644422729810079 620
1764564904540 0.42908331751823425 625
1764564990524 0.48241183161735535 630
1764565052876 0.48657388488451636 635
1764565114556 0.44234542051951087 640
1764565176447 0.49161550402641296 645
1764565237860 0.4570550819238027 650
1764565300256 0.4736253519852956 655
1764565362070 0.446615864833196 660
1764565423361 0.48399290442466736 665
1764565484907 0.49329600731531775 670
1764565545888 0.46796889106432593 675
1764565608069 0.4761869013309479 680
1764565669534 0.5212420622507731 685
1764565731187 0.4902002811431885 690
1764565792779 0.4684605499108632 695
1764565854759 0.5167802572250366 700
1764565916617 0.5251604517300923 705
1764565978402 0.5148671269416809 710
1764566039597 0.4745660722255707 715
1764566101162 0.5154912869135538 720
1764566162724 0.4257389704386393 725
1764566224338 0.5695819457372029 730
1764566286292 0.5228000084559122 735
1764566347991 0.4706980884075165 740
1764566409892 0.5209855337937672 745
1764566471294 0.48169273138046265 750
1764566567150 0.47585659225781757 755
1764566629222 0.5374024113019307 760
1764566691096 0.5079076290130615 765
1764566752489 0.49036460121472675 770
1764566814083 0.5197907487551371 775
1764566875577 0.5197019775708516 780
1764566937064 0.5401076674461365 785
1764566998822 0.5209648907184601 790
1764567060141 0.5354622602462769 795
1764567121702 0.49772683779398597 800
1764567183074 0.5191961526870728 805
1764567244913 0.5670832594235737 810
1764567306376 0.5046184460322062 815
1764567368142 0.5257469415664673 820
1764567430283 0.5521549383799235 825
1764567491484 0.5504457155863444 830
1764567553134 0.5325731833775837 835
1764567614470 0.5051529606183369 840
1764567676069 0.540122886498769 845
1764567737317 0.5722989241282145 850
1764567798775 0.4933363298575083 855
1764567860554 0.5432846943537394 860
1764567922504 0.5779475967089335 865
1764567984676 0.5172013243039448 870
1764568045930 0.4979086418946584 875
1764568132253 0.47812578082084656 880
1764568193653 0.5078733960787455 885
1764568255686 0.5132668415705363 890
1764568317714 0.4768023590246836 895
1764568379301 0.4712917606035868 900
1764568440520 0.4541059136390686 905
1764568502113 0.4627050956090291 910
1764568563622 0.44300182660420734 915
1764568624780 0.46025951703389484 920
1764568686504 0.43452273805936176 925
1764568748088 0.4423869748910268 930
1764568809091 0.4178622563680013 935
1764568870761 0.41715874274571735 940
1764568932361 0.4022185107072194 945
1764568993464 0.4335070749123891 950
1764569054957 0.4269444445768992 955
1764569116547 0.39294155438741046 960
1764569178233 0.3994104961554209 965
1764569239474 0.4203031063079834 970
1764569301314 0.4250509440898895 975
1764569362688 0.40277379751205444 980
1764569424346 0.4053234060605367 985
1764569486033 0.39386393626530963 990
1764569547420 0.38687415917714435 995
1764569633883 0.38392093777656555 1000
1764569695265 0.3737766146659851 1005
1764569756827 0.37451206644376117 1010
1764569818431 0.3614398737748464 1015
1764569880149 0.38013320167859393 1020
1764569941318 0.3541594942410787 1025
1764570002994 0.37904005249341327 1030
1764570064555 0.3592542012532552 1035
1764570126069 0.3877486685911814 1040
1764570187431 0.36626145243644714 1045
1764570249126 0.36842314402262366 1050
1764570310508 0.3674272994200388 1055
1764570371754 0.3670056561628977 1060
1764570432863 0.38739637533823645 1065
1764570494993 0.36678752303123474 1070
1764570556400 0.38975612322489417 1075
1764570618100 0.39529562989870703 1080
1764570680046 0.3725426197052002 1085
1764570741595 0.4086843927701314 1090
1764570803147 0.4315890371799469 1095
1764570864741 0.40556689103444415 1100
1764570926194 0.4187270402908325 1105
1764570987751 0.40174660086631775 1110
1764571049761 0.436537762482961 1115
1764571110994 0.4149960478146871 1120
1764571171736 0.42263075709342957 1125
1764571268708 0.4347387452920278 1130
1764571330685 0.4126504262288411 1135
1764571392407 0.43038351337114966 1140
1764571454423 0.39246545235315955 1145
1764571515821 0.43931928277015686 1150
1764571577344 0.43443385759989417 1155
1764571638870 0.4464729030927022 1160
1764571701013 0.45025210579236347 1165
1764571762187 0.45210133989651996 1170
1764571823873 0.45633724331855774 1175
1764571885814 0.45371173818906146 1180
1764571947488 0.4596403141816457 1185
1764572008999 0.46985572576522827 1190
1764572070621 0.48311781883239746 1195
1764572132035 0.4844455619653066 1200
1764572193353 0.46664896607398987 1205
1764572254527 0.4519285460313161 1210
1764572316353 0.46781352162361145 1215
1764572377845 0.5012353261311848 1220
1764572438841 0.4794510006904602 1225
1764572500113 0.45446111758550006 1230
1764572561381 0.47759642203648883 1235
1764572622881 0.49214233954747516 1240
1764572684166 0.4887174963951111 1245
1764572780649 0.5146148602167765 1250
