1764557144395 2.773609670233175e-06 5
1764557205708 0.00010719812902001043 10
1764557267257 0.0005925510971186061 15
1764557329144 0.0005430531261178354 20
1764557390242 0.0019808337092399597 25
1764557451100 0.0023585220333188772 30
1764557512154 0.001484754029661417 35
1764557573417 0.0008101928591107328 40
1764557634826 0.0006543066119775176 45
1764557696343 0.0002444785980818172 50
1764557758092 0.0007754817876654366 55
1764557819788 0.0026212462689727545 60
1764557881361 0.002719141620521744 65
1764557942970 0.0005586751309844354 70
1764558004626 0.0006173232104629278 75
1764558066158 0.0030033329191307225 80
1764558127440 0.0031007102224975824 85
1764558188840 6.717872262621918e-05 90
1764558250370 5.2337101806188e-05 95
1764558311680 0.0006015927453214923 100
1764558372842 0.002065189493199189 105
1764558434381 0.0015817253539959588 110
1764558495849 0.0008334803278557956 115
1764558557363 0.0010993243971218665 120
1764558618680 0.002110046101734042 125
1764558715179 0.001733607108083864 130
1764558776409 0.0020606409137447672 135
1764558837980 0.0045187450014054775 140
1764558899155 0.002165168523788452 145
1764558960998 0.004367431936164697 150
1764559023138 0.002066470527400573 155
1764559084228 0.0010038550632695356 160
1764559145565 0.001804619988737007 165
1764559206930 0.0021472539907942214 170
1764559268781 0.002117599632280568 175
1764559330456 0.0011886354768648744 180
1764559391947 0.0015869811953355868 185
1764559453447 0.00043174170423299074 190
1764559514948 0.0008473237006304164 195
1764559576562 0.003291057500367363 200
1764559637595 0.0010805865749716759 205
1764559699175 0.0007690193403201798 210
1764559760834 0.0010817433164144554 215
1764559822061 0.0021675698614368835 220
1764559883109 0.004178969577575723 225
1764559945187 0.00472279746706287 230
1764560007104 0.0024692846927791834 235
1764560068283 0.0010183854028582573 240
1764560129833 0.0009471817562977473 245
1764560191546 0.0024677549954503775 250
1764560277693 0.003935804435362418 255
1764560339489 0.003364235706006487 260
1764560401428 0.0015267169413467248 265
1764560462771 0.0019957670010626316 270
1764560524317 0.0025387780430416265 275
1764560585591 0.0022875366266816854 280
1764560646725 0.0029158292648692923 285
1764560707601 0.0020179995335638523 290
1764560769196 0.0022082525926331678 295
1764560831200 0.0026885321519027152 300
1764560893027 0.004637896548956633 305
1764560954432 0.002119568564618627 310
1764561016033 0.0042620852279166375 315
1764561077777 0.002659494600569208 320
1764561138646 0.0016358339538176854 325
1764561199923 0.001229457964655012 330
1764561262291 0.003661390859633684 335
1764561323897 0.003953727738310893 340
1764561385986 0.003057830734178424 345
1764561447728 0.0032476175886889296 350
1764561508890 0.000797250405109177 355
1764561570126 0.0014893535214165845 360
1764561631847 0.0025698719546198845 365
1764561692916 0.004033557139337063 370
1764561754122 0.002089740786080559 375
1764561851468 0.003450427126760284 380
1764561913768 0.00401615227262179 385
1764561975204 0.0025723690632730722 390
1764562036275 0.0024865562251458564 395
1764562098698 0.0057389542150000725 400
1764562160256 0.002330807813753684 405
1764562222154 0.002007151915070911 410
1764562283054 0.004221376031637192 415
1764562344360 0.0032530854611347118 420
1764562405876 0.002174981559316317 425
1764562468062 0.002549590775743127 430
1764562529374 0.0034180722044159966 435
1764562590993 0.0027600510511547327 440
1764562652725 0.003252032756184538 445
1764562714829 0.002717619917045037 450
1764562775962 0.001549882076991101 455
1764562837967 0.0013800947926938534 460
1764562899685 0.0027735443630566197 465
1764562961268 0.006481483423461516 470
1764563022295 0.003649714170023799 475
1764563083999 0.0024677072651684284 480
1764563145464 0.002268033024544517 485
1764563207301 0.003518217010423541 490
1764563268659 0.005141767673194408 495
1764563329863 0.002887916285544634 500
1764563426400 0.0033308728598058224 505
1764563488445 0.002780056868990262 510
1764563549852 0.002426342573016882 515
1764563611252 0.0026795131464799242 520
1764563672743 0.003216735863437255 525
1764563734075 0.005383132801701625 530
1764563795708 0.002477879092718164 535
1764563857277 0.0012960316380485892 540
1764563918206 0.0032803231539825597 545
1764563980212 0.0036815824763228493 550
1764564042056 0.005339460136989752 555
1764564103698 0.003958201035857201 560
1764564165303 0.0030990662053227425 565
1764564226648 0.005101030692458153 570
1764564288039 0.0046220687218010426 575
1764564350448 0.004062172956764698 580
1764564411611 0.004606357620408137 585
1764564473177 0.00467638640354077 590
1764564534637 0.003084012229616443 595
1764564596808 0.0023501450195908546 600
1764564658136 0.002368622226640582 605
1764564719826 0.004382646254574259 610
1764564781565 0.005728054946909348 615
1764564842824 0.004743746481835842 620
1764564904540 0.0032588858157396317 625
1764564990524 0.0017163192387670279 630
1764565052876 0.0018175307971735795 635
1764565114556 0.003285220668961604 640
1764565176447 0.00434736255556345 645
1764565237860 0.004047504160553217 650
1764565300256 0.003504747524857521 655
1764565362070 0.003956934514765938 660
1764565423361 0.0037957918054113784 665
1764565484907 0.003463408832127849 670
1764565545888 0.004119441766912738 675
1764565608069 0.006266333162784576 680
1764565669534 0.004136397192875544 685
1764565731187 0.0026277760043740273 690
1764565792779 0.004514836395780245 695
1764565854759 0.004865517374128103 700
1764565916617 0.0040354859083890915 705
1764565978402 0.0028339632942030826 710
1764566039597 0.004302441297719875 715
1764566101162 0.0031796498224139214 720
1764566162724 0.008618545718491077 725
1764566224338 0.006682749992857376 730
1764566286292 0.00459934693450729 735
1764566347991 0.0029610268150766688 740
1764566409892 0.0034174212099363404 745
1764566471294 0.005114939684669176 750
1764566567150 0.0074120014905929565 755
1764566629222 0.005222710780799389 760
1764566691096 0.0033230303476254144 765
1764566752489 0.00257278885692358 770
1764566814083 0.002711843621606628 775
1764566875577 0.004547282122075558 780
1764566937064 0.006442235937962929 785
1764566998822 0.006886519802113374 790
1764567060141 0.004878966292987267 795
1764567121702 0.0064342001763482886 800
1764567183074 0.005300648200015226 805
1764567244913 0.0032507212987790504 810
1764567306376 0.0054938568112750845 815
1764567368142 0.006406391349931558 820
1764567430283 0.005770210952808459 825
1764567491484 0.00501262970889608 830
1764567553134 0.003823188521588842 835
1764567614470 0.004390486283227801 840
1764567676069 0.005509956118961175 845
1764567737317 0.005518580166002114 850
1764567798775 0.0080979666672647 855
1764567860554 0.005645541163782278 860
1764567922504 0.004193029832094908 865
1764567984676 0.005824680905789137 870
1764568045930 0.007017130187402168 875
1764568132253 0.005886718009908994 880
1764568193653 0.0042383801968147354 885
1764568255686 0.004339502891525626 890
1764568317714 0.00526185380294919 895
1764568379301 0.0047732180294891196 900
1764568440520 0.0049661363785465555 905
1764568502113 0.005206126719713211 910
1764568563622 0.005795780103653669 915
1764568624780 0.0033288920142998295 920
1764568686504 0.004811694224675496 925
1764568748088 0.004194414398322502 930
1764568809091 0.003864720308532317 935
1764568870761 0.003773419962575038 940
1764568932361 0.00490066564331452 945
1764568993464 0.0027667047300686436 950
1764569054957 0.003162434712673227 955
1764569116547 0.004320393937329451 960
1764569178233 0.004473832435905933 965
1764569239474 0.0036774890807767706 970
1764569301314 0.0024526990018785 975
1764569362688 0.002827147565161188 980
1764569424346 0.0030288562023391323 985
1764569486033 0.0027034893476714688 990
1764569547420 0.0029803658835589886 995
1764569633883 0.0025318204425275326 1000
1764569695265 0.003027461003512144 1005
1764569756827 0.003065295362224181 1010
1764569818431 0.0035070104834934073 1015
1764569880149 0.0027365790835271278 1020
1764569941318 0.0030442364513874054 1025
1764570002994 0.002827198477461934 1030
1764570064555 0.003068838734179735 1035
1764570126069 0.002842886761451761 1040
1764570187431 0.00336089093858997 1045
1764570249126 0.0031911566232641535 1050
1764570310508 0.0032859658046315112 1055
1764570371754 0.0032736293505877256 1060
1764570432863 0.0029420336553206044 1065
1764570494993 0.0032082753411183753 1070
1764570556400 0.004107926118498047 1075
1764570618100 0.004171381083627542 1080
1764570680046 0.004498272746180494 1085
1764570741595 0.004827869590371847 1090
1764570803147 0.0049794623628258705 1095
1764570864741 0.006151090065638224 1100
1764570926194 0.00608860794454813 1105
1764570987751 0.006872901692986488 1110
1764571049761 0.008285272090385357 1115
1764571110994 0.006341604981571436 1120
1764571171736 0.009513042246301968 1125
1764571268708 0.007246596273034811 1130
1764571330685 0.00754609207312266 1135
1764571392407 0.00974734096477429 1140
1764571454423 0.00718497314179937 1145
1764571515821 0.008301318778345982 1150
1764571577344 0.007320158804456392 1155
1764571638870 0.008536722666273514 1160
1764571701013 0.008982755243778229 1165
1764571762187 0.007779827807098627 1170
1764571823873 0.008102067280560732 1175
1764571885814 0.009480764623731375 1180
1764571947488 0.008132371120154858 1185
1764572008999 0.008846147606770197 1190
1764572070621 0.008283744566142559 1195
1764572132035 0.008273547360052664 1200
1764572193353 0.008062142878770828 1205
1764572254527 0.007851778219143549 1210
1764572316353 0.007974856222669283 1215
1764572377845 0.009473220134774843 1220
1764572438841 0.010519259919722874 1225
1764572500113 0.010239053517580032 1230
1764572561381 0.009615367588897545 1235
1764572622881 0.009332512194911638 1240
1764572684166 0.009395384695380926 1245
1764572780649 0.007955441251397133 1250
