1764557144395 2.964069456841874e-06 5
1764557205708 0.00010859935719054192 10
1764557267257 0.0005919340765103698 15
1764557329144 0.0005393798346631229 20
1764557390242 0.0018171642441302538 25
1764557451100 0.002279802070309718 30
1764557512154 0.0015177966173117359 35
1764557573417 0.0008420444404085476 40
1764557634826 0.0005933885695412755 45
1764557696343 0.00019144789742616314 50
1764557758092 0.000640424705731372 55
1764557819788 0.0027181917491058507 60
1764557881361 0.0024330324959009886 65
1764557942970 0.00044496471916014946 70
1764558004626 0.000460215980031838 75
1764558066158 0.002283367716396848 80
1764558127440 0.002510566497221589 85
1764558188840 6.771192420274019e-05 90
1764558250370 4.893611670316507e-05 95
1764558311680 0.0005731529672630131 100
1764558372842 0.0016598682074497142 105
1764558434381 0.0011505699367262423 110
1764558495849 0.0005533705504300693 115
1764558557363 0.0011444054155920942 120
1764558618680 0.0021221527907376485 125
1764558715179 0.0016111072230463226 130
1764558776409 0.001246912016843756 135
1764558837980 0.002838979630420605 140
1764558899155 0.001209170906804502 145
1764558960998 0.003981166829665502 150
1764559023138 0.0017971579606334367 155
1764559084228 0.0008345170645043254 160
1764559145565 0.0011074106829861798 165
1764559206930 0.0013036291541842122 170
1764559268781 0.001837491562279562 175
1764559330456 0.0009335246480380495 180
1764559391947 0.0013701643717164793 185
1764559453447 0.00027983611410794157 190
1764559514948 0.0005930550978519022 195
1764559576562 0.002836358578254779 200
1764559637595 0.0012926901302610834 205
1764559699175 0.0004166670745083441 210
1764559760834 0.0008320689084939659 215
1764559822061 0.0015256801852956414 220
1764559883109 0.0029287297123422222 225
1764559945187 0.0035883858799934387 230
1764560007104 0.002263702219352126 235
1764560068283 0.0010825317973891893 240
1764560129833 0.0008244565300022562 245
1764560191546 0.001757342096728583 250
1764560277693 0.003022335392112533 255
1764560339489 0.0029827780090272427 260
1764560401428 0.0011490066923821964 265
1764560462771 0.0020978652561704316 270
1764560524317 0.001936342140349249 275
1764560585591 0.0027025270586212473 280
1764560646725 0.0022317569237202406 285
1764560707601 0.0015332103163624802 290
1764560769196 0.0016461133491247892 295
1764560831200 0.00275958275112013 300
1764560893027 0.0023656346602365375 305
1764560954432 0.0014047055738046765 310
1764561016033 0.00236584428542604 315
1764561077777 0.0019784294612084823 320
1764561138646 0.001221729985748728 325
1764561199923 0.0008946178519787887 330
1764561262291 0.003280548999706904 335
1764561323897 0.0023268144577741623 340
1764561385986 0.0021320999755213657 345
1764561447728 0.002736522971342007 350
1764561508890 0.0006756070846070845 355
1764561570126 0.0014508112411325176 360
1764561631847 0.0021559738476450243 365
1764561692916 0.002811528742313385 370
1764561754122 0.0015595875059564908 375
1764561851468 0.0026908585956941047 380
1764561913768 0.0029659391924118 385
1764561975204 0.0018814957390228906 390
1764562036275 0.0014920718579863508 395
1764562098698 0.0035191113129258156 400
1764562160256 0.0017759972640002766 405
1764562222154 0.0014783254203697045 410
1764562283054 0.0025197710686673718 415
1764562344360 0.0026573880265156427 420
1764562405876 0.0019045677812149127 425
1764562468062 0.0019635250015805164 430
1764562529374 0.003274215928589304 435
1764562590993 0.0021105652364591756 440
1764562652725 0.003293226783474286 445
1764562714829 0.0036708840634673834 450
1764562775962 0.0017827171056220927 455
1764562837967 0.0011257605316738286 460
1764562899685 0.0022382136279096203 465
1764562961268 0.0041709010644505416 470
1764563022295 0.003144976993401845 475
1764563083999 0.0017677710081140199 480
1764563145464 0.0016308052387709417 485
1764563207301 0.002578170970082283 490
1764563268659 0.004025242989882827 495
1764563329863 0.0020668096452330547 500
1764563426400 0.002753758958230416 505
1764563488445 0.002391964662820101 510
1764563549852 0.002457590269235273 515
1764563611252 0.002691420648867885 520
1764563672743 0.004242251627147198 525
1764563734075 0.006843540041397015 530
1764563795708 0.002817715440566341 535
1764563857277 0.0011007365537807345 540
1764563918206 0.0018973772724469502 545
1764563980212 0.0018167013380055626 550
1764564042056 0.003856554627418518 555
1764564103698 0.0029432838782668114 560
1764564165303 0.0023188554526617127 565
1764564226648 0.0034223267187674837 570
1764564288039 0.004170562528694669 575
1764564350448 0.003913766238838434 580
1764564411611 0.00420796126127243 585
1764564473177 0.002925100658709804 590
1764564534637 0.0027367515334238606 595
1764564596808 0.002152452672210832 600
1764564658136 0.002002843888476491 605
1764564719826 0.0037163210411866503 610
1764564781565 0.003164962399750948 615
1764564842824 0.0035176464201261597 620
1764564904540 0.002565414722387989 625
1764564990524 0.002191988130410512 630
1764565052876 0.0022973650290320316 635
1764565114556 0.003427418026452263 640
1764565176447 0.0038908752612769604 645
1764565237860 0.003046246167893211 650
1764565300256 0.0029452956902484098 655
1764565362070 0.002580799239998062 660
1764565423361 0.0026071752654388547 665
1764565484907 0.0026207195284465947 670
1764565545888 0.0027600230338672795 675
1764565608069 0.00356272142380476 680
1764565669534 0.0026856015902012587 685
1764565731187 0.0019259132289638121 690
1764565792779 0.00225181900896132 695
1764565854759 0.0033890452080716687 700
1764565916617 0.003268643980845809 705
1764565978402 0.002559312464048465 710
1764566039597 0.002895315255348881 715
1764566101162 0.002603203523904085 720
1764566162724 0.00571915127026538 725
1764566224338 0.004879135638475418 730
1764566286292 0.0035743340849876404 735
1764566347991 0.0022628853718439737 740
1764566409892 0.0023006800717363753 745
1764566471294 0.0035572603034476438 750
1764566567150 0.005702982346216837 755
1764566629222 0.0049009855526189 760
1764566691096 0.002913334484522541 765
1764566752489 0.002119016367942095 770
1764566814083 0.002417678479105234 775
1764566875577 0.0033338076900690794 780
1764566937064 0.005623602463553349 785
1764566998822 0.004215700551867485 790
1764567060141 0.0029059112227211394 795
1764567121702 0.004262039282669623 800
1764567183074 0.0030467312317341566 805
1764567244913 0.0030628996125111976 810
1764567306376 0.003332252769420544 815
1764567368142 0.003751574782654643 820
1764567430283 0.003387667316322525 825
1764567491484 0.003952738440906008 830
1764567553134 0.003522972809150815 835
1764567614470 0.0032909543563922243 840
1764567676069 0.003367117295662562 845
1764567737317 0.0024494866374880075 850
1764567798775 0.004441359856476386 855
1764567860554 0.003604077811663349 860
1764567922504 0.002832736199100812 865
1764567984676 0.0031146978338559466 870
1764568045930 0.004719947309543689 875
1764568132253 0.003769255553682645 880
1764568193653 0.0031655108711371818 885
1764568255686 0.0032442178732405105 890
1764568317714 0.0036373207500825324 895
1764568379301 0.002828537408883373 900
1764568440520 0.002820135559886694 905
1764568502113 0.002773730938012401 910
1764568563622 0.0038471357741703587 915
1764568624780 0.003002798572803537 920
1764568686504 0.002279417977357904 925
1764568748088 0.0033585472653309503 930
1764568809091 0.0019214740799119074 935
1764568870761 0.0029536894677827754 940
1764568932361 0.0018702448190500338 945
1764568993464 0.0021498309603581824 950
1764569054957 0.002520238980650902 955
1764569116547 0.002757652352253596 960
1764569178233 0.0022944252705201507 965
1764569239474 0.0014031094033271074 970
1764569301314 0.001643122212650875 975
1764569362688 0.002079736441373825 980
1764569424346 0.0016912657301872969 985
1764569486033 0.0018179293256253004 990
1764569547420 0.001522771936530868 995
1764569633883 0.0016246693752085168 1000
1764569695265 0.0018539185790965953 1005
1764569756827 0.0012549380383764703 1010
1764569818431 0.001623986754566431 1015
1764569880149 0.0014863500837236643 1020
1764569941318 0.0019365739232550063 1025
1764570002994 0.0017146884929388762 1030
1764570064555 0.0017827957247694333 1035
1764570126069 0.001775891326057414 1040
1764570187431 0.0022464098098377385 1045
1764570249126 0.0017828050768002868 1050
1764570310508 0.0024578005541116 1055
1764570371754 0.002358468249440193 1060
1764570432863 0.002929650479927659 1065
1764570494993 0.002669546791973213 1070
1764570556400 0.003331203246489167 1075
1764570618100 0.0035451036722709732 1080
1764570680046 0.003923453933869799 1085
1764570741595 0.005365162622183561 1090
1764570803147 0.005682024639099836 1095
1764570864741 0.0063377420107523594 1100
1764570926194 0.006559496745467186 1105
1764570987751 0.0066788396798074245 1110
1764571049761 0.007174588118990262 1115
1764571110994 0.005899769564469655 1120
1764571171736 0.006694211158901453 1125
1764571268708 0.007459227150926987 1130
1764571330685 0.006533582850048939 1135
1764571392407 0.007227022045602401 1140
1764571454423 0.006703372889508803 1145
1764571515821 0.008194598679741222 1150
1764571577344 0.006513741333037615 1155
1764571638870 0.007898199371993542 1160
1764571701013 0.008478540771951277 1165
1764571762187 0.0065794933276871834 1170
1764571823873 0.007744170104463895 1175
1764571885814 0.007271325060476859 1180
1764571947488 0.007601030791799227 1185
1764572008999 0.00768319983035326 1190
1764572070621 0.007310348562896252 1195
1764572132035 0.007124909199774265 1200
1764572193353 0.007234007585793734 1205
1764572254527 0.006917075874904791 1210
1764572316353 0.007703453923265139 1215
1764572377845 0.0065989891688028966 1220
1764572438841 0.0077644277674456435 1225
1764572500113 0.007235122689356406 1230
1764572561381 0.00738162857790788 1235
1764572622881 0.007823351149757702 1240
1764572684166 0.008439714709917704 1245
1764572780649 0.006452620184669891 1250
