1764577555366 0.0018678740598261356 5
1764577604649 0.0018264631507918239 10
1764577653950 0.0018022545846179128 15
1764577703064 0.0018628377001732588 20
1764577752144 0.0018989975797012448 25
1764577801217 0.001954358536750078 30
1764577850287 0.0019911425188183784 35
1764577899397 0.0019534595776349306 40
1764577948535 0.001899144728668034 45
1764577997696 0.0018885135650634766 50
1764578046866 0.0018892220687121153 55
1764578096077 0.0019127341220155358 60
1764578145265 0.0018764290725812316 65
1764578194501 0.0019246620358899236 70
1764578243677 0.0019946934189647436 75
1764578292934 0.0019181529060006142 80
1764578342001 0.0019504058873280883 85
1764578391227 0.0019123577512800694 90
1764578440461 0.0018582524498924613 95
1764578489600 0.0019415885908529162 100
1764578538685 0.0019471279811114073 105
1764578587873 0.001921336050145328 110
1764578637064 0.001939226989634335 115
1764578686298 0.0018964961636811495 120
1764578735490 0.001912662643007934 125
1764578784680 0.0018960817251354456 130
1764578834047 0.0019210941391065717 135
1764578883260 0.001882167300209403 140
1764578932438 0.0018607911188155413 145
1764578981714 0.0018489351496100426 150
1764579030897 0.0019155428744852543 155
1764579079992 0.0019064941443502903 160
1764579129158 0.0018871464999392629 165
1764579178239 0.0018554497510194778 170
1764579227473 0.0019088888075202703 175
1764579276650 0.0018943515606224537 180
1764579325788 0.0019210041500627995 185
1764579374967 0.0019210755126550794 190
1764579424139 0.0018582907505333424 195
1764579473209 0.0018518655560910702 200
1764579522377 0.001884612487629056 205
1764579571563 0.001905323239043355 210
1764579620793 0.0018807868473231792 215
1764579669972 0.0018660915084183216 220
1764579719053 0.0018681135261431336 225
1764579768211 0.0019500358030200005 230
1764579817408 0.001920125330798328 235
1764579866496 0.0019359244033694267 240
1764579915595 0.0019382640020921826 245
1764579964739 0.0018950907979160547 250
