1764051658491 4.1085591316223145 1
1764051665086 4.108817100524902 2
1764051671568 4.108816623687744 3
1764051678076 4.108813285827637 4
1764051684573 4.108816146850586 5
1764051691184 4.108819484710693 6
1764051697553 4.108815670013428 7
1764051704188 4.1088151931762695 8
1764051710749 4.108814239501953 9
1764051717338 4.1088175773620605 10
1764051723959 4.1088151931762695 11
1764051730427 4.108816623687744 12
1764051736999 4.108814716339111 13
1764051743489 4.108819007873535 14
1764051750080 4.10882043838501 15
1764051756682 4.108816623687744 16
1764051763174 4.108816146850586 17
1764051769791 4.1088151931762695 18
1764051776348 4.108816146850586 19
1764051782757 4.108815670013428 20
1764051789294 4.108816623687744 21
1764051795936 4.108813285827637 22
1764051802633 4.108817100524902 23
1764051809100 4.1088151931762695 24
1764051815683 4.108815670013428 25
1764051822182 4.108818531036377 26
1764051828849 4.108815670013428 27
1764051835330 4.108816623687744 28
1764051842003 4.108816623687744 29
1764051848492 4.108814239501953 30
1764051855100 4.108814716339111 31
1764051861715 4.108819961547852 32
1764051868292 4.108820915222168 33
1764051874755 4.108817100524902 34
1764051881336 4.108816146850586 35
1764051888095 4.108815670013428 36
1764051894587 4.108816146850586 37
1764051901129 4.108814239501953 38
1764051907853 4.108818531036377 39
1764051914289 4.108816146850586 40
1764051920822 4.108816146850586 41
1764051927236 4.1088175773620605 42
1764051933851 4.108814716339111 43
1764051940539 4.108814716339111 44
1764051946899 4.108813762664795 45
1764051953446 4.108815670013428 46
1764051960085 4.108818054199219 47
1764051966823 4.108815670013428 48
1764051973279 4.108817100524902 49
1764051979767 4.108816146850586 50
1764051986426 4.1088151931762695 51
1764051992970 4.108815670013428 52
1764051999453 4.108814716339111 53
1764052005822 4.108816146850586 54
1764052012300 4.108816146850586 55
1764052018989 4.108817100524902 56
1764052025504 4.108818531036377 57
1764052031961 4.108816146850586 58
1764052038586 4.1088175773620605 59
1764052045184 4.108819007873535 60
1764052051662 4.108817100524902 61
1764052058183 4.1088175773620605 62
1764052064821 4.108813762664795 63
1764052071336 4.108819961547852 64
1764052077853 4.108815670013428 65
1764052084305 4.1088175773620605 66
1764052090755 4.108818531036377 67
1764052097412 4.108816146850586 68
1764052103846 4.108819007873535 69
1764052110368 4.108814239501953 70
1764052116987 4.1088151931762695 71
1764052123535 4.108817100524902 72
1764052129982 4.10881233215332 73
1764052136371 4.108815670013428 74
1764052142888 4.108813762664795 75
1764052149385 4.108815670013428 76
1764052155792 4.108818531036377 77
1764052162322 4.1088151931762695 78
1764052168927 4.108817100524902 79
1764052175501 4.108817100524902 80
1764052181885 4.108814716339111 81
1764052188316 4.108813285827637 82
1764052195074 4.108813285827637 83
1764052201596 4.108816623687744 84
1764052208224 4.1088175773620605 85
1764052214688 4.108817100524902 86
1764052221173 4.108816623687744 87
1764052227699 4.108813762664795 88
1764052234275 4.1088151931762695 89
1764052240805 4.1088175773620605 90
1764052247381 4.108814716339111 91
1764052253761 4.108814716339111 92
1764052260259 4.108815670013428 93
1764052266689 4.108817100524902 94
1764052273289 4.108815670013428 95
1764052279778 4.108816623687744 96
1764052286324 4.108814716339111 97
1764052292968 4.108818531036377 98
1764052299477 4.108816146850586 99
1764052306002 4.108816623687744 100
1764052312611 4.108816623687744 101
1764052319048 4.108814716339111 102
1764052325527 4.108814716339111 103
1764052332043 4.108814716339111 104
1764052338671 4.108813762664795 105
1764052345294 4.108819961547852 106
1764052351813 4.1088175773620605 107
1764052358405 4.1088128089904785 108
1764052364874 4.108819007873535 109
1764052371527 4.108814716339111 110
1764052378069 4.108818531036377 111
1764052384520 4.1088151931762695 112
1764052391026 4.108814716339111 113
1764052397529 4.1088175773620605 114
1764052404106 4.108815670013428 115
1764052410551 4.108819484710693 116
1764052417281 4.1088151931762695 117
1764052423773 4.108821392059326 118
1764052430442 4.108814716339111 119
1764052437005 4.108819484710693 120
1764052443513 4.108816623687744 121
1764052449941 4.108817100524902 122
1764052456531 4.108814239501953 123
1764052463080 4.108816623687744 124
1764052469544 4.108813285827637 125
1764052533112 4.1088175773620605 126
1764052539590 4.108815670013428 127
1764052546037 4.108816146850586 128
1764052552559 4.108813285827637 129
1764052558985 4.108818054199219 130
1764052565619 4.108814239501953 131
1764052572195 4.108816146850586 132
1764052578649 4.108819007873535 133
1764052585196 4.108813285827637 134
1764052591950 4.108815670013428 135
1764052598391 4.108814716339111 136
1764052604975 4.108813762664795 137
1764052611606 4.108818054199219 138
1764052618113 4.108819007873535 139
1764052624673 4.108819961547852 140
1764052631440 4.108818531036377 141
1764052638105 4.108817100524902 142
1764052644739 4.108821868896484 143
1764052651230 4.108816146850586 144
1764052657649 4.108814716339111 145
1764052664283 4.108820915222168 146
1764052670856 4.108818531036377 147
1764052677324 4.108814716339111 148
1764052683849 4.1088175773620605 149
1764052690408 4.108814239501953 150
1764052696952 4.108819484710693 151
1764052703471 4.108815670013428 152
1764052710013 4.1088175773620605 153
1764052716672 4.108814239501953 154
1764052723154 4.108814716339111 155
1764052729768 4.108816623687744 156
1764052736284 4.108814239501953 157
1764052742813 4.108819007873535 158
1764052749486 4.1088151931762695 159
1764052755894 4.108814716339111 160
1764052762411 4.1088175773620605 161
1764052768853 4.108816146850586 162
1764052775398 4.1088151931762695 163
1764052781812 4.108814239501953 164
1764052788377 4.108816623687744 165
1764052794795 4.108814239501953 166
1764052801399 4.108815670013428 167
1764052808010 4.108815670013428 168
1764052814575 4.108821392059326 169
1764052821320 4.108817100524902 170
1764052827813 4.108815670013428 171
1764052834260 4.108817100524902 172
1764052840825 4.1088151931762695 173
1764052847427 4.108817100524902 174
1764052853906 4.108817100524902 175
1764052860500 4.108814239501953 176
1764052867129 4.108814239501953 177
1764052873676 4.108818531036377 178
1764052880228 4.108821868896484 179
1764052887095 4.108816623687744 180
1764052893694 4.108818054199219 181
1764052900177 4.1088175773620605 182
1764052906633 4.108818054199219 183
1764052913130 4.1088151931762695 184
1764052919771 4.108816146850586 185
1764052926235 4.108813762664795 186
1764052932781 4.108819007873535 187
1764052939380 4.108818054199219 188
1764052945832 4.108818531036377 189
1764052952192 4.1088175773620605 190
1764052958646 4.108813762664795 191
1764052965223 4.108814716339111 192
1764052971700 4.108818531036377 193
1764052978180 4.108815670013428 194
1764052984626 4.108816146850586 195
1764052991066 4.1088151931762695 196
1764052997531 4.1088175773620605 197
1764053003971 4.1088151931762695 198
1764053010615 4.1088175773620605 199
1764053017148 4.1088175773620605 200
1764053023745 4.108817100524902 201
1764053030190 4.1088151931762695 202
1764053036671 4.108814716339111 203
1764053043184 4.1088175773620605 204
1764053049649 4.1088175773620605 205
1764053055943 4.108815670013428 206
1764053062474 4.108816146850586 207
1764053069132 4.108811855316162 208
1764053075587 4.108814716339111 209
1764053082202 4.108818531036377 210
1764053088948 4.108816146850586 211
1764053095419 4.108818531036377 212
1764053102067 4.1088151931762695 213
1764053108727 4.108818531036377 214
1764053115184 4.108819007873535 215
1764053121700 4.108814716339111 216
1764053128103 4.108818054199219 217
1764053134862 4.1088151931762695 218
1764053141310 4.1088175773620605 219
1764053148141 4.108816623687744 220
1764053154582 4.108821392059326 221
1764053161057 4.108815670013428 222
1764053167520 4.1088151931762695 223
1764053174084 4.108816146850586 224
1764053180684 4.108814239501953 225
1764053187373 4.108820915222168 226
1764053193899 4.1088128089904785 227
1764053200307 4.1088151931762695 228
1764053206868 4.108818054199219 229
1764053213454 4.108815670013428 230
1764053219986 4.108816623687744 231
1764053226433 4.1088151931762695 232
1764053232930 4.108816623687744 233
1764053239439 4.108816623687744 234
1764053245969 4.108817100524902 235
1764053252531 4.108818531036377 236
1764053259015 4.1088151931762695 237
1764053265459 4.108817100524902 238
1764053272132 4.108816146850586 239
1764053278584 4.10881233215332 240
1764053285092 4.108813762664795 241
1764053291580 4.108816623687744 242
1764053298040 4.108819484710693 243
1764053304703 4.1088151931762695 244
1764053311282 4.108816146850586 245
1764053317691 4.108816623687744 246
1764053324217 4.108816146850586 247
1764053330720 4.108819484710693 248
1764053337230 4.108818531036377 249
1764053343783 4.108816146850586 250
1764053382899 4.108814239501953 251
1764053389281 4.108815670013428 252
1764053395718 4.108815670013428 253
1764053402351 4.108817100524902 254
1764053408791 4.108817100524902 255
1764053415293 4.108816146850586 256
1764053421851 4.108816146850586 257
1764053428217 4.108814716339111 258
1764053434744 4.1088151931762695 259
1764053441464 4.108817100524902 260
1764053448047 4.108817100524902 261
1764053454551 4.108815670013428 262
1764053461234 4.108817100524902 263
1764053467897 4.108816146850586 264
1764053474651 4.108813285827637 265
1764053481163 4.108815670013428 266
1764053487734 4.108814716339111 267
1764053494316 4.108818054199219 268
1764053500826 4.108818054199219 269
1764053507376 4.1088151931762695 270
1764053513925 4.108818531036377 271
1764053520604 4.108815670013428 272
1764053527153 4.108816146850586 273
1764053533733 4.108816146850586 274
1764053540463 4.108817100524902 275
1764053547144 4.1088175773620605 276
1764053553796 4.108814239501953 277
1764053560360 4.108816146850586 278
1764053566886 4.1088151931762695 279
1764053573408 4.10882043838501 280
1764053580008 4.108816623687744 281
1764053586576 4.108814239501953 282
1764053593154 4.108815670013428 283
1764053599837 4.108820915222168 284
1764053606513 4.108813762664795 285
1764053613050 4.108813285827637 286
1764053619469 4.1088151931762695 287
1764053626034 4.108815670013428 288
1764053632744 4.108819961547852 289
1764053639148 4.108818531036377 290
1764053645725 4.108813762664795 291
1764053652306 4.108817100524902 292
1764053658799 4.108816146850586 293
1764053665409 4.108816146850586 294
1764053671991 4.108818054199219 295
1764053678647 4.108818531036377 296
1764053685101 4.108818054199219 297
1764053691774 4.108816623687744 298
1764053698327 4.108815670013428 299
1764053704788 4.108818054199219 300
1764053711246 4.108816623687744 301
1764053717809 4.108817100524902 302
1764053724383 4.108816623687744 303
1764053731047 4.108818054199219 304
1764053737654 4.1088175773620605 305
1764053744252 4.1088151931762695 306
1764053750751 4.108819961547852 307
1764053757291 4.108816623687744 308
1764053763904 4.108816623687744 309
1764053770447 4.10882043838501 310
1764053776883 4.108814239501953 311
1764053783482 4.108819007873535 312
1764053790001 4.108819007873535 313
1764053796406 4.108815670013428 314
1764053802895 4.108814239501953 315
1764053809516 4.108818531036377 316
1764053816088 4.108813285827637 317
1764053822685 4.108819007873535 318
1764053829226 4.108816623687744 319
1764053835912 4.108818531036377 320
1764053842559 4.1088151931762695 321
1764053849064 4.108819007873535 322
1764053855640 4.108818531036377 323
1764053862004 4.108818531036377 324
1764053868393 4.108816146850586 325
1764053874957 4.108816146850586 326
1764053881324 4.1088175773620605 327
1764053887889 4.108815670013428 328
1764053894623 4.108814239501953 329
1764053901170 4.1088175773620605 330
1764053907595 4.108819484710693 331
1764053914053 4.108814716339111 332
1764053920705 4.108814716339111 333
1764053927374 4.108819484710693 334
1764053933927 4.108815670013428 335
1764053940539 4.10882043838501 336
1764053947221 4.108816623687744 337
1764053953695 4.108819007873535 338
1764053960330 4.108816623687744 339
1764053966962 4.108816623687744 340
1764053973550 4.108813285827637 341
1764053980272 4.108815670013428 342
1764053986779 4.108817100524902 343
1764053993312 4.108814716339111 344
1764053999823 4.108818531036377 345
1764054006306 4.108813285827637 346
1764054012961 4.108815670013428 347
1764054019534 4.108819007873535 348
1764054026019 4.108815670013428 349
1764054032478 4.108813285827637 350
1764054038963 4.108813762664795 351
1764054045435 4.108815670013428 352
1764054051955 4.108813285827637 353
1764054058425 4.1088175773620605 354
1764054065285 4.108814716339111 355
1764054071769 4.108813762664795 356
1764054078246 4.108818531036377 357
1764054084772 4.108815670013428 358
1764054091443 4.108819007873535 359
1764054098082 4.108814716339111 360
1764054104616 4.108817100524902 361
1764054111075 4.108815670013428 362
1764054117568 4.1088151931762695 363
1764054124064 4.108816146850586 364
1764054130616 4.108818054199219 365
1764054137065 4.108819961547852 366
1764054143565 4.108818054199219 367
1764054150328 4.1088151931762695 368
1764054156711 4.108819961547852 369
1764054163226 4.108816146850586 370
1764054169901 4.108819484710693 371
1764054176507 4.1088175773620605 372
1764054183078 4.108816623687744 373
1764054189729 4.108817100524902 374
1764054196422 4.1088151931762695 375
1764054235587 4.108814716339111 376
1764054242272 4.1088151931762695 377
1764054248847 4.108816623687744 378
1764054255384 4.108816623687744 379
1764054261878 4.1088175773620605 380
1764054268517 4.1088151931762695 381
1764054275232 4.108818531036377 382
1764054281940 4.108813762664795 383
1764054288588 4.108815670013428 384
1764054295090 4.108819961547852 385
1764054301458 4.1088151931762695 386
1764054308184 4.10881233215332 387
1764054314662 4.108815670013428 388
1764054321198 4.108813762664795 389
1764054327688 4.108814716339111 390
1764054334598 4.108815670013428 391
1764054341030 4.108819484710693 392
1764054347484 4.108817100524902 393
1764054353975 4.108818531036377 394
1764054360573 4.108816623687744 395
1764054367278 4.1088151931762695 396
1764054373775 4.108813285827637 397
1764054380264 4.108818054199219 398
1764054386773 4.108814716339111 399
1764054393325 4.1088175773620605 400
1764054399896 4.108817100524902 401
1764054406618 4.108814716339111 402
1764054413195 4.108817100524902 403
1764054419640 4.1088175773620605 404
1764054426152 4.108818054199219 405
1764054432660 4.1088175773620605 406
1764054439289 4.108818054199219 407
1764054445827 4.1088175773620605 408
1764054452382 4.108815670013428 409
1764054458907 4.108814239501953 410
1764054465403 4.1088128089904785 411
1764054472085 4.1088151931762695 412
1764054478628 4.108819484710693 413
1764054485145 4.108816623687744 414
1764054491633 4.1088175773620605 415
1764054498148 4.1088151931762695 416
1764054504520 4.108819484710693 417
1764054510962 4.108818054199219 418
1764054517596 4.108816146850586 419
1764054524181 4.108817100524902 420
1764054530663 4.108819007873535 421
1764054537162 4.108814239501953 422
1764054543695 4.108817100524902 423
1764054550144 4.1088151931762695 424
1764054556678 4.108817100524902 425
1764054563225 4.108817100524902 426
1764054569829 4.108819007873535 427
1764054576320 4.108816623687744 428
1764054582993 4.108814716339111 429
1764054589504 4.108816146850586 430
1764054596213 4.1088151931762695 431
1764054602689 4.108817100524902 432
1764054609237 4.1088151931762695 433
1764054615787 4.108817100524902 434
1764054622133 4.108815670013428 435
1764054628661 4.108814239501953 436
1764054635215 4.108816623687744 437
1764054641710 4.1088175773620605 438
1764054648387 4.108817100524902 439
1764054654764 4.1088151931762695 440
1764054661463 4.108813762664795 441
1764054668013 4.108816146850586 442
1764054674458 4.108813285827637 443
1764054680879 4.1088151931762695 444
1764054687279 4.108815670013428 445
1764054693812 4.1088151931762695 446
1764054700372 4.108814239501953 447
1764054706953 4.1088175773620605 448
1764054713522 4.10882043838501 449
1764054720001 4.108819961547852 450
1764054726563 4.1088151931762695 451
1764054733061 4.1088175773620605 452
1764054739461 4.108816146850586 453
1764054746023 4.108813762664795 454
1764054752419 4.108820915222168 455
1764054758883 4.108816146850586 456
1764054765426 4.1088175773620605 457
1764054772106 4.108814716339111 458
1764054778727 4.1088175773620605 459
1764054785308 4.108816146850586 460
1764054791760 4.10882043838501 461
1764054798247 4.1088151931762695 462
1764054804789 4.108819484710693 463
1764054811258 4.108818054199219 464
1764054817797 4.1088175773620605 465
1764054824376 4.108814716339111 466
1764054830912 4.108819007873535 467
1764054837496 4.1088151931762695 468
1764054844004 4.108818054199219 469
1764054850512 4.108819484710693 470
1764054857093 4.108818531036377 471
1764054863888 4.108814716339111 472
1764054870402 4.108816623687744 473
1764054876847 4.108816146850586 474
1764054883448 4.108814716339111 475
1764054890031 4.108818054199219 476
1764054896454 4.108817100524902 477
1764054902885 4.108814716339111 478
1764054909423 4.108816623687744 479
1764054915901 4.1088175773620605 480
1764054922550 4.108814716339111 481
1764054928987 4.108818054199219 482
1764054935408 4.108815670013428 483
1764054941835 4.1088151931762695 484
1764054948564 4.108815670013428 485
1764054955356 4.108818531036377 486
1764054961718 4.108818531036377 487
1764054968369 4.108816623687744 488
1764054974870 4.10882043838501 489
1764054981388 4.1088175773620605 490
1764054987957 4.108819007873535 491
1764054994462 4.10882043838501 492
1764055000948 4.108815670013428 493
1764055007338 4.108814239501953 494
1764055013754 4.108816623687744 495
1764055020165 4.108816623687744 496
1764055026797 4.108815670013428 497
1764055033494 4.108821392059326 498
1764055040046 4.108815670013428 499
1764055046622 4.108818054199219 500
1764055085500 4.108816623687744 501
1764055091967 4.1088151931762695 502
1764055098371 4.108817100524902 503
1764055105014 4.108818531036377 504
1764055111538 4.108818054199219 505
1764055118115 4.1088175773620605 506
1764055124657 4.108814239501953 507
1764055131056 4.1088151931762695 508
1764055137511 4.108816623687744 509
1764055144152 4.108813285827637 510
1764055150753 4.108815670013428 511
1764055157317 4.108815670013428 512
1764055163992 4.1088151931762695 513
1764055170519 4.108814716339111 514
1764055176985 4.108814716339111 515
1764055183683 4.1088151931762695 516
1764055190152 4.108820915222168 517
1764055196764 4.108814239501953 518
1764055203283 4.108818054199219 519
1764055209870 4.108818054199219 520
1764055216195 4.108819007873535 521
1764055222635 4.108814239501953 522
1764055229336 4.108819007873535 523
1764055235918 4.108814239501953 524
1764055242544 4.1088175773620605 525
1764055249120 4.108816623687744 526
1764055255756 4.108819961547852 527
1764055262242 4.108815670013428 528
1764055268780 4.108814716339111 529
1764055275230 4.108817100524902 530
1764055281634 4.108816623687744 531
1764055288127 4.108816623687744 532
1764055294611 4.1088175773620605 533
1764055301353 4.108816623687744 534
1764055308031 4.108817100524902 535
1764055314430 4.108815670013428 536
1764055320951 4.108816146850586 537
1764055327553 4.1088151931762695 538
1764055334192 4.108815670013428 539
1764055340838 4.108819961547852 540
1764055347263 4.108816623687744 541
1764055353962 4.108814716339111 542
1764055360544 4.10882043838501 543
1764055367016 4.1088128089904785 544
1764055373515 4.108815670013428 545
1764055380152 4.1088151931762695 546
1764055386582 4.108815670013428 547
1764055393080 4.108817100524902 548
1764055399564 4.1088151931762695 549
1764055406190 4.1088151931762695 550
1764055412650 4.108816623687744 551
1764055419071 4.108815670013428 552
1764055425703 4.108816623687744 553
1764055432207 4.108820915222168 554
1764055438860 4.10882043838501 555
1764055445328 4.108819007873535 556
1764055451716 4.108814239501953 557
1764055458251 4.108816623687744 558
1764055464775 4.108819961547852 559
1764055471378 4.108818054199219 560
1764055477983 4.108818054199219 561
1764055484363 4.108816623687744 562
1764055490881 4.108814716339111 563
1764055497498 4.1088175773620605 564
1764055504169 4.108814239501953 565
1764055510721 4.108815670013428 566
1764055517169 4.108816146850586 567
1764055523801 4.1088151931762695 568
1764055530605 4.108818531036377 569
1764055537157 4.108818054199219 570
1764055543621 4.108819007873535 571
1764055550060 4.108816146850586 572
1764055556584 4.1088175773620605 573
1764055563251 4.108814239501953 574
1764055569664 4.108819484710693 575
