1764051658491 98.0 1
1764051665086 99.0 2
1764051671568 99.0 3
1764051678076 99.0 4
1764051684573 99.0 5
1764051691184 99.0 6
1764051697553 99.0 7
1764051704188 99.0 8
1764051710749 99.0 9
1764051717338 99.0 10
1764051723959 99.0 11
1764051730427 99.0 12
1764051736999 100.0 13
1764051743489 99.0 14
1764051750080 99.0 15
1764051756682 99.0 16
1764051763174 99.0 17
1764051769791 99.0 18
1764051776348 99.0 19
1764051782757 99.0 20
1764051789294 99.0 21
1764051795936 100.0 22
1764051802633 99.0 23
1764051809100 99.0 24
1764051815683 99.0 25
1764051822182 99.0 26
1764051828849 99.0 27
1764051835330 99.0 28
1764051842003 99.0 29
1764051848492 99.0 30
1764051855100 99.0 31
1764051861715 99.0 32
1764051868292 99.0 33
1764051874755 99.0 34
1764051881336 99.0 35
1764051888095 99.0 36
1764051894587 99.0 37
1764051901129 99.0 38
1764051907853 99.0 39
1764051914289 99.0 40
1764051920822 99.0 41
1764051927236 99.0 42
1764051933851 99.0 43
1764051940539 99.0 44
1764051946899 99.0 45
1764051953446 99.0 46
1764051960085 99.0 47
1764051966823 99.0 48
1764051973279 99.0 49
1764051979767 99.0 50
1764051986426 99.0 51
1764051992970 100.0 52
1764051999453 99.0 53
1764052005822 99.0 54
1764052012300 99.0 55
1764052018989 99.0 56
1764052025504 98.0 57
1764052031961 99.0 58
1764052038586 99.0 59
1764052045184 99.0 60
1764052051662 99.0 61
1764052058183 99.0 62
1764052064821 99.0 63
1764052071336 99.0 64
1764052077853 99.0 65
1764052084305 99.0 66
1764052090755 99.0 67
1764052097412 99.0 68
1764052103846 99.0 69
1764052110368 99.0 70
1764052116987 100.0 71
1764052123535 99.0 72
1764052129982 99.0 73
1764052136371 99.0 74
1764052142888 100.0 75
1764052149385 99.0 76
1764052155792 99.0 77
1764052162322 99.0 78
1764052168927 99.0 79
1764052175501 99.0 80
1764052181885 99.0 81
1764052188316 99.0 82
1764052195074 99.0 83
1764052201596 99.0 84
1764052208224 99.0 85
1764052214688 99.0 86
1764052221173 99.0 87
1764052227699 99.0 88
1764052234275 99.0 89
1764052240805 99.0 90
1764052247381 99.0 91
1764052253761 99.0 92
1764052260259 99.0 93
1764052266689 99.0 94
1764052273289 99.0 95
1764052279778 99.0 96
1764052286324 99.0 97
1764052292968 99.0 98
1764052299477 99.0 99
1764052306002 99.0 100
1764052312611 99.0 101
1764052319048 99.0 102
1764052325527 99.0 103
1764052332043 100.0 104
1764052338671 99.0 105
1764052345294 100.0 106
1764052351813 100.0 107
1764052358405 99.0 108
1764052364874 99.0 109
1764052371527 99.0 110
1764052378069 99.0 111
1764052384520 99.0 112
1764052391026 100.0 113
1764052397529 99.0 114
1764052404106 98.0 115
1764052410551 99.0 116
1764052417281 99.0 117
1764052423773 99.0 118
1764052430442 99.0 119
1764052437005 99.0 120
1764052443513 99.0 121
1764052449941 99.0 122
1764052456531 99.0 123
1764052463080 99.0 124
1764052469544 99.0 125
1764052533112 97.0 126
1764052539590 99.0 127
1764052546037 100.0 128
1764052552559 99.0 129
1764052558985 99.0 130
1764052565619 100.0 131
1764052572195 99.0 132
1764052578649 99.0 133
1764052585196 99.0 134
1764052591950 99.0 135
1764052598391 99.0 136
1764052604975 99.0 137
1764052611606 100.0 138
1764052618113 99.0 139
1764052624673 99.0 140
1764052631440 99.0 141
1764052638105 99.0 142
1764052644739 99.0 143
1764052651230 99.0 144
1764052657649 99.0 145
1764052664283 99.0 146
1764052670856 99.0 147
1764052677324 99.0 148
1764052683849 99.0 149
1764052690408 99.0 150
1764052696952 99.0 151
1764052703471 99.0 152
1764052710013 99.0 153
1764052716672 99.0 154
1764052723154 100.0 155
1764052729768 99.0 156
1764052736284 99.0 157
1764052742813 99.0 158
1764052749486 99.0 159
1764052755894 99.0 160
1764052762411 99.0 161
1764052768853 99.0 162
1764052775398 99.0 163
1764052781812 99.0 164
1764052788377 99.0 165
1764052794795 99.0 166
1764052801399 99.0 167
1764052808010 99.0 168
1764052814575 99.0 169
1764052821320 99.0 170
1764052827813 99.0 171
1764052834260 99.0 172
1764052840825 100.0 173
1764052847427 99.0 174
1764052853906 98.0 175
1764052860500 99.0 176
1764052867129 96.0 177
1764052873676 99.0 178
1764052880228 99.0 179
1764052887095 99.0 180
1764052893694 99.0 181
1764052900177 99.0 182
1764052906633 99.0 183
1764052913130 99.0 184
1764052919771 99.0 185
1764052926235 99.0 186
1764052932781 99.0 187
1764052939380 99.0 188
1764052945832 99.0 189
1764052952192 99.0 190
1764052958646 99.0 191
1764052965223 99.0 192
1764052971700 99.0 193
1764052978180 99.0 194
1764052984626 99.0 195
1764052991066 99.0 196
1764052997531 99.0 197
1764053003971 99.0 198
1764053010615 99.0 199
1764053017148 99.0 200
1764053023745 99.0 201
1764053030190 99.0 202
1764053036671 99.0 203
1764053043184 99.0 204
1764053049649 99.0 205
1764053055943 99.0 206
1764053062474 99.0 207
1764053069132 99.0 208
1764053075587 99.0 209
1764053082202 99.0 210
1764053088948 99.0 211
1764053095419 99.0 212
1764053102067 99.0 213
1764053108727 99.0 214
1764053115184 99.0 215
1764053121700 99.0 216
1764053128103 99.0 217
1764053134862 99.0 218
1764053141310 100.0 219
1764053148141 99.0 220
1764053154582 99.0 221
1764053161057 99.0 222
1764053167520 99.0 223
1764053174084 99.0 224
1764053180684 99.0 225
1764053187373 99.0 226
1764053193899 99.0 227
1764053200307 98.0 228
1764053206868 99.0 229
1764053213454 99.0 230
1764053219986 99.0 231
1764053226433 99.0 232
1764053232930 99.0 233
1764053239439 99.0 234
1764053245969 99.0 235
1764053252531 99.0 236
1764053259015 99.0 237
1764053265459 99.0 238
1764053272132 99.0 239
1764053278584 99.0 240
1764053285092 99.0 241
1764053291580 99.0 242
1764053298040 99.0 243
1764053304703 99.0 244
1764053311282 99.0 245
1764053317691 99.0 246
1764053324217 99.0 247
1764053330720 99.0 248
1764053337230 99.0 249
1764053343783 99.0 250
1764053382899 99.0 251
1764053389281 99.0 252
1764053395718 99.0 253
1764053402351 99.0 254
1764053408791 99.0 255
1764053415293 99.0 256
1764053421851 99.0 257
1764053428217 99.0 258
1764053434744 99.0 259
1764053441464 99.0 260
1764053448047 99.0 261
1764053454551 98.0 262
1764053461234 99.0 263
1764053467897 99.0 264
1764053474651 100.0 265
1764053481163 99.0 266
1764053487734 99.0 267
1764053494316 99.0 268
1764053500826 99.0 269
1764053507376 99.0 270
1764053513925 99.0 271
1764053520604 99.0 272
1764053527153 99.0 273
1764053533733 99.0 274
1764053540463 99.0 275
1764053547144 96.0 276
1764053553796 99.0 277
1764053560360 99.0 278
1764053566886 99.0 279
1764053573408 99.0 280
1764053580008 99.0 281
1764053586576 99.0 282
1764053593154 99.0 283
1764053599837 99.0 284
1764053606513 99.0 285
1764053613050 99.0 286
1764053619469 99.0 287
1764053626034 99.0 288
1764053632744 99.0 289
1764053639148 99.0 290
1764053645725 99.0 291
1764053652306 99.0 292
1764053658799 99.0 293
1764053665409 99.0 294
1764053671991 99.0 295
1764053678647 99.0 296
1764053685101 99.0 297
1764053691774 99.0 298
1764053698327 99.0 299
1764053704788 99.0 300
1764053711246 99.0 301
1764053717809 99.0 302
1764053724383 99.0 303
1764053731047 99.0 304
1764053737654 99.0 305
1764053744252 99.0 306
1764053750751 99.0 307
1764053757291 99.0 308
1764053763904 99.0 309
1764053770447 99.0 310
1764053776883 99.0 311
1764053783482 99.0 312
1764053790001 99.0 313
1764053796406 100.0 314
1764053802895 99.0 315
1764053809516 99.0 316
1764053816088 99.0 317
1764053822685 99.0 318
1764053829226 99.0 319
1764053835912 99.0 320
1764053842559 99.0 321
1764053849064 99.0 322
1764053855640 99.0 323
1764053862004 99.0 324
1764053868393 99.0 325
1764053874957 99.0 326
1764053881324 99.0 327
1764053887889 99.0 328
1764053894623 99.0 329
1764053901170 99.0 330
1764053907595 99.0 331
1764053914053 99.0 332
1764053920705 97.0 333
1764053927374 99.0 334
1764053933927 97.0 335
1764053940539 99.0 336
1764053947221 99.0 337
1764053953695 99.0 338
1764053960330 99.0 339
1764053966962 99.0 340
1764053973550 99.0 341
1764053980272 99.0 342
1764053986779 99.0 343
1764053993312 99.0 344
1764053999823 99.0 345
1764054006306 99.0 346
1764054012961 99.0 347
1764054019534 99.0 348
1764054026019 99.0 349
1764054032478 99.0 350
1764054038963 99.0 351
1764054045435 99.0 352
1764054051955 99.0 353
1764054058425 99.0 354
1764054065285 99.0 355
1764054071769 99.0 356
1764054078246 99.0 357
1764054084772 99.0 358
1764054091443 99.0 359
1764054098082 99.0 360
1764054104616 99.0 361
1764054111075 99.0 362
1764054117568 99.0 363
1764054124064 99.0 364
1764054130616 99.0 365
1764054137065 99.0 366
1764054143565 99.0 367
1764054150328 99.0 368
1764054156711 99.0 369
1764054163226 99.0 370
1764054169901 99.0 371
1764054176507 99.0 372
1764054183078 99.0 373
1764054189729 99.0 374
1764054196422 99.0 375
1764054235587 100.0 376
1764054242272 100.0 377
1764054248847 99.0 378
1764054255384 99.0 379
1764054261878 100.0 380
1764054268517 97.0 381
1764054275232 99.0 382
1764054281940 100.0 383
1764054288588 99.0 384
1764054295090 100.0 385
1764054301458 99.0 386
1764054308184 99.0 387
1764054314662 99.0 388
1764054321198 99.0 389
1764054327688 99.0 390
1764054334598 99.0 391
1764054341030 99.0 392
1764054347484 99.0 393
1764054353975 99.0 394
1764054360573 99.0 395
1764054367278 99.0 396
1764054373775 99.0 397
1764054380264 99.0 398
1764054386773 99.0 399
1764054393325 99.0 400
1764054399896 99.0 401
1764054406618 99.0 402
1764054413195 99.0 403
1764054419640 99.0 404
1764054426152 99.0 405
1764054432660 99.0 406
1764054439289 99.0 407
1764054445827 99.0 408
1764054452382 99.0 409
1764054458907 96.0 410
1764054465403 99.0 411
1764054472085 99.0 412
1764054478628 99.0 413
1764054485145 99.0 414
1764054491633 99.0 415
1764054498148 99.0 416
1764054504520 99.0 417
1764054510962 99.0 418
1764054517596 99.0 419
1764054524181 99.0 420
1764054530663 99.0 421
1764054537162 99.0 422
1764054543695 99.0 423
1764054550144 99.0 424
1764054556678 99.0 425
1764054563225 99.0 426
1764054569829 99.0 427
1764054576320 99.0 428
1764054582993 99.0 429
1764054589504 99.0 430
1764054596213 100.0 431
1764054602689 99.0 432
1764054609237 99.0 433
1764054615787 99.0 434
1764054622133 100.0 435
1764054628661 99.0 436
1764054635215 99.0 437
1764054641710 99.0 438
1764054648387 99.0 439
1764054654764 99.0 440
1764054661463 99.0 441
1764054668013 99.0 442
1764054674458 99.0 443
1764054680879 99.0 444
1764054687279 99.0 445
1764054693812 99.0 446
1764054700372 99.0 447
1764054706953 99.0 448
1764054713522 99.0 449
1764054720001 99.0 450
1764054726563 99.0 451
1764054733061 99.0 452
1764054739461 99.0 453
1764054746023 99.0 454
1764054752419 99.0 455
1764054758883 99.0 456
1764054765426 99.0 457
1764054772106 99.0 458
1764054778727 99.0 459
1764054785308 99.0 460
1764054791760 99.0 461
1764054798247 99.0 462
1764054804789 99.0 463
1764054811258 99.0 464
1764054817797 99.0 465
1764054824376 99.0 466
1764054830912 98.0 467
1764054837496 100.0 468
1764054844004 99.0 469
1764054850512 99.0 470
1764054857093 99.0 471
1764054863888 99.0 472
1764054870402 99.0 473
1764054876847 99.0 474
1764054883448 99.0 475
1764054890031 99.0 476
1764054896454 100.0 477
1764054902885 99.0 478
1764054909423 99.0 479
1764054915901 99.0 480
1764054922550 99.0 481
1764054928987 99.0 482
1764054935408 99.0 483
1764054941835 99.0 484
1764054948564 99.0 485
1764054955356 99.0 486
1764054961718 99.0 487
1764054968369 99.0 488
1764054974870 99.0 489
1764054981388 99.0 490
1764054987957 99.0 491
1764054994462 99.0 492
1764055000948 99.0 493
1764055007338 99.0 494
1764055013754 99.0 495
1764055020165 99.0 496
1764055026797 99.0 497
1764055033494 99.0 498
1764055040046 99.0 499
1764055046622 99.0 500
1764055085500 99.0 501
1764055091967 99.0 502
1764055098371 99.0 503
1764055105014 99.0 504
1764055111538 99.0 505
1764055118115 97.0 506
1764055124657 99.0 507
1764055131056 99.0 508
1764055137511 99.0 509
1764055144152 99.0 510
1764055150753 99.0 511
1764055157317 99.0 512
1764055163992 99.0 513
1764055170519 99.0 514
1764055176985 99.0 515
1764055183683 99.0 516
1764055190152 99.0 517
1764055196764 99.0 518
1764055203283 99.0 519
1764055209870 99.0 520
1764055216195 99.0 521
1764055222635 99.0 522
1764055229336 99.0 523
1764055235918 99.0 524
1764055242544 99.0 525
1764055249120 99.0 526
1764055255756 99.0 527
1764055262242 99.0 528
1764055268780 99.0 529
1764055275230 99.0 530
1764055281634 99.0 531
1764055288127 99.0 532
1764055294611 99.0 533
1764055301353 99.0 534
1764055308031 99.0 535
1764055314430 99.0 536
1764055320951 99.0 537
1764055327553 99.0 538
1764055334192 99.0 539
1764055340838 99.0 540
1764055347263 99.0 541
1764055353962 99.0 542
1764055360544 99.0 543
1764055367016 99.0 544
1764055373515 99.0 545
1764055380152 97.0 546
1764055386582 99.0 547
1764055393080 99.0 548
1764055399564 99.0 549
1764055406190 99.0 550
1764055412650 99.0 551
1764055419071 99.0 552
1764055425703 99.0 553
1764055432207 99.0 554
1764055438860 99.0 555
1764055445328 99.0 556
1764055451716 99.0 557
1764055458251 99.0 558
1764055464775 99.0 559
1764055471378 99.0 560
1764055477983 99.0 561
1764055484363 99.0 562
1764055490881 99.0 563
1764055497498 99.0 564
1764055504169 99.0 565
1764055510721 99.0 566
1764055517169 99.0 567
1764055523801 99.0 568
1764055530605 99.0 569
1764055537157 99.0 570
1764055543621 99.0 571
1764055550060 99.0 572
1764055556584 99.0 573
1764055563251 99.0 574
1764055569664 99.0 575
