1764179766194 0.0 1
1764179772763 9.947598300641403e-12 2
1764179779249 9.036064147949219e-05 3
1764179785769 0.00027751922607421875 4
1764179792280 0.0005893707275390625 5
1764179798791 0.001056671142578125 6
1764179805323 0.0019702911376953125 7
1764179811862 0.003376007080078125 8
1764179818397 0.00550079345703125 9
1764179824955 0.0084686279296875 10
1764179831500 0.012939453125 11
1764179838064 0.019378662109375 12
1764179844602 0.02886962890625 13
1764179851148 0.0411376953125 14
1764179857713 0.0574951171875 15
1764179864279 0.0784912109375 16
1764179870839 0.1024169921875 17
1764179877388 0.132080078125 18
1764179883926 0.16748046875 19
1764179890455 0.209228515625 20
1764179896978 0.25341796875 21
1764179903501 0.30712890625 22
1764179910041 0.37353515625 23
1764179916574 0.44287109375 24
1764179923102 0.513671875 25
1764179929645 0.568359375 26
1764179936180 0.6103515625 27
1764179942698 0.6298828125 28
1764179949213 0.6591796875 29
1764179955762 0.662109375 30
1764179962301 0.6533203125 31
1764179968844 0.6455078125 32
1764179975352 0.6318359375 33
1764179981876 0.607421875 34
1764179988394 0.5732421875 35
1764179994911 0.5380859375 36
1764180001441 0.50390625 37
1764180007960 0.46630859375 38
1764180014483 0.447265625 39
1764180020993 0.4326171875 40
1764180027580 0.4296875 41
1764180034075 0.43115234375 42
1764180040608 0.43798828125 43
1764180047134 0.44873046875 44
1764180053651 0.46728515625 45
1764180060153 0.4833984375 46
1764180066651 0.5087890625 47
1764180073153 0.5244140625 48
1764180108263 0.5380859375 49
1764180114737 0.5322265625 50
1764180121213 0.5283203125 51
1764180127692 0.515625 52
1764180134208 0.49609375 53
1764180140713 0.4853515625 54
1764180147227 0.4736328125 55
1764180153757 0.466796875 56
1764180160276 0.46533203125 57
1764180166792 0.46923828125 58
1764180173315 0.48388671875 59
1764180179828 0.49169921875 60
1764180186355 0.498046875 61
1764180192879 0.50048828125 62
1764180199372 0.51171875 63
1764180205894 0.509765625 64
1764180212414 0.5078125 65
1764180218944 0.50146484375 66
1764180225492 0.486328125 67
1764180232020 0.4775390625 68
1764180238534 0.47607421875 69
1764180245080 0.47314453125 70
1764180251597 0.478515625 71
1764180258122 0.49560546875 72
1764180264879 0.4970703125 73
1764180271395 0.498046875 74
1764180277914 0.5048828125 75
1764180284437 0.505859375 76
1764180290954 0.5068359375 77
1764180297527 0.49658203125 78
1764180304038 0.484375 79
1764180310560 0.48046875 80
1764180317148 0.4873046875 81
1764180323660 0.49462890625 82
1764180330174 0.509765625 83
1764180336691 0.5087890625 84
1764180343210 0.51171875 85
1764180349731 0.505859375 86
1764180356254 0.5029296875 87
1764180362776 0.49365234375 88
1764180369299 0.4912109375 89
1764180375804 0.4833984375 90
1764180382345 0.47900390625 91
1764180388881 0.48974609375 92
1764180395394 0.49658203125 93
1764180401892 0.50390625 94
1764180408395 0.51171875 95
1764180414902 0.5107421875 96
1764180421411 0.5126953125 97
1764180457095 0.505859375 98
1764180463561 0.4990234375 99
1764180470033 0.49169921875 100
1764180476503 0.50146484375 101
1764180482984 0.50048828125 102
1764180489494 0.5029296875 103
1764180495999 0.5126953125 104
1764180502515 0.505859375 105
1764180509007 0.4990234375 106
1764180515513 0.4912109375 107
1764180522050 0.50390625 108
1764180528582 0.50048828125 109
1764180535077 0.5 110
1764180541588 0.5009765625 111
1764180548088 0.50048828125 112
1764180554590 0.49951171875 113
1764180561159 0.49267578125 114
1764180567674 0.5087890625 115
1764180574191 0.50048828125 116
1764180580687 0.49951171875 117
1764180587189 0.5146484375 118
1764180593709 0.5078125 119
1764180600203 0.4970703125 120
1764180606713 0.5029296875 121
1764180613234 0.4931640625 122
1764180619751 0.50244140625 123
1764180626247 0.49853515625 124
1764180632748 0.509765625 125
1764180639251 0.5068359375 126
1764180645769 0.5107421875 127
1764180652260 0.5048828125 128
1764180658766 0.509765625 129
1764180665270 0.490234375 130
1764180671770 0.49755859375 131
1764180678292 0.50537109375 132
1764180684779 0.5078125 133
1764180691304 0.50341796875 134
1764180697807 0.5087890625 135
1764180704330 0.5107421875 136
1764180710890 0.5234375 137
1764180717370 0.51953125 138
1764180723863 0.505859375 139
1764180730422 0.50390625 140
1764180736926 0.50537109375 141
1764180743430 0.49853515625 142
1764180749944 0.49853515625 143
1764180756442 0.48974609375 144
1764180762953 0.494140625 145
1764180769455 0.5 146
1764180806425 0.5107421875 147
1764180812905 0.5087890625 148
1764180819378 0.50732421875 149
1764180825855 0.5078125 150
1764180832341 0.5146484375 151
1764180838847 0.50732421875 152
1764180845339 0.5 153
1764180851837 0.50390625 154
1764180858346 0.5029296875 155
1764180864936 0.4990234375 156
1764180871425 0.5029296875 157
1764180877946 0.5009765625 158
1764180884449 0.50341796875 159
1764180890965 0.5078125 160
1764180897470 0.4990234375 161
1764180903979 0.505859375 162
1764180910503 0.5126953125 163
1764180917195 0.50146484375 164
1764180923705 0.50390625 165
1764180930204 0.50439453125 166
1764180936704 0.50244140625 167
1764180943201 0.4931640625 168
1764180949722 0.5078125 169
1764180956224 0.5 170
1764180962747 0.50146484375 171
1764180969263 0.50146484375 172
1764180975781 0.5009765625 173
1764180982306 0.51171875 174
1764180988825 0.4990234375 175
1764180995341 0.4970703125 176
1764181001842 0.505859375 177
1764181008335 0.49365234375 178
1764181014820 0.515625 179
1764181021323 0.4990234375 180
1764181027831 0.50927734375 181
1764181034322 0.50439453125 182
1764181040863 0.5126953125 183
1764181047351 0.51171875 184
1764181053838 0.5048828125 185
1764181060362 0.5185546875 186
1764181066852 0.5146484375 187
1764181073348 0.5166015625 188
1764181079847 0.5146484375 189
1764181086340 0.50634765625 190
1764181092835 0.5078125 191
1764181099343 0.49853515625 192
1764181105839 0.50146484375 193
1764181112337 0.49658203125 194
1764181118820 0.5107421875 195
