1764796302134 1.185546875 5
1764796342560 1.162109375 10
1764796383158 1.33203125 15
1764796423634 1.146484375 20
1764796464354 1.16796875 25
1764796505080 1.015625 30
1764796545485 1.083984375 35
1764796586310 1.201171875 40
1764796627064 1.119140625 45
1764796667404 1.1328125 50
1764796708075 1.220703125 55
1764796748641 1.009765625 60
1764796789263 1.041015625 65
1764796829895 1.150390625 70
1764796870434 0.9375 75
1764796911102 0.9951171875 80
1764796951734 1.13671875 85
1764796992073 0.978515625 90
1764797032575 0.9609375 95
1764797073167 0.966796875 100
1764797113616 1.1318359375 105
1764797154233 1.09765625 110
1764797194679 1.185546875 115
1764797235201 1.134765625 120
1764797275860 1.103515625 125
1764797316148 1.12890625 130
1764797356875 0.962890625 135
1764797397392 1.0908203125 140
1764797437992 1.021484375 145
1764797478703 1.03125 150
1764797519052 1.029296875 155
1764797559662 1.11328125 160
1764797600476 1.099609375 165
1764797640770 1.083984375 170
1764797681463 0.9296875 175
1764797722189 1.0078125 180
1764797762538 1.08984375 185
1764797803256 1.115234375 190
1764797843902 1.08203125 195
1764797884346 1.0712890625 200
1764797924969 0.982421875 205
1764797965485 0.994140625 210
1764798006081 1.046875 215
1764798046696 1.23046875 220
1764798087117 1.1640625 225
1764798127700 0.96875 230
1764798168296 1.1796875 235
1764798208757 1.08203125 240
1764798249283 1.150390625 245
1764798289943 1.126953125 250
1764798330415 1.0986328125 255
1764798371032 0.9267578125 260
1764798411564 1.02734375 265
1764798452137 1.0703125 270
1764798492929 1.068359375 275
1764798533567 1.03515625 280
1764798574124 1.0830078125 285
1764798614612 1.06640625 290
1764798655162 1.041015625 295
1764798695792 1.0595703125 300
1764798736399 1.1015625 305
1764798776948 1.130859375 310
1764798817576 1.13671875 315
1764798858147 1.03515625 320
1764798898693 1.04296875 325
1764798939116 0.955078125 330
1764798979928 1.119140625 335
1764799020316 1.0693359375 340
1764799060868 1.03515625 345
1764799101475 1.091796875 350
1764799142066 1.0703125 355
1764799182576 0.962890625 360
1764799223067 1.34375 365
1764799263516 0.9990234375 370
1764799304196 1.005859375 375
1764799344684 1.193359375 380
1764799385238 0.9287109375 385
1764799425832 1.0966796875 390
1764799466168 1.0283203125 395
1764799506870 1.0849609375 400
1764799547333 1.064453125 405
1764799587869 1.001953125 410
1764799628569 1.041015625 415
1764799669009 0.9208984375 420
1764799709559 1.083984375 425
1764799750184 0.96875 430
1764799790534 1.099609375 435
1764799831238 0.994140625 440
1764799871754 1.013671875 445
1764799912210 1.0380859375 450
1764799952832 0.939453125 455
1764799993474 0.96875 460
1764800034032 1.11328125 465
1764800074571 1.041015625 470
1764800115126 0.927734375 475
1764800155663 0.958984375 480
1764800196255 1.095703125 485
1764800236775 0.908203125 490
1764800277436 1.041015625 495
1764800317845 0.8681640625 500
1764800358409 1.177734375 505
1764800399052 1.0546875 510
1764800439571 1.001953125 515
1764800480125 0.97265625 520
1764800541843 1.10546875 525
1764800583060 1.064453125 530
1764800624244 0.9619140625 535
1764800664763 1.08984375 540
1764800705484 0.990234375 545
1764800746050 1.001953125 550
1764800786527 0.9140625 555
1764800827151 1.0341796875 560
1764800867815 1.03515625 565
1764800908401 0.978515625 570
1764800948879 1.0068359375 575
1764800989471 1.0361328125 580
1764801030086 1.046875 585
1764801070647 0.96484375 590
1764801111044 1.0771484375 595
1764801151604 1.03125 600
1764801192207 0.98046875 605
1764801232726 1.0869140625 610
1764801273302 1.048828125 615
1764801313848 0.92578125 620
1764801354395 1.041015625 625
1764801394948 0.9833984375 630
1764801435524 1.013671875 635
1764801475983 1.033203125 640
1764801516572 1.0 645
1764801557042 1.0078125 650
1764801597592 1.115234375 655
1764801638228 0.970703125 660
1764801678855 1.072265625 665
1764801719288 1.0859375 670
1764801759916 1.048828125 675
1764801800477 1.083984375 680
1764801840946 1.0166015625 685
1764801881472 1.0263671875 690
1764801922143 0.9521484375 695
1764801962622 1.119140625 700
1764802003227 0.919921875 705
1764802043698 1.0068359375 710
1764802084295 0.96484375 715
1764802125021 1.0 720
1764802165489 1.083984375 725
1764802206030 1.0576171875 730
1764802246607 0.982421875 735
1764802287163 0.990234375 740
1764802327812 1.068359375 745
1764802368325 1.0771484375 750
1764802408959 1.068359375 755
1764802449863 1.001953125 760
1764802490423 1.138671875 765
1764802531018 0.8740234375 770
1764802571506 1.0615234375 775
1764802612043 0.9619140625 780
1764802652607 1.01171875 785
1764802693096 0.96875 790
1764802733665 0.998046875 795
1764802774218 0.890625 800
1764802814824 1.0947265625 805
1764802855436 1.0732421875 810
1764802896074 0.9541015625 815
1764802936667 1.005859375 820
1764802977178 0.91796875 825
1764803017783 0.8974609375 830
1764803058418 1.115234375 835
1764803098853 1.052734375 840
1764803139604 0.94140625 845
1764803180172 1.01171875 850
1764803220734 0.8525390625 855
1764803261324 1.212890625 860
1764803301850 1.021484375 865
1764803342510 1.037109375 870
1764803383152 1.146484375 875
1764803423693 0.9970703125 880
1764803464405 0.98046875 885
1764803504929 0.9990234375 890
1764803545409 1.052734375 895
1764803585979 0.9990234375 900
1764803626560 1.0234375 905
1764803667138 0.8857421875 910
1764803707713 1.021484375 915
1764803748275 1.0595703125 920
1764803788890 1.0078125 925
1764803829453 0.9521484375 930
1764803869912 1.037109375 935
1764803910612 0.9755859375 940
1764803951210 0.9140625 945
1764803991628 0.900390625 950
1764804032173 0.9765625 955
1764804072694 0.8818359375 960
1764804113290 1.021484375 965
1764804153852 0.904296875 970
1764804194471 0.9013671875 975
1764804235096 0.8505859375 980
1764804275755 0.9150390625 985
1764804316387 0.98046875 990
1764804356880 0.9189453125 995
1764804397485 0.978515625 1000
1764804438065 0.9443359375 1005
1764804478643 1.04296875 1010
1764804519179 0.9560546875 1015
1764804559803 0.9833984375 1020
1764804600496 1.0751953125 1025
1764804641061 0.9296875 1030
1764804681589 0.9912109375 1035
1764804722193 0.8583984375 1040
1764804787743 0.9072265625 1045
1764804828926 0.970703125 1050
1764804869980 0.9638671875 1055
1764804910754 0.904296875 1060
1764804951284 0.9677734375 1065
1764804991818 0.89453125 1070
1764805032351 0.9296875 1075
1764805072965 0.986328125 1080
1764805113628 1.09375 1085
1764805154152 0.951171875 1090
1764805194828 0.94140625 1095
1764805235525 1.009765625 1100
1764805276106 0.91796875 1105
1764805316618 0.9638671875 1110
1764805357047 0.9541015625 1115
1764805397934 0.9169921875 1120
1764805438488 1.03125 1125
1764805479105 0.8876953125 1130
1764805519683 0.890625 1135
1764805560194 1.0791015625 1140
1764805600816 1.0390625 1145
1764805641433 0.908203125 1150
1764805681949 0.9453125 1155
1764805722510 0.916015625 1160
1764805763066 1.09765625 1165
1764805803747 0.9453125 1170
1764805844336 0.8515625 1175
1764805884908 0.9306640625 1180
1764805925418 0.880859375 1185
1764805965958 0.9921875 1190
1764806006471 1.001953125 1195
1764806047268 0.7900390625 1200
1764806087722 1.0107421875 1205
1764806128253 0.9755859375 1210
1764806168878 1.015625 1215
1764806209420 0.8818359375 1220
1764806250011 1.2392578125 1225
1764806290545 0.8828125 1230
1764806331063 0.978515625 1235
1764806371788 0.9765625 1240
1764806412250 1.03125 1245
1764806452808 1.0966796875 1250
1764806493385 0.931640625 1255
1764806534058 1.041015625 1260
1764806574774 1.0732421875 1265
1764806615365 0.916015625 1270
1764806655993 0.8671875 1275
1764806696568 0.8935546875 1280
1764806737256 0.890625 1285
1764806777769 0.994140625 1290
1764806818438 0.791015625 1295
1764806859042 1.033203125 1300
1764806899491 0.921875 1305
1764806940066 1.0009765625 1310
1764806980667 0.9951171875 1315
1764807021188 0.982421875 1320
1764807061778 0.9267578125 1325
1764807102394 0.916015625 1330
1764807143004 0.884765625 1335
1764807183570 0.96875 1340
1764807224186 0.9638671875 1345
1764807264814 0.884765625 1350
1764807305252 0.9482421875 1355
1764807345770 0.92578125 1360
1764807386345 0.9423828125 1365
1764807426910 0.9580078125 1370
1764807467461 1.001953125 1375
1764807508001 0.9208984375 1380
1764807548470 0.9189453125 1385
1764807589132 0.943359375 1390
1764807629698 0.943359375 1395
1764807670183 0.8779296875 1400
1764807710928 0.998046875 1405
1764807751420 0.892578125 1410
1764807791982 1.01171875 1415
1764807832578 1.029296875 1420
1764807873029 0.9921875 1425
1764807913729 0.951171875 1430
1764807954238 0.9775390625 1435
1764807994738 0.9833984375 1440
1764808035432 0.892578125 1445
1764808075971 0.8447265625 1450
1764808116538 0.947265625 1455
1764808156999 0.8681640625 1460
1764808197681 0.9697265625 1465
1764808238336 0.861328125 1470
1764808278884 0.935546875 1475
1764808319471 0.9931640625 1480
1764808360047 0.98046875 1485
1764808400706 0.96484375 1490
1764808441327 0.9111328125 1495
1764808481893 1.0078125 1500
1764808522463 0.9326171875 1505
1764808563050 0.896484375 1510
1764808603622 0.9228515625 1515
1764808644260 1.0107421875 1520
1764808684742 0.931640625 1525
1764808725336 1.0439453125 1530
1764808766020 0.9267578125 1535
1764808806538 0.908203125 1540
1764808847134 0.888671875 1545
1764808887727 0.8623046875 1550
1764808928238 0.869140625 1555
1764808968916 0.904296875 1560
1764809030292 0.904296875 1565
1764809071481 0.9326171875 1570
1764809112682 0.8369140625 1575
1764809153499 1.00390625 1580
1764809194056 1.037109375 1585
1764809234501 0.8974609375 1590
1764809274984 0.974609375 1595
1764809315523 0.974609375 1600
1764809355956 0.8017578125 1605
1764809396408 0.978515625 1610
1764809437090 0.9306640625 1615
1764809477537 1.0078125 1620
1764809518150 0.9228515625 1625
1764809558706 1.0185546875 1630
1764809599248 1.0224609375 1635
1764809639879 0.92578125 1640
1764809680381 0.9755859375 1645
1764809721094 0.8271484375 1650
1764809761748 0.8369140625 1655
1764809802162 0.86328125 1660
1764809842735 0.869140625 1665
1764809883359 0.896484375 1670
1764809923847 0.88671875 1675
1764809964466 1.01171875 1680
1764810004909 0.927734375 1685
1764810045580 0.9638671875 1690
1764810086236 0.8916015625 1695
1764810126788 1.0 1700
1764810167343 0.91015625 1705
1764810208018 0.8603515625 1710
1764810248565 0.9658203125 1715
1764810289236 0.978515625 1720
1764810329779 1.02734375 1725
1764810370248 0.8271484375 1730
1764810410909 1.05859375 1735
1764810451470 0.93359375 1740
1764810492030 0.978515625 1745
1764810532660 0.9716796875 1750
1764810573117 0.919921875 1755
1764810613817 0.91015625 1760
1764810654401 0.9833984375 1765
1764810695101 0.9365234375 1770
1764810735756 0.9609375 1775
1764810776254 1.0078125 1780
1764810816886 0.8310546875 1785
1764810857499 1.0068359375 1790
1764810898041 0.884765625 1795
1764810938702 1.05078125 1800
1764810979311 0.9326171875 1805
1764811019749 1.095703125 1810
1764811060515 0.814453125 1815
1764811101134 0.9296875 1820
1764811141691 0.904296875 1825
1764811182234 0.919921875 1830
1764811222750 0.998046875 1835
1764811263286 0.9462890625 1840
1764811303843 1.0224609375 1845
1764811344376 0.8974609375 1850
1764811385182 0.9169921875 1855
1764811425603 0.939453125 1860
1764811466244 0.8984375 1865
1764811506998 0.94140625 1870
1764811547500 1.05859375 1875
1764811588143 1.041015625 1880
1764811628751 0.943359375 1885
1764811669184 0.927734375 1890
1764811709776 0.96875 1895
1764811750345 0.9423828125 1900
1764811790944 0.990234375 1905
1764811831595 0.8681640625 1910
1764811872150 0.986328125 1915
1764811912867 0.837890625 1920
1764811953446 0.919921875 1925
1764811994068 0.8359375 1930
1764812034582 0.97265625 1935
1764812075181 1.0751953125 1940
1764812115705 0.921875 1945
1764812156314 0.9296875 1950
1764812196939 1.013671875 1955
1764812237547 0.8291015625 1960
1764812278120 0.8984375 1965
1764812318722 0.76171875 1970
1764812359273 0.9560546875 1975
1764812399864 0.861328125 1980
1764812440341 0.8720703125 1985
1764812480893 0.9423828125 1990
1764812521457 0.99609375 1995
1764812562014 1.0068359375 2000
1764812602633 0.97265625 2005
1764812643175 0.875 2010
1764812683661 0.9482421875 2015
1764812724205 0.9248046875 2020
1764812764881 0.896484375 2025
1764812805480 1.0078125 2030
1764812845984 0.880859375 2035
1764812886626 0.791015625 2040
1764812927237 0.92578125 2045
1764812967854 0.9326171875 2050
1764813008418 0.8525390625 2055
1764813048922 0.955078125 2060
1764813089567 0.9501953125 2065
1764813130052 0.97265625 2070
1764813170646 1.05078125 2075
1764813211223 0.970703125 2080
1764813276583 0.8701171875 2085
1764813317805 0.8935546875 2090
1764813358963 0.9287109375 2095
1764813400075 0.931640625 2100
1764813440635 0.892578125 2105
1764813481243 0.8076171875 2110
1764813521785 1.037109375 2115
1764813562495 0.9580078125 2120
1764813603138 0.833984375 2125
1764813643667 0.9521484375 2130
1764813684243 0.8583984375 2135
1764813724859 1.029296875 2140
1764813765469 0.88671875 2145
1764813806136 1.0205078125 2150
1764813846656 0.962890625 2155
1764813887329 1.00390625 2160
1764813928002 0.8212890625 2165
1764813968430 0.9560546875 2170
1764814009168 0.92578125 2175
1764814049677 0.806640625 2180
1764814090262 0.87109375 2185
1764814130821 0.9189453125 2190
1764814171313 0.99609375 2195
1764814212029 0.9677734375 2200
1764814252659 0.970703125 2205
1764814293129 0.8828125 2210
1764814333854 0.8447265625 2215
1764814374320 0.806640625 2220
1764814414945 0.8564453125 2225
1764814455496 0.818359375 2230
1764814495980 0.923828125 2235
1764814536834 0.9638671875 2240
1764814577520 0.8779296875 2245
1764814618019 0.951171875 2250
1764814658675 0.95703125 2255
1764814699232 0.8984375 2260
1764814739660 1.01953125 2265
1764814780258 0.82421875 2270
1764814820770 0.76953125 2275
1764814861286 0.8583984375 2280
1764814901885 1.037109375 2285
1764814942285 0.9208984375 2290
1764814983048 0.9306640625 2295
1764815023526 0.8818359375 2300
1764815064140 0.90234375 2305
1764815104759 0.8369140625 2310
1764815145244 0.93359375 2315
1764815185878 0.9072265625 2320
1764815226577 0.91796875 2325
1764815267043 0.794921875 2330
1764815307468 0.9345703125 2335
1764815348157 0.90625 2340
1764815388770 0.982421875 2345
1764815429350 0.802734375 2350
1764815469941 0.927734375 2355
1764815510607 1.03515625 2360
1764815551134 0.9453125 2365
1764815591676 0.93359375 2370
1764815632241 1.0263671875 2375
1764815672850 0.830078125 2380
1764815713470 0.9765625 2385
1764815754094 0.9599609375 2390
1764815794789 0.9599609375 2395
1764815835356 0.9501953125 2400
1764815876007 0.939453125 2405
1764815916674 0.8837890625 2410
1764815957405 0.919921875 2415
1764815997992 1.00390625 2420
1764816038511 0.98828125 2425
1764816079228 0.919921875 2430
1764816119733 0.9404296875 2435
1764816160299 0.88671875 2440
1764816200886 0.802734375 2445
1764816241357 0.900390625 2450
1764816282144 0.763671875 2455
1764816322670 0.890625 2460
1764816363267 0.8857421875 2465
1764816403993 0.97265625 2470
1764816444519 0.8984375 2475
1764816485088 0.955078125 2480
1764816525683 0.8544921875 2485
1764816566134 0.9462890625 2490
1764816606794 0.91796875 2495
1764816647351 0.8916015625 2500
1764816687823 0.9423828125 2505
1764816728539 0.8583984375 2510
1764816769185 0.9453125 2515
1764816809658 0.892578125 2520
1764816850319 0.8486328125 2525
1764816890735 0.943359375 2530
1764816931453 0.728515625 2535
1764816971937 0.8828125 2540
1764817012507 0.9375 2545
1764817053210 1.109375 2550
1764817093779 0.9375 2555
1764817134270 0.95703125 2560
1764817174997 0.8330078125 2565
1764817215451 1.046875 2570
1764817256169 0.9091796875 2575
1764817296797 0.962890625 2580
1764817337250 0.9326171875 2585
1764817377932 0.9150390625 2590
1764817418413 0.92578125 2595
1764817459005 0.96484375 2600
1764817499612 1.0068359375 2605
