1764796302134 1.3884562253952026 5
1764796342560 1.3799839317798615 10
1764796383158 1.569330483675003 15
1764796423634 1.3189270198345184 20
1764796464354 1.3478058874607086 25
1764796505080 1.1240389347076416 30
1764796545485 1.2129484117031097 35
1764796586310 1.3763764798641205 40
1764796627064 1.2767241895198822 45
1764796667404 1.3166411519050598 50
1764796708075 1.3834192752838135 55
1764796748641 1.1272671818733215 60
1764796789263 1.1892924904823303 65
1764796829895 1.28839311003685 70
1764796870434 1.0649841129779816 75
1764796911102 1.1228825449943542 80
1764796951734 1.273748129606247 85
1764796992073 1.0803994983434677 90
1764797032575 1.0782496482133865 95
1764797073167 1.0623109340667725 100
1764797113616 1.2555871903896332 105
1764797154233 1.217609018087387 110
1764797194679 1.3418574929237366 115
1764797235201 1.2627587020397186 120
1764797275860 1.240215927362442 125
1764797316148 1.224746197462082 130
1764797356875 1.0726297348737717 135
1764797397392 1.1995967328548431 140
1764797437992 1.1449438035488129 145
1764797478703 1.1335037797689438 150
1764797519052 1.1440362334251404 155
1764797559662 1.2309995591640472 160
1764797600476 1.2333701848983765 165
1764797640770 1.1866998970508575 170
1764797681463 1.0218853652477264 175
1764797722189 1.1238267719745636 180
1764797762538 1.193438708782196 185
1764797803256 1.2061682641506195 190
1764797843902 1.2285604774951935 195
1764797884346 1.2241425812244415 200
1764797924969 1.1084076464176178 205
1764797965485 1.1155710071325302 210
1764798006081 1.1470178216695786 215
1764798046696 1.3641458749771118 220
1764798087117 1.3163087368011475 225
1764798127700 1.1115521788597107 230
1764798168296 1.291087657213211 235
1764798208757 1.2250313460826874 240
1764798249283 1.298124223947525 245
1764798289943 1.2328951060771942 250
1764798330415 1.2311685383319855 255
1764798371032 1.0360197275877 260
1764798411564 1.147826924920082 265
1764798452137 1.179776281118393 270
1764798492929 1.1798156797885895 275
1764798533567 1.1399771571159363 280
1764798574124 1.188809871673584 285
1764798614612 1.1939731538295746 290
1764798655162 1.1691684424877167 295
1764798695792 1.170131891965866 300
1764798736399 1.211568221449852 305
1764798776948 1.2404747009277344 310
1764798817576 1.2394741475582123 315
1764798858147 1.1398576498031616 320
1764798898693 1.1359753906726837 325
1764798939116 1.0331551432609558 330
1764798979928 1.2136257886886597 335
1764799020316 1.1905910968780518 340
1764799060868 1.1229832172393799 345
1764799101475 1.209242269396782 350
1764799142066 1.18513685464859 355
1764799182576 1.085738718509674 360
1764799223067 1.4715726971626282 365
1764799263516 1.1196972131729126 370
1764799304196 1.1062971204519272 375
1764799344684 1.298679769039154 380
1764799385238 1.0228303372859955 385
1764799425832 1.2338588535785675 390
1764799466168 1.129937320947647 395
1764799506870 1.1992674320936203 400
1764799547333 1.1786556243896484 405
1764799587869 1.110039383172989 410
1764799628569 1.141804039478302 415
1764799669009 1.0185404568910599 420
1764799709559 1.209316298365593 425
1764799750184 1.0480063557624817 430
1764799790534 1.216428518295288 435
1764799831238 1.0901427567005157 440
1764799871754 1.1521382331848145 445
1764799912210 1.134875327348709 450
1764799952832 1.057997390627861 455
1764799993474 1.06832654774189 460
1764800034032 1.2654519975185394 465
1764800074571 1.1536957621574402 470
1764800115126 1.0245927572250366 475
1764800155663 1.0413570404052734 480
1764800196255 1.2250188291072845 485
1764800236775 1.0107714533805847 490
1764800277436 1.1314470171928406 495
1764800317845 0.9362369030714035 500
1764800358409 1.320422887802124 505
1764800399052 1.1788986027240753 510
1764800439571 1.1051074266433716 515
1764800480125 1.073374718427658 520
1764800541843 1.2357317954301834 525
1764800583060 1.186991274356842 530
1764800624244 1.053572565317154 535
1764800664763 1.2367882132530212 540
1764800705484 1.1115954518318176 545
1764800746050 1.100574105978012 550
1764800786527 1.0033785551786423 555
1764800827151 1.1266425549983978 560
1764800867815 1.1266475915908813 565
1764800908401 1.0766821950674057 570
1764800948879 1.112945169210434 575
1764800989471 1.1338844001293182 580
1764801030086 1.1785917580127716 585
1764801070647 1.0570310950279236 590
1764801111044 1.2266452610492706 595
1764801151604 1.1127164214849472 600
1764801192207 1.0699316263198853 605
1764801232726 1.2496736347675323 610
1764801273302 1.156814619898796 615
1764801313848 1.0246439427137375 620
1764801354395 1.1289863288402557 625
1764801394948 1.0968338549137115 630
1764801435524 1.1255646646022797 635
1764801475983 1.1456516683101654 640
1764801516572 1.0897000432014465 645
1764801557042 1.1439658999443054 650
1764801597592 1.2480108737945557 655
1764801638228 1.0590465664863586 660
1764801678855 1.186545729637146 665
1764801719288 1.1877651810646057 670
1764801759916 1.1495379209518433 675
1764801800477 1.252303272485733 680
1764801840946 1.0915102660655975 685
1764801881472 1.1105517446994781 690
1764801922143 1.0390590727329254 695
1764801962622 1.2140567898750305 700
1764802003227 0.9813026189804077 705
1764802043698 1.1118965446949005 710
1764802084295 1.0656302273273468 715
1764802125021 1.1211920976638794 720
1764802165489 1.236985206604004 725
1764802206030 1.1889451742172241 730
1764802246607 1.097370907664299 735
1764802287163 1.0801404118537903 740
1764802327812 1.1688468754291534 745
1764802368325 1.1469184756278992 750
1764802408959 1.1765563189983368 755
1764802449863 1.081948697566986 760
1764802490423 1.2686022818088531 765
1764802531018 0.9423160403966904 770
1764802571506 1.1964999437332153 775
1764802612043 1.063366413116455 780
1764802652607 1.0943852663040161 785
1764802693096 1.0625742375850677 790
1764802733665 1.1214072406291962 795
1764802774218 0.987613782286644 800
1764802814824 1.1970649361610413 805
1764802855436 1.1948241591453552 810
1764802896074 1.0258074700832367 815
1764802936667 1.0902532190084457 820
1764802977178 1.0048449635505676 825
1764803017783 0.9881022125482559 830
1764803058418 1.2120792269706726 835
1764803098853 1.1853254437446594 840
1764803139604 1.0436502546072006 845
1764803180172 1.1079614162445068 850
1764803220734 0.9298140108585358 855
1764803261324 1.3285147100687027 860
1764803301850 1.118350774049759 865
1764803342510 1.1494244635105133 870
1764803383152 1.2888545393943787 875
1764803423693 1.090433806180954 880
1764803464405 1.101567342877388 885
1764803504929 1.0809912532567978 890
1764803545409 1.155025452375412 895
1764803585979 1.0973053872585297 900
1764803626560 1.1330856531858444 905
1764803667138 0.9777086079120636 910
1764803707713 1.1302328705787659 915
1764803748275 1.1465674042701721 920
1764803788890 1.0985018014907837 925
1764803829453 1.0528753697872162 930
1764803869912 1.154491662979126 935
1764803910612 1.1088861674070358 940
1764803951210 0.9965866357088089 945
1764803991628 0.9580015242099762 950
1764804032173 1.0590997338294983 955
1764804072694 0.9656183421611786 960
1764804113290 1.1089670956134796 965
1764804153852 0.9749219864606857 970
1764804194471 0.9892084449529648 975
1764804235096 0.9461198151111603 980
1764804275755 1.0208019465208054 985
1764804316387 1.0656810104846954 990
1764804356880 1.0160727202892303 995
1764804397485 1.0637123137712479 1000
1764804438065 1.0560630410909653 1005
1764804478643 1.1478870213031769 1010
1764804519179 1.0689854621887207 1015
1764804559803 1.1096327155828476 1020
1764804600496 1.1808218955993652 1025
1764804641061 0.9956834018230438 1030
1764804681589 1.069573163986206 1035
1764804722193 0.9495320320129395 1040
1764804787743 0.9783647507429123 1045
1764804828926 1.0748351514339447 1050
1764804869980 1.0516383200883865 1055
1764804910754 0.9800367653369904 1060
1764804951284 1.0586191415786743 1065
1764804991818 0.9881851822137833 1070
1764805032351 1.0077072232961655 1075
1764805072965 1.0893791019916534 1080
1764805113628 1.2066022157669067 1085
1764805154152 1.0401729941368103 1090
1764805194828 1.017782986164093 1095
1764805235525 1.1283272504806519 1100
1764805276106 1.0028128772974014 1105
1764805316618 1.042925015091896 1110
1764805357047 1.0233660191297531 1115
1764805397934 0.9980685263872147 1120
1764805438488 1.1328070759773254 1125
1764805479105 0.9725082218647003 1130
1764805519683 0.9783201813697815 1135
1764805560194 1.229446828365326 1140
1764805600816 1.1223680824041367 1145
1764805641433 0.9760503321886063 1150
1764805681949 1.0509435087442398 1155
1764805722510 1.0113376826047897 1160
1764805763066 1.2113923877477646 1165
1764805803747 1.0640442967414856 1170
1764805844336 0.9226855933666229 1175
1764805884908 1.042006641626358 1180
1764805925418 0.9693688452243805 1185
1764805965958 1.0965148210525513 1190
1764806006471 1.092782199382782 1195
1764806047268 0.8615987747907639 1200
1764806087722 1.1285900175571442 1205
1764806128253 1.0657648742198944 1210
1764806168878 1.0947031378746033 1215
1764806209420 0.9600114524364471 1220
1764806250011 1.3617437034845352 1225
1764806290545 0.952893853187561 1230
1764806331063 1.0633789598941803 1235
1764806371788 1.0511023700237274 1240
1764806412250 1.1166283786296844 1245
1764806452808 1.1789970099925995 1250
1764806493385 1.0262639969587326 1255
1764806534058 1.1327226012945175 1260
1764806574774 1.1751340925693512 1265
1764806615365 0.98619045317173 1270
1764806655993 0.9665064215660095 1275
1764806696568 0.9639286398887634 1280
1764806737256 0.9670524299144745 1285
1764806777769 1.0978463292121887 1290
1764806818438 0.8822145164012909 1295
1764806859042 1.1391371488571167 1300
1764806899491 1.0040611177682877 1305
1764806940066 1.1065498739480972 1310
1764806980667 1.109390527009964 1315
1764807021188 1.0850653499364853 1320
1764807061778 1.0297008454799652 1325
1764807102394 0.9978144466876984 1330
1764807143004 0.9702497571706772 1335
1764807183570 1.0952209830284119 1340
1764807224186 1.0687845647335052 1345
1764807264814 0.96954345703125 1350
1764807305252 1.0337495803833008 1355
1764807345770 1.0169656723737717 1360
1764807386345 1.034788817167282 1365
1764807426910 1.0600525438785553 1370
1764807467461 1.1167730391025543 1375
1764807508001 0.9988031685352325 1380
1764807548470 1.0094402730464935 1385
1764807589132 1.0089222490787506 1390
1764807629698 1.036544680595398 1395
1764807670183 0.9522393047809601 1400
1764807710928 1.0844944417476654 1405
1764807751420 0.9904780089855194 1410
1764807791982 1.1042601764202118 1415
1764807832578 1.1130117774009705 1420
1764807873029 1.062301829457283 1425
1764807913729 1.052296668291092 1430
1764807954238 1.0573472082614899 1435
1764807994738 1.0968084633350372 1440
1764808035432 0.9596492648124695 1445
1764808075971 0.9113762080669403 1450
1764808116538 1.0260653048753738 1455
1764808156999 0.9365588128566742 1460
1764808197681 1.0522756278514862 1465
1764808238336 0.9485377222299576 1470
1764808278884 1.0594771951436996 1475
1764808319471 1.0624527335166931 1480
1764808360047 1.0941404104232788 1485
1764808400706 1.038224220275879 1490
1764808441327 1.0196683406829834 1495
1764808481893 1.1028738021850586 1500
1764808522463 1.0111587643623352 1505
1764808563050 0.9983551949262619 1510
1764808603622 1.0044109225273132 1515
1764808644260 1.1106130331754684 1520
1764808684742 1.0128037482500076 1525
1764808725336 1.1658135652542114 1530
1764808766020 1.0002417415380478 1535
1764808806538 0.9890335500240326 1540
1764808847134 0.9556315243244171 1545
1764808887727 0.9600172787904739 1550
1764808928238 0.9402309209108353 1555
1764808968916 0.9829885214567184 1560
1764809030292 0.9832188487052917 1565
1764809071481 0.9978538453578949 1570
1764809112682 0.9251513779163361 1575
1764809153499 1.1206285506486893 1580
1764809194056 1.134508028626442 1585
1764809234501 0.9919689893722534 1590
1764809274984 1.0571436882019043 1595
1764809315523 1.0580313801765442 1600
1764809355956 0.8658690303564072 1605
1764809396408 1.0555305778980255 1610
1764809437090 1.0188857316970825 1615
1764809477537 1.1123695224523544 1620
1764809518150 1.013693928718567 1625
1764809558706 1.1383160054683685 1630
1764809599248 1.1217578649520874 1635
1764809639879 0.9990833401679993 1640
1764809680381 1.0722956657409668 1645
1764809721094 0.9169774651527405 1650
1764809761748 0.9111068993806839 1655
1764809802162 0.9423445463180542 1660
1764809842735 0.9659260511398315 1665
1764809883359 0.9837236404418945 1670
1764809923847 0.9341558218002319 1675
1764809964466 1.083758294582367 1680
1764810004909 1.012307047843933 1685
1764810045580 1.0527878403663635 1690
1764810086236 0.9565830230712891 1695
1764810126788 1.0903411209583282 1700
1764810167343 0.9714312553405762 1705
1764810208018 0.9400407820940018 1710
1764810248565 1.0614782273769379 1715
1764810289236 1.1029154509305954 1720
1764810329779 1.1397027522325516 1725
1764810370248 0.8978631347417831 1730
1764810410909 1.1379797160625458 1735
1764810451470 1.0185678601264954 1740
1764810492030 1.097891241312027 1745
1764810532660 1.0810149610042572 1750
1764810573117 1.0087404251098633 1755
1764810613817 0.960010826587677 1760
1764810654401 1.08208829164505 1765
1764810695101 1.0362708270549774 1770
1764810735756 1.0091818422079086 1775
1764810776254 1.100867673754692 1780
1764810816886 0.9020668715238571 1785
1764810857499 1.1036556959152222 1790
1764810898041 0.9406144917011261 1795
1764810938702 1.1840673685073853 1800
1764810979311 1.01365227997303 1805
1764811019749 1.1816235184669495 1810
1764811060515 0.9022366255521774 1815
1764811101134 1.0034226179122925 1820
1764811141691 0.9557618200778961 1825
1764811182234 1.0238810777664185 1830
1764811222750 1.0949312150478363 1835
1764811263286 1.0311945080757141 1840
1764811303843 1.1109033823013306 1845
1764811344376 0.9591406583786011 1850
1764811385182 1.0282418429851532 1855
1764811425603 1.0291214883327484 1860
1764811466244 0.984090730547905 1865
1764811506998 1.0481706708669662 1870
1764811547500 1.1626355051994324 1875
1764811588143 1.1364050209522247 1880
1764811628751 1.073433369398117 1885
1764811669184 1.0358904600143433 1890
1764811709776 1.0562734454870224 1895
1764811750345 1.055552214384079 1900
1764811790944 1.034896343946457 1905
1764811831595 0.9510347247123718 1910
1764811872150 1.1039844453334808 1915
1764811912867 0.9105157256126404 1920
1764811953446 1.0195711851119995 1925
1764811994068 0.9140452146530151 1930
1764812034582 1.0624746680259705 1935
1764812075181 1.1465931832790375 1940
1764812115705 1.0277224034070969 1945
1764812156314 1.0422565042972565 1950
1764812196939 1.0822185277938843 1955
1764812237547 0.8968865722417831 1960
1764812278120 0.989343523979187 1965
1764812318722 0.8418788760900497 1970
1764812359273 1.0452764332294464 1975
1764812399864 0.923736572265625 1980
1764812440341 0.9685602635145187 1985
1764812480893 1.028952732682228 1990
1764812521457 1.101727455854416 1995
1764812562014 1.0979980677366257 2000
1764812602633 1.0685685873031616 2005
1764812643175 0.9653413891792297 2010
1764812683661 1.027875930070877 2015
1764812724205 1.0052785575389862 2020
1764812764881 0.963462695479393 2025
1764812805480 1.1250582933425903 2030
1764812845984 0.98967245221138 2035
1764812886626 0.8456414192914963 2040
1764812927237 1.0179318934679031 2045
1764812967854 1.0505794286727905 2050
1764813008418 0.932580441236496 2055
1764813048922 1.028485730290413 2060
1764813089567 1.0544574707746506 2065
1764813130052 1.0654627680778503 2070
1764813170646 1.1642844378948212 2075
1764813211223 1.0391086339950562 2080
1764813276583 0.9540234953165054 2085
1764813317805 0.9716753512620926 2090
1764813358963 1.008186012506485 2095
1764813400075 1.0321778655052185 2100
1764813440635 0.9727743268013 2105
1764813481243 0.8844165503978729 2110
1764813521785 1.1024991124868393 2115
1764813562495 1.024205893278122 2120
1764813603138 0.9009265303611755 2125
1764813643667 1.0256464630365372 2130
1764813684243 0.9144934564828873 2135
1764813724859 1.1165993511676788 2140
1764813765469 0.990239828824997 2145
1764813806136 1.094066321849823 2150
1764813846656 1.0688851475715637 2155
1764813887329 1.0952132642269135 2160
1764813928002 0.9126220643520355 2165
1764813968430 1.0336673110723495 2170
1764814009168 0.991715133190155 2175
1764814049677 0.8567991554737091 2180
1764814090262 0.9572379142045975 2185
1764814130821 1.0118573158979416 2190
1764814171313 1.085462436079979 2195
1764814212029 1.0632985979318619 2200
1764814252659 1.081314742565155 2205
1764814293129 0.9832858145236969 2210
1764814333854 0.8960741013288498 2215
1764814374320 0.8682696968317032 2220
1764814414945 0.9216807782649994 2225
1764814455496 0.8799628913402557 2230
1764814495980 0.9946492314338684 2235
1764814536834 1.045647770166397 2240
1764814577520 0.9788138568401337 2245
1764814618019 1.0535690784454346 2250
1764814658675 1.0475511252880096 2255
1764814699232 0.9844824820756912 2260
1764814739660 1.1098332703113556 2265
1764814780258 0.8945644199848175 2270
1764814820770 0.8491352945566177 2275
1764814861286 0.9150524735450745 2280
1764814901885 1.1579781472682953 2285
1764814942285 1.002300649881363 2290
1764814983048 1.015120416879654 2295
1764815023526 0.9581535160541534 2300
1764815064140 0.9981720447540283 2305
1764815104759 0.9144626557826996 2310
1764815145244 1.0245401263237 2315
1764815185878 0.9842056781053543 2320
1764815226577 1.0274142622947693 2325
1764815267043 0.8668535351753235 2330
1764815307468 0.9938167035579681 2335
1764815348157 0.99404576420784 2340
1764815388770 1.0579416155815125 2345
1764815429350 0.8721151351928711 2350
1764815469941 1.0265859067440033 2355
1764815510607 1.1324360966682434 2360
1764815551134 1.0230276882648468 2365
1764815591676 1.032874882221222 2370
1764815632241 1.1197724044322968 2375
1764815672850 0.9167274087667465 2380
1764815713470 1.064763069152832 2385
1764815754094 1.0575116276741028 2390
1764815794789 1.0607391893863678 2395
1764815835356 1.0662894397974014 2400
1764815876007 0.9941993057727814 2405
1764815916674 0.9874007850885391 2410
1764815957405 1.0024498105049133 2415
1764815997992 1.1064506471157074 2420
1764816038511 1.0984928011894226 2425
1764816079228 0.9845525622367859 2430
1764816119733 1.020497053861618 2435
1764816160299 0.9469049274921417 2440
1764816200886 0.8735581338405609 2445
1764816241357 1.0029858648777008 2450
1764816282144 0.8211150020360947 2455
1764816322670 0.9499414414167404 2460
1764816363267 0.9582172781229019 2465
1764816403993 1.054623395204544 2470
1764816444519 0.975337490439415 2475
1764816485088 1.0581342577934265 2480
1764816525683 0.9324497133493423 2485
1764816566134 1.0173304229974747 2490
1764816606794 1.0193871557712555 2495
1764816647351 0.9738893657922745 2500
1764816687823 1.0451391339302063 2505
1764816728539 0.9473813772201538 2510
1764816769185 1.0145622491836548 2515
1764816809658 0.9798227101564407 2520
1764816850319 0.9228219836950302 2525
1764816890735 1.022096887230873 2530
1764816931453 0.8162467777729034 2535
1764816971937 0.9905306696891785 2540
1764817012507 1.0231393724679947 2545
1764817053210 1.2238961458206177 2550
1764817093779 1.0537265837192535 2555
1764817134270 1.0505483597517014 2560
1764817174997 0.9164674133062363 2565
1764817215451 1.149565428495407 2570
1764817256169 0.9913344532251358 2575
1764817296797 1.0644969940185547 2580
1764817337250 1.0203454196453094 2585
1764817377932 0.9698622226715088 2590
1764817418413 1.0336254835128784 2595
1764817459005 1.0237170457839966 2600
1764817499612 1.0731930136680603 2605
