1764774844011 1.128742516040802 5
1764774884306 1.136051207780838 10
1764774924848 1.1233422756195068 15
1764774965308 1.1127370297908783 20
1764775006039 1.1213622689247131 25
1764775046912 1.079114317893982 30
1764775087267 1.105937421321869 35
1764775127969 1.1033518016338348 40
1764775168706 1.1169398427009583 45
1764775209057 1.1135612726211548 50
1764775249695 1.1065153181552887 55
1764775290221 1.1005498170852661 60
1764775330720 1.1370254755020142 65
1764775371251 1.1303957998752594 70
1764775411698 1.1041358411312103 75
1764775452262 1.1075594425201416 80
1764775492842 1.0990485548973083 85
1764775533196 1.089195340871811 90
1764775573720 1.1094267070293427 95
1764775614274 1.093162715435028 100
1764775654745 1.1125533878803253 105
1764775695355 1.1031337678432465 110
1764775735786 1.1198075115680695 115
1764775776241 1.125572293996811 120
1764775816851 1.1178309619426727 125
1764775857126 1.1123738586902618 130
1764775897786 1.1214419305324554 135
1764775938243 1.1060591638088226 140
1764775978879 1.1280647218227386 145
1764776019600 1.1087165176868439 150
1764776059912 1.124286025762558 155
1764776100534 1.0954684913158417 160
1764776141233 1.1159434914588928 165
1764776181522 1.098421424627304 170
1764776222241 1.0948501229286194 175
1764776262920 1.1118665635585785 180
1764776303256 1.11202073097229 185
1764776343979 1.1048527359962463 190
1764776384443 1.1092404425144196 195
1764776424995 1.1270959973335266 200
1764776465580 1.1154896020889282 205
1764776506057 1.1285357475280762 210
1764776546678 1.0990480780601501 215
1764776587304 1.107230544090271 220
1764776627722 1.1228083372116089 225
1764776668270 1.1109536290168762 230
1764776708857 1.109696388244629 235
1764776749307 1.1258485615253448 240
1764776789813 1.1140515804290771 245
1764776830472 1.1163554787635803 250
1764776870942 1.145980715751648 255
1764776911638 1.1006556451320648 260
1764776952201 1.1038545668125153 265
1764776992853 1.124019742012024 270
1764777033487 1.1274413168430328 275
1764777074175 1.0984424948692322 280
1764777114723 1.1196084022521973 285
1764777155364 1.1414231956005096 290
1764777195821 1.1063975095748901 295
1764777236397 1.1135026216506958 300
1764777277106 1.0883809626102448 305
1764777317550 1.103335052728653 310
1764777358174 1.1094247698783875 315
1764777398791 1.0959391593933105 320
1764777439372 1.1134032607078552 325
1764777479932 1.1014561355113983 330
1764777520446 1.1060299575328827 335
1764777560874 1.1090472340583801 340
1764777601427 1.0920433402061462 345
1764777642069 1.103702872991562 350
1764777682827 1.1088034212589264 355
1764777723336 1.1124215722084045 360
1764777763874 1.1079402267932892 365
1764777804411 1.1242996156215668 370
1764777845012 1.1081296503543854 375
1764777885481 1.1089007556438446 380
1764777926138 1.1049710512161255 385
1764777966652 1.1048673689365387 390
1764778007092 1.0915419459342957 395
1764778047625 1.1186558604240417 400
1764778088076 1.1268722712993622 405
1764778128771 1.1034281849861145 410
1764778169365 1.1257880926132202 415
1764778209794 1.1061562299728394 420
1764778250482 1.1186723411083221 425
1764778291160 1.0942027270793915 430
1764778331578 1.1238508820533752 435
1764778372128 1.104564517736435 440
1764778412617 1.1417847573757172 445
1764778453176 1.1398819983005524 450
1764778493825 1.1129515767097473 455
1764778534533 1.106452763080597 460
1764778575304 1.134366899728775 465
1764778615703 1.115239143371582 470
1764778656306 1.1162060499191284 475
1764778696942 1.1104759871959686 480
1764778737650 1.1196601688861847 485
1764778778432 1.0982842147350311 490
1764778819014 1.1023005247116089 495
1764778859392 1.0776869654655457 500
1764778900015 1.1306364238262177 505
1764778940494 1.1192418932914734 510
1764778980996 1.1087494492530823 515
1764779021576 1.1011390089988708 520
