1764171083726 2.0 1
1764171093223 2.0 2
1764171102249 2.0 3
1764171111240 2.0 4
1764171120277 2.0 5
1764171129356 2.0 6
1764171138443 2.0 7
1764171147558 2.0 8
1764171156609 2.0 9
1764171165712 2.0 10
1764171174816 2.0 11
1764171183856 2.0 12
1764171192937 2.0 13
1764171202029 2.0 14
1764171211126 2.0 15
1764171220213 2.0 16
1764171229302 2.0 17
1764171238360 2.0 18
1764171247398 2.0 19
1764171256441 2.0 20
1764171265482 2.0 21
1764171274516 2.0 22
1764171283525 2.0 23
1764171292594 2.0 24
1764171301636 2.0 25
1764171310693 2.0 26
1764171319706 2.0 27
1764171328736 2.0 28
1764171337792 2.0 29
1764171346802 2.0 30
1764171355814 2.0 31
1764171364809 2.0 32
1764171373854 2.0 33
1764171382844 2.0 34
1764171391861 2.0 35
1764171401128 2.0 36
1764171410155 2.0 37
1764171419156 2.0 38
1764171428200 2.0 39
1764171437241 2.0 40
1764171446312 2.0 41
1764171455328 2.0 42
1764171464492 2.0 43
1764171473541 2.0 44
1764171482590 2.0 45
1764171491622 2.0 46
1764171500610 2.0 47
1764171509609 2.0 48
1764171518639 2.0 49
1764171527630 2.0 50
1764171536644 2.0 51
1764171545714 2.0 52
1764171554729 2.0 53
1764171563759 2.0 54
1764171572775 2.0 55
1764171581829 2.0 56
1764171590900 2.0 57
1764171599883 2.0 58
1764171608940 2.0 59
1764171617993 2.0 60
1764171627020 2.0 61
1764171636095 2.0 62
1764171645152 2.0 63
1764171654249 2.0 64
1764171663241 2.0 65
1764171672258 2.0 66
1764171681305 2.0 67
1764171690366 2.0 68
1764171699420 2.0 69
1764171708423 2.0 70
1764171717430 2.0 71
1764171726442 2.0 72
1764171735479 2.0 73
1764171744480 2.0 74
1764171753498 2.0 75
1764171762511 2.0 76
1764171771539 2.0 77
1764171780543 2.0 78
1764171789595 2.0 79
1764171798647 2.0 80
1764171807704 2.0 81
1764171816728 2.0 82
1764171825808 2.0 83
1764171834941 2.0 84
1764171843938 2.0 85
1764171852987 2.0 86
