1764171083726 0.5550199002027512 1
1764171093223 0.4107467457652092 2
1764171102249 0.45692186802625656 3
1764171111240 0.4349305033683777 4
1764171120277 0.5385332033038139 5
1764171129356 0.4358406290411949 6
1764171138443 0.4873765856027603 7
1764171147558 0.3456561602652073 8
1764171156609 0.408412866294384 9
1764171165712 0.3804894760251045 10
1764171174816 0.4515696242451668 11
1764171183856 0.317298986017704 12
1764171192937 0.32296300679445267 13
1764171202029 0.3901748973876238 14
1764171211126 0.3435272052884102 15
1764171220213 0.40334445238113403 16
1764171229302 0.4570891857147217 17
1764171238360 0.45013319700956345 18
1764171247398 0.3879237622022629 19
1764171256441 0.44873254373669624 20
1764171265482 0.4278709888458252 21
1764171274516 0.542145848274231 22
1764171283525 0.42094988748431206 23
1764171292594 0.4270482026040554 24
1764171301636 0.444729819893837 25
1764171310693 0.39374785497784615 26
1764171319706 0.37821753323078156 27
1764171328736 0.3960006721317768 28
1764171337792 0.46905843913555145 29
1764171346802 0.47269991785287857 30
1764171355814 0.39760709181427956 31
1764171364809 0.43891482800245285 32
1764171373854 0.42716220766305923 33
1764171382844 0.4913993626832962 34
1764171391861 0.40743405744433403 35
1764171401128 0.40513157472014427 36
1764171410155 0.4648568332195282 37
1764171419156 0.4341623783111572 38
1764171428200 0.3647361733019352 39
1764171437241 0.4851967617869377 40
1764171446312 0.3384999521076679 41
1764171455328 0.4484810009598732 42
1764171464492 0.4446760192513466 43
1764171473541 0.4322139285504818 44
1764171482590 0.4048343859612942 45
1764171491622 0.48196592181921005 46
1764171500610 0.45792750269174576 47
1764171509609 0.35399515368044376 48
1764171518639 0.452491857111454 49
1764171527630 0.490620918571949 50
1764171536644 0.40784328430891037 51
1764171545714 0.40610773861408234 52
1764171554729 0.4579368308186531 53
1764171563759 0.4996500536799431 54
1764171572775 0.42692361027002335 55
1764171581829 0.43835291638970375 56
1764171590900 0.42351315170526505 57
1764171599883 0.5177946835756302 58
1764171608940 0.4222738444805145 59
1764171617993 0.4653360843658447 60
1764171627020 0.4563445374369621 61
1764171636095 0.5096465647220612 62
1764171645152 0.45679547265172005 63
1764171654249 0.48731135576963425 64
1764171663241 0.50766471773386 65
1764171672258 0.5546759516000748 66
1764171681305 0.46859700232744217 67
1764171690366 0.5154638215899467 68
1764171699420 0.4411546438932419 69
1764171708423 0.5126130729913712 70
1764171717430 0.4713403433561325 71
1764171726442 0.5680453777313232 72
1764171735479 0.5534337386488914 73
1764171744480 0.5545435398817062 74
1764171753498 0.5838776305317879 75
1764171762511 0.5890808701515198 76
1764171771539 0.48417849093675613 77
1764171780543 0.593987762928009 78
1764171789595 0.5400459095835686 79
1764171798647 0.5467532947659492 80
1764171807704 0.5314283072948456 81
1764171816728 0.5749668478965759 82
1764171825808 0.44177841395139694 83
1764171834941 0.539887048304081 84
1764171843938 0.5086444616317749 85
1764171852987 0.5397759824991226 86
