1764171083726 0.10000000149011612 1
1764171093223 0.10000000149011612 2
1764171102249 0.10000000149011612 3
1764171111240 0.10000000149011612 4
1764171120277 0.10000000149011612 5
1764171129356 0.10000000149011612 6
1764171138443 0.10000000149011612 7
1764171147558 0.10000000149011612 8
1764171156609 0.10000000149011612 9
1764171165712 0.10000000149011612 10
1764171174816 0.10000000149011612 11
1764171183856 0.10000000149011612 12
1764171192937 0.10000000149011612 13
1764171202029 0.10000000149011612 14
1764171211126 0.10000000149011612 15
1764171220213 0.10000000149011612 16
1764171229302 0.10000000149011612 17
1764171238360 0.10000000149011612 18
1764171247398 0.10000000149011612 19
1764171256441 0.10000000149011612 20
1764171265482 0.10000000149011612 21
1764171274516 0.10000000149011612 22
1764171283525 0.10000000149011612 23
1764171292594 0.10000000149011612 24
1764171301636 0.10000000149011612 25
1764171310693 0.10000000149011612 26
1764171319706 0.10000000149011612 27
1764171328736 0.10000000149011612 28
1764171337792 0.10000000149011612 29
1764171346802 0.10000000149011612 30
1764171355814 0.10000000149011612 31
1764171364809 0.10000000149011612 32
1764171373854 0.10000000149011612 33
1764171382844 0.10000000149011612 34
1764171391861 0.10000000149011612 35
1764171401128 0.10000000149011612 36
1764171410155 0.10000000149011612 37
1764171419156 0.10000000149011612 38
1764171428200 0.10000000149011612 39
1764171437241 0.10000000149011612 40
1764171446312 0.10000000149011612 41
1764171455328 0.10000000149011612 42
1764171464492 0.10000000149011612 43
1764171473541 0.10000000149011612 44
1764171482590 0.10000000149011612 45
1764171491622 0.10000000149011612 46
1764171500610 0.10000000149011612 47
1764171509609 0.10000000149011612 48
1764171518639 0.10000000149011612 49
1764171527630 0.10000000149011612 50
1764171536644 0.10000000149011612 51
1764171545714 0.10000000149011612 52
1764171554729 0.10000000149011612 53
1764171563759 0.10000000149011612 54
1764171572775 0.10000000149011612 55
1764171581829 0.10000000149011612 56
1764171590900 0.10000000149011612 57
1764171599883 0.10000000149011612 58
1764171608940 0.10000000149011612 59
1764171617993 0.10000000149011612 60
1764171627020 0.10000000149011612 61
1764171636095 0.10000000149011612 62
1764171645152 0.10000000149011612 63
1764171654249 0.10000000149011612 64
1764171663241 0.10000000149011612 65
1764171672258 0.10000000149011612 66
1764171681305 0.10000000149011612 67
1764171690366 0.10000000149011612 68
1764171699420 0.10000000149011612 69
1764171708423 0.10000000149011612 70
1764171717430 0.10000000149011612 71
1764171726442 0.10000000149011612 72
1764171735479 0.10000000149011612 73
1764171744480 0.10000000149011612 74
1764171753498 0.10000000149011612 75
1764171762511 0.10000000149011612 76
1764171771539 0.10000000149011612 77
1764171780543 0.10000000149011612 78
1764171789595 0.10000000149011612 79
1764171798647 0.10000000149011612 80
1764171807704 0.10000000149011612 81
1764171816728 0.10000000149011612 82
1764171825808 0.10000000149011612 83
1764171834941 0.10000000149011612 84
1764171843938 0.10000000149011612 85
1764171852987 0.10000000149011612 86
