1764171083726 0.4633517861366272 1
1764171093223 0.3947257027029991 2
1764171102249 0.4225613623857498 3
1764171111240 0.41341303288936615 4
1764171120277 0.45968426764011383 5
1764171129356 0.4150959923863411 6
1764171138443 0.4359825700521469 7
1764171147558 0.3406181298196316 8
1764171156609 0.3833431601524353 9
1764171165712 0.38541534543037415 10
1764171174816 0.4246983528137207 11
1764171183856 0.34173719584941864 12
1764171192937 0.35631559789180756 13
1764171202029 0.34670442901551723 14
1764171211126 0.36705028265714645 15
1764171220213 0.39567314833402634 16
1764171229302 0.4168679118156433 17
1764171238360 0.4195263534784317 18
1764171247398 0.3899562954902649 19
1764171256441 0.41255170851945877 20
1764171265482 0.39905331283807755 21
1764171274516 0.46323728561401367 22
1764171283525 0.4022950530052185 23
1764171292594 0.40967826545238495 24
1764171301636 0.4199957177042961 25
1764171310693 0.38433025404810905 26
1764171319706 0.38653650134801865 27
1764171328736 0.38815944641828537 28
1764171337792 0.42546089738607407 29
1764171346802 0.4310579299926758 30
1764171355814 0.381718534976244 31
1764171364809 0.4142274633049965 32
1764171373854 0.4115123748779297 33
1764171382844 0.43391306698322296 34
1764171391861 0.39130213111639023 35
1764171401128 0.3841426819562912 36
1764171410155 0.41807771474123 37
1764171419156 0.40941327810287476 38
1764171428200 0.3801010400056839 39
1764171437241 0.4342441260814667 40
1764171446312 0.36294621229171753 41
1764171455328 0.4239722192287445 42
1764171464492 0.4202243685722351 43
1764171473541 0.3914356790482998 44
1764171482590 0.3891063556075096 45
1764171491622 0.4359099715948105 46
1764171500610 0.42379606515169144 47
1764171509609 0.33709095418453217 48
1764171518639 0.42661409080028534 49
1764171527630 0.4375143200159073 50
1764171536644 0.40054526925086975 51
1764171545714 0.4048837125301361 52
1764171554729 0.42717333137989044 53
1764171563759 0.4430256187915802 54
1764171572775 0.4089466407895088 55
1764171581829 0.3691522367298603 56
1764171590900 0.4078139588236809 57
1764171599883 0.446511410176754 58
1764171608940 0.40958091616630554 59
1764171617993 0.4284637123346329 60
1764171627020 0.4214118793606758 61
1764171636095 0.45086925476789474 62
1764171645152 0.41542239487171173 63
1764171654249 0.44148583710193634 64
1764171663241 0.44543375819921494 65
1764171672258 0.46577052772045135 66
1764171681305 0.42825137823820114 67
1764171690366 0.44164982438087463 68
1764171699420 0.41503048688173294 69
1764171708423 0.44641296565532684 70
1764171717430 0.4254566356539726 71
1764171726442 0.46910107880830765 72
1764171735479 0.4645151346921921 73
1764171744480 0.4624957740306854 74
1764171753498 0.47601546347141266 75
1764171762511 0.4829077050089836 76
1764171771539 0.43360965698957443 77
1764171780543 0.4796271473169327 78
1764171789595 0.45987873524427414 79
1764171798647 0.46298328042030334 80
1764171807704 0.45442624390125275 81
1764171816728 0.4721309244632721 82
1764171825808 0.4059843122959137 83
1764171834941 0.4586574137210846 84
1764171843938 0.4476324990391731 85
1764171852987 0.4501645863056183 86
