1764098308957 9.013832569122314 1
1764098313588 9.013832569122314 2
1764098318266 9.013832569122314 3
1764098322897 9.013832569122314 4
1764098327511 9.013832569122314 5
1764098332139 9.013832569122314 6
1764098336745 9.013832569122314 7
1764098341370 9.013832569122314 8
1764098345983 9.013832569122314 9
1764098350606 9.013832569122314 10
1764098355206 9.013832569122314 11
1764098359815 9.013832569122314 12
1764098364430 9.013832569122314 13
1764098369065 9.013832569122314 14
1764098373723 9.013832569122314 15
1764098378363 9.013832569122314 16
1764098383014 9.013832569122314 17
1764098387841 9.013832569122314 18
1764098392480 9.013832569122314 19
1764098397124 9.013832569122314 20
1764098401762 9.013832569122314 21
1764098406425 9.013832569122314 22
1764098411075 9.013832569122314 23
1764098415727 9.013832569122314 24
1764098420375 9.013832569122314 25
1764098425034 9.013832569122314 26
1764098429695 9.013832569122314 27
1764098434327 9.013832569122314 28
1764098438958 9.013832569122314 29
1764098443610 9.013832569122314 30
1764098448247 9.013832569122314 31
1764098452889 9.013832569122314 32
1764098457547 9.013832569122314 33
1764098462210 9.013832569122314 34
1764098466853 9.013832569122314 35
1764098471492 9.013832569122314 36
1764098476155 9.013832569122314 37
1764098480779 9.013832569122314 38
1764098485401 9.013832569122314 39
1764098490033 9.013832569122314 40
1764098494645 9.013832569122314 41
1764098499267 9.013832569122314 42
1764098503892 9.013832569122314 43
1764098508499 9.013832569122314 44
1764098513127 9.013832569122314 45
1764098517766 9.013832569122314 46
1764098522398 9.013832569122314 47
1764098527007 9.013832569122314 48
1764098531664 9.013832569122314 49
1764098536301 9.013832569122314 50
1764098540932 9.013832569122314 51
1764098545536 9.013832569122314 52
1764098550163 9.013832569122314 53
1764098554818 9.013832569122314 54
1764098559460 9.013832569122314 55
1764098564074 9.013832569122314 56
1764098568725 9.013832569122314 57
1764098573360 9.013832569122314 58
1764098577965 9.013832569122314 59
1764098582584 9.013832569122314 60
1764098587204 9.013832569122314 61
1764098591823 9.013832569122314 62
1764098596440 9.013832569122314 63
1764098601046 9.013832569122314 64
1764098605657 9.013832569122314 65
1764098610284 9.013832569122314 66
1764098614896 9.013832569122314 67
1764098619515 9.013832569122314 68
1764098624129 9.013832569122314 69
1764098628734 9.013832569122314 70
1764098633406 9.013832569122314 71
1764098638024 9.013832569122314 72
1764098642633 9.013832569122314 73
1764098647258 9.013832569122314 74
1764098651886 9.013832569122314 75
1764098656502 9.013832569122314 76
1764098661108 9.013832569122314 77
1764098665726 9.013832569122314 78
1764098690211 9.013832569122314 79
1764098694841 9.013832569122314 80
1764098699655 9.013832569122314 81
1764098704268 9.013832569122314 82
1764098708874 9.013832569122314 83
1764098713539 9.013832569122314 84
1764098718150 9.013832569122314 85
1764098722769 9.013832569122314 86
1764098727383 9.013832569122314 87
1764098731995 9.013832569122314 88
1764098736616 9.013832569122314 89
1764098741251 9.013832569122314 90
1764098745884 9.013832569122314 91
1764098750505 9.013832569122314 92
1764098755123 9.013832569122314 93
1764098759751 9.013832569122314 94
1764098764377 9.013832569122314 95
1764098768999 9.013832569122314 96
1764098773623 9.013832569122314 97
1764098778255 9.013832569122314 98
1764098782868 9.013832569122314 99
1764098787489 9.013832569122314 100
1764098792121 9.013832569122314 101
1764098796732 9.013832569122314 102
1764098801339 9.013832569122314 103
1764098805946 9.013832569122314 104
1764098810566 9.013832569122314 105
1764098815230 9.013832569122314 106
1764098819872 9.013832569122314 107
1764098824479 9.013832569122314 108
1764098829085 9.013832569122314 109
1764098833710 9.013832569122314 110
1764098838325 9.013832569122314 111
1764098842937 9.013832569122314 112
1764098847548 9.013832569122314 113
1764098852214 9.013832569122314 114
1764098856828 9.013832569122314 115
1764098861453 9.013832569122314 116
1764098866066 9.013832569122314 117
1764098870741 9.013832569122314 118
1764098875345 9.013832569122314 119
1764098879974 9.013832569122314 120
1764098884583 9.013832569122314 121
1764098889195 9.013832569122314 122
1764098893811 9.013832569122314 123
1764098898426 9.013832569122314 124
1764098903032 9.013832569122314 125
1764098907645 9.013832569122314 126
1764098912255 9.013832569122314 127
1764098916885 9.013832569122314 128
1764098921523 9.013832569122314 129
1764098926150 9.013832569122314 130
1764098930765 9.013832569122314 131
1764098935386 9.013832569122314 132
1764098940001 9.013832569122314 133
1764098944658 9.013832569122314 134
1764098949272 9.013832569122314 135
1764098953887 9.013832569122314 136
1764098958520 9.013832569122314 137
1764098963134 9.013832569122314 138
1764098967740 9.013832569122314 139
1764098972361 9.013832569122314 140
1764098977016 9.013832569122314 141
1764098981636 9.013832569122314 142
1764098986244 9.013832569122314 143
1764098990849 9.013832569122314 144
1764098995457 9.013832569122314 145
1764099000069 9.013832569122314 146
1764099004675 9.013832569122314 147
1764099009286 9.013832569122314 148
1764099013898 9.013832569122314 149
1764099018512 9.013832569122314 150
1764099023118 9.013832569122314 151
1764099027730 9.013832569122314 152
1764099032363 9.013832569122314 153
1764099036975 9.013832569122314 154
1764099041581 9.013832569122314 155
1764099046187 9.013832569122314 156
1764099070698 9.013832569122314 157
1764099075299 9.013832569122314 158
1764099079898 9.013832569122314 159
1764099084512 9.013832569122314 160
1764099089111 9.013832569122314 161
1764099093756 9.013832569122314 162
1764099098374 9.013832569122314 163
1764099102982 9.013832569122314 164
1764099107785 9.013832569122314 165
1764099112397 9.013832569122314 166
1764099117006 9.013832569122314 167
1764099121614 9.013832569122314 168
1764099126244 9.013832569122314 169
1764099130910 9.013832569122314 170
1764099135527 9.013832569122314 171
1764099140149 9.013832569122314 172
1764099144772 9.013832569122314 173
1764099149396 9.013832569122314 174
1764099154051 9.013832569122314 175
1764099158681 9.013832569122314 176
1764099163292 9.013832569122314 177
1764099167942 9.013832569122314 178
1764099172554 9.013832569122314 179
1764099177179 9.013832569122314 180
1764099181802 9.013832569122314 181
1764099186428 9.013832569122314 182
1764099191046 9.013832569122314 183
1764099195648 9.013832569122314 184
1764099200249 9.013832569122314 185
1764099204859 9.013832569122314 186
1764099209481 9.013832569122314 187
1764099214102 9.013832569122314 188
1764099218727 9.013832569122314 189
1764099223345 9.013832569122314 190
1764099227971 9.013832569122314 191
1764099232574 9.013832569122314 192
1764099237209 9.013832569122314 193
1764099241823 9.013832569122314 194
1764099246445 9.013832569122314 195
1764099251087 9.013832569122314 196
1764099255727 9.013832569122314 197
1764099260336 9.013832569122314 198
1764099264949 9.013832569122314 199
1764099269563 9.013832569122314 200
1764099274210 9.013832569122314 201
1764099278827 9.013832569122314 202
1764099283490 9.013832569122314 203
1764099288090 9.013832569122314 204
1764099292704 9.013832569122314 205
1764099297316 9.013832569122314 206
1764099301951 9.013832569122314 207
1764099306558 9.013832569122314 208
1764099311162 9.013832569122314 209
1764099315835 9.013832569122314 210
1764099320462 9.013832569122314 211
1764099325081 9.013832569122314 212
1764099329698 9.013832569122314 213
1764099334314 9.013832569122314 214
1764099338943 9.013832569122314 215
1764099343546 9.013832569122314 216
1764099348154 9.013832569122314 217
1764099352766 9.013832569122314 218
1764099357411 9.013832569122314 219
1764099362031 9.013832569122314 220
1764099366634 9.013832569122314 221
1764099371244 9.013832569122314 222
1764099375854 9.013832569122314 223
1764099380479 9.013832569122314 224
1764099385109 9.013832569122314 225
1764099389727 9.013832569122314 226
1764099394336 9.013832569122314 227
1764099398961 9.013832569122314 228
1764099403569 9.013832569122314 229
1764099408183 9.013832569122314 230
1764099412797 9.013832569122314 231
1764099417421 9.013832569122314 232
1764099422029 9.013832569122314 233
1764099426633 9.013832569122314 234
1764099450973 9.013832569122314 235
1764099455664 9.013832569122314 236
1764099460276 9.013832569122314 237
1764099464916 9.013832569122314 238
1764099469518 9.013832569122314 239
1764099474114 9.013832569122314 240
1764099478728 9.013832569122314 241
1764099483334 9.013832569122314 242
1764099487938 9.013832569122314 243
1764099492543 9.013832569122314 244
1764099497148 9.013832569122314 245
1764099501776 9.013832569122314 246
1764099506383 9.013832569122314 247
1764099510992 9.013832569122314 248
1764099515595 9.013832569122314 249
1764099520212 9.013832569122314 250
1764099524817 9.013832569122314 251
1764099529412 9.013832569122314 252
1764099534049 9.013832569122314 253
1764099538651 9.013832569122314 254
1764099543263 9.013832569122314 255
1764099547881 9.013832569122314 256
1764099552497 9.013832569122314 257
1764099557122 9.013832569122314 258
1764099561738 9.013832569122314 259
1764099566350 9.013832569122314 260
1764099570953 9.013832569122314 261
1764099575574 9.013832569122314 262
1764099580187 9.013832569122314 263
1764099584799 9.013832569122314 264
1764099589420 9.013832569122314 265
1764099594034 9.013832569122314 266
1764099598839 9.013832569122314 267
1764099603456 9.013832569122314 268
1764099608083 9.013832569122314 269
1764099612711 9.013832569122314 270
1764099617348 9.013832569122314 271
1764099621992 9.013832569122314 272
1764099626656 9.013832569122314 273
1764099631282 9.013832569122314 274
1764099635896 9.013832569122314 275
1764099640501 9.013832569122314 276
1764099645114 9.013832569122314 277
1764099649721 9.013832569122314 278
1764099654325 9.013832569122314 279
1764099659004 9.013832569122314 280
1764099663612 9.013832569122314 281
1764099668234 9.013832569122314 282
1764099672847 9.013832569122314 283
1764099677460 9.013832569122314 284
1764099682080 9.013832569122314 285
1764099686693 9.013832569122314 286
1764099691317 9.013832569122314 287
1764099695974 9.013832569122314 288
1764099700582 9.013832569122314 289
1764099705215 9.013832569122314 290
1764099709830 9.013832569122314 291
1764099714427 9.013832569122314 292
1764099719035 9.013832569122314 293
1764099723654 9.013832569122314 294
1764099728279 9.013832569122314 295
1764099732950 9.013832569122314 296
1764099737584 9.013832569122314 297
1764099742226 9.013832569122314 298
1764099746864 9.013832569122314 299
1764099751480 9.013832569122314 300
1764099756096 9.013832569122314 301
1764099760738 9.013832569122314 302
1764099765351 9.013832569122314 303
1764099769970 9.013832569122314 304
1764099774586 9.013832569122314 305
1764099779210 9.013832569122314 306
1764099783821 9.013832569122314 307
1764099788429 9.013832569122314 308
1764099793040 9.013832569122314 309
1764099797660 9.013832569122314 310
1764099802262 9.013832569122314 311
1764099806876 9.013832569122314 312
1764099831408 9.013832569122314 313
1764099836020 9.013832569122314 314
1764099840642 9.013832569122314 315
1764099845240 9.013832569122314 316
1764099849855 9.013832569122314 317
1764099854452 9.013832569122314 318
1764099859068 9.013832569122314 319
1764099863847 9.013832569122314 320
1764099868479 9.013832569122314 321
1764099873130 9.013832569122314 322
1764099877739 9.013832569122314 323
1764099882347 9.013832569122314 324
1764099886975 9.013832569122314 325
1764099891605 9.013832569122314 326
1764099896227 9.013832569122314 327
1764099900831 9.013832569122314 328
1764099905449 9.013832569122314 329
1764099910074 9.013832569122314 330
1764099914683 9.013832569122314 331
1764099919302 9.013832569122314 332
1764099923943 9.013832569122314 333
1764099928561 9.013832569122314 334
1764099933199 9.013832569122314 335
1764099937828 9.013832569122314 336
1764099942461 9.013832569122314 337
1764099947079 9.013832569122314 338
1764099951733 9.013832569122314 339
1764099956360 9.013832569122314 340
1764099961002 9.013832569122314 341
1764099965637 9.013832569122314 342
1764099970243 9.013832569122314 343
1764099974861 9.013832569122314 344
1764099979484 9.013832569122314 345
1764099984097 9.013832569122314 346
1764099988719 9.013832569122314 347
1764099993341 9.013832569122314 348
1764099997953 9.013832569122314 349
1764100002577 9.013832569122314 350
1764100007197 9.013832569122314 351
1764100011808 9.013832569122314 352
1764100016441 9.013832569122314 353
1764100021053 9.013832569122314 354
1764100025707 9.013832569122314 355
1764100030321 9.013832569122314 356
1764100034933 9.013832569122314 357
1764100039591 9.013832569122314 358
1764100044203 9.013832569122314 359
1764100048813 9.013832569122314 360
1764100053434 9.013832569122314 361
1764100058046 9.013832569122314 362
1764100062657 9.013832569122314 363
1764100067265 9.013832569122314 364
1764100071911 9.013832569122314 365
1764100076521 9.013832569122314 366
1764100081126 9.013832569122314 367
1764100085736 9.013832569122314 368
1764100090346 9.013832569122314 369
1764100094984 9.013832569122314 370
1764100099600 9.013832569122314 371
1764100104295 9.013832569122314 372
1764100108907 9.013832569122314 373
1764100113560 9.013832569122314 374
1764100118216 9.013832569122314 375
1764100122866 9.013832569122314 376
1764100127542 9.013832569122314 377
1764100132144 9.013832569122314 378
1764100136757 9.013832569122314 379
1764100141366 9.013832569122314 380
1764100145990 9.013832569122314 381
1764100150598 9.013832569122314 382
1764100155211 9.013832569122314 383
1764100159812 9.013832569122314 384
1764100164423 9.013832569122314 385
1764100169029 9.013832569122314 386
1764100173643 9.013832569122314 387
1764100178262 9.013832569122314 388
1764100182878 9.013832569122314 389
1764100187506 9.013832569122314 390
