1764921383599 -0.00011561065912246704 5
1764921434804 0.00011134147644042969 10
1764921486025 0.00010757148265838623 15
1764921537520 -4.7340989112854004e-05 20
1764921588813 -2.5153160095214844e-05 25
1764921639960 2.130866050720215e-05 30
1764921691132 -0.0008429735898971558 35
1764921742422 0.00014002621173858643 40
1764921793297 -8.779764175415039e-05 45
1764921844892 0.0014590919017791748 50
1764921896175 3.859400749206543e-05 55
1764921946936 0.0022789835929870605 60
1764921998678 0.009072482585906982 65
1764922050066 0.011761516332626343 70
1764922101307 0.01943144202232361 75
1764922152541 0.013087823987007141 80
1764922204091 0.015823543071746826 85
1764922255676 -0.0005390644073486328 90
1764922306798 0.018148258328437805 95
1764922357939 0.02748940885066986 100
1764922409351 0.025020629167556763 105
1764922461056 0.019010066986083984 110
1764922512373 0.013661488890647888 115
1764922563894 0.020874440670013428 120
1764922615373 0.033129677176475525 125
1764922667128 0.024501532316207886 130
1764922718519 0.0237400084733963 135
1764922770288 0.023526549339294434 140
1764922823357 -0.004964068531990051 145
1764922875606 0.04440951347351074 150
1764922927349 0.04526516795158386 155
1764922978367 0.03340534865856171 160
1764923029662 0.04429952800273895 165
1764923081479 0.01472705602645874 170
