1764921383599 0.5000064074993134 5
1764921434804 0.5038028806447983 10
1764921486025 0.509706974029541 15
1764921537520 0.5229917466640472 20
1764921588813 0.5556377321481705 25
1764921639960 0.6184282153844833 30
1764921691132 0.6667802035808563 35
1764921742422 0.6267548054456711 40
1764921793297 0.6000977903604507 45
1764921844892 0.6132910400629044 50
1764921896175 0.6446496695280075 55
1764921946936 0.6172215193510056 60
1764921998678 0.617364302277565 65
1764922050066 0.6412597000598907 70
1764922101307 0.5996944904327393 75
1764922152541 0.6130573600530624 80
1764922204091 0.5885293036699295 85
1764922255676 0.6244563013315201 90
1764922306798 0.6022747904062271 95
1764922357939 0.5896302610635757 100
1764922409351 0.6166480481624603 105
1764922461056 0.5841262191534042 110
1764922512373 0.6126540303230286 115
1764922563894 0.6139490306377411 120
1764922615373 0.5789286196231842 125
1764922667128 0.6028276681900024 130
1764922718519 0.5942666530609131 135
1764922770288 0.6182090938091278 140
1764922823357 0.6081470400094986 145
1764922875606 0.5956404060125351 150
1764922927349 0.576864168047905 155
1764922978367 0.607577845454216 160
1764923029662 0.5513326525688171 165
1764923081479 0.5288824290037155 170
