1764921383599 0.0 5
1764921434804 36.21875 10
1764921486025 3.08203125 15
1764921537520 3.8828125 20
1764921588813 3.9765625 25
1764921639960 4.1171875 30
1764921691132 3.97265625 35
1764921742422 3.72265625 40
1764921793297 3.69140625 45
1764921844892 3.8671875 50
1764921896175 3.67578125 55
1764921946936 3.73828125 60
1764921998678 3.86328125 65
1764922050066 3.94921875 70
1764922101307 4.2890625 75
1764922152541 4.12109375 80
1764922204091 4.05078125 85
1764922255676 3.98046875 90
1764922306798 4.2265625 95
1764922357939 4.08984375 100
1764922409351 4.2578125 105
1764922461056 4.09765625 110
1764922512373 3.6953125 115
1764922563894 3.98828125 120
1764922615373 4.2734375 125
1764922667128 4.296875 130
1764922718519 4.5390625 135
1764922770288 4.12890625 140
1764922823357 4.5234375 145
1764922875606 4.5625 150
1764922927349 4.671875 155
1764922978367 4.28125 160
1764923029662 4.1875 165
1764923081479 4.1484375 170
