1764921383599 0.0 5
1764921434804 -0.00354464848836263 10
1764921486025 -0.005755106608072918 15
1764921537520 0.021747827529907227 20
1764921588813 0.05486663355343584 25
1764921639960 0.04147561391194662 30
1764921691132 -0.07472705841064453 35
1764921742422 -0.27640978495279944 40
1764921793297 -0.33983516693115234 45
1764921844892 -0.3590353727340699 50
1764921896175 -0.3982418378194173 55
1764921946936 -0.33781592051188153 60
1764921998678 -0.3155877590179443 65
1764922050066 -0.44073994954427087 70
1764922101307 -0.4126516977945964 75
1764922152541 -0.44385560353597003 80
1764922204091 -0.5337727864583334 85
1764922255676 -0.5829442342122396 90
1764922306798 -0.5433966716130575 95
1764922357939 -0.5709991455078125 100
1764922409351 -0.5722223917643229 105
1764922461056 -0.5626716613769531 110
1764922512373 -0.5026187896728516 115
1764922563894 -0.5732777913411458 120
1764922615373 -0.6197217305501302 125
1764922667128 -0.5572586059570311 130
1764922718519 -0.6433959007263182 135
1764922770288 -0.5992447137832642 140
1764922823357 -0.6354560852050781 145
1764922875606 -0.6551005045572917 150
1764922927349 -0.585534413655599 155
1764922978367 -0.47954042752583825 160
1764923029662 -0.6535822550455729 165
1764923081479 -0.6351674397786459 170
