1764921383599 0.0 5
1764921434804 3.0100345611572266e-05 10
1764921486025 0.001800537109375 15
1764921537520 0.003063201904296875 20
1764921588813 0.0079498291015625 25
1764921639960 0.0179443359375 30
1764921691132 0.023040771484375 35
1764921742422 0.016326904296875 40
1764921793297 0.0143585205078125 45
1764921844892 0.01617431640625 50
1764921896175 0.0206298828125 55
1764921946936 0.0205078125 60
1764921998678 0.023895263671875 65
1764922050066 0.03106689453125 70
1764922101307 0.02789306640625 75
1764922152541 0.02899169921875 80
1764922204091 0.023101806640625 85
1764922255676 0.0299072265625 90
1764922306798 0.02752685546875 95
1764922357939 0.022705078125 100
1764922409351 0.029144287109375 105
1764922461056 0.022857666015625 110
1764922512373 0.0240478515625 115
1764922563894 0.024749755859375 120
1764922615373 0.024261474609375 125
1764922667128 0.029144287109375 130
1764922718519 0.021697998046875 135
1764922770288 0.020416259765625 140
1764922823357 0.022705078125 145
1764922875606 0.023773193359375 150
1764922927349 0.025421142578125 155
1764922978367 0.02117919921875 160
1764923029662 0.025543212890625 165
1764923081479 0.024322509765625 170
