1764921383599 0.0 5
1764921434804 3.552436828613281e-05 10
1764921486025 0.0017719268798828125 15
1764921537520 0.003173828125 20
1764921588813 0.0079498291015625 25
1764921639960 0.018035888671875 30
1764921691132 0.023223876953125 35
1764921742422 0.016632080078125 40
1764921793297 0.014434814453125 45
1764921844892 0.016357421875 50
1764921896175 0.0205078125 55
1764921946936 0.020599365234375 60
1764921998678 0.02459716796875 65
1764922050066 0.032501220703125 70
1764922101307 0.030731201171875 75
1764922152541 0.031524658203125 80
1764922204091 0.024322509765625 85
1764922255676 0.02923583984375 90
1764922306798 0.029296875 95
1764922357939 0.025238037109375 100
1764922409351 0.03118896484375 105
1764922461056 0.0244140625 110
1764922512373 0.023773193359375 115
1764922563894 0.024993896484375 120
1764922615373 0.02484130859375 125
1764922667128 0.030517578125 130
1764922718519 0.022796630859375 135
1764922770288 0.022125244140625 140
1764922823357 0.0225830078125 145
1764922875606 0.025909423828125 150
1764922927349 0.02783203125 155
1764922978367 0.022125244140625 160
1764923029662 0.024261474609375 165
1764923081479 0.02410888671875 170
