1764921383599 0.0 5
1764921434804 39.34375 10
1764921486025 3.140625 15
1764921537520 3.96875 20
1764921588813 4.02734375 25
1764921639960 4.05859375 30
1764921691132 3.984375 35
1764921742422 3.7109375 40
1764921793297 3.73046875 45
1764921844892 3.79296875 50
1764921896175 3.6953125 55
1764921946936 3.76953125 60
1764921998678 3.90625 65
1764922050066 4.078125 70
1764922101307 4.12109375 75
1764922152541 3.9765625 80
1764922204091 3.90625 85
1764922255676 4.00390625 90
1764922306798 4.2265625 95
1764922357939 3.87890625 100
1764922409351 4.015625 105
1764922461056 4.02734375 110
1764922512373 3.82421875 115
1764922563894 4.015625 120
1764922615373 4.15625 125
1764922667128 4.1953125 130
1764922718519 4.421875 135
1764922770288 4.18359375 140
1764922823357 4.46875 145
1764922875606 4.59375 150
1764922927349 4.3984375 155
1764922978367 4.1875 160
1764923029662 4.3125 165
1764923081479 4.265625 170
