1764921383599 3.3452814918177864e-07 5
1764921434804 7.401439248155839e-07 10
1764921486025 4.675022069022816e-06 15
1764921537520 1.188708733934618e-05 20
1764921588813 7.005666338955052e-05 25
1764921639960 0.00037365223397500813 30
1764921691132 0.0006438640120904893 35
1764921742422 0.00036679951881524175 40
1764921793297 0.0003247021813876927 45
1764921844892 0.00042537540866760537 50
1764921896175 0.0006811379134887829 55
1764921946936 0.0007271358626894653 60
1764921998678 0.0011501557601150125 65
1764922050066 0.0026015450712293386 70
1764922101307 0.0028679927927441895 75
1764922152541 0.002489002305082977 80
1764922204091 0.0015929621877148747 85
1764922255676 0.0027175380964763463 90
1764922306798 0.0027693742886185646 95
1764922357939 0.0019606390851549804 100
1764922409351 0.0030972602544352412 105
1764922461056 0.0018408394826110452 110
1764922512373 0.0012827540922444314 115
1764922563894 0.00212022359482944 120
1764922615373 0.002711403416469693 125
1764922667128 0.0034368314081802964 130
1764922718519 0.002040274703176692 135
1764922770288 0.0012084275076631457 140
1764922823357 0.002753119624685496 145
1764922875606 0.003396359388716519 150
1764922927349 0.004200214403681457 155
1764922978367 0.001865369820734486 160
1764923029662 0.0046973624266684055 165
1764923081479 0.003619545663241297 170
