1764179766194 92.0 1
1764179772763 99.0 2
1764179779249 99.0 3
1764179785769 99.0 4
1764179792280 100.0 5
1764179798791 99.0 6
1764179805323 99.0 7
1764179811862 99.0 8
1764179818397 99.0 9
1764179824955 99.0 10
1764179831500 100.0 11
1764179838064 99.0 12
1764179844602 99.0 13
1764179851148 100.0 14
1764179857713 99.0 15
1764179864279 99.0 16
1764179870839 99.0 17
1764179877388 100.0 18
1764179883926 99.0 19
1764179890455 99.0 20
1764179896978 99.0 21
1764179903501 99.0 22
1764179910041 99.0 23
1764179916574 100.0 24
1764179923102 100.0 25
1764179929645 99.0 26
1764179936180 100.0 27
1764179942698 99.0 28
1764179949213 100.0 29
1764179955762 100.0 30
1764179962301 100.0 31
1764179968844 99.0 32
1764179975352 99.0 33
1764179981876 100.0 34
1764179988394 99.0 35
1764179994911 99.0 36
1764180001441 99.0 37
1764180007960 99.0 38
1764180014483 99.0 39
1764180020993 99.0 40
1764180027580 99.0 41
1764180034075 100.0 42
1764180040608 99.0 43
1764180047134 100.0 44
1764180053651 99.0 45
1764180060153 99.0 46
1764180066651 99.0 47
1764180073153 99.0 48
1764180108263 99.0 49
1764180114737 99.0 50
1764180121213 100.0 51
1764180127692 99.0 52
1764180134208 99.0 53
1764180140713 100.0 54
1764180147227 99.0 55
1764180153757 100.0 56
1764180160276 99.0 57
1764180166792 99.0 58
1764180173315 100.0 59
1764180179828 99.0 60
1764180186355 100.0 61
1764180192879 99.0 62
1764180199372 99.0 63
1764180205894 99.0 64
1764180212414 99.0 65
1764180218944 100.0 66
1764180225492 100.0 67
1764180232020 99.0 68
1764180238534 100.0 69
1764180245080 100.0 70
1764180251597 99.0 71
1764180258122 99.0 72
1764180264879 83.0 73
1764180271395 99.0 74
1764180277914 100.0 75
1764180284437 100.0 76
1764180290954 99.0 77
1764180297527 99.0 78
1764180304038 99.0 79
1764180310560 100.0 80
1764180317148 100.0 81
1764180323660 99.0 82
1764180330174 100.0 83
1764180336691 99.0 84
1764180343210 100.0 85
1764180349731 99.0 86
1764180356254 100.0 87
1764180362776 99.0 88
1764180369299 99.0 89
1764180375804 100.0 90
1764180382345 99.0 91
1764180388881 100.0 92
1764180395394 99.0 93
1764180401892 100.0 94
1764180408395 100.0 95
1764180414902 100.0 96
1764180421411 99.0 97
1764180457095 100.0 98
1764180463561 99.0 99
1764180470033 99.0 100
1764180476503 99.0 101
1764180482984 99.0 102
1764180489494 99.0 103
1764180495999 100.0 104
1764180502515 99.0 105
1764180509007 99.0 106
1764180515513 100.0 107
1764180522050 100.0 108
1764180528582 99.0 109
1764180535077 100.0 110
1764180541588 100.0 111
1764180548088 100.0 112
1764180554590 99.0 113
1764180561159 100.0 114
1764180567674 99.0 115
1764180574191 100.0 116
1764180580687 100.0 117
1764180587189 100.0 118
1764180593709 99.0 119
1764180600203 99.0 120
1764180606713 99.0 121
1764180613234 99.0 122
1764180619751 100.0 123
1764180626247 99.0 124
1764180632748 99.0 125
1764180639251 100.0 126
1764180645769 100.0 127
1764180652260 99.0 128
1764180658766 99.0 129
1764180665270 100.0 130
1764180671770 99.0 131
1764180678292 100.0 132
1764180684779 99.0 133
1764180691304 100.0 134
1764180697807 100.0 135
1764180704330 99.0 136
1764180710890 100.0 137
1764180717370 99.0 138
1764180723863 100.0 139
1764180730422 97.0 140
1764180736926 100.0 141
1764180743430 100.0 142
1764180749944 99.0 143
1764180756442 99.0 144
1764180762953 99.0 145
1764180769455 100.0 146
1764180806425 99.0 147
1764180812905 100.0 148
1764180819378 100.0 149
1764180825855 100.0 150
1764180832341 99.0 151
1764180838847 100.0 152
1764180845339 100.0 153
1764180851837 99.0 154
1764180858346 99.0 155
1764180864936 100.0 156
1764180871425 99.0 157
1764180877946 100.0 158
1764180884449 99.0 159
1764180890965 99.0 160
1764180897470 100.0 161
1764180903979 99.0 162
1764180910503 100.0 163
1764180917195 100.0 164
1764180923705 100.0 165
1764180930204 99.0 166
1764180936704 99.0 167
1764180943201 99.0 168
1764180949722 99.0 169
1764180956224 99.0 170
1764180962747 100.0 171
1764180969263 99.0 172
1764180975781 100.0 173
1764180982306 100.0 174
1764180988825 99.0 175
1764180995341 99.0 176
1764181001842 99.0 177
1764181008335 99.0 178
1764181014820 99.0 179
1764181021323 99.0 180
1764181027831 100.0 181
1764181034322 99.0 182
1764181040863 100.0 183
1764181047351 99.0 184
1764181053838 99.0 185
1764181060362 99.0 186
1764181066852 99.0 187
1764181073348 99.0 188
1764181079847 99.0 189
1764181086340 99.0 190
1764181092835 99.0 191
1764181099343 100.0 192
1764181105839 99.0 193
1764181112337 99.0 194
1764181118820 100.0 195
