1764774844011 0.141845703125 5
1764774884306 0.146240234375 10
1764774924848 0.1551513671875 15
1764774965308 0.205322265625 20
1764775006039 0.146728515625 25
1764775046912 0.23095703125 30
1764775087267 0.177978515625 35
1764775127969 0.1903076171875 40
1764775168706 0.198974609375 45
1764775209057 0.14208984375 50
1764775249695 0.1287841796875 55
1764775290221 0.2080078125 60
1764775330720 0.1881103515625 65
1764775371251 0.179443359375 70
1764775411698 0.1568603515625 75
1764775452262 0.140380859375 80
1764775492842 0.131103515625 85
1764775533196 0.14599609375 90
1764775573720 0.185546875 95
1764775614274 0.134765625 100
1764775654745 0.1202392578125 105
1764775695355 0.18994140625 110
1764775735786 0.1591796875 115
1764775776241 0.1729736328125 120
1764775816851 0.165771484375 125
1764775857126 0.1923828125 130
1764775897786 0.181396484375 135
1764775938243 0.128662109375 140
1764775978879 0.196533203125 145
1764776019600 0.167724609375 150
1764776059912 0.23388671875 155
1764776100534 0.1524658203125 160
1764776141233 0.182373046875 165
1764776181522 0.199462890625 170
1764776222241 0.142578125 175
1764776262920 0.1868896484375 180
1764776303256 0.14794921875 185
1764776343979 0.22607421875 190
1764776384443 0.1727294921875 195
1764776424995 0.174560546875 200
1764776465580 0.205078125 205
1764776506057 0.1763916015625 210
1764776546678 0.1661376953125 215
1764776587304 0.14208984375 220
1764776627722 0.17431640625 225
1764776668270 0.177001953125 230
1764776708857 0.2025146484375 235
1764776749307 0.211181640625 240
1764776789813 0.12841796875 245
1764776830472 0.213134765625 250
1764776870942 0.236572265625 255
1764776911638 0.1302490234375 260
1764776952201 0.1524658203125 265
1764776992853 0.2181396484375 270
1764777033487 0.224365234375 275
1764777074175 0.1766357421875 280
1764777114723 0.168212890625 285
1764777155364 0.1953125 290
1764777195821 0.2548828125 295
1764777236397 0.16796875 300
1764777277106 0.152587890625 305
1764777317550 0.1751708984375 310
1764777358174 0.24609375 315
1764777398791 0.21923828125 320
1764777439372 0.205322265625 325
1764777479932 0.171142578125 330
1764777520446 0.16845703125 335
1764777560874 0.15185546875 340
1764777601427 0.1494140625 345
1764777642069 0.17333984375 350
1764777682827 0.193603515625 355
1764777723336 0.1669921875 360
1764777763874 0.1741943359375 365
1764777804411 0.162841796875 370
1764777845012 0.184326171875 375
1764777885481 0.199951171875 380
1764777926138 0.2120361328125 385
1764777966652 0.161865234375 390
1764778007092 0.1551513671875 395
1764778047625 0.1778564453125 400
1764778088076 0.18603515625 405
1764778128771 0.1680908203125 410
1764778169365 0.1463623046875 415
1764778209794 0.180908203125 420
1764778250482 0.199951171875 425
1764778291160 0.19091796875 430
1764778331578 0.16064453125 435
1764778372128 0.1514892578125 440
1764778412617 0.162353515625 445
1764778453176 0.177734375 450
1764778493825 0.17333984375 455
1764778534533 0.161865234375 460
1764778575304 0.18310546875 465
1764778615703 0.185791015625 470
1764778656306 0.1654052734375 475
1764778696942 0.200927734375 480
1764778737650 0.233154296875 485
1764778778432 0.18896484375 490
1764778819014 0.1632080078125 495
1764778859392 0.1416015625 500
1764778900015 0.232177734375 505
1764778940494 0.1552734375 510
1764778980996 0.144287109375 515
1764779021576 0.1546630859375 520
