1764051658491 1.0 1
1764051665086 1.0 2
1764051671568 1.0 3
1764051678076 1.0 4
1764051684573 1.0 5
1764051691184 1.0 6
1764051697553 1.0 7
1764051704188 1.0 8
1764051710749 1.0 9
1764051717338 1.0 10
1764051723959 1.0 11
1764051730427 1.0 12
1764051736999 1.0 13
1764051743489 1.0 14
1764051750080 1.0 15
1764051756682 1.0 16
1764051763174 1.0 17
1764051769791 1.0 18
1764051776348 1.0 19
1764051782757 1.0 20
1764051789294 1.0 21
1764051795936 1.0 22
1764051802633 1.0 23
1764051809100 1.0 24
1764051815683 1.0 25
1764051822182 1.0 26
1764051828849 1.0 27
1764051835330 1.0 28
1764051842003 1.0 29
1764051848492 1.0 30
1764051855100 1.0 31
1764051861715 1.0 32
1764051868292 1.0 33
1764051874755 1.0 34
1764051881336 1.0 35
1764051888095 1.0 36
1764051894587 1.0 37
1764051901129 1.0 38
1764051907853 1.0 39
1764051914289 1.0 40
1764051920822 1.0 41
1764051927236 1.0 42
1764051933851 1.0 43
1764051940539 1.0 44
1764051946899 1.0 45
1764051953446 1.0 46
1764051960085 1.0 47
1764051966823 1.0 48
1764051973279 1.0 49
1764051979767 1.0 50
1764051986426 1.0 51
1764051992970 1.0 52
1764051999453 1.0 53
1764052005822 1.0 54
1764052012300 1.0 55
1764052018989 1.0 56
1764052025504 1.0 57
1764052031961 1.0 58
1764052038586 1.0 59
1764052045184 1.0 60
1764052051662 1.0 61
1764052058183 1.0 62
1764052064821 1.0 63
1764052071336 1.0 64
1764052077853 1.0 65
1764052084305 1.0 66
1764052090755 1.0 67
1764052097412 1.0 68
1764052103846 1.0 69
1764052110368 1.0 70
1764052116987 1.0 71
1764052123535 1.0 72
1764052129982 1.0 73
1764052136371 1.0 74
1764052142888 1.0 75
1764052149385 1.0 76
1764052155792 1.0 77
1764052162322 1.0 78
1764052168927 1.0 79
1764052175501 1.0 80
1764052181885 1.0 81
1764052188316 1.0 82
1764052195074 1.0 83
1764052201596 1.0 84
1764052208224 1.0 85
1764052214688 1.0 86
1764052221173 1.0 87
1764052227699 1.0 88
1764052234275 1.0 89
1764052240805 1.0 90
1764052247381 1.0 91
1764052253761 1.0 92
1764052260259 1.0 93
1764052266689 1.0 94
1764052273289 1.0 95
1764052279778 1.0 96
1764052286324 1.0 97
1764052292968 1.0 98
1764052299477 1.0 99
1764052306002 1.0 100
1764052312611 1.0 101
1764052319048 1.0 102
1764052325527 1.0 103
1764052332043 1.0 104
1764052338671 1.0 105
1764052345294 1.0 106
1764052351813 1.0 107
1764052358405 1.0 108
1764052364874 1.0 109
1764052371527 1.0 110
1764052378069 1.0 111
1764052384520 1.0 112
1764052391026 1.0 113
1764052397529 1.0 114
1764052404106 1.0 115
1764052410551 1.0 116
1764052417281 1.0 117
1764052423773 1.0 118
1764052430442 1.0 119
1764052437005 1.0 120
1764052443513 1.0 121
1764052449941 1.0 122
1764052456531 1.0 123
1764052463080 1.0 124
1764052469544 1.0 125
1764052533112 1.0 126
1764052539590 1.0 127
1764052546037 1.0 128
1764052552559 1.0 129
1764052558985 1.0 130
1764052565619 1.0 131
1764052572195 1.0 132
1764052578649 1.0 133
1764052585196 1.0 134
1764052591950 1.0 135
1764052598391 1.0 136
1764052604975 1.0 137
1764052611606 1.0 138
1764052618113 1.0 139
1764052624673 1.0 140
1764052631440 1.0 141
1764052638105 1.0 142
1764052644739 1.0 143
1764052651230 1.0 144
1764052657649 1.0 145
1764052664283 1.0 146
1764052670856 1.0 147
1764052677324 1.0 148
1764052683849 1.0 149
1764052690408 1.0 150
1764052696952 1.0 151
1764052703471 1.0 152
1764052710013 1.0 153
1764052716672 1.0 154
1764052723154 1.0 155
1764052729768 1.0 156
1764052736284 1.0 157
1764052742813 1.0 158
1764052749486 1.0 159
1764052755894 1.0 160
1764052762411 1.0 161
1764052768853 1.0 162
1764052775398 1.0 163
1764052781812 1.0 164
1764052788377 1.0 165
1764052794795 1.0 166
1764052801399 1.0 167
1764052808010 1.0 168
1764052814575 1.0 169
1764052821320 1.0 170
1764052827813 1.0 171
1764052834260 1.0 172
1764052840825 1.0 173
1764052847427 1.0 174
1764052853906 1.0 175
1764052860500 1.0 176
1764052867129 1.0 177
1764052873676 1.0 178
1764052880228 1.0 179
1764052887095 1.0 180
1764052893694 1.0 181
1764052900177 1.0 182
1764052906633 1.0 183
1764052913130 1.0 184
1764052919771 1.0 185
1764052926235 1.0 186
1764052932781 1.0 187
1764052939380 1.0 188
1764052945832 1.0 189
1764052952192 1.0 190
1764052958646 1.0 191
1764052965223 1.0 192
1764052971700 1.0 193
1764052978180 1.0 194
1764052984626 1.0 195
1764052991066 1.0 196
1764052997531 1.0 197
1764053003971 1.0 198
1764053010615 1.0 199
1764053017148 1.0 200
1764053023745 1.0 201
1764053030190 1.0 202
1764053036671 1.0 203
1764053043184 1.0 204
1764053049649 1.0 205
1764053055943 1.0 206
1764053062474 1.0 207
1764053069132 1.0 208
1764053075587 1.0 209
1764053082202 1.0 210
1764053088948 1.0 211
1764053095419 1.0 212
1764053102067 1.0 213
1764053108727 1.0 214
1764053115184 1.0 215
1764053121700 1.0 216
1764053128103 1.0 217
1764053134862 1.0 218
1764053141310 1.0 219
1764053148141 1.0 220
1764053154582 1.0 221
1764053161057 1.0 222
1764053167520 1.0 223
1764053174084 1.0 224
1764053180684 1.0 225
1764053187373 1.0 226
1764053193899 1.0 227
1764053200307 1.0 228
1764053206868 1.0 229
1764053213454 1.0 230
1764053219986 1.0 231
1764053226433 1.0 232
1764053232930 1.0 233
1764053239439 1.0 234
1764053245969 1.0 235
1764053252531 1.0 236
1764053259015 1.0 237
1764053265459 1.0 238
1764053272132 1.0 239
1764053278584 1.0 240
1764053285092 1.0 241
1764053291580 1.0 242
1764053298040 1.0 243
1764053304703 1.0 244
1764053311282 1.0 245
1764053317691 1.0 246
1764053324217 1.0 247
1764053330720 1.0 248
1764053337230 1.0 249
1764053343783 1.0 250
1764053382899 1.0 251
1764053389281 1.0 252
1764053395718 1.0 253
1764053402351 1.0 254
1764053408791 1.0 255
1764053415293 1.0 256
1764053421851 1.0 257
1764053428217 1.0 258
1764053434744 1.0 259
1764053441464 1.0 260
1764053448047 1.0 261
1764053454551 1.0 262
1764053461234 1.0 263
1764053467897 1.0 264
1764053474651 1.0 265
1764053481163 1.0 266
1764053487734 1.0 267
1764053494316 1.0 268
1764053500826 1.0 269
1764053507376 1.0 270
1764053513925 1.0 271
1764053520604 1.0 272
1764053527153 1.0 273
1764053533733 1.0 274
1764053540463 1.0 275
1764053547144 1.0 276
1764053553796 1.0 277
1764053560360 1.0 278
1764053566886 1.0 279
1764053573408 1.0 280
1764053580008 1.0 281
1764053586576 1.0 282
1764053593154 1.0 283
1764053599837 1.0 284
1764053606513 1.0 285
1764053613050 1.0 286
1764053619469 1.0 287
1764053626034 1.0 288
1764053632744 1.0 289
1764053639148 1.0 290
1764053645725 1.0 291
1764053652306 1.0 292
1764053658799 1.0 293
1764053665409 1.0 294
1764053671991 1.0 295
1764053678647 1.0 296
1764053685101 1.0 297
1764053691774 1.0 298
1764053698327 1.0 299
1764053704788 1.0 300
1764053711246 1.0 301
1764053717809 1.0 302
1764053724383 1.0 303
1764053731047 1.0 304
1764053737654 1.0 305
1764053744252 1.0 306
1764053750751 1.0 307
1764053757291 1.0 308
1764053763904 1.0 309
1764053770447 1.0 310
1764053776883 1.0 311
1764053783482 1.0 312
1764053790001 1.0 313
1764053796406 1.0 314
1764053802895 1.0 315
1764053809516 1.0 316
1764053816088 1.0 317
1764053822685 1.0 318
1764053829226 1.0 319
1764053835912 1.0 320
1764053842559 1.0 321
1764053849064 1.0 322
1764053855640 1.0 323
1764053862004 1.0 324
1764053868393 1.0 325
1764053874957 1.0 326
1764053881324 1.0 327
1764053887889 1.0 328
1764053894623 1.0 329
1764053901170 1.0 330
1764053907595 1.0 331
1764053914053 1.0 332
1764053920705 1.0 333
1764053927374 1.0 334
1764053933927 1.0 335
1764053940539 1.0 336
1764053947221 1.0 337
1764053953695 1.0 338
1764053960330 1.0 339
1764053966962 1.0 340
1764053973550 1.0 341
1764053980272 1.0 342
1764053986779 1.0 343
1764053993312 1.0 344
1764053999823 1.0 345
1764054006306 1.0 346
1764054012961 1.0 347
1764054019534 1.0 348
1764054026019 1.0 349
1764054032478 1.0 350
1764054038963 1.0 351
1764054045435 1.0 352
1764054051955 1.0 353
1764054058425 1.0 354
1764054065285 1.0 355
1764054071769 1.0 356
1764054078246 1.0 357
1764054084772 1.0 358
1764054091443 1.0 359
1764054098082 1.0 360
1764054104616 1.0 361
1764054111075 1.0 362
1764054117568 1.0 363
1764054124064 1.0 364
1764054130616 1.0 365
1764054137065 1.0 366
1764054143565 1.0 367
1764054150328 1.0 368
1764054156711 1.0 369
1764054163226 1.0 370
1764054169901 1.0 371
1764054176507 1.0 372
1764054183078 1.0 373
1764054189729 1.0 374
1764054196422 1.0 375
1764054235587 1.0 376
1764054242272 1.0 377
1764054248847 1.0 378
1764054255384 1.0 379
1764054261878 1.0 380
1764054268517 1.0 381
1764054275232 1.0 382
1764054281940 1.0 383
1764054288588 1.0 384
1764054295090 1.0 385
1764054301458 1.0 386
1764054308184 1.0 387
1764054314662 1.0 388
1764054321198 1.0 389
1764054327688 1.0 390
1764054334598 1.0 391
1764054341030 1.0 392
1764054347484 1.0 393
1764054353975 1.0 394
1764054360573 1.0 395
1764054367278 1.0 396
1764054373775 1.0 397
1764054380264 1.0 398
1764054386773 1.0 399
1764054393325 1.0 400
1764054399896 1.0 401
1764054406618 1.0 402
1764054413195 1.0 403
1764054419640 1.0 404
1764054426152 1.0 405
1764054432660 1.0 406
1764054439289 1.0 407
1764054445827 1.0 408
1764054452382 1.0 409
1764054458907 1.0 410
1764054465403 1.0 411
1764054472085 1.0 412
1764054478628 1.0 413
1764054485145 1.0 414
1764054491633 1.0 415
1764054498148 1.0 416
1764054504520 1.0 417
1764054510962 1.0 418
1764054517596 1.0 419
1764054524181 1.0 420
1764054530663 1.0 421
1764054537162 1.0 422
1764054543695 1.0 423
1764054550144 1.0 424
1764054556678 1.0 425
1764054563225 1.0 426
1764054569829 1.0 427
1764054576320 1.0 428
1764054582993 1.0 429
1764054589504 1.0 430
1764054596213 1.0 431
1764054602689 1.0 432
1764054609237 1.0 433
1764054615787 1.0 434
1764054622133 1.0 435
1764054628661 1.0 436
1764054635215 1.0 437
1764054641710 1.0 438
1764054648387 1.0 439
1764054654764 1.0 440
1764054661463 1.0 441
1764054668013 1.0 442
1764054674458 1.0 443
1764054680879 1.0 444
1764054687279 1.0 445
1764054693812 1.0 446
1764054700372 1.0 447
1764054706953 1.0 448
1764054713522 1.0 449
1764054720001 1.0 450
1764054726563 1.0 451
1764054733061 1.0 452
1764054739461 1.0 453
1764054746023 1.0 454
1764054752419 1.0 455
1764054758883 1.0 456
1764054765426 1.0 457
1764054772106 1.0 458
1764054778727 1.0 459
1764054785308 1.0 460
1764054791760 1.0 461
1764054798247 1.0 462
1764054804789 1.0 463
1764054811258 1.0 464
1764054817797 1.0 465
1764054824376 1.0 466
1764054830912 1.0 467
1764054837496 1.0 468
1764054844004 1.0 469
1764054850512 1.0 470
1764054857093 1.0 471
1764054863888 1.0 472
1764054870402 1.0 473
1764054876847 1.0 474
1764054883448 1.0 475
1764054890031 1.0 476
1764054896454 1.0 477
1764054902885 1.0 478
1764054909423 1.0 479
1764054915901 1.0 480
1764054922550 1.0 481
1764054928987 1.0 482
1764054935408 1.0 483
1764054941835 1.0 484
1764054948564 1.0 485
1764054955356 1.0 486
1764054961718 1.0 487
1764054968369 1.0 488
1764054974870 1.0 489
1764054981388 1.0 490
1764054987957 1.0 491
1764054994462 1.0 492
1764055000948 1.0 493
1764055007338 1.0 494
1764055013754 1.0 495
1764055020165 1.0 496
1764055026797 1.0 497
1764055033494 1.0 498
1764055040046 1.0 499
1764055046622 1.0 500
1764055085500 1.0 501
1764055091967 1.0 502
1764055098371 1.0 503
1764055105014 1.0 504
1764055111538 1.0 505
1764055118115 1.0 506
1764055124657 1.0 507
1764055131056 1.0 508
1764055137511 1.0 509
1764055144152 1.0 510
1764055150753 1.0 511
1764055157317 1.0 512
1764055163992 1.0 513
1764055170519 1.0 514
1764055176985 1.0 515
1764055183683 1.0 516
1764055190152 1.0 517
1764055196764 1.0 518
1764055203283 1.0 519
1764055209870 1.0 520
1764055216195 1.0 521
1764055222635 1.0 522
1764055229336 1.0 523
1764055235918 1.0 524
1764055242544 1.0 525
1764055249120 1.0 526
1764055255756 1.0 527
1764055262242 1.0 528
1764055268780 1.0 529
1764055275230 1.0 530
1764055281634 1.0 531
1764055288127 1.0 532
1764055294611 1.0 533
1764055301353 1.0 534
1764055308031 1.0 535
1764055314430 1.0 536
1764055320951 1.0 537
1764055327553 1.0 538
1764055334192 1.0 539
1764055340838 1.0 540
1764055347263 1.0 541
1764055353962 1.0 542
1764055360544 1.0 543
1764055367016 1.0 544
1764055373515 1.0 545
1764055380152 1.0 546
1764055386582 1.0 547
1764055393080 1.0 548
1764055399564 1.0 549
1764055406190 1.0 550
1764055412650 1.0 551
1764055419071 1.0 552
1764055425703 1.0 553
1764055432207 1.0 554
1764055438860 1.0 555
1764055445328 1.0 556
1764055451716 1.0 557
1764055458251 1.0 558
1764055464775 1.0 559
1764055471378 1.0 560
1764055477983 1.0 561
1764055484363 1.0 562
1764055490881 1.0 563
1764055497498 1.0 564
1764055504169 1.0 565
1764055510721 1.0 566
1764055517169 1.0 567
1764055523801 1.0 568
1764055530605 1.0 569
1764055537157 1.0 570
1764055543621 1.0 571
1764055550060 1.0 572
1764055556584 1.0 573
1764055563251 1.0 574
1764055569664 1.0 575
