1764051658491 0.5322265625 1
1764051665086 0.404296875 2
1764051671568 0.3828125 3
1764051678076 0.35205078125 4
1764051684573 0.39208984375 5
1764051691184 0.26806640625 6
1764051697553 0.29541015625 7
1764051704188 0.2734375 8
1764051710749 0.243408203125 9
1764051717338 0.2822265625 10
1764051723959 0.30419921875 11
1764051730427 0.28955078125 12
1764051736999 0.33154296875 13
1764051743489 0.30029296875 14
1764051750080 0.337890625 15
1764051756682 0.2939453125 16
1764051763174 0.265869140625 17
1764051769791 0.231689453125 18
1764051776348 0.23681640625 19
1764051782757 0.282958984375 20
1764051789294 0.261962890625 21
1764051795936 0.2451171875 22
1764051802633 0.308837890625 23
1764051809100 0.238525390625 24
1764051815683 0.2412109375 25
1764051822182 0.232666015625 26
1764051828849 0.2109375 27
1764051835330 0.213134765625 28
1764051842003 0.213623046875 29
1764051848492 0.231201171875 30
1764051855100 0.27197265625 31
1764051861715 0.23046875 32
1764051868292 0.261962890625 33
1764051874755 0.25439453125 34
1764051881336 0.23486328125 35
1764051888095 0.21533203125 36
1764051894587 0.267333984375 37
1764051901129 0.2529296875 38
1764051907853 0.263916015625 39
1764051914289 0.229248046875 40
1764051920822 0.22998046875 41
1764051927236 0.230712890625 42
1764051933851 0.195068359375 43
1764051940539 0.208251953125 44
1764051946899 0.210693359375 45
1764051953446 0.2255859375 46
1764051960085 0.2255859375 47
1764051966823 0.24658203125 48
1764051973279 0.220458984375 49
1764051979767 0.231689453125 50
1764051986426 0.25830078125 51
1764051992970 0.264404296875 52
1764051999453 0.22900390625 53
1764052005822 0.21728515625 54
1764052012300 0.26904296875 55
1764052018989 0.2216796875 56
1764052025504 0.225830078125 57
1764052031961 0.177734375 58
1764052038586 0.268310546875 59
1764052045184 0.1689453125 60
1764052051662 0.245849609375 61
1764052058183 0.235107421875 62
1764052064821 0.183349609375 63
1764052071336 0.246826171875 64
1764052077853 0.22119140625 65
1764052084305 0.2890625 66
1764052090755 0.279052734375 67
1764052097412 0.240234375 68
1764052103846 0.216796875 69
1764052110368 0.230712890625 70
1764052116987 0.22802734375 71
1764052123535 0.21728515625 72
1764052129982 0.221923828125 73
1764052136371 0.250732421875 74
1764052142888 0.24609375 75
1764052149385 0.2099609375 76
1764052155792 0.219970703125 77
1764052162322 0.2001953125 78
1764052168927 0.238037109375 79
1764052175501 0.2109375 80
1764052181885 0.197265625 81
1764052188316 0.221435546875 82
1764052195074 0.2275390625 83
1764052201596 0.230224609375 84
1764052208224 0.23291015625 85
1764052214688 0.212890625 86
1764052221173 0.234130859375 87
1764052227699 0.25927734375 88
1764052234275 0.24462890625 89
1764052240805 0.2060546875 90
1764052247381 0.202392578125 91
1764052253761 0.2109375 92
1764052260259 0.218994140625 93
1764052266689 0.19189453125 94
1764052273289 0.2158203125 95
1764052279778 0.198974609375 96
1764052286324 0.2294921875 97
1764052292968 0.22802734375 98
1764052299477 0.22265625 99
1764052306002 0.226806640625 100
1764052312611 0.199951171875 101
1764052319048 0.251220703125 102
1764052325527 0.201171875 103
1764052332043 0.211669921875 104
1764052338671 0.22509765625 105
1764052345294 0.1982421875 106
1764052351813 0.193359375 107
1764052358405 0.2451171875 108
1764052364874 0.228271484375 109
1764052371527 0.232421875 110
1764052378069 0.191650390625 111
1764052384520 0.1845703125 112
1764052391026 0.245849609375 113
1764052397529 0.216552734375 114
1764052404106 0.25634765625 115
1764052410551 0.197509765625 116
1764052417281 0.21337890625 117
1764052423773 0.221923828125 118
1764052430442 0.233642578125 119
1764052437005 0.19873046875 120
1764052443513 0.233642578125 121
1764052449941 0.19189453125 122
1764052456531 0.223876953125 123
1764052463080 0.220703125 124
1764052469544 0.218017578125 125
1764052533112 0.203125 126
1764052539590 0.196533203125 127
1764052546037 0.232421875 128
1764052552559 0.236328125 129
1764052558985 0.212646484375 130
1764052565619 0.196044921875 131
1764052572195 0.205078125 132
1764052578649 0.207275390625 133
1764052585196 0.227294921875 134
1764052591950 0.221923828125 135
1764052598391 0.196533203125 136
1764052604975 0.188720703125 137
1764052611606 0.24267578125 138
1764052618113 0.242919921875 139
1764052624673 0.1923828125 140
1764052631440 0.2255859375 141
1764052638105 0.188232421875 142
1764052644739 0.25439453125 143
1764052651230 0.211181640625 144
1764052657649 0.196044921875 145
1764052664283 0.242431640625 146
1764052670856 0.20751953125 147
1764052677324 0.233154296875 148
1764052683849 0.233154296875 149
1764052690408 0.2197265625 150
1764052696952 0.229248046875 151
1764052703471 0.23193359375 152
1764052710013 0.22802734375 153
1764052716672 0.239501953125 154
1764052723154 0.195068359375 155
1764052729768 0.201171875 156
1764052736284 0.209716796875 157
1764052742813 0.241943359375 158
1764052749486 0.216064453125 159
1764052755894 0.175048828125 160
1764052762411 0.221435546875 161
1764052768853 0.2060546875 162
1764052775398 0.203369140625 163
1764052781812 0.199951171875 164
1764052788377 0.214599609375 165
1764052794795 0.198974609375 166
1764052801399 0.2666015625 167
1764052808010 0.216552734375 168
1764052814575 0.203369140625 169
1764052821320 0.20947265625 170
1764052827813 0.2373046875 171
1764052834260 0.1856689453125 172
1764052840825 0.225341796875 173
1764052847427 0.257568359375 174
1764052853906 0.225341796875 175
1764052860500 0.215576171875 176
1764052867129 0.208984375 177
1764052873676 0.210693359375 178
1764052880228 0.254638671875 179
1764052887095 0.215576171875 180
1764052893694 0.21728515625 181
1764052900177 0.16748046875 182
1764052906633 0.196533203125 183
1764052913130 0.2158203125 184
1764052919771 0.21337890625 185
1764052926235 0.22314453125 186
1764052932781 0.182373046875 187
1764052939380 0.226806640625 188
1764052945832 0.2021484375 189
1764052952192 0.222900390625 190
1764052958646 0.225830078125 191
1764052965223 0.1998291015625 192
1764052971700 0.21923828125 193
1764052978180 0.238525390625 194
1764052984626 0.2216796875 195
1764052991066 0.20068359375 196
1764052997531 0.26171875 197
1764053003971 0.217529296875 198
1764053010615 0.26904296875 199
1764053017148 0.19189453125 200
1764053023745 0.190185546875 201
1764053030190 0.17431640625 202
1764053036671 0.214599609375 203
1764053043184 0.233154296875 204
1764053049649 0.1917724609375 205
1764053055943 0.22802734375 206
1764053062474 0.216552734375 207
1764053069132 0.22705078125 208
1764053075587 0.188232421875 209
1764053082202 0.227783203125 210
1764053088948 0.176025390625 211
1764053095419 0.189208984375 212
1764053102067 0.228271484375 213
1764053108727 0.21337890625 214
1764053115184 0.214599609375 215
1764053121700 0.24951171875 216
1764053128103 0.222900390625 217
1764053134862 0.220947265625 218
1764053141310 0.208740234375 219
1764053148141 0.21044921875 220
1764053154582 0.221923828125 221
1764053161057 0.185302734375 222
1764053167520 0.20654296875 223
1764053174084 0.195068359375 224
1764053180684 0.245361328125 225
1764053187373 0.22802734375 226
1764053193899 0.19921875 227
1764053200307 0.219970703125 228
1764053206868 0.205078125 229
1764053213454 0.195068359375 230
1764053219986 0.221435546875 231
1764053226433 0.212158203125 232
1764053232930 0.20751953125 233
1764053239439 0.235595703125 234
1764053245969 0.224609375 235
1764053252531 0.20849609375 236
1764053259015 0.235107421875 237
1764053265459 0.21240234375 238
1764053272132 0.206298828125 239
1764053278584 0.21435546875 240
1764053285092 0.215087890625 241
1764053291580 0.208984375 242
1764053298040 0.203369140625 243
1764053304703 0.244384765625 244
1764053311282 0.177001953125 245
1764053317691 0.1845703125 246
1764053324217 0.25 247
1764053330720 0.202392578125 248
1764053337230 0.224853515625 249
1764053343783 0.2685546875 250
1764053382899 0.232177734375 251
1764053389281 0.25732421875 252
1764053395718 0.200439453125 253
1764053402351 0.1904296875 254
1764053408791 0.22412109375 255
1764053415293 0.22705078125 256
1764053421851 0.211669921875 257
1764053428217 0.211669921875 258
1764053434744 0.18994140625 259
1764053441464 0.231201171875 260
1764053448047 0.210205078125 261
1764053454551 0.209228515625 262
1764053461234 0.22216796875 263
1764053467897 0.229736328125 264
1764053474651 0.1904296875 265
1764053481163 0.180419921875 266
1764053487734 0.19970703125 267
1764053494316 0.21923828125 268
1764053500826 0.205322265625 269
1764053507376 0.2158203125 270
1764053513925 0.1865234375 271
1764053520604 0.222900390625 272
1764053527153 0.211669921875 273
1764053533733 0.20751953125 274
1764053540463 0.204345703125 275
1764053547144 0.202392578125 276
1764053553796 0.212646484375 277
1764053560360 0.203125 278
1764053566886 0.201416015625 279
1764053573408 0.239990234375 280
1764053580008 0.189453125 281
1764053586576 0.20166015625 282
1764053593154 0.1875 283
1764053599837 0.196533203125 284
1764053606513 0.19140625 285
1764053613050 0.18115234375 286
1764053619469 0.218017578125 287
1764053626034 0.1748046875 288
1764053632744 0.17333984375 289
1764053639148 0.21337890625 290
1764053645725 0.186279296875 291
1764053652306 0.246826171875 292
1764053658799 0.21240234375 293
1764053665409 0.202880859375 294
1764053671991 0.229736328125 295
1764053678647 0.245849609375 296
1764053685101 0.1759033203125 297
1764053691774 0.2197265625 298
1764053698327 0.24365234375 299
1764053704788 0.20166015625 300
1764053711246 0.2060546875 301
1764053717809 0.2236328125 302
1764053724383 0.204833984375 303
1764053731047 0.194580078125 304
1764053737654 0.170166015625 305
1764053744252 0.220703125 306
1764053750751 0.192626953125 307
1764053757291 0.195556640625 308
1764053763904 0.24951171875 309
1764053770447 0.216064453125 310
1764053776883 0.1884765625 311
1764053783482 0.207275390625 312
1764053790001 0.219482421875 313
1764053796406 0.2275390625 314
1764053802895 0.185546875 315
1764053809516 0.17041015625 316
1764053816088 0.1943359375 317
1764053822685 0.22021484375 318
1764053829226 0.21923828125 319
1764053835912 0.191650390625 320
1764053842559 0.196044921875 321
1764053849064 0.187744140625 322
1764053855640 0.190673828125 323
1764053862004 0.20361328125 324
1764053868393 0.202880859375 325
1764053874957 0.20947265625 326
1764053881324 0.187744140625 327
1764053887889 0.206787109375 328
1764053894623 0.1796875 329
1764053901170 0.19580078125 330
1764053907595 0.19384765625 331
1764053914053 0.188720703125 332
1764053920705 0.1962890625 333
1764053927374 0.211181640625 334
1764053933927 0.208984375 335
1764053940539 0.23388671875 336
1764053947221 0.2529296875 337
1764053953695 0.203369140625 338
1764053960330 0.267822265625 339
1764053966962 0.2197265625 340
1764053973550 0.215576171875 341
1764053980272 0.221435546875 342
1764053986779 0.206298828125 343
1764053993312 0.2119140625 344
1764053999823 0.20068359375 345
1764054006306 0.225830078125 346
1764054012961 0.175048828125 347
1764054019534 0.206787109375 348
1764054026019 0.220947265625 349
1764054032478 0.171630859375 350
1764054038963 0.193359375 351
1764054045435 0.206298828125 352
1764054051955 0.228515625 353
1764054058425 0.206298828125 354
1764054065285 0.239990234375 355
1764054071769 0.189453125 356
1764054078246 0.187744140625 357
1764054084772 0.20458984375 358
1764054091443 0.199951171875 359
1764054098082 0.21484375 360
1764054104616 0.226806640625 361
1764054111075 0.15771484375 362
1764054117568 0.235107421875 363
1764054124064 0.22216796875 364
1764054130616 0.2392578125 365
1764054137065 0.176513671875 366
1764054143565 0.20361328125 367
1764054150328 0.212646484375 368
1764054156711 0.197998046875 369
1764054163226 0.1923828125 370
1764054169901 0.213134765625 371
1764054176507 0.215576171875 372
1764054183078 0.256591796875 373
1764054189729 0.19140625 374
1764054196422 0.211181640625 375
1764054235587 0.241455078125 376
1764054242272 0.222900390625 377
1764054248847 0.221435546875 378
1764054255384 0.19873046875 379
1764054261878 0.21435546875 380
1764054268517 0.227783203125 381
1764054275232 0.200439453125 382
1764054281940 0.20849609375 383
1764054288588 0.19775390625 384
1764054295090 0.192138671875 385
1764054301458 0.1826171875 386
1764054308184 0.1806640625 387
1764054314662 0.217529296875 388
1764054321198 0.191650390625 389
1764054327688 0.195068359375 390
1764054334598 0.191162109375 391
1764054341030 0.210205078125 392
1764054347484 0.20263671875 393
1764054353975 0.197265625 394
1764054360573 0.198486328125 395
1764054367278 0.1962890625 396
1764054373775 0.207763671875 397
1764054380264 0.1962890625 398
1764054386773 0.177734375 399
1764054393325 0.19970703125 400
1764054399896 0.191162109375 401
1764054406618 0.21728515625 402
1764054413195 0.203857421875 403
1764054419640 0.2119140625 404
1764054426152 0.186767578125 405
1764054432660 0.22509765625 406
1764054439289 0.16015625 407
1764054445827 0.176513671875 408
1764054452382 0.184326171875 409
1764054458907 0.206787109375 410
1764054465403 0.197021484375 411
1764054472085 0.156982421875 412
1764054478628 0.213623046875 413
1764054485145 0.246337890625 414
1764054491633 0.1881103515625 415
1764054498148 0.229248046875 416
1764054504520 0.2431640625 417
1764054510962 0.216064453125 418
1764054517596 0.21923828125 419
1764054524181 0.17578125 420
1764054530663 0.223388671875 421
1764054537162 0.208251953125 422
1764054543695 0.195556640625 423
1764054550144 0.192626953125 424
1764054556678 0.203125 425
1764054563225 0.20458984375 426
1764054569829 0.214111328125 427
1764054576320 0.1826171875 428
1764054582993 0.21337890625 429
1764054589504 0.177734375 430
1764054596213 0.179931640625 431
1764054602689 0.210205078125 432
1764054609237 0.195068359375 433
1764054615787 0.199951171875 434
1764054622133 0.20556640625 435
1764054628661 0.201171875 436
1764054635215 0.195556640625 437
1764054641710 0.197509765625 438
1764054648387 0.2587890625 439
1764054654764 0.196044921875 440
1764054661463 0.1962890625 441
1764054668013 0.203125 442
1764054674458 0.175537109375 443
1764054680879 0.18994140625 444
1764054687279 0.198486328125 445
1764054693812 0.227783203125 446
1764054700372 0.1923828125 447
1764054706953 0.2119140625 448
1764054713522 0.228271484375 449
1764054720001 0.185791015625 450
1764054726563 0.23388671875 451
1764054733061 0.1962890625 452
1764054739461 0.191650390625 453
1764054746023 0.21875 454
1764054752419 0.2158203125 455
1764054758883 0.184814453125 456
1764054765426 0.18603515625 457
1764054772106 0.17724609375 458
1764054778727 0.1884765625 459
1764054785308 0.2021484375 460
1764054791760 0.181396484375 461
1764054798247 0.23486328125 462
1764054804789 0.2158203125 463
1764054811258 0.20654296875 464
1764054817797 0.20263671875 465
1764054824376 0.199462890625 466
1764054830912 0.222412109375 467
1764054837496 0.23779296875 468
1764054844004 0.221923828125 469
1764054850512 0.233154296875 470
1764054857093 0.161376953125 471
1764054863888 0.20947265625 472
1764054870402 0.193115234375 473
1764054876847 0.184326171875 474
1764054883448 0.182861328125 475
1764054890031 0.20703125 476
1764054896454 0.1767578125 477
1764054902885 0.1826171875 478
1764054909423 0.214599609375 479
1764054915901 0.168701171875 480
1764054922550 0.1875 481
1764054928987 0.17333984375 482
1764054935408 0.211669921875 483
1764054941835 0.183349609375 484
1764054948564 0.181884765625 485
1764054955356 0.171630859375 486
1764054961718 0.194091796875 487
1764054968369 0.190673828125 488
1764054974870 0.17041015625 489
1764054981388 0.196044921875 490
1764054987957 0.18505859375 491
1764054994462 0.198974609375 492
1764055000948 0.219482421875 493
1764055007338 0.18603515625 494
1764055013754 0.1654052734375 495
1764055020165 0.181396484375 496
1764055026797 0.1865234375 497
1764055033494 0.233642578125 498
1764055040046 0.2099609375 499
1764055046622 0.205078125 500
1764055085500 0.16943359375 501
1764055091967 0.19189453125 502
1764055098371 0.19287109375 503
1764055105014 0.1728515625 504
1764055111538 0.189697265625 505
1764055118115 0.20458984375 506
1764055124657 0.17041015625 507
1764055131056 0.1953125 508
1764055137511 0.168212890625 509
1764055144152 0.19873046875 510
1764055150753 0.201904296875 511
1764055157317 0.183349609375 512
1764055163992 0.20751953125 513
1764055170519 0.192626953125 514
1764055176985 0.19189453125 515
1764055183683 0.172607421875 516
1764055190152 0.183837890625 517
1764055196764 0.203369140625 518
1764055203283 0.179931640625 519
1764055209870 0.213134765625 520
1764055216195 0.183349609375 521
1764055222635 0.19970703125 522
1764055229336 0.2001953125 523
1764055235918 0.193603515625 524
1764055242544 0.189453125 525
1764055249120 0.1630859375 526
1764055255756 0.2060546875 527
1764055262242 0.177734375 528
1764055268780 0.184814453125 529
1764055275230 0.164306640625 530
1764055281634 0.158203125 531
1764055288127 0.19970703125 532
1764055294611 0.203125 533
1764055301353 0.178466796875 534
1764055308031 0.18603515625 535
1764055314430 0.185791015625 536
1764055320951 0.170166015625 537
1764055327553 0.20556640625 538
1764055334192 0.189453125 539
1764055340838 0.210205078125 540
1764055347263 0.178955078125 541
1764055353962 0.21044921875 542
1764055360544 0.169921875 543
1764055367016 0.18212890625 544
1764055373515 0.18896484375 545
1764055380152 0.18115234375 546
1764055386582 0.175048828125 547
1764055393080 0.201416015625 548
1764055399564 0.194580078125 549
1764055406190 0.222412109375 550
1764055412650 0.164306640625 551
1764055419071 0.179931640625 552
1764055425703 0.1884765625 553
1764055432207 0.201416015625 554
1764055438860 0.17138671875 555
1764055445328 0.212158203125 556
1764055451716 0.21142578125 557
1764055458251 0.1806640625 558
1764055464775 0.187255859375 559
1764055471378 0.16650390625 560
1764055477983 0.2021484375 561
1764055484363 0.188720703125 562
1764055490881 0.22998046875 563
1764055497498 0.21728515625 564
1764055504169 0.160888671875 565
1764055510721 0.19482421875 566
1764055517169 0.206787109375 567
1764055523801 0.175537109375 568
1764055530605 0.199462890625 569
1764055537157 0.210693359375 570
1764055543621 0.181884765625 571
1764055550060 0.1778564453125 572
1764055556584 0.2099609375 573
1764055563251 0.201416015625 574
1764055569664 0.15087890625 575
