1764062657764 99.0 1
1764062666743 99.0 2
1764062675581 99.0 3
1764062684357 99.0 4
1764062693256 99.0 5
1764062702253 99.0 6
1764062711122 99.0 7
1764062720037 99.0 8
1764062728838 99.0 9
1764062737689 99.0 10
1764062746612 99.0 11
1764062755476 99.0 12
1764062764349 99.0 13
1764062773304 99.0 14
1764062782196 99.0 15
1764062791182 99.0 16
1764062800116 99.0 17
1764062809015 99.0 18
1764062818053 99.0 19
1764062827145 99.0 20
1764062835860 99.0 21
1764062844759 99.0 22
1764062853786 99.0 23
1764062862734 99.0 24
1764062871568 99.0 25
1764062880529 99.0 26
1764062889649 99.0 27
1764062898604 99.0 28
1764062907580 97.0 29
1764062916687 99.0 30
1764062925718 99.0 31
1764062934535 99.0 32
1764062943279 99.0 33
1764062952155 99.0 34
1764062961198 99.0 35
1764062970286 99.0 36
1764062979286 99.0 37
1764062988434 99.0 38
1764062997207 99.0 39
1764063006063 99.0 40
1764063014762 99.0 41
1764063023725 99.0 42
1764063032696 99.0 43
1764063041786 99.0 44
1764063050684 99.0 45
1764063059690 99.0 46
1764063068581 99.0 47
1764063077458 99.0 48
1764063086434 99.0 49
1764063095417 99.0 50
1764063104355 99.0 51
1764063113364 99.0 52
1764063122419 99.0 53
1764063131331 99.0 54
1764063140417 99.0 55
1764063149442 99.0 56
1764063158547 99.0 57
1764063167369 99.0 58
1764063176251 99.0 59
1764063185153 99.0 60
1764063194069 99.0 61
1764063202982 99.0 62
1764063211681 99.0 63
1764063220680 99.0 64
1764063229464 99.0 65
1764063238367 99.0 66
1764063247273 99.0 67
1764063256009 99.0 68
1764063264927 99.0 69
1764063273919 99.0 70
1764063282763 99.0 71
1764063291605 99.0 72
1764063300575 99.0 73
1764063309398 99.0 74
1764063318499 99.0 75
1764063327427 99.0 76
1764063336199 99.0 77
1764063345063 99.0 78
1764063353831 99.0 79
1764063362990 99.0 80
1764063372071 99.0 81
1764063380928 99.0 82
1764063389653 99.0 83
1764063398527 99.0 84
1764063407486 99.0 85
1764063416305 99.0 86
1764063425388 99.0 87
1764063434383 99.0 88
1764063443437 99.0 89
1764063452243 99.0 90
1764063461060 99.0 91
1764063470026 99.0 92
1764063479132 99.0 93
1764063488137 99.0 94
1764063497198 99.0 95
1764063506052 99.0 96
1764063515000 99.0 97
1764063523885 99.0 98
1764063532894 99.0 99
1764063541779 99.0 100
1764063550665 99.0 101
1764063559622 99.0 102
1764063568717 99.0 103
1764063577773 99.0 104
1764063586864 99.0 105
1764063595995 99.0 106
1764063604962 99.0 107
1764063613976 99.0 108
1764063622890 99.0 109
1764063631808 99.0 110
1764063640890 99.0 111
1764063649677 99.0 112
1764063658723 99.0 113
1764063667897 99.0 114
1764063676887 99.0 115
1764063685813 99.0 116
1764063694866 99.0 117
1764063703804 99.0 118
1764063712661 99.0 119
1764063721726 99.0 120
1764063730504 99.0 121
1764063739535 99.0 122
1764063748489 99.0 123
1764063757465 99.0 124
1764063766393 99.0 125
1764063775339 99.0 126
1764063784232 99.0 127
1764063793216 99.0 128
1764063802076 99.0 129
1764063811137 99.0 130
1764063819926 99.0 131
1764063829094 99.0 132
1764063837996 99.0 133
1764063846941 99.0 134
1764063855911 99.0 135
1764063864748 99.0 136
1764063873887 99.0 137
1764063882886 99.0 138
1764063891832 99.0 139
1764063900827 99.0 140
1764063909652 99.0 141
1764063918699 99.0 142
1764063927766 99.0 143
1764063936978 99.0 144
1764063945961 99.0 145
1764063954752 99.0 146
1764063963861 99.0 147
1764063972802 99.0 148
1764063981851 99.0 149
1764063990841 99.0 150
1764063999718 99.0 151
1764064008625 99.0 152
1764064017460 99.0 153
1764064026268 99.0 154
1764064035045 99.0 155
1764064044005 99.0 156
1764064052705 99.0 157
1764064061533 99.0 158
1764064070516 99.0 159
1764064079405 99.0 160
1764064088342 99.0 161
1764064097255 99.0 162
1764064106257 99.0 163
1764064115249 99.0 164
1764064124191 99.0 165
1764064133044 99.0 166
1764064141989 99.0 167
1764064150960 99.0 168
1764064159958 99.0 169
1764064169010 99.0 170
1764064177986 99.0 171
1764064186887 99.0 172
1764064195825 99.0 173
1764064204475 99.0 174
1764064213351 99.0 175
1764064222144 99.0 176
1764064231106 99.0 177
1764064239916 99.0 178
1764064249001 99.0 179
1764064257821 99.0 180
1764064266678 99.0 181
1764064275459 99.0 182
1764064284312 99.0 183
1764064293174 99.0 184
1764064302113 99.0 185
1764064311045 99.0 186
1764064319929 99.0 187
1764064329099 99.0 188
1764064338045 99.0 189
1764064346941 99.0 190
1764064355773 99.0 191
1764064364755 99.0 192
1764064373694 99.0 193
1764064382709 99.0 194
1764064391684 99.0 195
1764064400547 99.0 196
1764064409563 99.0 197
1764064418500 99.0 198
1764064427518 99.0 199
1764064436368 99.0 200
1764064445325 99.0 201
1764064454300 99.0 202
1764064463373 99.0 203
1764064472249 99.0 204
1764064481166 99.0 205
1764064490080 99.0 206
1764064498930 99.0 207
1764064507832 99.0 208
1764064516784 99.0 209
1764064525965 99.0 210
1764064534850 99.0 211
1764064543764 99.0 212
1764064552777 99.0 213
1764064561681 99.0 214
1764064570699 99.0 215
1764064579701 99.0 216
1764064588662 99.0 217
1764064597572 99.0 218
1764064606312 99.0 219
1764064615152 99.0 220
1764064624006 99.0 221
1764064632964 95.0 222
1764064641987 99.0 223
1764064650901 99.0 224
1764064659850 99.0 225
1764064668738 99.0 226
1764064677692 99.0 227
1764064686585 99.0 228
1764064695463 99.0 229
1764064704396 99.0 230
1764064713266 99.0 231
1764064722289 99.0 232
1764064731407 99.0 233
1764064740423 99.0 234
1764064749449 99.0 235
1764064758377 99.0 236
1764064767245 99.0 237
1764064776267 99.0 238
1764064785089 99.0 239
1764064793982 99.0 240
1764064803140 99.0 241
1764064812131 99.0 242
1764064820928 99.0 243
1764064829746 99.0 244
1764064838689 99.0 245
1764064847578 99.0 246
1764064856665 99.0 247
1764064865484 99.0 248
1764064874342 99.0 249
1764064883249 99.0 250
1764064892231 99.0 251
1764064901047 99.0 252
1764064909903 99.0 253
1764064918690 99.0 254
1764064927805 99.0 255
1764064936643 99.0 256
1764064945447 99.0 257
1764064954352 99.0 258
1764064963224 99.0 259
