1764861635542 1.0 5
1764861658152 1.0 10
1764861680572 1.0 15
1764861703105 1.0 20
1764861725665 1.0 25
1764861748074 1.0 30
1764861770700 1.0 35
1764861793102 1.0 40
1764861815484 1.0 45
1764861837965 1.0 50
1764861860496 1.0 55
1764861882896 1.0 60
1764861905494 1.0 65
1764861927928 1.0 70
1764861950350 1.0 75
1764861973057 1.0 80
1764861995480 1.0 85
1764862017888 1.0 90
1764862040521 1.0 95
1764862062899 1.0 100
1764862085295 1.0 105
1764862108033 1.0 110
1764862130434 1.0 115
1764862152861 1.0 120
1764862175518 1.0 125
1764862197925 1.0 130
1764862220345 1.0 135
1764862243163 1.0 140
