1764861635542 0.31640625 5
1764861658152 0.29296875 10
1764861680572 0.302734375 15
1764861703105 0.25390625 20
1764861725665 0.26953125 25
1764861748074 0.283203125 30
1764861770700 0.203125 35
1764861793102 0.16015625 40
1764861815484 0.12451171875 45
1764861837965 0.12890625 50
1764861860496 0.11669921875 55
1764861882896 0.11181640625 60
1764861905494 0.10791015625 65
1764861927928 0.10205078125 70
1764861950350 0.125 75
1764861973057 0.1044921875 80
1764861995480 0.11572265625 85
1764862017888 0.123046875 90
1764862040521 0.126953125 95
1764862062899 0.140625 100
1764862085295 0.1416015625 105
1764862108033 0.1279296875 110
1764862130434 0.154296875 115
1764862152861 0.1591796875 120
1764862175518 0.16015625 125
1764862197925 0.1484375 130
1764862220345 0.146484375 135
1764862243163 0.15625 140
