1764837039812 12.412418365478516 5
1764837074976 12.412418365478516 10
1764837109971 12.412418365478516 15
1764837145039 12.412418365478516 20
1764837180280 12.412418365478516 25
1764837215234 12.412418365478516 30
1764837250366 12.412418365478516 35
1764837285501 12.412418365478516 40
1764837320590 12.412418365478516 45
1764837355714 12.412418365478516 50
1764837390885 12.412418365478516 55
1764837425814 12.412418365478516 60
1764837460955 12.412418365478516 65
1764837496271 12.412418365478516 70
1764837531254 12.412418365478516 75
1764837566641 12.412418365478516 80
1764837601756 12.412418365478516 85
1764837636811 12.412418365478516 90
1764837672104 12.412418365478516 95
1764837707200 12.412418365478516 100
1764837742278 12.412418365478516 105
1764837777647 12.412418365478516 110
1764837812920 12.412418365478516 115
1764837847988 12.412418365478516 120
1764837883327 12.412418365478516 125
1764837918585 12.412418365478516 130
1764837953641 12.412418365478516 135
1764837989147 12.412418365478516 140
1764838024316 12.412418365478516 145
1764838059344 12.412418365478516 150
1764838094741 12.412418365478516 155
1764838129913 12.412418365478516 160
1764838165025 12.412418365478516 165
1764838200325 12.412418365478516 170
1764838235602 12.412418365478516 175
1764838270691 12.412418365478516 180
1764838305864 12.412418365478516 185
1764838340834 12.412418365478516 190
1764838376123 12.412418365478516 195
1764838411332 12.412418365478516 200
1764838446306 12.412418365478516 205
1764838481426 12.412418365478516 210
1764838516603 12.412418365478516 215
1764838551533 12.412418365478516 220
1764838586815 12.412418365478516 225
1764838622066 12.412418365478516 230
1764838657030 12.412418365478516 235
1764838692178 12.412418365478516 240
1764838727405 12.412418365478516 245
1764838762326 12.412418365478516 250
1764838797491 12.412418365478516 255
1764838832712 12.412418365478516 260
1764838867725 12.412418365478516 265
1764838903026 12.412418365478516 270
1764838938259 12.412418365478516 275
1764838973284 12.412418365478516 280
1764839008565 12.412418365478516 285
1764839043712 12.412418365478516 290
1764839078804 12.412418365478516 295
1764839114091 12.412418365478516 300
1764839149231 12.412418365478516 305
1764839184269 12.412418365478516 310
1764839219726 12.412418365478516 315
1764839254885 12.412418365478516 320
1764839290032 12.412418365478516 325
1764839325280 12.412418365478516 330
1764839360307 12.412418365478516 335
1764839395527 12.412418365478516 340
1764839430869 12.412418365478516 345
1764839465826 12.412418365478516 350
1764839501174 12.412418365478516 355
1764839536356 12.412418365478516 360
1764839571252 12.412418365478516 365
1764839606537 12.412418365478516 370
1764839641753 12.412418365478516 375
1764839676678 12.412418365478516 380
1764839711914 12.412418365478516 385
1764839747228 12.412418365478516 390
1764839782213 12.412418365478516 395
1764839817506 12.412418365478516 400
1764839852682 12.412418365478516 405
1764839887746 12.412418365478516 410
1764839923076 12.412418365478516 415
1764839958291 12.412418365478516 420
1764839993322 12.412418365478516 425
1764840028685 12.412418365478516 430
1764840063844 12.412418365478516 435
1764840098953 12.412418365478516 440
1764840134317 12.412418365478516 445
1764840169502 12.412418365478516 450
1764840204444 12.412418365478516 455
1764840239613 12.412418365478516 460
1764840274852 12.412418365478516 465
1764840310034 12.412418365478516 470
1764840345166 12.412418365478516 475
1764840380119 12.412418365478516 480
1764840415421 12.412418365478516 485
1764840450610 12.412418365478516 490
1764840485713 12.412418365478516 495
1764840521110 12.412418365478516 500
1764840556165 12.412418365478516 505
1764840591206 12.412418365478516 510
1764840626525 12.412418365478516 515
1764840661694 12.412418365478516 520
1764840713064 12.412418365478516 525
1764840749003 12.412418365478516 530
1764840784693 12.412418365478516 535
1764840819779 12.412418365478516 540
1764840855134 12.412418365478516 545
1764840890537 12.412418365478516 550
1764840925672 12.412418365478516 555
1764840960998 12.412418365478516 560
1764840996027 12.412418365478516 565
1764841031265 12.412418365478516 570
1764841066743 12.412418365478516 575
1764841101819 12.412418365478516 580
1764841137048 12.412418365478516 585
1764841172435 12.412418365478516 590
1764841207416 12.412418365478516 595
1764841242869 12.412418365478516 600
1764841278130 12.412418365478516 605
1764841313228 12.412418365478516 610
1764841348519 12.412418365478516 615
1764841383778 12.412418365478516 620
1764841418856 12.412418365478516 625
1764841454170 12.412418365478516 630
1764841489463 12.412418365478516 635
1764841524667 12.412418365478516 640
1764841560097 12.412418365478516 645
1764841595430 12.412418365478516 650
1764841630525 12.412418365478516 655
1764841665981 12.412418365478516 660
1764841701279 12.412418365478516 665
1764841736404 12.412418365478516 670
1764841771919 12.412418365478516 675
1764841807193 12.412418365478516 680
1764841842266 12.412418365478516 685
1764841877610 12.412418365478516 690
1764841912941 12.412418365478516 695
1764841947998 12.412418365478516 700
1764841983521 12.412418365478516 705
1764842018682 12.412418365478516 710
1764842053859 12.412418365478516 715
1764842089115 12.412418365478516 720
1764842124322 12.412418365478516 725
1764842159440 12.412418365478516 730
1764842194662 12.412418365478516 735
1764842229859 12.412418365478516 740
1764842265260 12.412418365478516 745
1764842300584 12.412418365478516 750
1764842335665 12.412418365478516 755
1764842371069 12.412418365478516 760
1764842406386 12.412418365478516 765
1764842441403 12.412418365478516 770
1764842476800 12.412418365478516 775
1764842512078 12.412418365478516 780
1764842547142 12.412418365478516 785
1764842582537 12.412418365478516 790
1764842617836 12.412418365478516 795
1764842652926 12.412418365478516 800
1764842688258 12.412418365478516 805
1764842723510 12.412418365478516 810
1764842758604 12.412418365478516 815
1764842794107 12.412418365478516 820
1764842829417 12.412418365478516 825
1764842864608 12.412418365478516 830
1764842899916 12.412418365478516 835
1764842935137 12.412418365478516 840
1764842970217 12.412418365478516 845
1764843005474 12.412418365478516 850
1764843040870 12.412418365478516 855
1764843075930 12.412418365478516 860
1764843111389 12.412418365478516 865
1764843146716 12.412418365478516 870
1764843181753 12.412418365478516 875
1764843217046 12.412418365478516 880
1764843252244 12.412418365478516 885
1764843287463 12.412418365478516 890
1764843322828 12.412418365478516 895
1764843357935 12.412418365478516 900
1764843393280 12.412418365478516 905
1764843428519 12.412418365478516 910
1764843463655 12.412418365478516 915
1764843499012 12.412418365478516 920
1764843534368 12.412418365478516 925
1764843569539 12.412418365478516 930
1764843604921 12.412418365478516 935
1764843640156 12.412418365478516 940
1764843675261 12.412418365478516 945
1764843710630 12.412418365478516 950
1764843745909 12.412418365478516 955
1764843781003 12.412418365478516 960
1764843816420 12.412418365478516 965
1764843851641 12.412418365478516 970
1764843886744 12.412418365478516 975
1764843922088 12.412418365478516 980
1764843957255 12.412418365478516 985
1764843992356 12.412418365478516 990
1764844027636 12.412418365478516 995
1764844063154 12.412418365478516 1000
1764844098314 12.412418365478516 1005
1764844133595 12.412418365478516 1010
1764844169159 12.412418365478516 1015
1764844204173 12.412418365478516 1020
1764844239425 12.412418365478516 1025
1764844274769 12.412418365478516 1030
1764844309893 12.412418365478516 1035
1764844345183 12.412418365478516 1040
1764844400113 12.412418365478516 1045
1764844435875 12.412418365478516 1050
1764844471638 12.412418365478516 1055
1764844507114 12.412418365478516 1060
1764844542377 12.412418365478516 1065
1764844577674 12.412418365478516 1070
1764844612856 12.412418365478516 1075
1764844648164 12.412418365478516 1080
1764844683509 12.412418365478516 1085
1764844718681 12.412418365478516 1090
1764844753876 12.412418365478516 1095
1764844789144 12.412418365478516 1100
1764844824379 12.412418365478516 1105
1764844859610 12.412418365478516 1110
1764844894941 12.412418365478516 1115
1764844930170 12.412418365478516 1120
1764844965522 12.412418365478516 1125
1764845000766 12.412418365478516 1130
1764845035873 12.412418365478516 1135
1764845071279 12.412418365478516 1140
1764845106465 12.412418365478516 1145
1764845141538 12.412418365478516 1150
1764845176951 12.412418365478516 1155
1764845212227 12.412418365478516 1160
1764845247369 12.412418365478516 1165
1764845282753 12.412418365478516 1170
1764845318077 12.412418365478516 1175
1764845353145 12.412418365478516 1180
1764845388512 12.412418365478516 1185
1764845423792 12.412418365478516 1190
1764845458878 12.412418365478516 1195
1764845494234 12.412418365478516 1200
1764845529489 12.412418365478516 1205
1764845564675 12.412418365478516 1210
1764845600059 12.412418365478516 1215
1764845635418 12.412418365478516 1220
1764845670619 12.412418365478516 1225
1764845705860 12.412418365478516 1230
1764845741169 12.412418365478516 1235
1764845776341 12.412418365478516 1240
1764845811661 12.412418365478516 1245
1764845846765 12.412418365478516 1250
1764845882234 12.412418365478516 1255
1764845917568 12.412418365478516 1260
1764845952621 12.412418365478516 1265
1764845987960 12.412418365478516 1270
1764846023291 12.412418365478516 1275
1764846058347 12.412418365478516 1280
1764846093775 12.412418365478516 1285
1764846129103 12.412418365478516 1290
1764846164136 12.412418365478516 1295
1764846199468 12.412418365478516 1300
1764846234706 12.412418365478516 1305
1764846269725 12.412418365478516 1310
1764846305165 12.412418365478516 1315
1764846340507 12.412418365478516 1320
1764846375601 12.412418365478516 1325
1764846410900 12.412418365478516 1330
1764846446204 12.412418365478516 1335
1764846481283 12.412418365478516 1340
1764846516763 12.412418365478516 1345
1764846552030 12.412418365478516 1350
1764846587143 12.412418365478516 1355
1764846622652 12.412418365478516 1360
1764846657872 12.412418365478516 1365
1764846693147 12.412418365478516 1370
1764846728643 12.412418365478516 1375
1764846763767 12.412418365478516 1380
1764846798956 12.412418365478516 1385
1764846834359 12.412418365478516 1390
1764846869540 12.412418365478516 1395
1764846904744 12.412418365478516 1400
1764846940108 12.412418365478516 1405
1764846975189 12.412418365478516 1410
1764847010449 12.412418365478516 1415
1764847045660 12.412418365478516 1420
1764847080665 12.412418365478516 1425
1764847116087 12.412418365478516 1430
1764847151528 12.412418365478516 1435
1764847186630 12.412418365478516 1440
1764847222071 12.412418365478516 1445
1764847257331 12.412418365478516 1450
1764847292577 12.412418365478516 1455
1764847327984 12.412418365478516 1460
1764847363403 12.412418365478516 1465
1764847398558 12.412418365478516 1470
1764847433920 12.412418365478516 1475
1764847469259 12.412418365478516 1480
1764847504336 12.412418365478516 1485
1764847539720 12.412418365478516 1490
1764847574929 12.412418365478516 1495
1764847610040 12.412418365478516 1500
1764847645403 12.412418365478516 1505
1764847680698 12.412418365478516 1510
1764847715742 12.412418365478516 1515
1764847751142 12.412418365478516 1520
1764847786452 12.412418365478516 1525
1764847821481 12.412418365478516 1530
1764847856912 12.412418365478516 1535
1764847892043 12.412418365478516 1540
1764847927212 12.412418365478516 1545
1764847962616 12.412418365478516 1550
1764847997876 12.412418365478516 1555
1764848033149 12.412418365478516 1560
1764848084461 12.412418365478516 1565
1764848120335 12.412418365478516 1570
1764848156437 12.412418365478516 1575
1764848192017 12.412418365478516 1580
1764848227185 12.412418365478516 1585
1764848262595 12.412418365478516 1590
1764848297862 12.412418365478516 1595
1764848333031 12.412418365478516 1600
1764848368403 12.412418365478516 1605
1764848403743 12.412418365478516 1610
1764848438858 12.412418365478516 1615
1764848474205 12.412418365478516 1620
1764848509301 12.412418365478516 1625
1764848544507 12.412418365478516 1630
1764848579887 12.412418365478516 1635
1764848615090 12.412418365478516 1640
1764848650222 12.412418365478516 1645
1764848685501 12.412418365478516 1650
1764848720713 12.412418365478516 1655
1764848756091 12.412418365478516 1660
1764848791347 12.412418365478516 1665
1764848826520 12.412418365478516 1670
1764848861795 12.412418365478516 1675
1764848897113 12.412418365478516 1680
1764848932346 12.412418365478516 1685
1764848967613 12.412418365478516 1690
1764849002952 12.412418365478516 1695
1764849038155 12.412418365478516 1700
1764849073413 12.412418365478516 1705
1764849108589 12.412418365478516 1710
1764849143610 12.412418365478516 1715
1764849178996 12.412418365478516 1720
1764849214286 12.412418365478516 1725
1764849249344 12.412418365478516 1730
1764849284845 12.412418365478516 1735
1764849320070 12.412418365478516 1740
1764849355086 12.412418365478516 1745
1764849390440 12.412418365478516 1750
1764849425623 12.412418365478516 1755
1764849460770 12.412418365478516 1760
1764849496230 12.412418365478516 1765
1764849531468 12.412418365478516 1770
1764849566760 12.412418365478516 1775
1764849602145 12.412418365478516 1780
1764849637226 12.412418365478516 1785
1764849672613 12.412418365478516 1790
1764849708072 12.412418365478516 1795
1764849743185 12.412418365478516 1800
1764849778515 12.412418365478516 1805
1764849813816 12.412418365478516 1810
1764849848928 12.412418365478516 1815
1764849884427 12.412418365478516 1820
1764849919671 12.412418365478516 1825
1764849954870 12.412418365478516 1830
1764849990299 12.412418365478516 1835
1764850025518 12.412418365478516 1840
1764850060695 12.412418365478516 1845
1764850096181 12.412418365478516 1850
1764850131301 12.412418365478516 1855
1764850166764 12.412418365478516 1860
1764850202121 12.412418365478516 1865
1764850237391 12.412418365478516 1870
1764850272657 12.412418365478516 1875
1764850308061 12.412418365478516 1880
1764850343296 12.412418365478516 1885
1764850378478 12.412418365478516 1890
1764850413877 12.412418365478516 1895
1764850449008 12.412418365478516 1900
1764850484385 12.412418365478516 1905
1764850519887 12.412418365478516 1910
1764850555037 12.412418365478516 1915
1764850590447 12.412418365478516 1920
1764850625853 12.412418365478516 1925
1764850660945 12.412418365478516 1930
1764850696242 12.412418365478516 1935
1764850731481 12.412418365478516 1940
1764850766830 12.412418365478516 1945
1764850802165 12.412418365478516 1950
1764850837416 12.412418365478516 1955
1764850872652 12.412418365478516 1960
1764850907880 12.412418365478516 1965
1764850943022 12.412418365478516 1970
1764850978489 12.412418365478516 1975
1764851013802 12.412418365478516 1980
1764851049072 12.412418365478516 1985
1764851084392 12.412418365478516 1990
1764851119703 12.412418365478516 1995
1764851154931 12.412418365478516 2000
1764851190080 12.412418365478516 2005
1764851225457 12.412418365478516 2010
1764851260692 12.412418365478516 2015
1764851295855 12.412418365478516 2020
1764851331138 12.412418365478516 2025
1764851366260 12.412418365478516 2030
1764851401470 12.412418365478516 2035
1764851436894 12.412418365478516 2040
1764851471988 12.412418365478516 2045
1764851507275 12.412418365478516 2050
1764851542670 12.412418365478516 2055
1764851577837 12.412418365478516 2060
1764851613107 12.412418365478516 2065
1764851648432 12.412418365478516 2070
1764851683690 12.412418365478516 2075
1764851719009 12.412418365478516 2080
1764851773730 12.412418365478516 2085
1764851809619 12.412418365478516 2090
1764851845474 12.412418365478516 2095
1764851881247 12.412418365478516 2100
1764851916498 12.412418365478516 2105
1764851951860 12.412418365478516 2110
1764851987122 12.412418365478516 2115
1764852022163 12.412418365478516 2120
1764852057584 12.412418365478516 2125
1764852092828 12.412418365478516 2130
1764852128091 12.412418365478516 2135
1764852163460 12.412418365478516 2140
1764852198546 12.412418365478516 2145
1764852233753 12.412418365478516 2150
1764852269094 12.412418365478516 2155
1764852304203 12.412418365478516 2160
1764852339550 12.412418365478516 2165
1764852374876 12.412418365478516 2170
1764852410122 12.412418365478516 2175
1764852445341 12.412418365478516 2180
1764852480608 12.412418365478516 2185
1764852515850 12.412418365478516 2190
1764852551049 12.412418365478516 2195
1764852586284 12.412418365478516 2200
1764852621512 12.412418365478516 2205
1764852656759 12.412418365478516 2210
1764852691988 12.412418365478516 2215
1764852727162 12.412418365478516 2220
1764852762420 12.412418365478516 2225
1764852797710 12.412418365478516 2230
1764852833026 12.412418365478516 2235
1764852868288 12.412418365478516 2240
1764852903580 12.412418365478516 2245
1764852938786 12.412418365478516 2250
1764852974032 12.412418365478516 2255
1764853009344 12.412418365478516 2260
1764853044426 12.412418365478516 2265
1764853079767 12.412418365478516 2270
1764853115082 12.412418365478516 2275
1764853150295 12.412418365478516 2280
1764853185496 12.412418365478516 2285
1764853220706 12.412418365478516 2290
1764853256123 12.412418365478516 2295
1764853291321 12.412418365478516 2300
1764853326686 12.412418365478516 2305
1764853361905 12.412418365478516 2310
1764853397231 12.412418365478516 2315
1764853432468 12.412418365478516 2320
1764853467741 12.412418365478516 2325
1764853503086 12.412418365478516 2330
1764853538308 12.412418365478516 2335
1764853573577 12.412418365478516 2340
1764853608869 12.412418365478516 2345
1764853644080 12.412418365478516 2350
1764853679450 12.412418365478516 2355
1764853714738 12.412418365478516 2360
1764853749974 12.412418365478516 2365
1764853785293 12.412418365478516 2370
1764853820641 12.412418365478516 2375
1764853855742 12.412418365478516 2380
1764853891091 12.412418365478516 2385
1764853926536 12.412418365478516 2390
1764853961642 12.412418365478516 2395
1764853996979 12.412418365478516 2400
1764854032360 12.412418365478516 2405
1764854067474 12.412418365478516 2410
1764854102730 12.412418365478516 2415
1764854138105 12.412418365478516 2420
1764854173255 12.412418365478516 2425
1764854208549 12.412418365478516 2430
1764854243911 12.412418365478516 2435
1764854279199 12.412418365478516 2440
1764854314595 12.412418365478516 2445
1764854349912 12.412418365478516 2450
1764854385094 12.412418365478516 2455
1764854420459 12.412418365478516 2460
1764854455728 12.412418365478516 2465
1764854490949 12.412418365478516 2470
1764854526217 12.412418365478516 2475
1764854561434 12.412418365478516 2480
1764854596743 12.412418365478516 2485
1764854632026 12.412418365478516 2490
1764854667123 12.412418365478516 2495
1764854702409 12.412418365478516 2500
1764854737820 12.412418365478516 2505
1764854772987 12.412418365478516 2510
1764854808378 12.412418365478516 2515
1764854843785 12.412418365478516 2520
1764854878886 12.412418365478516 2525
1764854914215 12.412418365478516 2530
1764854949634 12.412418365478516 2535
1764854984779 12.412418365478516 2540
1764855020034 12.412418365478516 2545
1764855055448 12.412418365478516 2550
1764855090546 12.412418365478516 2555
1764855125819 12.412418365478516 2560
1764855161077 12.412418365478516 2565
1764855196333 12.412418365478516 2570
1764855231638 12.412418365478516 2575
1764855266961 12.412418365478516 2580
1764855302236 12.412418365478516 2585
1764855337578 12.412418365478516 2590
1764855372865 12.412418365478516 2595
1764855408037 12.412418365478516 2600
1764855443355 12.412418365478516 2605
