1764837039812 100.0 5
1764837074976 100.0 10
1764837109971 100.0 15
1764837145039 100.0 20
1764837180280 100.0 25
1764837215234 100.0 30
1764837250366 100.0 35
1764837285501 100.0 40
1764837320590 100.0 45
1764837355714 100.0 50
1764837390885 100.0 55
1764837425814 100.0 60
1764837460955 100.0 65
1764837496271 100.0 70
1764837531254 100.0 75
1764837566641 100.0 80
1764837601756 100.0 85
1764837636811 100.0 90
1764837672104 100.0 95
1764837707200 100.0 100
1764837742278 100.0 105
1764837777647 100.0 110
1764837812920 100.0 115
1764837847988 100.0 120
1764837883327 100.0 125
1764837918585 100.0 130
1764837953641 100.0 135
1764837989147 100.0 140
1764838024316 100.0 145
1764838059344 100.0 150
1764838094741 100.0 155
1764838129913 100.0 160
1764838165025 100.0 165
1764838200325 100.0 170
1764838235602 100.0 175
1764838270691 100.0 180
1764838305864 100.0 185
1764838340834 100.0 190
1764838376123 100.0 195
1764838411332 100.0 200
1764838446306 100.0 205
1764838481426 100.0 210
1764838516603 100.0 215
1764838551533 100.0 220
1764838586815 100.0 225
1764838622066 100.0 230
1764838657030 100.0 235
1764838692178 100.0 240
1764838727405 100.0 245
1764838762326 100.0 250
1764838797491 100.0 255
1764838832712 100.0 260
1764838867725 100.0 265
1764838903026 100.0 270
1764838938259 100.0 275
1764838973284 100.0 280
1764839008565 100.0 285
1764839043712 100.0 290
1764839078804 100.0 295
1764839114091 100.0 300
1764839149231 100.0 305
1764839184269 100.0 310
1764839219726 100.0 315
1764839254885 100.0 320
1764839290032 100.0 325
1764839325280 100.0 330
1764839360307 100.0 335
1764839395527 100.0 340
1764839430869 100.0 345
1764839465826 100.0 350
1764839501174 100.0 355
1764839536356 100.0 360
1764839571252 100.0 365
1764839606537 100.0 370
1764839641753 100.0 375
1764839676678 100.0 380
1764839711914 100.0 385
1764839747228 100.0 390
1764839782213 100.0 395
1764839817506 100.0 400
1764839852682 100.0 405
1764839887746 100.0 410
1764839923076 100.0 415
1764839958291 100.0 420
1764839993322 100.0 425
1764840028685 100.0 430
1764840063844 100.0 435
1764840098953 100.0 440
1764840134317 100.0 445
1764840169502 100.0 450
1764840204444 100.0 455
1764840239613 100.0 460
1764840274852 100.0 465
1764840310034 100.0 470
1764840345166 100.0 475
1764840380119 100.0 480
1764840415421 100.0 485
1764840450610 100.0 490
1764840485713 100.0 495
1764840521110 100.0 500
1764840556165 100.0 505
1764840591206 100.0 510
1764840626525 100.0 515
1764840661694 100.0 520
1764840713064 100.0 525
1764840749003 100.0 530
1764840784693 100.0 535
1764840819779 100.0 540
1764840855134 100.0 545
1764840890537 100.0 550
1764840925672 100.0 555
1764840960998 100.0 560
1764840996027 100.0 565
1764841031265 100.0 570
1764841066743 100.0 575
1764841101819 100.0 580
1764841137048 100.0 585
1764841172435 100.0 590
1764841207416 96.0 595
1764841242869 100.0 600
1764841278130 100.0 605
1764841313228 100.0 610
1764841348519 100.0 615
1764841383778 99.0 620
1764841418856 100.0 625
1764841454170 100.0 630
1764841489463 100.0 635
1764841524667 100.0 640
1764841560097 100.0 645
1764841595430 100.0 650
1764841630525 100.0 655
1764841665981 100.0 660
1764841701279 100.0 665
1764841736404 100.0 670
1764841771919 100.0 675
1764841807193 100.0 680
1764841842266 100.0 685
1764841877610 100.0 690
1764841912941 100.0 695
1764841947998 100.0 700
1764841983521 100.0 705
1764842018682 100.0 710
1764842053859 100.0 715
1764842089115 100.0 720
1764842124322 100.0 725
1764842159440 100.0 730
1764842194662 100.0 735
1764842229859 100.0 740
1764842265260 100.0 745
1764842300584 100.0 750
1764842335665 100.0 755
1764842371069 100.0 760
1764842406386 100.0 765
1764842441403 100.0 770
1764842476800 100.0 775
1764842512078 100.0 780
1764842547142 100.0 785
1764842582537 100.0 790
1764842617836 100.0 795
1764842652926 100.0 800
1764842688258 100.0 805
1764842723510 100.0 810
1764842758604 100.0 815
1764842794107 100.0 820
1764842829417 100.0 825
1764842864608 100.0 830
1764842899916 100.0 835
1764842935137 100.0 840
1764842970217 100.0 845
1764843005474 100.0 850
1764843040870 100.0 855
1764843075930 100.0 860
1764843111389 100.0 865
1764843146716 100.0 870
1764843181753 100.0 875
1764843217046 100.0 880
1764843252244 100.0 885
1764843287463 100.0 890
1764843322828 100.0 895
1764843357935 100.0 900
1764843393280 100.0 905
1764843428519 100.0 910
1764843463655 100.0 915
1764843499012 100.0 920
1764843534368 100.0 925
1764843569539 100.0 930
1764843604921 100.0 935
1764843640156 100.0 940
1764843675261 100.0 945
1764843710630 100.0 950
1764843745909 100.0 955
1764843781003 100.0 960
1764843816420 100.0 965
1764843851641 100.0 970
1764843886744 100.0 975
1764843922088 100.0 980
1764843957255 100.0 985
1764843992356 100.0 990
1764844027636 100.0 995
1764844063154 100.0 1000
1764844098314 100.0 1005
1764844133595 100.0 1010
1764844169159 100.0 1015
1764844204173 100.0 1020
1764844239425 100.0 1025
1764844274769 100.0 1030
1764844309893 100.0 1035
1764844345183 100.0 1040
1764844400113 100.0 1045
1764844435875 100.0 1050
1764844471638 100.0 1055
1764844507114 100.0 1060
1764844542377 100.0 1065
1764844577674 100.0 1070
1764844612856 100.0 1075
1764844648164 100.0 1080
1764844683509 100.0 1085
1764844718681 100.0 1090
1764844753876 100.0 1095
1764844789144 100.0 1100
1764844824379 100.0 1105
1764844859610 100.0 1110
1764844894941 100.0 1115
1764844930170 100.0 1120
1764844965522 100.0 1125
1764845000766 100.0 1130
1764845035873 100.0 1135
1764845071279 100.0 1140
1764845106465 100.0 1145
1764845141538 100.0 1150
1764845176951 100.0 1155
1764845212227 100.0 1160
1764845247369 100.0 1165
1764845282753 100.0 1170
1764845318077 100.0 1175
1764845353145 100.0 1180
1764845388512 100.0 1185
1764845423792 100.0 1190
1764845458878 100.0 1195
1764845494234 100.0 1200
1764845529489 100.0 1205
1764845564675 100.0 1210
1764845600059 100.0 1215
1764845635418 100.0 1220
1764845670619 100.0 1225
1764845705860 100.0 1230
1764845741169 100.0 1235
1764845776341 100.0 1240
1764845811661 100.0 1245
1764845846765 100.0 1250
1764845882234 100.0 1255
1764845917568 100.0 1260
1764845952621 100.0 1265
1764845987960 100.0 1270
1764846023291 100.0 1275
1764846058347 100.0 1280
1764846093775 100.0 1285
1764846129103 100.0 1290
1764846164136 100.0 1295
1764846199468 100.0 1300
1764846234706 100.0 1305
1764846269725 100.0 1310
1764846305165 100.0 1315
1764846340507 100.0 1320
1764846375601 100.0 1325
1764846410900 100.0 1330
1764846446204 100.0 1335
1764846481283 100.0 1340
1764846516763 100.0 1345
1764846552030 100.0 1350
1764846587143 100.0 1355
1764846622652 100.0 1360
1764846657872 100.0 1365
1764846693147 100.0 1370
1764846728643 100.0 1375
1764846763767 100.0 1380
1764846798956 100.0 1385
1764846834359 100.0 1390
1764846869540 100.0 1395
1764846904744 100.0 1400
1764846940108 100.0 1405
1764846975189 100.0 1410
1764847010449 100.0 1415
1764847045660 100.0 1420
1764847080665 100.0 1425
1764847116087 100.0 1430
1764847151528 100.0 1435
1764847186630 100.0 1440
1764847222071 100.0 1445
1764847257331 100.0 1450
1764847292577 100.0 1455
1764847327984 100.0 1460
1764847363403 100.0 1465
1764847398558 100.0 1470
1764847433920 100.0 1475
1764847469259 100.0 1480
1764847504336 100.0 1485
1764847539720 100.0 1490
1764847574929 100.0 1495
1764847610040 100.0 1500
1764847645403 100.0 1505
1764847680698 100.0 1510
1764847715742 100.0 1515
1764847751142 100.0 1520
1764847786452 100.0 1525
1764847821481 100.0 1530
1764847856912 100.0 1535
1764847892043 100.0 1540
1764847927212 100.0 1545
1764847962616 100.0 1550
1764847997876 100.0 1555
1764848033149 100.0 1560
1764848084461 100.0 1565
1764848120335 100.0 1570
1764848156437 100.0 1575
1764848192017 100.0 1580
1764848227185 100.0 1585
1764848262595 100.0 1590
1764848297862 100.0 1595
1764848333031 100.0 1600
1764848368403 100.0 1605
1764848403743 100.0 1610
1764848438858 100.0 1615
1764848474205 100.0 1620
1764848509301 100.0 1625
1764848544507 100.0 1630
1764848579887 100.0 1635
1764848615090 100.0 1640
1764848650222 100.0 1645
1764848685501 100.0 1650
1764848720713 100.0 1655
1764848756091 100.0 1660
1764848791347 100.0 1665
1764848826520 100.0 1670
1764848861795 100.0 1675
1764848897113 100.0 1680
1764848932346 100.0 1685
1764848967613 100.0 1690
1764849002952 100.0 1695
1764849038155 100.0 1700
1764849073413 100.0 1705
1764849108589 100.0 1710
1764849143610 100.0 1715
1764849178996 100.0 1720
1764849214286 100.0 1725
1764849249344 100.0 1730
1764849284845 100.0 1735
1764849320070 100.0 1740
1764849355086 100.0 1745
1764849390440 100.0 1750
1764849425623 100.0 1755
1764849460770 100.0 1760
1764849496230 100.0 1765
1764849531468 100.0 1770
1764849566760 100.0 1775
1764849602145 100.0 1780
1764849637226 100.0 1785
1764849672613 100.0 1790
1764849708072 100.0 1795
1764849743185 100.0 1800
1764849778515 100.0 1805
1764849813816 100.0 1810
1764849848928 100.0 1815
1764849884427 100.0 1820
1764849919671 100.0 1825
1764849954870 100.0 1830
1764849990299 100.0 1835
1764850025518 100.0 1840
1764850060695 100.0 1845
1764850096181 100.0 1850
1764850131301 100.0 1855
1764850166764 100.0 1860
1764850202121 100.0 1865
1764850237391 100.0 1870
1764850272657 100.0 1875
1764850308061 100.0 1880
1764850343296 100.0 1885
1764850378478 100.0 1890
1764850413877 100.0 1895
1764850449008 100.0 1900
1764850484385 100.0 1905
1764850519887 100.0 1910
1764850555037 100.0 1915
1764850590447 100.0 1920
1764850625853 100.0 1925
1764850660945 100.0 1930
1764850696242 100.0 1935
1764850731481 100.0 1940
1764850766830 100.0 1945
1764850802165 100.0 1950
1764850837416 100.0 1955
1764850872652 100.0 1960
1764850907880 100.0 1965
1764850943022 100.0 1970
1764850978489 100.0 1975
1764851013802 100.0 1980
1764851049072 100.0 1985
1764851084392 100.0 1990
1764851119703 100.0 1995
1764851154931 100.0 2000
1764851190080 100.0 2005
1764851225457 100.0 2010
1764851260692 100.0 2015
1764851295855 100.0 2020
1764851331138 100.0 2025
1764851366260 100.0 2030
1764851401470 100.0 2035
1764851436894 100.0 2040
1764851471988 100.0 2045
1764851507275 100.0 2050
1764851542670 100.0 2055
1764851577837 100.0 2060
1764851613107 100.0 2065
1764851648432 100.0 2070
1764851683690 100.0 2075
1764851719009 100.0 2080
1764851773730 100.0 2085
1764851809619 100.0 2090
1764851845474 100.0 2095
1764851881247 100.0 2100
1764851916498 100.0 2105
1764851951860 100.0 2110
1764851987122 100.0 2115
1764852022163 100.0 2120
1764852057584 100.0 2125
1764852092828 100.0 2130
1764852128091 100.0 2135
1764852163460 100.0 2140
1764852198546 100.0 2145
1764852233753 100.0 2150
1764852269094 100.0 2155
1764852304203 100.0 2160
1764852339550 100.0 2165
1764852374876 100.0 2170
1764852410122 100.0 2175
1764852445341 100.0 2180
1764852480608 100.0 2185
1764852515850 100.0 2190
1764852551049 100.0 2195
1764852586284 100.0 2200
1764852621512 100.0 2205
1764852656759 100.0 2210
1764852691988 100.0 2215
1764852727162 100.0 2220
1764852762420 100.0 2225
1764852797710 100.0 2230
1764852833026 100.0 2235
1764852868288 100.0 2240
1764852903580 100.0 2245
1764852938786 100.0 2250
1764852974032 100.0 2255
1764853009344 100.0 2260
1764853044426 100.0 2265
1764853079767 100.0 2270
1764853115082 100.0 2275
1764853150295 100.0 2280
1764853185496 100.0 2285
1764853220706 100.0 2290
1764853256123 100.0 2295
1764853291321 100.0 2300
1764853326686 100.0 2305
1764853361905 100.0 2310
1764853397231 100.0 2315
1764853432468 100.0 2320
1764853467741 100.0 2325
1764853503086 100.0 2330
1764853538308 100.0 2335
1764853573577 100.0 2340
1764853608869 100.0 2345
1764853644080 100.0 2350
1764853679450 100.0 2355
1764853714738 100.0 2360
1764853749974 100.0 2365
1764853785293 100.0 2370
1764853820641 100.0 2375
1764853855742 100.0 2380
1764853891091 100.0 2385
1764853926536 100.0 2390
1764853961642 100.0 2395
1764853996979 100.0 2400
1764854032360 100.0 2405
1764854067474 100.0 2410
1764854102730 100.0 2415
1764854138105 100.0 2420
1764854173255 100.0 2425
1764854208549 100.0 2430
1764854243911 100.0 2435
1764854279199 100.0 2440
1764854314595 100.0 2445
1764854349912 100.0 2450
1764854385094 100.0 2455
1764854420459 100.0 2460
1764854455728 100.0 2465
1764854490949 100.0 2470
1764854526217 100.0 2475
1764854561434 100.0 2480
1764854596743 100.0 2485
1764854632026 100.0 2490
1764854667123 100.0 2495
1764854702409 100.0 2500
1764854737820 100.0 2505
1764854772987 100.0 2510
1764854808378 100.0 2515
1764854843785 100.0 2520
1764854878886 100.0 2525
1764854914215 100.0 2530
1764854949634 100.0 2535
1764854984779 100.0 2540
1764855020034 100.0 2545
1764855055448 100.0 2550
1764855090546 100.0 2555
1764855125819 100.0 2560
1764855161077 100.0 2565
1764855196333 100.0 2570
1764855231638 100.0 2575
1764855266961 100.0 2580
1764855302236 100.0 2585
1764855337578 100.0 2590
1764855372865 100.0 2595
1764855408037 100.0 2600
1764855443355 100.0 2605
