1764069765579 0.6840286999940872 1
1764069773928 0.684288963675499 2
1764069782318 0.6853223443031311 3
1764069790713 0.6846461445093155 4
1764069799141 0.6863260567188263 5
1764069807557 0.6868874728679657 6
1764069816020 0.6860959082841873 7
1764069824475 0.6834169626235962 8
1764069832904 0.6892747581005096 9
1764069841375 0.6859275549650192 10
1764069849849 0.6865825951099396 11
1764069858253 0.6827131658792496 12
1764069866692 0.6819275468587875 13
1764069875136 0.6857597976922989 14
1764069883583 0.6854473203420639 15
1764069892027 0.6851870715618134 16
1764069900487 0.6869348138570786 17
1764069908926 0.6846884191036224 18
1764069917327 0.6856096684932709 19
1764069925752 0.6858594119548798 20
1764069934143 0.6849519461393356 21
1764069942545 0.6861594617366791 22
1764069950973 0.6836644560098648 23
1764069959392 0.6815444380044937 24
1764069967800 0.6850046515464783 25
1764069976399 0.6868571043014526 26
1764069984762 0.6851545125246048 27
1764069993141 0.6816356927156448 28
1764070001489 0.6858948022127151 29
1764070009903 0.6880910992622375 30
1764070018282 0.6844081580638885 31
1764070026683 0.6872475743293762 32
1764070035066 0.6854808479547501 33
1764070043429 0.687436118721962 34
1764070051841 0.6872304826974869 35
1764070060240 0.6874933838844299 36
1764070068634 0.68344746530056 37
1764070077014 0.6868164092302322 38
1764070085404 0.6857853829860687 39
1764070093793 0.6831920742988586 40
1764070102160 0.684899628162384 41
1764070110565 0.6859331429004669 42
1764070118931 0.683950811624527 43
1764070127339 0.6869577914476395 44
1764070135717 0.6855416595935822 45
1764070144155 0.6886956840753555 46
1764070152544 0.6845756471157074 47
1764070160910 0.6876341104507446 48
1764070169302 0.6845840513706207 49
1764070177665 0.6815569847822189 50
1764070186039 0.6881082952022552 51
1764070194424 0.6859514564275742 52
1764070202832 0.684964045882225 53
1764070211184 0.6855274736881256 54
1764070219587 0.681277334690094 55
1764070228010 0.686667412519455 56
1764070236387 0.6834286600351334 57
1764070244793 0.6834697276353836 58
1764070253189 0.6857248842716217 59
1764070261571 0.687177911400795 60
1764070269961 0.6840500682592392 61
1764070278328 0.6861302703619003 62
1764070286727 0.6852435767650604 63
1764070295147 0.6877383440732956 64
1764070303530 0.686456948518753 65
1764070311916 0.6810801029205322 66
1764070320311 0.6840159595012665 67
1764070328708 0.6857566088438034 68
1764070337100 0.6874841749668121 69
1764070345461 0.6832167655229568 70
1764070353890 0.6890575587749481 71
1764070362458 0.6861381828784943 72
1764070370822 0.6805263757705688 73
1764070379196 0.6866298019886017 74
1764070387640 0.6836904287338257 75
1764070396019 0.6860663145780563 76
1764070404388 0.6835437566041946 77
1764070412735 0.6840583682060242 78
1764070421112 0.6833054721355438 79
1764070429467 0.6847011148929596 80
1764070437811 0.6839239746332169 81
1764070446183 0.6848039776086807 82
1764070454578 0.6820987612009048 83
1764070462947 0.6835566461086273 84
1764070471312 0.6848662793636322 85
1764070479696 0.6834587156772614 86
1764070488111 0.6825024783611298 87
1764070496486 0.6848783642053604 88
1764070504871 0.6858662515878677 89
1764070513241 0.6879322379827499 90
1764070521617 0.6873071938753128 91
1764070529962 0.6830842792987823 92
1764070538343 0.6838986128568649 93
1764070546730 0.6853167861700058 94
1764070555101 0.6867919862270355 95
1764070563490 0.6803802251815796 96
1764070571870 0.685633972287178 97
1764070580247 0.6853774040937424 98
1764070588610 0.6842426210641861 99
1764070597001 0.6850330680608749 100
1764070605388 0.6838366389274597 101
1764070613772 0.6847063899040222 102
1764070622140 0.6832378208637238 103
1764070630600 0.6845209151506424 104
1764070639020 0.6872402876615524 105
1764070647413 0.6837256252765656 106
1764070655799 0.6841535270214081 107
1764070664195 0.6874618679285049 108
1764070672575 0.6872978508472443 109
1764070680982 0.6865163147449493 110
1764070689341 0.6830899566411972 111
1764070697721 0.6827475130558014 112
1764070706137 0.6852927654981613 113
1764070714514 0.6852932721376419 114
1764070722902 0.6839632391929626 115
1764070731276 0.6793905645608902 116
1764070739649 0.6858934313058853 117
1764070748049 0.6854235380887985 118
1764070756439 0.6852237284183502 119
1764070764833 0.6855528205633163 120
1764070773195 0.6857301592826843 121
1764070781586 0.6873952746391296 122
1764070789964 0.6857888102531433 123
1764070798357 0.6850831359624863 124
1764070806760 0.6827142685651779 125
1764070815147 0.6861574202775955 126
1764070823508 0.6818706095218658 127
1764070831909 0.6850321143865585 128
1764070840284 0.6843732297420502 129
1764070848773 0.6866525560617447 130
1764070857299 0.6839751899242401 131
1764070865765 0.6843100041151047 132
1764070874139 0.6836710870265961 133
1764070882519 0.6836081445217133 134
1764070890879 0.6815697997808456 135
1764070899258 0.6843242049217224 136
1764070907626 0.6836492866277695 137
1764070915995 0.683668464422226 138
1764070924351 0.6877808719873428 139
1764070932694 0.6839475929737091 140
1764070941101 0.6859185695648193 141
1764070949473 0.6843813955783844 142
1764070957854 0.6842540949583054 143
1764070966213 0.6864836812019348 144
1764070974581 0.680047944188118 145
1764070982964 0.6856801211833954 146
1764070991352 0.6851109117269516 147
1764070999722 0.6816537082195282 148
1764071008106 0.6851945966482162 149
1764071016474 0.6857840865850449 150
1764071024865 0.6873496770858765 151
1764071033246 0.6880081593990326 152
1764071041623 0.6845094710588455 153
1764071050045 0.6833391934633255 154
1764071058436 0.6858255863189697 155
1764071066811 0.6848069578409195 156
1764071075192 0.6835643500089645 157
1764071083586 0.6838175654411316 158
1764071091962 0.6832793205976486 159
1764071100335 0.6881292313337326 160
1764071108706 0.682534322142601 161
1764071117088 0.6847583502531052 162
1764071125467 0.6869434416294098 163
1764071133891 0.6843996793031693 164
1764071142263 0.6855196505784988 165
1764071150617 0.686178520321846 166
1764071158991 0.6846910715103149 167
1764071167375 0.6862499266862869 168
1764071175781 0.6865755319595337 169
1764071184162 0.6861432194709778 170
1764071192561 0.6851245909929276 171
1764071200935 0.6840006858110428 172
1764071209315 0.6842720657587051 173
1764071217903 0.6847181022167206 174
1764071226281 0.6844311952590942 175
1764071234684 0.684744194149971 176
1764071243066 0.6846631169319153 177
1764071251441 0.6833206862211227 178
1764071259806 0.6828198879957199 179
1764071268191 0.6885583102703094 180
1764071276575 0.6838358789682388 181
1764071284947 0.6855622828006744 182
1764071293323 0.687142014503479 183
1764071301699 0.6867084950208664 184
1764071310072 0.6855752617120743 185
1764071318460 0.6846964657306671 186
1764071326860 0.6868008226156235 187
1764071335372 0.686482384800911 188
1764071343740 0.6822658032178879 189
1764071352115 0.6871325522661209 190
1764071360660 0.6874912083148956 191
1764071369020 0.6871134489774704 192
1764071377376 0.6841425597667694 193
1764071385740 0.687461644411087 194
1764071394124 0.6804198324680328 195
1764071402511 0.6844140142202377 196
1764071410899 0.6859430074691772 197
1764071419292 0.6862987726926804 198
1764071427663 0.6838346123695374 199
1764071436070 0.6876573264598846 200
1764071444458 0.6794650703668594 201
1764071452842 0.6867869347333908 202
1764071461219 0.6857857257127762 203
1764071469601 0.6858147531747818 204
1764071478005 0.6863473951816559 205
1764071486385 0.680925115942955 206
1764071494749 0.6841200739145279 207
1764071503206 0.6817988455295563 208
1764071511614 0.6796773076057434 209
1764071520044 0.6855553388595581 210
1764071528424 0.6830645501613617 211
1764071536821 0.6850846409797668 212
1764071545206 0.6856594532728195 213
1764071553584 0.6863934099674225 214
1764071562018 0.685616061091423 215
1764071570401 0.6848620921373367 216
1764071578773 0.6846447288990021 217
1764071587145 0.6825189292430878 218
1764071595491 0.6858732402324677 219
1764071603902 0.6865442097187042 220
1764071612279 0.6837104707956314 221
1764071620652 0.6889273226261139 222
1764071629032 0.6857984662055969 223
1764071637465 0.682185709476471 224
1764071645840 0.687786266207695 225
1764071654241 0.6877587288618088 226
1764071662635 0.6855833977460861 227
1764071671020 0.6851071119308472 228
1764071679401 0.6852022409439087 229
1764071687882 0.6859337985515594 230
1764071696245 0.6848048716783524 231
1764071704617 0.6819608956575394 232
1764071713159 0.6874927431344986 233
1764071721530 0.6838415861129761 234
1764071729901 0.6816884428262711 235
1764071738278 0.6873660981655121 236
1764071746663 0.6830789595842361 237
1764071755039 0.6818709224462509 238
1764071763397 0.6838488429784775 239
1764071771762 0.6829647719860077 240
1764071780118 0.6814827769994736 241
1764071788534 0.6888679265975952 242
1764071796908 0.6857192814350128 243
1764071805277 0.6843271255493164 244
1764071813666 0.6841809004545212 245
1764071822016 0.6809338629245758 246
1764071830374 0.6849858313798904 247
1764071838818 0.6856738328933716 248
1764071847163 0.6832237094640732 249
1764071855529 0.6866424381732941 250
1764071863925 0.6841057986021042 251
1764071872294 0.6847741603851318 252
1764071880687 0.685819000005722 253
1764071889119 0.683656707406044 254
1764071897505 0.6846662610769272 255
1764071905897 0.6859274953603745 256
1764071914301 0.6856913864612579 257
1764071922683 0.6874965280294418 258
1764071931063 0.6838313490152359 259
1764071939404 0.686011552810669 260
1764071947772 0.6841925829648972 261
1764071956205 0.685822531580925 262
1764071964592 0.6877759993076324 263
1764071973064 0.6823931336402893 264
1764071981429 0.6817160993814468 265
1764071989793 0.6824773550033569 266
1764071998314 0.683074027299881 267
1764072006684 0.6843881905078888 268
1764072015066 0.6859047561883926 269
1764072023481 0.6861157566308975 270
1764072031887 0.6855771988630295 271
1764072040258 0.6810015887022018 272
1764072048594 0.6866290271282196 273
1764072056961 0.6866821199655533 274
1764072065338 0.6853529363870621 275
1764072073699 0.6836628764867783 276
1764072082074 0.6841108351945877 277
1764072090466 0.6859915107488632 278
1764072098869 0.6859216392040253 279
1764072107277 0.6847099214792252 280
1764072115674 0.6867272406816483 281
1764072124051 0.6807259023189545 282
1764072132405 0.6853853464126587 283
1764072140835 0.686037614941597 284
1764072149195 0.6858552992343903 285
1764072157554 0.6842193156480789 286
1764072165962 0.6860679239034653 287
1764072174347 0.6866461485624313 288
1764072182753 0.685992643237114 289
1764072191133 0.6847486943006516 290
1764072199519 0.6862649321556091 291
1764072207895 0.6836473196744919 292
1764072216260 0.6846281737089157 293
1764072224636 0.6858424842357635 294
1764072233025 0.6846409142017365 295
1764072241453 0.6882985234260559 296
1764072249869 0.6849018335342407 297
1764072258230 0.6841734200716019 298
1764072266623 0.6838221848011017 299
1764072274998 0.6827996522188187 300
1764072283350 0.6837004721164703 301
1764072291712 0.6873550117015839 302
1764072300104 0.685407355427742 303
1764072308539 0.6876431703567505 304
1764072316937 0.6839310675859451 305
1764072325296 0.6844541877508163 306
1764072333659 0.685774639248848 307
1764072342059 0.6835073381662369 308
1764072350437 0.6834505349397659 309
1764072358824 0.6860673278570175 310
1764072367293 0.6872319430112839 311
1764072375668 0.6833769679069519 312
1764072440187 0.684891939163208 314
1764072448601 0.6839656680822372 315
1764072456985 0.6860362887382507 316
1764072465366 0.6878651827573776 317
1764072473753 0.6857398450374603 318
1764072482157 0.6868458688259125 319
1764072490529 0.6839229315519333 320
1764072498917 0.6867359131574631 321
1764072507306 0.6861355006694794 322
1764072515755 0.6818812638521194 323
1764072524175 0.685921847820282 324
1764072532559 0.6852266043424606 325
1764072540962 0.6847832500934601 326
1764072549348 0.6836862862110138 327
1764072557752 0.6837038099765778 328
1764072566186 0.6805846393108368 329
1764072574569 0.6808599084615707 330
1764072582961 0.6842353194952011 331
1764072591391 0.6855595111846924 332
1764072599836 0.6842963248491287 333
1764072608217 0.6820974797010422 334
1764072616572 0.6848634779453278 335
1764072624970 0.6849477738142014 336
1764072633342 0.6868211179971695 337
1764072641714 0.6856254041194916 338
1764072650116 0.68633633852005 339
1764072658515 0.6835773140192032 340
1764072666902 0.6836445778608322 341
1764072675282 0.6833451241254807 342
1764072683645 0.6833635717630386 343
1764072692179 0.6852718740701675 344
1764072700553 0.6840661019086838 345
1764072708917 0.6828880161046982 346
1764072717289 0.6882006078958511 347
1764072725697 0.6839240044355392 348
1764072734057 0.6819334477186203 349
1764072742412 0.6833018958568573 350
1764072750760 0.6848628669977188 351
1764072759150 0.6846155673265457 352
1764072767561 0.683920294046402 353
1764072775960 0.6838909089565277 354
1764072784368 0.6850675642490387 355
1764072792749 0.6848424524068832 356
1764072801138 0.6846074610948563 357
1764072809512 0.6852429956197739 358
1764072817936 0.6843800246715546 359
1764072826318 0.6863248497247696 360
1764072834679 0.6820152401924133 361
1764072843104 0.6869623363018036 362
1764072851483 0.6846534609794617 363
1764072859881 0.6820952892303467 364
1764072868272 0.6841090768575668 365
1764072876648 0.6859401911497116 366
1764072885174 0.6837986707687378 367
1764072893558 0.6816647052764893 368
1764072901949 0.6853237599134445 369
1764072910324 0.6837704032659531 370
1764072918693 0.6845023036003113 371
1764072927258 0.6846594214439392 372
1764072935616 0.6837392300367355 373
1764072943996 0.6852700859308243 374
1764072952425 0.6865543723106384 375
1764072960819 0.6874976605176926 376
1764072969227 0.6854710131883621 377
1764072977622 0.6848737895488739 378
1764072986000 0.6874998956918716 379
1764072994376 0.6832009106874466 380
1764073002746 0.6879577785730362 381
1764073011150 0.6858726888895035 382
1764073019528 0.6883249580860138 383
1764073027928 0.6878074407577515 384
1764073036334 0.6842278987169266 385
1764073044716 0.6838005185127258 386
1764073053157 0.686933621764183 387
1764073061522 0.683427095413208 388
1764073069925 0.6849016696214676 389
1764073078327 0.6864492446184158 390
1764073086694 0.683843582868576 391
1764073095111 0.6851875334978104 392
1764073103493 0.6837381273508072 393
1764073111878 0.6849159598350525 394
1764073120238 0.6815761178731918 395
1764073128621 0.6865197122097015 396
1764073137013 0.6851269751787186 397
1764073145432 0.6848334819078445 398
1764073153833 0.6860919743776321 399
1764073162242 0.6827571243047714 400
1764073170621 0.684044674038887 401
1764073178962 0.6856085360050201 402
1764073187327 0.6863020956516266 403
1764073195727 0.6803175061941147 404
1764073204099 0.6845672428607941 405
1764073212480 0.6854741722345352 406
1764073220868 0.6877570897340775 407
1764073229250 0.6864359229803085 408
1764073237646 0.6846548318862915 409
1764073246050 0.6846794933080673 410
1764073254443 0.6859441846609116 411
1764073262841 0.6842350661754608 412
1764073271246 0.6831892728805542 413
1764073279608 0.6858503967523575 414
1764073287973 0.6849986463785172 415
1764073296443 0.686755895614624 416
1764073304810 0.6856791526079178 417
1764073313182 0.6808475703001022 418
1764073321547 0.6854977607727051 419
1764073329930 0.6857953071594238 420
1764073338317 0.6840572208166122 421
1764073346683 0.6802573651075363 422
1764073355060 0.6885387301445007 423
1764073363415 0.6863748878240585 424
1764073371781 0.6850052922964096 425
1764073380334 0.6868249475955963 426
1764073388732 0.6834733486175537 427
1764073397091 0.6843242198228836 428
1764073405495 0.6858070641756058 429
1764073413935 0.686977356672287 430
1764073422366 0.6864799708127975 431
1764073430918 0.6868245154619217 432
1764073439307 0.6845936179161072 433
1764073447675 0.6840643137693405 434
1764073456041 0.6838553696870804 435
1764073464405 0.6839764267206192 436
1764073472787 0.6834516376256943 437
1764073481159 0.6829527914524078 438
1764073489575 0.6843520104885101 439
1764073497956 0.6834371238946915 440
1764073506319 0.6874158680438995 441
1764073514717 0.6861471384763718 442
1764073523098 0.6859657168388367 443
1764073531499 0.6888471990823746 444
1764073539887 0.6852738708257675 445
1764073548265 0.6862727552652359 446
1764073556622 0.6871159672737122 447
1764073565129 0.6846123933792114 448
1764073573504 0.6822465658187866 449
1764073581876 0.6813190132379532 450
1764073590236 0.6845112591981888 451
1764073598639 0.6854974776506424 452
1764073607035 0.6845555454492569 453
1764073615417 0.6864931434392929 454
1764073623831 0.6858327090740204 455
1764073632248 0.6870289444923401 456
1764073640632 0.6828007847070694 457
1764073649028 0.6874802261590958 458
1764073657411 0.684627577662468 459
1764073665793 0.6856944561004639 460
1764073674197 0.6869248598814011 461
1764073682618 0.6828841865062714 462
1764073690982 0.6830611824989319 463
1764073699377 0.6882283389568329 464
1764073707780 0.6839257627725601 465
1764073716185 0.684852197766304 466
1764073724544 0.6842741966247559 467
1764073733053 0.6873175501823425 468
1764073741431 0.6863664984703064 469
1764073749806 0.6827086061239243 470
1764073758211 0.6865606606006622 471
1764073766574 0.6846272796392441 472
1764073774952 0.6807855367660522 473
1764073783524 0.685454398393631 474
1764073791892 0.6851884424686432 475
1764073800232 0.682784304022789 476
1764073808628 0.6853477209806442 477
1764073817001 0.6856978088617325 478
1764073825364 0.6852701157331467 479
1764073833746 0.686417281627655 480
1764073842171 0.6845113635063171 481
1764073850562 0.6853170990943909 482
1764073858921 0.6845000833272934 483
1764073867272 0.6817435920238495 484
1764073875637 0.6844499260187149 485
1764073884041 0.6877708733081818 486
1764073892454 0.6854111403226852 487
1764073900829 0.6850040405988693 488
1764073909205 0.68356092274189 489
1764073917619 0.6842664331197739 490
1764073925976 0.6877812743186951 491
1764073934346 0.6845905929803848 492
1764073942715 0.6852001994848251 493
1764073951105 0.6843854486942291 494
1764073959467 0.6865986585617065 495
1764073967855 0.6862616986036301 496
1764073976192 0.6836036145687103 497
1764073984592 0.685002788901329 498
1764073992983 0.6854286789894104 499
1764074001331 0.6846118271350861 500
1764074009838 0.6886762976646423 501
1764074018189 0.681726410984993 502
1764074026571 0.6858537495136261 503
1764074034976 0.6883491426706314 504
1764074043357 0.6853174120187759 505
1764074051731 0.6817365735769272 506
1764074060284 0.6829271167516708 507
1764074068795 0.6861443370580673 508
1764074077164 0.6855102181434631 509
1764074085583 0.6872109174728394 510
1764074093958 0.6849327385425568 511
1764074102397 0.6852615922689438 512
1764074110803 0.6859175264835358 513
1764074119192 0.6858612596988678 514
1764074127565 0.6879267990589142 515
1764074135960 0.6851493418216705 516
1764074144355 0.6867198050022125 517
1764074152753 0.6855271011590958 518
1764074161163 0.6858822852373123 519
1764074169537 0.6836785525083542 520
1764074177932 0.6859487891197205 521
1764074186307 0.6828268319368362 522
1764074194708 0.6876699924468994 523
1764074203108 0.6843354403972626 524
1764074211484 0.6855878978967667 525
1764074219876 0.683074876666069 526
1764074228229 0.6825151890516281 527
1764074236662 0.6886407285928726 528
1764074245041 0.6849527657032013 529
1764074253413 0.6847315728664398 530
1764074261822 0.6859940737485886 531
1764074270194 0.6837761998176575 532
1764074278579 0.682940810918808 533
1764074286976 0.6843387931585312 534
1764074295362 0.6875896602869034 535
1764074303744 0.6837096214294434 536
1764074312146 0.6840039938688278 537
1764074320521 0.6836208403110504 538
1764074328927 0.6869631111621857 539
1764074337333 0.6834513545036316 540
1764074345700 0.6829362362623215 541
1764074354100 0.6844866871833801 542
1764074362466 0.6858006119728088 543
1764074370832 0.6860045790672302 544
1764074379198 0.684100940823555 545
1764074387591 0.6863944977521896 546
1764074395972 0.6831824481487274 547
1764074404342 0.6828625500202179 548
1764074412718 0.6840044111013412 549
1764074421262 0.6873747408390045 550
1764074429650 0.6841023415327072 551
1764074438029 0.6852407455444336 552
1764074446425 0.6840404123067856 553
1764074454801 0.6843367516994476 554
1764074463169 0.6859546154737473 555
1764074471556 0.6851373314857483 556
1764074479935 0.68356654047966 557
1764074488343 0.6827689856290817 558
1764074496741 0.6843434721231461 559
1764074505132 0.6865863800048828 560
1764074513510 0.6831898093223572 561
1764074521894 0.6830655932426453 562
1764074530256 0.6855570673942566 563
1764074538644 0.6861114799976349 564
1764074547029 0.6874457448720932 565
1764074555438 0.686230406165123 566
1764074563819 0.6858965158462524 567
1764074572195 0.6858090311288834 568
1764074580613 0.6879520863294601 569
1764074589005 0.6825479120016098 570
1764074597394 0.684128612279892 571
1764074605775 0.6846130639314651 572
1764074614151 0.6862607300281525 573
1764074622559 0.6878857463598251 574
1764074630949 0.6847286373376846 575
1764074639348 0.686488151550293 576
1764074647746 0.6859937012195587 577
1764074656156 0.6823645830154419 578
1764074664545 0.6854694187641144 579
1764074672917 0.6809664368629456 580
1764074681316 0.6841004490852356 581
1764074689706 0.6863306760787964 582
1764074698197 0.6851392835378647 583
1764074706601 0.6847117692232132 584
1764074715030 0.6834988743066788 585
1764074723431 0.6867476403713226 586
1764074731814 0.6837551891803741 587
1764074740240 0.6836570650339127 588
1764074748612 0.6850859522819519 589
1764074757017 0.6848197877407074 590
1764074765385 0.6830036789178848 591
1764074773768 0.6848101913928986 592
1764074782157 0.6838715225458145 593
1764074790547 0.6856406629085541 594
1764074798959 0.6845693290233612 595
1764074807394 0.6886976361274719 596
1764074815801 0.6858908832073212 597
1764074824166 0.6840308606624603 598
1764074832531 0.6848183423280716 599
1764074840932 0.6862312704324722 600
1764074849341 0.6843097805976868 601
1764074857701 0.6863329261541367 602
1764074866127 0.6859842836856842 603
1764074874512 0.6889241635799408 604
1764074882968 0.685009777545929 605
1764074891341 0.6852201223373413 606
1764074899732 0.6833258122205734 607
1764074908138 0.6828282922506332 608
1764074916513 0.687247097492218 609
1764074924906 0.6859534680843353 610
1764074933318 0.685954138636589 611
1764074941813 0.6846966743469238 612
1764074950168 0.6857855916023254 613
1764074958600 0.6864232420921326 614
1764074966956 0.6823196709156036 615
1764074975326 0.6851330250501633 616
1764074983706 0.6848935484886169 617
1764074992075 0.6843102127313614 618
1764075000463 0.6823836714029312 619
1764075008848 0.686785027384758 620
1764075017236 0.6857219189405441 621
1764075025610 0.6861035227775574 622
1764075034044 0.683538094162941 623
1764075042400 0.6854133754968643 624
1764075050764 0.6842601746320724 625
1764075115339 0.6835154891014099 627
1764075123707 0.6874085068702698 628
1764075132045 0.6855940073728561 629
1764075140422 0.686850443482399 630
1764075148775 0.6842159628868103 631
1764075157132 0.6837995201349258 632
1764075165510 0.6852480918169022 633
1764075173867 0.6860203593969345 634
1764075182262 0.6823737472295761 635
1764075190659 0.6841888129711151 636
1764075199066 0.6844665110111237 637
1764075207527 0.6853707581758499 638
1764075215939 0.6824098229408264 639
1764075224317 0.6847258508205414 640
1764075232709 0.6854025423526764 641
1764075241072 0.6837608069181442 642
1764075249483 0.6842861026525497 643
1764075257925 0.6841101050376892 644
1764075266672 0.6833556592464447 645
1764075275058 0.6843345463275909 646
1764075283422 0.6865731477737427 647
1764075291783 0.6837435066699982 648
1764075300183 0.6865326166152954 649
1764075308601 0.686791867017746 650
1764075316965 0.6857299208641052 651
1764075325361 0.6830295324325562 652
1764075333915 0.6890719085931778 653
1764075342264 0.6857473701238632 654
1764075350671 0.6837128102779388 655
1764075359038 0.6849881410598755 656
1764075367632 0.6859235614538193 657
1764075375980 0.6850450038909912 658
1764075384339 0.6825445592403412 659
1764075392725 0.6870953887701035 660
1764075401094 0.6865894198417664 661
1764075409502 0.6870735138654709 662
1764075417871 0.6845376938581467 663
1764075426291 0.687094196677208 664
1764075434671 0.6864213794469833 665
1764075443103 0.6852490454912186 666
1764075451522 0.6847947537899017 667
1764075459920 0.6880041509866714 668
1764075468299 0.6868752092123032 669
1764075476695 0.6858542561531067 670
1764075485088 0.68532994389534 671
1764075493495 0.6843555718660355 672
1764075501876 0.6857179701328278 673
1764075510254 0.6855791360139847 674
1764075518618 0.685373455286026 675
1764075526983 0.6831395030021667 676
1764075535406 0.6867820918560028 677
1764075543786 0.6881028860807419 678
1764075552211 0.6815689206123352 679
1764075560571 0.6846569329500198 680
1764075568997 0.6876327097415924 681
1764075577390 0.6880022883415222 682
1764075585758 0.6830751299858093 683
1764075594142 0.6823549121618271 684
1764075602550 0.6863500624895096 685
1764075611023 0.6838127970695496 686
1764075619420 0.6853176802396774 687
1764075627795 0.6868178248405457 688
1764075636172 0.6890739500522614 689
1764075644548 0.6859823316335678 690
1764075653059 0.685015544295311 691
1764075661436 0.6845187693834305 692
1764075669824 0.6891412287950516 693
1764075678222 0.6851139962673187 694
1764075686627 0.6850911378860474 695
1764075695005 0.6834275275468826 696
1764075703461 0.6848683804273605 697
1764075711817 0.6867039948701859 698
1764075720177 0.6818303018808365 699
1764075728535 0.6817531585693359 700
1764075736896 0.6855373233556747 701
1764075745265 0.6864848285913467 702
1764075753619 0.6834965348243713 703
1764075761981 0.6860986799001694 704
1764075770371 0.6881818771362305 705
1764075778753 0.6840727031230927 706
1764075787134 0.6856844574213028 707
1764075795528 0.6874300390481949 708
1764075803915 0.6861007809638977 709
1764075812324 0.6882112771272659 710
1764075820689 0.6853467673063278 711
1764075829047 0.6818904876708984 712
1764075837452 0.6869511306285858 713
1764075845854 0.680675595998764 714
1764075854233 0.6861113607883453 715
1764075862628 0.6849691271781921 716
1764075871007 0.6835197657346725 717
1764075879394 0.6853756159543991 718
1764075887779 0.6869240254163742 719
1764075896171 0.6851975917816162 720
1764075904560 0.6843606531620026 721
1764075912941 0.6854249536991119 722
1764075921290 0.6867726296186447 723
1764075929678 0.6854927241802216 724
1764075938063 0.6814035922288895 725
1764075946430 0.6861065775156021 726
1764075954869 0.6862436234951019 727
1764075963228 0.6847482472658157 728
1764075971630 0.6844421625137329 729
1764075980016 0.6859633028507233 730
1764075988384 0.6852656006813049 731
1764075996789 0.6859943121671677 732
1764076005140 0.6829918920993805 733
1764076013540 0.6847565323114395 734
1764076021953 0.6845764964818954 735
1764076030364 0.6831581741571426 736
1764076038748 0.6860146522521973 737
1764076047132 0.6831709146499634 738
1764076055521 0.6828940957784653 739
1764076063907 0.6829295754432678 740
1764076072271 0.6856823414564133 741
1764076080641 0.6863531172275543 742
1764076089062 0.6810428202152252 743
1764076097441 0.6863597482442856 744
1764076105835 0.6860077530145645 745
1764076114222 0.683816209435463 746
1764076122606 0.685332641005516 747
1764076131095 0.6843066066503525 748
1764076139466 0.6872703731060028 749
1764076147852 0.6866491138935089 750
1764076156217 0.6845213770866394 751
1764076164570 0.6837681978940964 752
1764076172947 0.6835478097200394 753
1764076181318 0.6861817240715027 754
1764076189700 0.6813049763441086 755
1764076198092 0.6835060566663742 756
1764076206467 0.6861117035150528 757
1764076214841 0.684629425406456 758
1764076223227 0.6854466646909714 759
1764076231615 0.6878018081188202 760
1764076239999 0.6862339973449707 761
1764076248363 0.6870294809341431 762
1764076256740 0.6843711882829666 763
1764076265124 0.6852541118860245 764
1764076273497 0.6843568533658981 765
1764076281940 0.6863005310297012 766
1764076290322 0.6845791786909103 767
1764076298665 0.6850194334983826 768
1764076307056 0.6878427416086197 769
1764076315459 0.6863922774791718 770
1764076323831 0.6863459646701813 771
1764076332246 0.685706377029419 772
1764076340608 0.683714359998703 773
1764076349007 0.6850766539573669 774
1764076357419 0.6845180988311768 775
1764076365780 0.6840928345918655 776
1764076374172 0.6875957399606705 777
1764076382560 0.6865040808916092 778
1764076390933 0.6828523129224777 779
1764076399329 0.6863078773021698 780
1764076407699 0.684064581990242 781
1764076416072 0.6859642863273621 782
1764076424451 0.684626579284668 783
1764076432843 0.6856562048196793 784
1764076441242 0.6869082152843475 785
1764076449624 0.6868689656257629 786
1764076458012 0.68573297560215 787
1764076466394 0.6850852966308594 788
1764076474775 0.6858858019113541 789
1764076483257 0.6844238340854645 790
1764076491636 0.6852660775184631 791
1764076499995 0.6852937787771225 792
1764076508455 0.6863332092761993 793
1764076516824 0.6819982677698135 794
1764076525203 0.6840909570455551 795
1764076533705 0.6871395856142044 796
1764076542089 0.686418741941452 797
1764076550442 0.684465229511261 798
1764076558795 0.6833951771259308 799
1764076567144 0.6843210011720657 800
1764076575513 0.6818471550941467 801
1764076583968 0.6845745146274567 802
1764076592343 0.6855180859565735 803
1764076600709 0.6859003156423569 804
1764076609063 0.6866852641105652 805
1764076617438 0.6860922276973724 806
1764076625812 0.6829955726861954 807
1764076634321 0.6856945157051086 808
1764076642712 0.6849359422922134 809
1764076651094 0.6849544942378998 810
1764076659463 0.683750569820404 811
1764076667844 0.6828323304653168 812
1764076676256 0.684039294719696 813
1764076684649 0.6828483194112778 814
1764076693004 0.6849920898675919 815
1764076701385 0.6839740723371506 816
1764076709741 0.6814284771680832 817
1764076718135 0.6842366605997086 818
1764076726476 0.6829875856637955 819
1764076734831 0.6862937361001968 820
1764076743216 0.685933843255043 821
1764076751624 0.682466059923172 822
1764076760010 0.6857926845550537 823
1764076768376 0.6837856620550156 824
1764076776797 0.6871228069067001 825
1764076785170 0.6853513568639755 826
1764076793575 0.6886235177516937 827
1764076801980 0.6843675523996353 828
1764076810360 0.6852817237377167 829
1764076818735 0.6847930997610092 830
1764076827093 0.6861462742090225 831
1764076835538 0.685432568192482 832
1764076843921 0.6850281953811646 833
1764076852336 0.6836905181407928 834
1764076860677 0.6845464110374451 835
1764076869033 0.6828973740339279 836
1764076877393 0.683726966381073 837
1764076885771 0.6851648539304733 838
1764076894189 0.6838738173246384 839
1764076902552 0.68398417532444 840
1764076910931 0.6848915368318558 841
1764076919333 0.6876839101314545 842
1764076927723 0.6826682388782501 843
1764076936135 0.685173362493515 844
1764076944503 0.6818290650844574 845
1764076952908 0.6873641908168793 846
1764076961286 0.6832281202077866 847
1764076969785 0.6853182315826416 848
1764076978189 0.6839905083179474 849
1764076986696 0.6835498809814453 850
1764076995063 0.685318261384964 851
1764077003419 0.6808162480592728 852
1764077011791 0.6822326481342316 853
1764077020175 0.685248538851738 854
1764077028573 0.6833288073539734 855
1764077037110 0.684738278388977 856
1764077045504 0.6852642446756363 857
1764077053885 0.6868198364973068 858
1764077062239 0.6861967444419861 859
1764077070628 0.6869678199291229 860
1764077078999 0.6881962418556213 861
1764077087376 0.684687152504921 862
1764077095769 0.6851340979337692 863
1764077104148 0.68589286506176 864
1764077112557 0.6855205297470093 865
1764077120961 0.6860421448945999 866
1764077129339 0.684198647737503 867
1764077137729 0.6848555654287338 868
1764077146090 0.6807433515787125 869
1764077154482 0.6865196377038956 870
1764077162859 0.6850425899028778 871
1764077171247 0.6862537562847137 872
1764077179653 0.6824902594089508 873
1764077188044 0.6838352829217911 874
1764077196455 0.6845225244760513 875
1764077204835 0.6834338009357452 876
1764077213190 0.6840033084154129 877
1764077221548 0.6831251382827759 878
1764077229956 0.6846954524517059 879
1764077238348 0.6850351691246033 880
1764077246752 0.6870016306638718 881
1764077255142 0.6879599541425705 882
1764077263553 0.6873487085103989 883
1764077272012 0.68559829890728 884
1764077280390 0.6876212954521179 885
1764077288761 0.6871366798877716 886
1764077297175 0.6857077479362488 887
1764077305539 0.6856158077716827 888
1764077313940 0.6861730813980103 889
1764077322445 0.6858603954315186 890
1764077330882 0.6835787147283554 891
1764077339267 0.68510502576828 892
1764077347650 0.6863091588020325 893
1764077356051 0.6863030344247818 894
1764077364423 0.6852938830852509 895
1764077372789 0.6846406906843185 896
1764077381164 0.6812818646430969 897
1764077389688 0.6848495602607727 898
1764077398113 0.6863475739955902 899
1764077406526 0.6862733215093613 900
1764077414895 0.6834669858217239 901
1764077423255 0.6831273436546326 902
1764077431639 0.6875153183937073 903
1764077440025 0.6866307407617569 904
1764077448391 0.6850972026586533 905
1764077456767 0.6863040030002594 906
1764077465138 0.6852258741855621 907
1764077473538 0.6861950308084488 908
1764077481919 0.6857355982065201 909
1764077490301 0.6849027425050735 910
1764077498736 0.6868756115436554 911
1764077507107 0.6871164590120316 912
1764077515515 0.6862320303916931 913
1764077523868 0.6867273896932602 914
1764077532311 0.6868661940097809 915
1764077540726 0.6829328685998917 916
1764077549141 0.6865163892507553 917
1764077557535 0.6865547001361847 918
1764077565926 0.6889080554246902 919
1764077574312 0.6832079738378525 920
1764077582680 0.6841046810150146 921
1764077591059 0.6839502155780792 922
1764077599449 0.6849081218242645 923
1764077607939 0.684241309762001 924
1764077616328 0.6842225342988968 925
1764077624725 0.6836281418800354 926
1764077633112 0.685584306716919 927
1764077641504 0.6842542886734009 928
1764077649883 0.6867600530385971 929
1764077658239 0.6835237443447113 930
1764077666765 0.6855397820472717 931
1764077675181 0.6854052543640137 932
1764077683614 0.6849025636911392 933
1764077691982 0.6811484396457672 934
1764077700373 0.6850626021623611 935
1764077708766 0.6808942407369614 936
1764077717162 0.6876999288797379 937
1764077725525 0.6828470975160599 938
1764077790154 0.6826087236404419 940
1764077798561 0.6874763816595078 941
1764077806921 0.6866201311349869 942
1764077815279 0.6823480874300003 943
1764077823712 0.6854570657014847 944
1764077832108 0.6842759847640991 945
1764077840509 0.6828701347112656 946
1764077848907 0.6851134449243546 947
1764077857310 0.6874486804008484 948
1764077865711 0.6826091706752777 949
1764077874115 0.6875495910644531 950
1764077882560 0.6838617920875549 951
1764077890953 0.687204897403717 952
1764077899377 0.6828950792551041 953
1764077907924 0.6836665570735931 954
1764077916374 0.6875181347131729 955
1764077924755 0.6844870895147324 956
1764077933157 0.6862335950136185 957
1764077941544 0.682233914732933 958
1764077949934 0.6833597719669342 959
1764077958345 0.6870919764041901 960
1764077966735 0.6837335228919983 961
1764077975141 0.6838216632604599 962
1764077983539 0.6853568702936172 963
1764077991994 0.6850171834230423 964
1764078000354 0.6848214119672775 965
1764078008721 0.6829412877559662 966
1764078017090 0.6847982853651047 967
1764078025466 0.6857853680849075 968
1764078033869 0.6870233416557312 969
1764078042255 0.6847832351922989 970
1764078050700 0.6842649728059769 971
1764078059082 0.6851658523082733 972
1764078067465 0.6851747781038284 973
1764078075882 0.684734508395195 974
1764078084282 0.684889018535614 975
1764078092656 0.6842250823974609 976
1764078101062 0.6866170316934586 977
1764078109460 0.6870306730270386 978
1764078117847 0.6853747367858887 979
1764078126246 0.6869713217020035 980
1764078134663 0.6822007298469543 981
1764078143066 0.6863026022911072 982
1764078151425 0.687109962105751 983
1764078159803 0.6828972846269608 984
1764078168169 0.6844490468502045 985
1764078176569 0.6879270225763321 986
1764078184979 0.6877098232507706 987
1764078193525 0.6827594190835953 988
1764078201939 0.6851404160261154 989
1764078210334 0.6852130591869354 990
1764078218732 0.6850396692752838 991
1764078227163 0.6860076189041138 992
1764078235553 0.6857812702655792 993
1764078243941 0.6840145736932755 994
1764078252288 0.6840928792953491 995
1764078260655 0.6843940615653992 996
1764078269053 0.6863568276166916 997
1764078277439 0.6854937374591827 998
1764078285849 0.6860021650791168 999
1764078294263 0.6859361082315445 1000
1764078302660 0.6828842908143997 1001
1764078311055 0.6837185174226761 1002
1764078319440 0.6848271638154984 1003
1764078327821 0.6853243559598923 1004
1764078336170 0.6832265704870224 1005
1764078344566 0.6862972229719162 1006
1764078353019 0.6851094216108322 1007
1764078361407 0.6862862557172775 1008
1764078369779 0.6873984038829803 1009
1764078378149 0.6833958029747009 1010
1764078386530 0.6856150776147842 1011
1764078394944 0.6846194863319397 1012
1764078403333 0.6873282939195633 1013
1764078411738 0.6848548799753189 1014
1764078420136 0.6841142475605011 1015
1764078428534 0.6835609525442123 1016
1764078436887 0.6810717731714249 1017
1764078445292 0.6857069581747055 1018
1764078453681 0.6889289617538452 1019
1764078462053 0.6868399381637573 1020
1764078470465 0.683436930179596 1021
1764078478861 0.6817812025547028 1022
1764078487242 0.687281459569931 1023
1764078495650 0.6854166984558105 1024
1764078504071 0.6834147423505783 1025
1764078512435 0.6810129880905151 1026
1764078520815 0.6874873489141464 1027
1764078529195 0.6828456223011017 1028
1764078537575 0.6842724084854126 1029
1764078546066 0.6874012500047684 1030
1764078554457 0.6849665492773056 1031
1764078562864 0.6821223944425583 1032
1764078571254 0.686136394739151 1033
1764078579656 0.6807145327329636 1034
1764078588248 0.6828240156173706 1035
1764078596604 0.6870923340320587 1036
1764078604967 0.6837659478187561 1037
1764078613346 0.6840468645095825 1038
1764078621757 0.6871403604745865 1039
1764078630144 0.6852744221687317 1040
1764078638526 0.6837552636861801 1041
1764078646905 0.6834551095962524 1042
1764078655334 0.685804545879364 1043
1764078663684 0.6818023473024368 1044
1764078672067 0.6849439889192581 1045
1764078680437 0.6843652278184891 1046
1764078688837 0.6865773350000381 1047
1764078697261 0.6884416490793228 1048
1764078705595 0.6871215999126434 1049
1764078713974 0.6851814240217209 1050
1764078722395 0.6839931160211563 1051
1764078730775 0.6891894340515137 1052
1764078739138 0.6836510300636292 1053
1764078747535 0.6890060901641846 1054
1764078755916 0.6849664598703384 1055
1764078764302 0.687274619936943 1056
1764078772680 0.6868551522493362 1057
1764078781172 0.6851971000432968 1058
1764078789572 0.6889373362064362 1059
1764078797939 0.6850915402173996 1060
1764078806345 0.6869271546602249 1061
1764078814740 0.6854894757270813 1062
1764078823173 0.687159389257431 1063
1764078831665 0.6838807463645935 1064
1764078840038 0.6840975731611252 1065
1764078848416 0.6816436350345612 1066
1764078856787 0.687887117266655 1067
1764078865160 0.6867636144161224 1068
1764078873557 0.6846296340227127 1069
1764078881922 0.6837150156497955 1070
1764078890306 0.6858071535825729 1071
1764078898676 0.6851570308208466 1072
1764078907061 0.685128852725029 1073
1764078915416 0.6855551302433014 1074
1764078923771 0.6858404129743576 1075
1764078932161 0.6848857402801514 1076
1764078940539 0.6874435096979141 1077
1764078948968 0.6833400577306747 1078
1764078957349 0.6825974583625793 1079
1764078965747 0.6861778497695923 1080
1764078974133 0.6853932738304138 1081
1764078982524 0.6813930422067642 1082
1764078990925 0.6878517121076584 1083
1764078999343 0.6858575344085693 1084
1764079007742 0.6849651485681534 1085
1764079016171 0.6859871298074722 1086
1764079024581 0.6848533004522324 1087
1764079032973 0.6867029964923859 1088
1764079041369 0.6866886913776398 1089
1764079049742 0.686016708612442 1090
1764079058124 0.6867168247699738 1091
1764079066542 0.680549830198288 1092
1764079074932 0.6821561902761459 1093
1764079083317 0.6845160871744156 1094
1764079091923 0.6873022615909576 1095
1764079100299 0.6845530420541763 1096
1764079108694 0.686611145734787 1097
1764079117106 0.6873918175697327 1098
1764079125485 0.6842520236968994 1099
1764079133861 0.68303482234478 1100
1764079142264 0.683643028140068 1101
1764079150648 0.6864902377128601 1102
1764079159046 0.6864840984344482 1103
1764079167443 0.6828166544437408 1104
1764079175826 0.6827613264322281 1105
1764079184263 0.6833111643791199 1106
1764079192642 0.6855494678020477 1107
1764079201076 0.6855811476707458 1108
1764079209446 0.6828563362360001 1109
1764079217835 0.6843937635421753 1110
1764079226218 0.6856359243392944 1111
1764079234631 0.688207358121872 1112
1764079243002 0.6841625273227692 1113
1764079251388 0.6856625080108643 1114
1764079259781 0.6842559278011322 1115
1764079268181 0.6842116266489029 1116
1764079276559 0.6871390789747238 1117
1764079285073 0.6828430593013763 1118
1764079293448 0.6881552189588547 1119
1764079301820 0.6853485107421875 1120
1764079310228 0.6866386979818344 1121
1764079318618 0.686158150434494 1122
1764079327036 0.6859477162361145 1123
1764079335443 0.6854021698236465 1124
1764079343802 0.6825106889009476 1125
1764079352187 0.6841621845960617 1126
1764079360548 0.6843027919530869 1127
1764079368922 0.6818347126245499 1128
1764079377303 0.6838957071304321 1129
1764079385676 0.6841630637645721 1130
1764079394040 0.685326024889946 1131
1764079402468 0.6852131187915802 1132
1764079410861 0.686640739440918 1133
1764079419242 0.6852273643016815 1134
1764079427608 0.6842737197875977 1135
1764079435988 0.684850737452507 1136
1764079444524 0.6853657811880112 1137
1764079452935 0.6853620111942291 1138
1764079461316 0.6872611492872238 1139
1764079469682 0.6853957921266556 1140
1764079478044 0.6835316270589828 1141
1764079486446 0.6831492632627487 1142
1764079494814 0.6877690553665161 1143
1764079503226 0.6866787523031235 1144
1764079511601 0.6852193772792816 1145
1764079519979 0.684856966137886 1146
1764079528380 0.6831293851137161 1147
1764079536786 0.6849899291992188 1148
1764079545185 0.6870614439249039 1149
1764079553540 0.6862355023622513 1150
1764079561896 0.6854372918605804 1151
1764079570274 0.6867633163928986 1152
1764079578628 0.6830620616674423 1153
1764079587021 0.6855318546295166 1154
1764079595388 0.684613972902298 1155
1764079603807 0.6849640607833862 1156
1764079612197 0.6850253641605377 1157
1764079620537 0.6839447170495987 1158
1764079628896 0.6874123364686966 1159
1764079637400 0.68349789083004 1160
1764079645777 0.6833471953868866 1161
1764079654168 0.6866347789764404 1162
1764079662557 0.686079353094101 1163
1764079670920 0.6813528537750244 1164
1764079679283 0.6843658238649368 1165
1764079687640 0.6829636991024017 1166
1764079696121 0.6842256933450699 1167
1764079704504 0.6843660622835159 1168
1764079712886 0.6868203431367874 1169
1764079721364 0.6810832470655441 1170
1764079729736 0.6853101998567581 1171
1764079738118 0.6822129189968109 1172
1764079746488 0.6867867708206177 1173
1764079754867 0.6858989596366882 1174
1764079763229 0.6840107440948486 1175
1764079771650 0.6868103295564651 1176
1764079780041 0.6826588809490204 1177
1764079788423 0.683841735124588 1178
1764079796813 0.6845808923244476 1179
1764079805215 0.6836208552122116 1180
1764079813582 0.6861836463212967 1181
1764079821983 0.6862172186374664 1182
1764079830343 0.684657484292984 1183
1764079838733 0.6870958656072617 1184
1764079847124 0.6828871965408325 1185
1764079855526 0.6871739029884338 1186
1764079863903 0.6846243143081665 1187
1764079872292 0.6833356767892838 1188
1764079880670 0.6854632645845413 1189
1764079889046 0.6829756498336792 1190
1764079897421 0.6869681626558304 1191
1764079905811 0.6841471344232559 1192
1764079914314 0.6873749643564224 1193
1764079922684 0.6845965087413788 1194
1764079931069 0.686092272400856 1195
1764079939462 0.6865990608930588 1196
1764079947825 0.6843919903039932 1197
1764079956192 0.6847918480634689 1198
1764079964592 0.684384748339653 1199
1764079972968 0.6864801794290543 1200
1764079981361 0.6840066909790039 1201
1764079989744 0.6893931478261948 1202
1764079998131 0.6852937191724777 1203
1764080006535 0.6863827109336853 1204
1764080014929 0.6880078166723251 1205
1764080023302 0.6834474354982376 1206
1764080031683 0.6823614835739136 1207
1764080040062 0.6850275993347168 1208
1764080048466 0.6896062791347504 1209
1764080056840 0.684598907828331 1210
1764080065247 0.6867475062608719 1211
1764080073646 0.6873228996992111 1212
1764080082028 0.6859432011842728 1213
1764080090444 0.6872335076332092 1214
1764080098838 0.6865234524011612 1215
1764080107216 0.6792210936546326 1216
1764080115585 0.6846309006214142 1217
1764080123966 0.6842674165964127 1218
1764080132349 0.6842498332262039 1219
1764080140703 0.6845413148403168 1220
1764080149074 0.6842738837003708 1221
1764080157421 0.6857428550720215 1222
1764080165809 0.6859386712312698 1223
1764080174200 0.6878748536109924 1224
1764080182575 0.6846098005771637 1225
1764080191073 0.6847388297319412 1226
1764080199447 0.6869606375694275 1227
1764080207849 0.6829980462789536 1228
1764080216275 0.6829095333814621 1229
1764080224640 0.6843481361865997 1230
1764080233001 0.6852355450391769 1231
1764080241343 0.6816617846488953 1232
1764080249776 0.6859419345855713 1233
1764080258110 0.6803677529096603 1234
1764080266525 0.6844673603773117 1235
1764080274888 0.6861096024513245 1236
1764080283270 0.6872004568576813 1237
1764080291630 0.6838374435901642 1238
1764080300022 0.6844827681779861 1239
1764080308396 0.6840985715389252 1240
1764080316788 0.6868782043457031 1241
1764080325184 0.6862360537052155 1242
1764080333552 0.683237299323082 1243
1764080341947 0.6865457147359848 1244
1764080350350 0.6873752325773239 1245
1764080358737 0.6841235309839249 1246
1764080367127 0.6842533349990845 1247
1764080375507 0.6847901791334152 1248
1764080383883 0.6814643889665604 1249
1764080392288 0.6825836151838303 1250
1764080400724 0.6868745684623718 1251
1764080467129 0.685677707195282 1253
1764080475496 0.6848528832197189 1254
1764080483861 0.684333860874176 1255
1764080492280 0.6819040924310684 1256
1764080500648 0.68597112596035 1257
1764080509060 0.6824743002653122 1258
1764080517458 0.6856472492218018 1259
1764080525852 0.688194677233696 1260
1764080534261 0.6859362721443176 1261
1764080542672 0.6850146502256393 1262
1764080551075 0.6859420239925385 1263
1764080559458 0.6840832382440567 1264
1764080567900 0.6831748485565186 1265
1764080576322 0.6857825666666031 1266
1764080584869 0.6861535310745239 1267
1764080593496 0.6848994493484497 1268
1764080601876 0.685712143778801 1269
1764080610291 0.6856788992881775 1270
1764080618671 0.681651160120964 1271
1764080627068 0.6853547394275665 1272
1764080635452 0.6869291365146637 1273
1764080644045 0.6860511153936386 1274
1764080652437 0.6854283958673477 1275
1764080660844 0.6848109066486359 1276
1764080669245 0.6827616989612579 1277
1764080677603 0.6859567910432816 1278
1764080686000 0.6823284924030304 1279
1764080694366 0.6844266355037689 1280
1764080702770 0.6840780526399612 1281
1764080711172 0.6860454827547073 1282
1764080719539 0.6841759383678436 1283
1764080727941 0.6861801147460938 1284
1764080736340 0.6849901527166367 1285
1764080744755 0.6845874488353729 1286
1764080753177 0.6787276118993759 1287
1764080761591 0.6849773228168488 1288
1764080769995 0.6833580285310745 1289
1764080778405 0.6823282986879349 1290
1764080786803 0.685276985168457 1291
1764080795179 0.6824575215578079 1292
1764080803572 0.690164715051651 1293
1764080811938 0.6846966296434402 1294
1764080820317 0.6859466582536697 1295
1764080828746 0.6831588447093964 1296
1764080837112 0.6830546706914902 1297
1764080845456 0.680214911699295 1298
1764080853817 0.6862870007753372 1299
1764080862183 0.684029296040535 1300
1764080870655 0.6834118515253067 1301
1764080879023 0.6866408586502075 1302
1764080887416 0.6818005293607712 1303
1764080895792 0.6850005686283112 1304
1764080904165 0.6848938763141632 1305
1764080912534 0.6831004172563553 1306
1764080920929 0.6831362694501877 1307
1764080929286 0.6892102062702179 1308
1764080937635 0.6853412985801697 1309
1764080946003 0.6831892281770706 1310
1764080954397 0.6861518174409866 1311
1764080962800 0.685161903500557 1312
1764080971188 0.6854360550642014 1313
1764080979578 0.687426283955574 1314
1764080987950 0.6866491138935089 1315
1764080996303 0.6841699033975601 1316
1764081004675 0.6862771958112717 1317
1764081013083 0.6871098428964615 1318
1764081021492 0.6854877769947052 1319
1764081029881 0.6815397143363953 1320
1764081038274 0.6877268552780151 1321
1764081046643 0.6854923218488693 1322
1764081054993 0.6846051961183548 1323
1764081063426 0.6857813894748688 1324
1764081071779 0.6830996423959732 1325
1764081080161 0.6848259419202805 1326
1764081088529 0.6830670386552811 1327
1764081096891 0.6855421513319016 1328
1764081105272 0.6855491995811462 1329
1764081113632 0.6823969930410385 1330
1764081121997 0.6876756250858307 1331
1764081130416 0.6840762048959732 1332
1764081138834 0.6828296780586243 1333
1764081147378 0.6857719123363495 1334
1764081155748 0.6854961961507797 1335
1764081164112 0.6839710921049118 1336
1764081172489 0.6887522488832474 1337
1764081180946 0.6858769208192825 1338
1764081189333 0.6846998482942581 1339
1764081197705 0.6863238960504532 1340
1764081206077 0.6842809021472931 1341
1764081214546 0.6841912865638733 1342
1764081222907 0.6835333108901978 1343
1764081231287 0.6841318607330322 1344
1764081239646 0.6801320314407349 1345
1764081248007 0.6839576363563538 1346
1764081256395 0.6864548027515411 1347
1764081264772 0.6854303777217865 1348
1764081273177 0.6856087297201157 1349
1764081281550 0.6830921620130539 1350
1764081289931 0.6857669502496719 1351
1764081298310 0.6845034956932068 1352
1764081306670 0.6843344569206238 1353
1764081315015 0.6839394718408585 1354
1764081323376 0.6820426136255264 1355
1764081331758 0.6847100853919983 1356
1764081340148 0.6853016912937164 1357
1764081348515 0.684281662106514 1358
1764081356887 0.6853483021259308 1359
1764081365263 0.6805120557546616 1360
1764081373666 0.6847347915172577 1361
1764081382048 0.6834237426519394 1362
1764081390431 0.6848172247409821 1363
1764081398814 0.6858753114938736 1364
1764081407190 0.6843691021203995 1365
1764081415554 0.6836280673742294 1366
1764081423951 0.6869066506624222 1367
1764081432386 0.6887147277593613 1368
1764081440789 0.6836494207382202 1369
1764081449303 0.6888302862644196 1370
1764081457672 0.683234840631485 1371
1764081466055 0.6866682171821594 1372
1764081474446 0.6830344945192337 1373
1764081482855 0.6848510801792145 1374
1764081491218 0.6845298260450363 1375
1764081499758 0.6855054050683975 1376
1764081508124 0.6833522915840149 1377
1764081516479 0.6847924739122391 1378
1764081524831 0.6850275993347168 1379
1764081533215 0.684341549873352 1380
1764081541644 0.6867703497409821 1381
1764081550007 0.682158961892128 1382
1764081558361 0.684022381901741 1383
1764081566728 0.6866170316934586 1384
1764081575092 0.6812944412231445 1385
1764081583459 0.6856542825698853 1386
1764081591832 0.6841425597667694 1387
1764081600194 0.6836559325456619 1388
1764081608571 0.6810865700244904 1389
1764081616978 0.6880610883235931 1390
1764081625356 0.6838908493518829 1391
1764081633746 0.6858475059270859 1392
1764081642117 0.684613436460495 1393
1764081650519 0.6871130466461182 1394
1764081658874 0.6832417398691177 1395
1764081667256 0.683922529220581 1396
1764081675620 0.6838041990995407 1397
1764081683984 0.686663493514061 1398
1764081692402 0.6862401068210602 1399
1764081700797 0.6863189488649368 1400
1764081709169 0.6846983432769775 1401
1764081717542 0.682023212313652 1402
1764081725935 0.6841000616550446 1403
1764081734301 0.6844903975725174 1404
1764081742813 0.6837804168462753 1405
1764081751193 0.6832625269889832 1406
1764081759572 0.685005396604538 1407
1764081767972 0.6866331398487091 1408
1764081776500 0.6864398270845413 1409
1764081784866 0.6850048303604126 1410
1764081793271 0.6861793249845505 1411
1764081801659 0.6834786832332611 1412
1764081810061 0.6828904002904892 1413
1764081818453 0.6855095475912094 1414
1764081826843 0.6833375096321106 1415
1764081835223 0.6863025277853012 1416
1764081843641 0.6833421885967255 1417
1764081851990 0.6835356950759888 1418
1764081860410 0.6874904483556747 1419
1764081868793 0.6830931156873703 1420
1764081877210 0.6846001297235489 1421
1764081885588 0.6834259927272797 1422
1764081893949 0.6833001375198364 1423
1764081902317 0.6843888461589813 1424
1764081910689 0.6842736154794693 1425
1764081919087 0.6863231658935547 1426
1764081927497 0.6851435899734497 1427
1764081935874 0.6869657933712006 1428
1764081944254 0.6858527213335037 1429
1764081952765 0.686806783080101 1430
1764081961164 0.6844438910484314 1431
1764081969552 0.6863721013069153 1432
1764081977971 0.6821600645780563 1433
1764081986428 0.6839036196470261 1434
1764081994814 0.682456448674202 1435
1764082003186 0.6841936707496643 1436
1764082011551 0.6844824552536011 1437
1764082019933 0.6829433739185333 1438
1764082028342 0.6866047382354736 1439
1764082036731 0.6865817159414291 1440
1764082045123 0.6872668415307999 1441
1764082053526 0.6858617812395096 1442
1764082061927 0.685132622718811 1443
1764082070343 0.6884971708059311 1444
1764082078720 0.6848904341459274 1445
1764082087074 0.6846456676721573 1446
1764082095451 0.6816573441028595 1447
1764082103847 0.682853102684021 1448
1764082112249 0.6824778020381927 1449
1764082120616 0.6797080188989639 1450
1764082129016 0.6872772723436356 1451
1764082137408 0.6817161291837692 1452
1764082145778 0.6866974085569382 1453
1764082154196 0.686856135725975 1454
1764082162591 0.685731366276741 1455
1764082170958 0.6857022941112518 1456
1764082179336 0.6845144331455231 1457
1764082187708 0.6835825592279434 1458
1764082196064 0.6827163547277451 1459
1764082204449 0.6838145107030869 1460
1764082212791 0.6822977364063263 1461
1764082221188 0.6836920976638794 1462
1764082229694 0.680125966668129 1463
1764082238055 0.6817416399717331 1464
1764082246412 0.6817902028560638 1465
1764082254797 0.6860988736152649 1466
1764082263219 0.6874638944864273 1467
1764082271619 0.6864378899335861 1468
1764082280019 0.682021290063858 1469
1764082288437 0.6839580088853836 1470
1764082296806 0.6871620118618011 1471
1764082305318 0.6835757791996002 1472
1764082313685 0.6849430203437805 1473
1764082322046 0.6809006333351135 1474
1764082330480 0.6834213435649872 1475
1764082338845 0.6826698184013367 1476
1764082347263 0.6849891394376755 1477
1764082355626 0.6857038885354996 1478
1764082364001 0.6848226338624954 1479
1764082372380 0.6883437782526016 1480
1764082380766 0.6872217953205109 1481
1764082389120 0.68256014585495 1482
1764082397488 0.6861521005630493 1483
1764082405892 0.6869917213916779 1484
1764082414254 0.6808549612760544 1485
1764082422655 0.6863878518342972 1486
1764082431061 0.6851020455360413 1487
1764082439489 0.6868583858013153 1488
1764082447875 0.6861459314823151 1489
1764082456230 0.6816669851541519 1490
1764082464563 0.6825844943523407 1491
1764082472978 0.685798242688179 1492
1764082481363 0.6834225058555603 1493
1764082489737 0.6866780668497086 1494
1764082498132 0.6851331293582916 1495
1764082506505 0.6838784664869308 1496
1764082514852 0.6855661273002625 1497
1764082523209 0.6853531152009964 1498
1764082531600 0.6860843002796173 1499
1764082539976 0.6848465800285339 1500
1764082548364 0.6866927742958069 1501
1764082556767 0.6865778863430023 1502
1764082565150 0.6861022114753723 1503
1764082573507 0.6834554821252823 1504
1764082582011 0.6870464384555817 1505
1764082590496 0.6848497986793518 1506
1764082598839 0.6850849539041519 1507
1764082607183 0.6860288381576538 1508
1764082615546 0.6859526336193085 1509
1764082623958 0.6855109930038452 1510
1764082632335 0.688800260424614 1511
1764082640743 0.6871563643217087 1512
1764082649159 0.6816751211881638 1513
1764082657673 0.6864761859178543 1514
1764082666027 0.6852969378232956 1515
1764082674397 0.6829013824462891 1516
1764082682756 0.6859369277954102 1517
1764082691099 0.687350869178772 1518
1764082699494 0.6850821375846863 1519
1764082707923 0.6865692287683487 1520
1764082716324 0.6864004880189896 1521
1764082724736 0.6861169189214706 1522
1764082733149 0.687127023935318 1523
1764082741554 0.6827133893966675 1524
1764082749952 0.6866268515586853 1525
1764082758317 0.6861833333969116 1526
1764082766684 0.6815104782581329 1527
1764082775066 0.6834053248167038 1528
1764082783432 0.6860970109701157 1529
1764082791799 0.6859851032495499 1530
1764082800177 0.6864381283521652 1531
1764082808582 0.6828315705060959 1532
1764082816951 0.6864625066518784 1533
1764082825303 0.6844909936189651 1534
1764082833672 0.6846102029085159 1535
1764082842116 0.6868267059326172 1536
1764082850540 0.6846446394920349 1537
1764082858925 0.6826608330011368 1538
1764082867419 0.6841161251068115 1539
1764082875809 0.6891147494316101 1540
1764082884195 0.686765268445015 1541
1764082892565 0.6881497800350189 1542
1764082900936 0.6881749182939529 1543
1764082909341 0.6856162846088409 1544
1764082917741 0.6850621402263641 1545
1764082926121 0.6815660297870636 1546
1764082934554 0.6848759651184082 1547
1764082942956 0.685980498790741 1548
1764082951320 0.6841529011726379 1549
1764082959696 0.6836045235395432 1550
1764082968082 0.6859446316957474 1551
1764082976492 0.687854677438736 1552
1764082984877 0.6842868030071259 1553
1764082993283 0.6866358816623688 1554
1764083001655 0.6848517209291458 1555
1764083010073 0.6842232644557953 1556
1764083018478 0.685493215918541 1557
1764083026882 0.6866773664951324 1558
1764083035254 0.6858762502670288 1559
1764083043644 0.687221109867096 1560
1764083052038 0.6847031265497208 1561
1764083060401 0.6858898550271988 1562
1764083068804 0.6821787059307098 1563
1764083077232 0.6837632954120636 1564
