1764923190248 2.622232437133789 5
1764923240726 2.622232437133789 10
1764923291602 2.622232437133789 15
1764923342366 2.622232437133789 20
1764923392705 2.622232437133789 25
1764923443278 2.622232437133789 30
1764923493897 2.622232437133789 35
1764923544321 2.622232437133789 40
1764923595022 2.622232437133789 45
1764923645951 2.622232437133789 50
1764923697226 2.622232437133789 55
1764923748076 2.622232437133789 60
1764923799110 2.622232437133789 65
1764923849497 2.622232437133789 70
1764923900300 2.622232437133789 75
1764923951391 2.622232437133789 80
1764924001944 2.622232437133789 85
1764924052653 2.622232437133789 90
1764924103602 2.622232437133789 95
1764924154575 2.622232437133789 100
1764924204823 2.622232437133789 105
1764924255482 2.622232437133789 110
1764924306241 2.622232437133789 115
1764924356812 2.622232437133789 120
1764924407641 2.622232437133789 125
1764924458499 2.622232437133789 130
1764924509008 2.622232437133789 135
1764924559908 2.622232437133789 140
1764924610957 2.622232437133789 145
1764924661597 2.622232437133789 150
1764924712560 2.622232437133789 155
1764924763197 2.622232437133789 160
1764924814063 2.622232437133789 165
1764924864719 2.622232437133789 170
1764924915570 2.622232437133789 175
1764924966313 2.622232437133789 180
1764925017027 2.622232437133789 185
1764925067758 2.622232437133789 190
1764925118148 2.622232437133789 195
1764925168734 2.622232437133789 200
1764925219301 2.622232437133789 205
1764925270212 2.622232437133789 210
1764925320877 2.622232437133789 215
1764925371371 2.622232437133789 220
1764925421926 2.622232437133789 225
1764925472731 2.622232437133789 230
1764925523409 2.622232437133789 235
1764925573999 2.622232437133789 240
1764925624708 2.622232437133789 245
1764925675436 2.622232437133789 250
1764925726049 2.622232437133789 255
1764925776988 2.622232437133789 260
1764925827482 2.622232437133789 265
1764925877934 2.622232437133789 270
1764925928811 2.622232437133789 275
1764925979381 2.622232437133789 280
1764926029855 2.622232437133789 285
1764926080626 2.622232437133789 290
1764926131177 2.622232437133789 295
1764926181639 2.622232437133789 300
1764926232279 2.622232437133789 305
1764926282900 2.622232437133789 310
1764926333658 2.622232437133789 315
1764926384295 2.622232437133789 320
1764926435190 2.622232437133789 325
1764926486050 2.622232437133789 330
1764926536586 2.622232437133789 335
1764926587560 2.622232437133789 340
1764926637880 2.622232437133789 345
1764926688682 2.622232437133789 350
1764926739703 2.622232437133789 355
1764926790425 2.622232437133789 360
1764926841335 2.622232437133789 365
1764926892230 2.622232437133789 370
1764926942635 2.622232437133789 375
1764926993200 2.622232437133789 380
1764927043762 2.622232437133789 385
1764927094381 2.622232437133789 390
1764927145488 2.622232437133789 395
1764927196195 2.622232437133789 400
1764927247105 2.622232437133789 405
1764927297813 2.622232437133789 410
1764927348331 2.622232437133789 415
1764927423632 2.622232437133789 420
1764927474900 2.622232437133789 425
1764927526242 2.622232437133789 430
1764927577513 2.622232437133789 435
1764927628619 2.622232437133789 440
1764927679630 2.622232437133789 445
1764927730330 2.622232437133789 450
1764927781127 2.622232437133789 455
1764927831806 2.622232437133789 460
1764927882719 2.622232437133789 465
1764927933179 2.622232437133789 470
1764927983818 2.622232437133789 475
1764928034531 2.622232437133789 480
1764928085069 2.622232437133789 485
1764928135655 2.622232437133789 490
1764928186378 2.622232437133789 495
1764928236894 2.622232437133789 500
1764928287488 2.622232437133789 505
1764928338218 2.622232437133789 510
1764928388864 2.622232437133789 515
1764928439489 2.622232437133789 520
1764928490112 2.622232437133789 525
1764928540817 2.622232437133789 530
1764928591599 2.622232437133789 535
1764928642786 2.622232437133789 540
1764928693638 2.622232437133789 545
1764928744267 2.622232437133789 550
1764928795125 2.622232437133789 555
1764928846031 2.622232437133789 560
1764928896601 2.622232437133789 565
1764928947779 2.622232437133789 570
1764928998863 2.622232437133789 575
1764929050179 2.622232437133789 580
1764929100989 2.622232437133789 585
1764929151510 2.622232437133789 590
1764929202393 2.622232437133789 595
1764929252887 2.622232437133789 600
1764929303444 2.622232437133789 605
1764929354348 2.622232437133789 610
1764929404682 2.622232437133789 615
1764929455436 2.622232437133789 620
1764929506246 2.622232437133789 625
1764929556485 2.622232437133789 630
1764929607386 2.622232437133789 635
1764929657994 2.622232437133789 640
1764929708813 2.622232437133789 645
1764929759564 2.622232437133789 650
1764929810321 2.622232437133789 655
1764929861060 2.622232437133789 660
1764929911967 2.622232437133789 665
1764929962532 2.622232437133789 670
1764930012971 2.622232437133789 675
1764930063529 2.622232437133789 680
1764930114235 2.622232437133789 685
1764930165044 2.622232437133789 690
1764930215650 2.622232437133789 695
1764930266636 2.622232437133789 700
1764930317373 2.622232437133789 705
1764930367726 2.622232437133789 710
1764930418537 2.622232437133789 715
1764930469155 2.622232437133789 720
1764930519898 2.622232437133789 725
1764930570974 2.622232437133789 730
1764930621636 2.622232437133789 735
1764930672401 2.622232437133789 740
1764930723209 2.622232437133789 745
1764930774032 2.622232437133789 750
1764930825469 2.622232437133789 755
1764930877124 2.622232437133789 760
1764930927723 2.622232437133789 765
1764930978654 2.622232437133789 770
1764931029360 2.622232437133789 775
1764931079828 2.622232437133789 780
1764931131222 2.622232437133789 785
1764931182146 2.622232437133789 790
1764931233148 2.622232437133789 795
1764931284088 2.622232437133789 800
1764931334915 2.622232437133789 805
1764931385465 2.622232437133789 810
1764931435997 2.622232437133789 815
1764931486884 2.622232437133789 820
1764931537383 2.622232437133789 825
1764931587820 2.622232437133789 830
1764931663031 2.622232437133789 835
1764931714169 2.622232437133789 840
1764931765410 2.622232437133789 845
1764931816544 2.622232437133789 850
1764931867690 2.622232437133789 855
1764931918914 2.622232437133789 860
1764931969773 2.622232437133789 865
1764932020599 2.622232437133789 870
1764932071174 2.622232437133789 875
1764932122230 2.622232437133789 880
1764932172808 2.622232437133789 885
1764932223455 2.622232437133789 890
1764932274184 2.622232437133789 895
1764932324894 2.622232437133789 900
1764932375589 2.622232437133789 905
1764932426281 2.622232437133789 910
1764932476992 2.622232437133789 915
1764932528038 2.622232437133789 920
1764932578941 2.622232437133789 925
1764932629581 2.622232437133789 930
1764932680440 2.622232437133789 935
1764932731260 2.622232437133789 940
1764932782039 2.622232437133789 945
1764932832889 2.622232437133789 950
1764932883467 2.622232437133789 955
1764932934175 2.622232437133789 960
1764932984621 2.622232437133789 965
1764933035100 2.622232437133789 970
1764933086062 2.622232437133789 975
1764933136601 2.622232437133789 980
1764933187352 2.622232437133789 985
1764933237861 2.622232437133789 990
1764933288346 2.622232437133789 995
1764933338904 2.622232437133789 1000
1764933389825 2.622232437133789 1005
1764933440354 2.622232437133789 1010
1764933490978 2.622232437133789 1015
1764933541530 2.622232437133789 1020
1764933592179 2.622232437133789 1025
1764933642748 2.622232437133789 1030
1764933693412 2.622232437133789 1035
1764933744029 2.622232437133789 1040
1764933794776 2.622232437133789 1045
1764933845334 2.622232437133789 1050
1764933896628 2.622232437133789 1055
1764933947470 2.622232437133789 1060
1764933997809 2.622232437133789 1065
1764934048228 2.622232437133789 1070
1764934098985 2.622232437133789 1075
1764934149874 2.622232437133789 1080
1764934200357 2.622232437133789 1085
1764934251301 2.622232437133789 1090
1764934302354 2.622232437133789 1095
1764934353025 2.622232437133789 1100
1764934403944 2.622232437133789 1105
1764934455084 2.622232437133789 1110
1764934506040 2.622232437133789 1115
1764934557104 2.622232437133789 1120
1764934608086 2.622232437133789 1125
1764934658983 2.622232437133789 1130
1764934709713 2.622232437133789 1135
1764934760388 2.622232437133789 1140
1764934811213 2.622232437133789 1145
1764934861833 2.622232437133789 1150
1764934912522 2.622232437133789 1155
1764934962695 2.622232437133789 1160
1764935013137 2.622232437133789 1165
1764935063700 2.622232437133789 1170
1764935114009 2.622232437133789 1175
1764935164371 2.622232437133789 1180
1764935215310 2.622232437133789 1185
1764935265765 2.622232437133789 1190
1764935316763 2.622232437133789 1195
1764935368300 2.622232437133789 1200
1764935419340 2.622232437133789 1205
1764935470588 2.622232437133789 1210
1764935521446 2.622232437133789 1215
1764935572154 2.622232437133789 1220
1764935622939 2.622232437133789 1225
1764935674056 2.622232437133789 1230
1764935724643 2.622232437133789 1235
1764935775749 2.622232437133789 1240
1764935826484 2.622232437133789 1245
1764935901113 2.622232437133789 1250
1764935952206 2.622232437133789 1255
1764936003577 2.622232437133789 1260
1764936055031 2.622232437133789 1265
1764936106171 2.622232437133789 1270
1764936157598 2.622232437133789 1275
1764936208675 2.622232437133789 1280
1764936259446 2.622232437133789 1285
1764936310580 2.622232437133789 1290
1764936361617 2.622232437133789 1295
1764936412820 2.622232437133789 1300
1764936463823 2.622232437133789 1305
1764936514818 2.622232437133789 1310
1764936565923 2.622232437133789 1315
1764936617137 2.622232437133789 1320
1764936667956 2.622232437133789 1325
1764936719118 2.622232437133789 1330
1764936769882 2.622232437133789 1335
1764936820750 2.622232437133789 1340
1764936871546 2.622232437133789 1345
1764936922653 2.622232437133789 1350
1764936973272 2.622232437133789 1355
1764937024236 2.622232437133789 1360
1764937074687 2.622232437133789 1365
1764937125419 2.622232437133789 1370
1764937176129 2.622232437133789 1375
1764937227000 2.622232437133789 1380
1764937277426 2.622232437133789 1385
1764937328217 2.622232437133789 1390
1764937378711 2.622232437133789 1395
1764937429566 2.622232437133789 1400
1764937480474 2.622232437133789 1405
1764937531196 2.622232437133789 1410
1764937581858 2.622232437133789 1415
1764937632917 2.622232437133789 1420
1764937683959 2.622232437133789 1425
1764937734802 2.622232437133789 1430
1764937785019 2.622232437133789 1435
1764937835615 2.622232437133789 1440
1764937886293 2.622232437133789 1445
1764937936899 2.622232437133789 1450
1764937987561 2.622232437133789 1455
1764938038020 2.622232437133789 1460
1764938088462 2.622232437133789 1465
1764938139106 2.622232437133789 1470
1764938189677 2.622232437133789 1475
1764938240473 2.622232437133789 1480
1764938291237 2.622232437133789 1485
1764938342115 2.622232437133789 1490
1764938393215 2.622232437133789 1495
1764938443693 2.622232437133789 1500
1764938494302 2.622232437133789 1505
1764938544917 2.622232437133789 1510
1764938595566 2.622232437133789 1515
1764938646527 2.622232437133789 1520
1764938697247 2.622232437133789 1525
1764938748041 2.622232437133789 1530
1764938798622 2.622232437133789 1535
1764938849608 2.622232437133789 1540
1764938900313 2.622232437133789 1545
1764938950896 2.622232437133789 1550
1764939001298 2.622232437133789 1555
1764939052099 2.622232437133789 1560
1764939102993 2.622232437133789 1565
1764939154123 2.622232437133789 1570
1764939204787 2.622232437133789 1575
1764939255303 2.622232437133789 1580
1764939306078 2.622232437133789 1585
1764939356933 2.622232437133789 1590
1764939407507 2.622232437133789 1595
1764939458096 2.622232437133789 1600
1764939508698 2.622232437133789 1605
1764939559861 2.622232437133789 1610
1764939610688 2.622232437133789 1615
1764939661515 2.622232437133789 1620
1764939712191 2.622232437133789 1625
1764939762875 2.622232437133789 1630
1764939813535 2.622232437133789 1635
1764939863984 2.622232437133789 1640
1764939914640 2.622232437133789 1645
1764939965817 2.622232437133789 1650
1764940016359 2.622232437133789 1655
1764940066849 2.622232437133789 1660
1764940117617 2.622232437133789 1665
1764940188028 2.622232437133789 1670
1764940238860 2.622232437133789 1675
1764940290030 2.622232437133789 1680
1764940340725 2.622232437133789 1685
1764940391439 2.622232437133789 1690
1764940442080 2.622232437133789 1695
1764940492693 2.622232437133789 1700
