1764100965620 37.41456699371338 1
1764100973971 37.41456699371338 2
1764100982346 37.41456699371338 3
1764100990721 37.41456699371338 4
1764100999119 37.41456699371338 5
1764101007541 37.41456699371338 6
1764101015993 37.41456699371338 7
1764101024442 37.41456699371338 8
1764101032879 37.41456699371338 9
1764101041338 37.41456699371338 10
1764101049795 37.41456699371338 11
1764101058207 37.41456699371338 12
1764101066647 37.41456699371338 13
1764101075079 37.41456699371338 14
1764101083534 37.41456699371338 15
1764101091964 37.41456699371338 16
1764101100429 37.41456699371338 17
1764101108860 37.41456699371338 18
1764101117253 37.41456699371338 19
1764101125677 37.41456699371338 20
1764101134067 37.41456699371338 21
1764101142458 37.41456699371338 22
1764101151059 37.41456699371338 23
1764101159462 37.41456699371338 24
1764101167879 37.41456699371338 25
1764101176296 37.41456699371338 26
1764101184706 37.41456699371338 27
1764101193293 37.41456699371338 28
1764101201647 37.41456699371338 29
1764101210047 37.41456699371338 30
1764101218436 37.41456699371338 31
1764101226831 37.41456699371338 32
1764101235237 37.41456699371338 33
1764101243630 37.41456699371338 34
1764101252036 37.41456699371338 35
1764101260434 37.41456699371338 36
1764101268832 37.41456699371338 37
1764101277238 37.41456699371338 38
1764101285640 37.41456699371338 39
1764101294041 37.41456699371338 40
1764101302409 37.41456699371338 41
1764101310769 37.41456699371338 42
1764101319135 37.41456699371338 43
1764101327559 37.41456699371338 44
1764101335944 37.41456699371338 45
1764101344349 37.41456699371338 46
1764101352729 37.41456699371338 47
1764101361092 37.41456699371338 48
1764101369482 37.41456699371338 49
1764101377835 37.41456699371338 50
1764101386198 37.41456699371338 51
1764101394576 37.41456699371338 52
1764101402982 37.41456699371338 53
1764101411330 37.41456699371338 54
1764101419729 37.41456699371338 55
1764101428206 37.41456699371338 56
1764101436569 37.41456699371338 57
1764101444989 37.41456699371338 58
1764101453382 37.41456699371338 59
1764101461762 37.41456699371338 60
1764101470141 37.41456699371338 61
1764101478510 37.41456699371338 62
1764101486907 37.41456699371338 63
1764101495305 37.41456699371338 64
1764101503716 37.41456699371338 65
1764101512078 37.41456699371338 66
1764101520463 37.41456699371338 67
1764101528836 37.41456699371338 68
1764101537219 37.41456699371338 69
1764101545578 37.41456699371338 70
1764101553963 37.41456699371338 71
1764101562333 37.41456699371338 72
1764101570701 37.41456699371338 73
1764101579130 37.41456699371338 74
1764101587526 37.41456699371338 75
1764101595922 37.41456699371338 76
1764101604291 37.41456699371338 77
1764101612642 37.41456699371338 78
1764101621002 37.41456699371338 79
1764101629369 37.41456699371338 80
1764101637722 37.41456699371338 81
1764101646089 37.41456699371338 82
1764101654487 37.41456699371338 83
1764101662858 37.41456699371338 84
1764101671226 37.41456699371338 85
1764101679614 37.41456699371338 86
1764101688009 37.41456699371338 87
1764101696359 37.41456699371338 88
1764101704724 37.41456699371338 89
1764101713100 37.41456699371338 90
1764101721491 37.41456699371338 91
1764101729896 37.41456699371338 92
1764101738283 37.41456699371338 93
1764101746684 37.41456699371338 94
1764101755056 37.41456699371338 95
1764101763442 37.41456699371338 96
1764101771832 37.41456699371338 97
1764101780211 37.41456699371338 98
1764101788621 37.41456699371338 99
1764101797002 37.41456699371338 100
1764101805412 37.41456699371338 101
1764101813784 37.41456699371338 102
1764101822170 37.41456699371338 103
1764101830578 37.41456699371338 104
1764101838965 37.41456699371338 105
1764101847337 37.41456699371338 106
1764101855712 37.41456699371338 107
1764101864105 37.41456699371338 108
1764101872485 37.41456699371338 109
1764101880900 37.41456699371338 110
1764101889262 37.41456699371338 111
1764101897645 37.41456699371338 112
1764101906057 37.41456699371338 113
1764101914429 37.41456699371338 114
1764101922809 37.41456699371338 115
1764101931183 37.41456699371338 116
1764101939611 37.41456699371338 117
1764101948013 37.41456699371338 118
1764101956390 37.41456699371338 119
1764101964778 37.41456699371338 120
1764101973131 37.41456699371338 121
1764101981538 37.41456699371338 122
1764101989910 37.41456699371338 123
1764101998294 37.41456699371338 124
1764102006673 37.41456699371338 125
1764102015149 37.41456699371338 126
1764102023512 37.41456699371338 127
1764102031903 37.41456699371338 128
1764102040290 37.41456699371338 129
1764102048676 37.41456699371338 130
1764102057190 37.41456699371338 131
1764102065543 37.41456699371338 132
1764102074050 37.41456699371338 133
1764102082445 37.41456699371338 134
1764102090812 37.41456699371338 135
1764102099204 37.41456699371338 136
1764102107588 37.41456699371338 137
1764102115955 37.41456699371338 138
1764102124312 37.41456699371338 139
1764102132654 37.41456699371338 140
1764102141046 37.41456699371338 141
1764102149418 37.41456699371338 142
1764102157812 37.41456699371338 143
1764102166170 37.41456699371338 144
1764102174532 37.41456699371338 145
1764102182917 37.41456699371338 146
1764102191299 37.41456699371338 147
1764102199659 37.41456699371338 148
1764102208054 37.41456699371338 149
1764102216431 37.41456699371338 150
1764102224819 37.41456699371338 151
1764102233212 37.41456699371338 152
1764102241614 37.41456699371338 153
1764102250008 37.41456699371338 154
1764102258394 37.41456699371338 155
1764102266770 37.41456699371338 156
1764102275167 37.41456699371338 157
1764102283548 37.41456699371338 158
1764102291981 37.41456699371338 159
1764102300373 37.41456699371338 160
1764102308772 37.41456699371338 161
1764102317153 37.41456699371338 162
1764102325534 37.41456699371338 163
1764102333931 37.41456699371338 164
1764102342324 37.41456699371338 165
1764102350721 37.41456699371338 166
1764102359091 37.41456699371338 167
1764102367475 37.41456699371338 168
1764102375891 37.41456699371338 169
1764102384281 37.41456699371338 170
1764102392686 37.41456699371338 171
1764102401081 37.41456699371338 172
1764102409444 37.41456699371338 173
1764102417862 37.41456699371338 174
1764102426252 37.41456699371338 175
1764102434648 37.41456699371338 176
1764102443080 37.41456699371338 177
1764102451454 37.41456699371338 178
1764102459822 37.41456699371338 179
1764102468204 37.41456699371338 180
1764102476595 37.41456699371338 181
1764102484940 37.41456699371338 182
1764102493306 37.41456699371338 183
1764102501674 37.41456699371338 184
1764102510043 37.41456699371338 185
1764102518573 37.41456699371338 186
1764102526972 37.41456699371338 187
1764102535367 37.41456699371338 188
1764102543738 37.41456699371338 189
1764102552253 37.41456699371338 190
1764102560649 37.41456699371338 191
1764102569011 37.41456699371338 192
1764102577544 37.41456699371338 193
1764102585943 37.41456699371338 194
1764102594318 37.41456699371338 195
1764102602704 37.41456699371338 196
1764102611106 37.41456699371338 197
1764102619503 37.41456699371338 198
1764102627888 37.41456699371338 199
1764102636294 37.41456699371338 200
1764102644688 37.41456699371338 201
1764102653060 37.41456699371338 202
1764102661428 37.41456699371338 203
1764102669821 37.41456699371338 204
1764102678238 37.41456699371338 205
1764102686634 37.41456699371338 206
1764102695039 37.41456699371338 207
1764102703392 37.41456699371338 208
1764102711786 37.41456699371338 209
1764102720164 37.41456699371338 210
1764102728493 37.41456699371338 211
1764102736899 37.41456699371338 212
1764102745297 37.41456699371338 213
1764102753690 37.41456699371338 214
1764102762091 37.41456699371338 215
1764102770477 37.41456699371338 216
1764102778858 37.41456699371338 217
1764102787242 37.41456699371338 218
1764102795606 37.41456699371338 219
1764102804034 37.41456699371338 220
1764102812420 37.41456699371338 221
1764102820790 37.41456699371338 222
1764102829178 37.41456699371338 223
1764102837562 37.41456699371338 224
1764102845942 37.41456699371338 225
1764102854332 37.41456699371338 226
1764102862696 37.41456699371338 227
1764102871218 37.41456699371338 228
1764102879602 37.41456699371338 229
1764102887979 37.41456699371338 230
1764102896342 37.41456699371338 231
1764102904832 37.41456699371338 232
1764102913211 37.41456699371338 233
1764102921582 37.41456699371338 234
1764102930108 37.41456699371338 235
1764102938524 37.41456699371338 236
1764102946889 37.41456699371338 237
1764102955278 37.41456699371338 238
1764102963639 37.41456699371338 239
1764102972023 37.41456699371338 240
1764102980401 37.41456699371338 241
1764102988813 37.41456699371338 242
1764102997243 37.41456699371338 243
1764103005613 37.41456699371338 244
1764103014005 37.41456699371338 245
1764103022354 37.41456699371338 246
1764103030713 37.41456699371338 247
1764103039135 37.41456699371338 248
1764103047494 37.41456699371338 249
1764103055871 37.41456699371338 250
1764103064276 37.41456699371338 251
1764103072641 37.41456699371338 252
1764103081090 37.41456699371338 253
1764103089489 37.41456699371338 254
1764103097869 37.41456699371338 255
1764103106269 37.41456699371338 256
1764103114670 37.41456699371338 257
1764103123041 37.41456699371338 258
1764103131429 37.41456699371338 259
1764103139782 37.41456699371338 260
1764103148183 37.41456699371338 261
1764103156693 37.41456699371338 262
1764103165099 37.41456699371338 263
1764103173456 37.41456699371338 264
1764103181977 37.41456699371338 265
1764103190336 37.41456699371338 266
1764103198729 37.41456699371338 267
1764103207247 37.41456699371338 268
1764103215633 37.41456699371338 269
1764103224049 37.41456699371338 270
1764103232434 37.41456699371338 271
1764103240815 37.41456699371338 272
1764103249157 37.41456699371338 273
1764103257524 37.41456699371338 274
1764103265888 37.41456699371338 275
1764103274247 37.41456699371338 276
1764103282628 37.41456699371338 277
1764103291029 37.41456699371338 278
1764103299405 37.41456699371338 279
1764103307775 37.41456699371338 280
1764103316139 37.41456699371338 281
1764103324517 37.41456699371338 282
1764103332875 37.41456699371338 283
1764103341295 37.41456699371338 284
1764103349649 37.41456699371338 285
1764103358019 37.41456699371338 286
1764103366430 37.41456699371338 287
1764103374843 37.41456699371338 288
1764103383234 37.41456699371338 289
1764103391602 37.41456699371338 290
1764103399986 37.41456699371338 291
1764103408356 37.41456699371338 292
1764103416745 37.41456699371338 293
1764103425111 37.41456699371338 294
1764103433506 37.41456699371338 295
1764103441906 37.41456699371338 296
1764103450277 37.41456699371338 297
1764103458643 37.41456699371338 298
1764103467050 37.41456699371338 299
1764103475443 37.41456699371338 300
1764103483799 37.41456699371338 301
1764103492175 37.41456699371338 302
1764103500571 37.41456699371338 303
1764103508988 37.41456699371338 304
1764103517420 37.41456699371338 305
1764103525791 37.41456699371338 306
1764103534174 37.41456699371338 307
1764103542572 37.41456699371338 308
1764103550942 37.41456699371338 309
1764103559311 37.41456699371338 310
1764103567679 37.41456699371338 311
1764103576068 37.41456699371338 312
1764103640609 37.41456747055054 314
1764103648978 37.41456747055054 315
1764103657363 37.41456747055054 316
1764103665755 37.41456747055054 317
1764103674151 37.41456747055054 318
1764103682576 37.41456747055054 319
1764103690974 37.41456747055054 320
1764103699386 37.41456747055054 321
1764103707790 37.41456747055054 322
1764103716188 37.41456747055054 323
1764103724631 37.41456747055054 324
1764103733044 37.41456747055054 325
1764103741476 37.41456747055054 326
1764103749923 37.41456747055054 327
1764103758343 37.41456747055054 328
1764103766934 37.41456747055054 329
1764103775352 37.41456747055054 330
1764103783773 37.41456747055054 331
1764103792173 37.41456747055054 332
1764103800595 37.41456747055054 333
1764103808995 37.41456747055054 334
1764103817419 37.41456747055054 335
1764103825835 37.41456747055054 336
1764103834272 37.41456747055054 337
1764103842653 37.41456747055054 338
1764103851059 37.41456747055054 339
1764103859487 37.41456747055054 340
1764103867882 37.41456747055054 341
1764103876276 37.41456747055054 342
1764103884652 37.41456747055054 343
1764103893050 37.41456747055054 344
1764103901607 37.41456747055054 345
1764103909975 37.41456747055054 346
1764103918347 37.41456747055054 347
1764103926974 37.41456747055054 348
1764103935364 37.41456747055054 349
1764103943757 37.41456747055054 350
1764103952156 37.41456747055054 351
1764103960575 37.41456747055054 352
1764103968990 37.41456747055054 353
1764103977396 37.41456747055054 354
1764103985818 37.41456747055054 355
1764103994211 37.41456747055054 356
1764104002610 37.41456747055054 357
1764104011006 37.41456747055054 358
1764104019429 37.41456747055054 359
1764104027837 37.41456747055054 360
1764104036213 37.41456747055054 361
1764104044649 37.41456747055054 362
1764104053040 37.41456747055054 363
1764104061464 37.41456747055054 364
1764104069862 37.41456747055054 365
1764104078250 37.41456747055054 366
1764104086655 37.41456747055054 367
1764104095071 37.41456747055054 368
1764104103470 37.41456747055054 369
1764104111850 37.41456747055054 370
1764104120231 37.41456747055054 371
1764104128637 37.41456747055054 372
1764104137020 37.41456747055054 373
1764104145400 37.41456747055054 374
1764104153798 37.41456747055054 375
1764104162220 37.41456747055054 376
1764104170625 37.41456747055054 377
1764104179007 37.41456747055054 378
1764104187384 37.41456747055054 379
1764104195760 37.41456747055054 380
1764104204137 37.41456747055054 381
1764104212558 37.41456747055054 382
1764104220957 37.41456747055054 383
1764104229336 37.41456747055054 384
1764104237736 37.41456747055054 385
1764104246135 37.41456747055054 386
1764104254646 37.41456747055054 387
1764104263011 37.41456747055054 388
1764104271407 37.41456747055054 389
1764104279939 37.41456747055054 390
1764104288300 37.41456747055054 391
1764104296710 37.41456747055054 392
1764104305110 37.41456747055054 393
1764104313496 37.41456747055054 394
1764104321859 37.41456747055054 395
1764104330248 37.41456747055054 396
1764104338622 37.41456747055054 397
1764104347038 37.41456747055054 398
1764104355431 37.41456747055054 399
1764104363848 37.41456747055054 400
1764104372226 37.41456747055054 401
1764104380560 37.41456747055054 402
1764104388939 37.41456747055054 403
1764104397310 37.41456747055054 404
1764104405673 37.41456747055054 405
1764104414055 37.41456747055054 406
1764104422445 37.41456747055054 407
1764104430847 37.41456747055054 408
1764104439226 37.41456747055054 409
1764104447628 37.41456747055054 410
1764104456030 37.41456747055054 411
1764104464403 37.41456747055054 412
1764104472805 37.41456747055054 413
1764104481181 37.41456747055054 414
1764104489539 37.41456747055054 415
1764104497938 37.41456747055054 416
1764104506352 37.41456747055054 417
1764104514726 37.41456747055054 418
1764104523101 37.41456747055054 419
1764104531607 37.41456747055054 420
1764104540000 37.41456747055054 421
1764104548362 37.41456747055054 422
1764104556891 37.41456747055054 423
1764104565250 37.41456747055054 424
1764104573639 37.41456747055054 425
1764104582034 37.41456747055054 426
1764104590459 37.41456747055054 427
1764104598804 37.41456747055054 428
1764104607208 37.41456747055054 429
1764104615629 37.41456747055054 430
1764104624003 37.41456747055054 431
1764104632397 37.41456747055054 432
1764104640884 37.41456747055054 433
1764104649240 37.41456747055054 434
1764104657614 37.41456747055054 435
1764104665984 37.41456747055054 436
1764104674368 37.41456747055054 437
1764104682733 37.41456747055054 438
1764104691121 37.41456747055054 439
1764104699508 37.41456747055054 440
1764104707855 37.41456747055054 441
1764104716243 37.41456747055054 442
1764104724629 37.41456747055054 443
1764104733004 37.41456747055054 444
1764104741378 37.41456747055054 445
1764104749740 37.41456747055054 446
1764104758090 37.41456747055054 447
1764104766483 37.41456747055054 448
1764104774843 37.41456747055054 449
1764104783210 37.41456747055054 450
1764104791559 37.41456747055054 451
1764104799953 37.41456747055054 452
1764104808333 37.41456747055054 453
1764104816761 37.41456747055054 454
1764104825164 37.41456747055054 455
1764104833575 37.41456747055054 456
1764104841951 37.41456747055054 457
1764104850333 37.41456747055054 458
1764104858709 37.41456747055054 459
1764104867077 37.41456747055054 460
1764104875468 37.41456747055054 461
1764104883900 37.41456747055054 462
1764104892243 37.41456747055054 463
1764104900627 37.41456747055054 464
1764104909040 37.41456747055054 465
1764104917443 37.41456747055054 466
1764104925840 37.41456747055054 467
1764104934232 37.41456747055054 468
1764104942601 37.41456747055054 469
1764104950971 37.41456747055054 470
1764104959374 37.41456747055054 471
1764104967782 37.41456747055054 472
1764104976157 37.41456747055054 473
1764104984570 37.41456747055054 474
1764104992951 37.41456747055054 475
1764105001308 37.41456747055054 476
1764105009688 37.41456747055054 477
1764105018074 37.41456747055054 478
1764105026428 37.41456747055054 479
1764105034810 37.41456747055054 480
1764105043221 37.41456747055054 481
1764105051622 37.41456747055054 482
1764105059982 37.41456747055054 483
1764105068350 37.41456747055054 484
1764105076713 37.41456747055054 485
1764105085127 37.41456747055054 486
1764105093529 37.41456747055054 487
1764105101922 37.41456747055054 488
1764105110308 37.41456747055054 489
1764105118723 37.41456747055054 490
1764105127098 37.41456747055054 491
1764105135488 37.41456747055054 492
1764105143994 37.41456747055054 493
1764105152375 37.41456747055054 494
1764105160748 37.41456747055054 495
1764105169139 37.41456747055054 496
1764105177506 37.41456747055054 497
1764105185916 37.41456747055054 498
1764105194318 37.41456747055054 499
1764105202679 37.41456747055054 500
1764105211074 37.41456747055054 501
1764105219436 37.41456747055054 502
1764105227831 37.41456747055054 503
1764105236218 37.41456747055054 504
1764105244617 37.41456747055054 505
1764105253044 37.41456747055054 506
1764105261452 37.41456747055054 507
1764105269839 37.41456747055054 508
1764105278222 37.41456747055054 509
1764105286640 37.41456747055054 510
1764105295021 37.41456747055054 511
1764105303424 37.41456747055054 512
1764105311820 37.41456747055054 513
1764105320177 37.41456747055054 514
1764105328577 37.41456747055054 515
1764105336956 37.41456747055054 516
1764105345349 37.41456747055054 517
1764105353724 37.41456747055054 518
1764105362115 37.41456747055054 519
1764105370490 37.41456747055054 520
1764105378872 37.41456747055054 521
1764105387238 37.41456747055054 522
1764105395628 37.41456747055054 523
1764105404162 37.41456747055054 524
1764105412530 37.41456747055054 525
1764105420920 37.41456747055054 526
1764105429268 37.41456747055054 527
1764105437831 37.41456747055054 528
1764105446223 37.41456747055054 529
1764105454591 37.41456747055054 530
1764105462959 37.41456747055054 531
1764105471309 37.41456747055054 532
1764105479691 37.41456747055054 533
1764105488079 37.41456747055054 534
1764105496609 37.41456747055054 535
1764105505005 37.41456747055054 536
1764105513387 37.41456747055054 537
1764105521761 37.41456747055054 538
1764105530154 37.41456747055054 539
1764105538532 37.41456747055054 540
1764105546902 37.41456747055054 541
1764105555353 37.41456747055054 542
1764105563713 37.41456747055054 543
1764105572066 37.41456747055054 544
1764105580438 37.41456747055054 545
1764105588816 37.41456747055054 546
1764105597199 37.41456747055054 547
1764105605578 37.41456747055054 548
1764105613951 37.41456747055054 549
1764105622348 37.41456747055054 550
1764105630717 37.41456747055054 551
1764105639070 37.41456747055054 552
1764105647451 37.41456747055054 553
1764105655823 37.41456747055054 554
1764105664184 37.41456747055054 555
1764105672548 37.41456747055054 556
1764105680959 37.41456747055054 557
1764105689347 37.41456747055054 558
1764105697720 37.41456747055054 559
1764105706090 37.41456747055054 560
1764105714456 37.41456747055054 561
1764105722838 37.41456747055054 562
1764105731201 37.41456747055054 563
1764105739587 37.41456747055054 564
1764105748000 37.41456747055054 565
1764105756440 37.41456747055054 566
1764105764821 37.41456747055054 567
1764105773323 37.41456747055054 568
1764105781731 37.41456747055054 569
1764105790131 37.41456747055054 570
1764105798504 37.41456747055054 571
1764105806882 37.41456747055054 572
1764105815257 37.41456747055054 573
1764105823664 37.41456747055054 574
1764105832107 37.41456747055054 575
1764105840503 37.41456747055054 576
1764105848878 37.41456747055054 577
1764105857266 37.41456747055054 578
1764105865650 37.41456747055054 579
1764105874015 37.41456747055054 580
1764105882383 37.41456747055054 581
1764105890881 37.41456747055054 582
1764105899279 37.41456747055054 583
1764105907677 37.41456747055054 584
1764105916112 37.41456747055054 585
1764105924514 37.41456747055054 586
1764105932890 37.41456747055054 587
1764105941446 37.41456747055054 588
1764105949817 37.41456747055054 589
1764105958224 37.41456747055054 590
1764105966607 37.41456747055054 591
1764105975011 37.41456747055054 592
1764105983375 37.41456747055054 593
1764105991775 37.41456747055054 594
1764106000185 37.41456747055054 595
1764106008566 37.41456747055054 596
1764106016952 37.41456747055054 597
1764106025311 37.41456747055054 598
1764106033674 37.41456747055054 599
1764106042065 37.41456747055054 600
1764106050484 37.41456747055054 601
1764106058853 37.41456747055054 602
1764106067270 37.41456747055054 603
1764106075650 37.41456747055054 604
1764106084020 37.41456747055054 605
1764106092416 37.41456747055054 606
1764106100807 37.41456747055054 607
1764106109194 37.41456747055054 608
1764106117553 37.41456747055054 609
1764106125950 37.41456747055054 610
1764106134340 37.41456747055054 611
1764106142692 37.41456747055054 612
1764106151053 37.41456747055054 613
1764106159456 37.41456747055054 614
1764106167818 37.41456747055054 615
1764106176189 37.41456747055054 616
1764106184559 37.41456747055054 617
1764106192929 37.41456747055054 618
1764106201352 37.41456747055054 619
1764106209725 37.41456747055054 620
1764106218099 37.41456747055054 621
1764106226469 37.41456747055054 622
1764106234846 37.41456747055054 623
1764106243331 37.41456747055054 624
1764106251704 37.41456747055054 625
1764106316267 37.41456747055054 627
1764106324681 37.41456747055054 628
1764106333215 37.41456747055054 629
1764106341592 37.41456747055054 630
1764106349943 37.41456747055054 631
1764106358320 37.41456747055054 632
1764106366714 37.41456747055054 633
1764106375097 37.41456747055054 634
1764106383485 37.41456747055054 635
1764106391893 37.41456747055054 636
1764106400339 37.41456747055054 637
1764106408770 37.41456747055054 638
1764106417196 37.41456747055054 639
1764106425977 37.41456747055054 640
1764106434366 37.41456747055054 641
1764106442741 37.41456747055054 642
1764106451163 37.41456747055054 643
1764106459605 37.41456747055054 644
1764106468036 37.41456747055054 645
1764106476448 37.41456747055054 646
1764106484852 37.41456747055054 647
1764106493230 37.41456747055054 648
1764106501650 37.41456747055054 649
1764106510029 37.41456747055054 650
1764106518411 37.41456747055054 651
1764106526828 37.41456747055054 652
1764106535249 37.41456747055054 653
1764106543620 37.41456747055054 654
1764106552039 37.41456747055054 655
1764106560400 37.41456747055054 656
1764106568817 37.41456747055054 657
1764106577239 37.41456747055054 658
1764106585610 37.41456747055054 659
1764106594013 37.41456747055054 660
1764106602386 37.41456747055054 661
1764106610793 37.41456747055054 662
1764106619174 37.41456747055054 663
1764106627533 37.41456747055054 664
1764106635928 37.41456747055054 665
1764106644305 37.41456747055054 666
1764106652720 37.41456747055054 667
1764106661107 37.41456747055054 668
1764106669471 37.41456747055054 669
1764106677850 37.41456747055054 670
1764106686236 37.41456747055054 671
1764106694617 37.41456747055054 672
1764106703017 37.41456747055054 673
1764106711386 37.41456747055054 674
1764106719757 37.41456747055054 675
1764106728188 37.41456747055054 676
1764106736610 37.41456747055054 677
1764106744982 37.41456747055054 678
1764106753357 37.41456747055054 679
1764106761714 37.41456747055054 680
1764106770134 37.41456747055054 681
1764106778539 37.41456747055054 682
1764106786908 37.41456747055054 683
1764106795291 37.41456747055054 684
1764106803696 37.41456747055054 685
1764106812057 37.41456747055054 686
1764106820456 37.41456747055054 687
1764106828839 37.41456747055054 688
1764106837224 37.41456747055054 689
1764106845595 37.41456747055054 690
1764106854015 37.41456747055054 691
1764106862383 37.41456747055054 692
1764106870773 37.41456747055054 693
1764106879154 37.41456747055054 694
1764106887558 37.41456747055054 695
1764106895923 37.41456747055054 696
1764106904334 37.41456747055054 697
1764106912693 37.41456747055054 698
1764106921049 37.41456747055054 699
1764106929411 37.41456747055054 700
1764106937772 37.41456747055054 701
1764106946157 37.41456747055054 702
1764106954523 37.41456747055054 703
1764106962894 37.41456747055054 704
1764106971287 37.41456747055054 705
1764106979658 37.41456747055054 706
1764106988042 37.41456747055054 707
1764106996442 37.41456747055054 708
1764107004815 37.41456747055054 709
1764107013233 37.41456747055054 710
1764107021609 37.41456747055054 711
1764107029970 37.41456747055054 712
1764107038362 37.41456747055054 713
1764107046753 37.41456747055054 714
1764107055134 37.41456747055054 715
1764107063579 37.41456747055054 716
1764107071967 37.41456747055054 717
1764107080347 37.41456747055054 718
1764107088720 37.41456747055054 719
1764107097091 37.41456747055054 720
1764107105478 37.41456747055054 721
1764107113861 37.41456747055054 722
1764107122200 37.41456747055054 723
1764107130593 37.41456747055054 724
1764107139115 37.41456747055054 725
1764107147483 37.41456747055054 726
1764107155865 37.41456747055054 727
1764107164239 37.41456747055054 728
1764107172633 37.41456747055054 729
1764107181011 37.41456747055054 730
1764107189402 37.41456747055054 731
1764107197810 37.41456747055054 732
1764107206168 37.41456747055054 733
1764107214677 37.41456747055054 734
1764107223087 37.41456747055054 735
1764107231479 37.41456747055054 736
1764107239850 37.41456747055054 737
1764107248218 37.41456747055054 738
1764107256600 37.41456747055054 739
1764107264986 37.41456747055054 740
1764107273351 37.41456747055054 741
1764107281727 37.41456747055054 742
1764107290130 37.41456747055054 743
1764107298623 37.41456747055054 744
1764107307052 37.41456747055054 745
1764107315429 37.41456747055054 746
1764107323795 37.41456747055054 747
1764107332168 37.41456747055054 748
1764107340536 37.41456747055054 749
1764107348928 37.41456747055054 750
1764107357263 37.41456747055054 751
1764107365622 37.41456747055054 752
1764107374022 37.41456747055054 753
1764107382403 37.41456747055054 754
1764107390792 37.41456747055054 755
1764107399177 37.41456747055054 756
1764107407571 37.41456747055054 757
1764107415961 37.41456747055054 758
1764107424350 37.41456747055054 759
1764107432743 37.41456747055054 760
1764107441175 37.41456747055054 761
1764107449565 37.41456747055054 762
1764107457958 37.41456747055054 763
1764107466334 37.41456747055054 764
1764107474707 37.41456747055054 765
1764107483133 37.41456747055054 766
1764107491516 37.41456747055054 767
1764107499875 37.41456747055054 768
1764107508271 37.41456747055054 769
1764107516717 37.41456747055054 770
1764107525091 37.41456747055054 771
1764107533487 37.41456747055054 772
1764107541848 37.41456747055054 773
1764107550245 37.41456747055054 774
1764107558653 37.41456747055054 775
1764107566993 37.41456747055054 776
1764107575383 37.41456747055054 777
1764107583752 37.41456747055054 778
1764107592112 37.41456747055054 779
1764107600528 37.41456747055054 780
1764107608911 37.41456747055054 781
1764107617286 37.41456747055054 782
1764107625665 37.41456747055054 783
1764107634173 37.41456747055054 784
1764107642565 37.41456747055054 785
1764107650947 37.41456747055054 786
1764107659340 37.41456747055054 787
1764107667720 37.41456747055054 788
1764107676089 37.41456747055054 789
1764107684459 37.41456747055054 790
1764107692837 37.41456747055054 791
1764107701200 37.41456747055054 792
1764107709609 37.41456747055054 793
1764107718110 37.41456747055054 794
1764107726482 37.41456747055054 795
1764107734855 37.41456747055054 796
1764107743254 37.41456747055054 797
1764107751613 37.41456747055054 798
1764107759972 37.41456747055054 799
1764107768329 37.41456747055054 800
1764107776710 37.41456747055054 801
1764107785125 37.41456747055054 802
1764107793511 37.41456747055054 803
1764107801998 37.41456747055054 804
1764107810407 37.41456747055054 805
1764107818788 37.41456747055054 806
1764107827162 37.41456747055054 807
1764107835542 37.41456747055054 808
1764107843942 37.41456747055054 809
1764107852324 37.41456747055054 810
1764107860711 37.41456747055054 811
1764107869082 37.41456747055054 812
1764107877496 37.41456747055054 813
1764107885879 37.41456747055054 814
1764107894241 37.41456747055054 815
1764107902632 37.41456747055054 816
1764107910995 37.41456747055054 817
1764107919409 37.41456747055054 818
1764107927775 37.41456747055054 819
1764107936120 37.41456747055054 820
1764107944519 37.41456747055054 821
1764107952937 37.41456747055054 822
1764107961325 37.41456747055054 823
1764107969727 37.41456747055054 824
1764107978113 37.41456747055054 825
1764107986612 37.41456747055054 826
1764107995018 37.41456747055054 827
1764108003396 37.41456747055054 828
1764108011789 37.41456747055054 829
1764108020164 37.41456747055054 830
1764108028527 37.41456747055054 831
1764108036987 37.41456747055054 832
1764108045385 37.41456747055054 833
1764108053756 37.41456747055054 834
1764108062108 37.41456747055054 835
1764108070635 37.41456747055054 836
1764108079061 37.41456747055054 837
1764108087452 37.41456747055054 838
1764108095831 37.41456747055054 839
1764108104220 37.41456747055054 840
1764108112599 37.41456747055054 841
1764108121005 37.41456747055054 842
1764108129389 37.41456747055054 843
1764108137801 37.41456747055054 844
1764108146167 37.41456747055054 845
1764108154696 37.41456747055054 846
1764108163074 37.41456747055054 847
1764108171454 37.41456747055054 848
1764108179876 37.41456747055054 849
1764108188260 37.41456747055054 850
1764108196634 37.41456747055054 851
1764108205005 37.41456747055054 852
1764108213365 37.41456747055054 853
1764108221809 37.41456747055054 854
1764108230187 37.41456747055054 855
1764108238568 37.41456747055054 856
1764108246962 37.41456747055054 857
1764108255407 37.41456747055054 858
1764108263873 37.41456747055054 859
1764108272259 37.41456747055054 860
1764108280636 37.41456747055054 861
1764108289028 37.41456747055054 862
1764108297416 37.41456747055054 863
1764108305800 37.41456747055054 864
1764108314195 37.41456747055054 865
1764108322596 37.41456747055054 866
1764108330983 37.41456747055054 867
1764108339383 37.41456747055054 868
1764108347761 37.41456747055054 869
1764108356298 37.41456747055054 870
1764108364723 37.41456747055054 871
1764108373112 37.41456747055054 872
1764108381515 37.41456747055054 873
1764108389901 37.41456747055054 874
1764108398307 37.41456747055054 875
1764108406701 37.41456747055054 876
1764108415070 37.41456747055054 877
1764108423440 37.41456747055054 878
1764108431963 37.41456747055054 879
1764108440357 37.41456747055054 880
1764108448754 37.41456747055054 881
1764108457155 37.41456747055054 882
1764108465577 37.41456747055054 883
1764108473943 37.41456747055054 884
1764108482344 37.41456747055054 885
1764108490714 37.41456747055054 886
1764108499096 37.41456747055054 887
1764108507495 37.41456747055054 888
1764108515892 37.41456747055054 889
1764108524262 37.41456747055054 890
1764108532656 37.41456747055054 891
1764108541044 37.41456747055054 892
1764108549444 37.41456747055054 893
1764108557844 37.41456747055054 894
1764108566216 37.41456747055054 895
1764108574591 37.41456747055054 896
1764108582987 37.41456747055054 897
1764108591361 37.41456747055054 898
1764108599797 37.41456747055054 899
1764108608209 37.41456747055054 900
1764108616590 37.41456747055054 901
1764108624954 37.41456747055054 902
1764108633334 37.41456747055054 903
1764108641700 37.41456747055054 904
1764108650070 37.41456747055054 905
1764108658440 37.41456747055054 906
1764108666799 37.41456747055054 907
1764108675199 37.41456747055054 908
1764108683556 37.41456747055054 909
1764108691936 37.41456747055054 910
1764108700380 37.41456747055054 911
1764108708758 37.41456747055054 912
1764108717137 37.41456747055054 913
1764108725510 37.41456747055054 914
1764108733949 37.41456747055054 915
1764108742329 37.41456747055054 916
1764108750727 37.41456747055054 917
1764108759134 37.41456747055054 918
1764108767526 37.41456747055054 919
1764108775924 37.41456747055054 920
1764108784293 37.41456747055054 921
1764108792679 37.41456747055054 922
1764108801080 37.41456747055054 923
1764108809441 37.41456747055054 924
1764108817834 37.41456747055054 925
1764108826234 37.41456747055054 926
1764108834619 37.41456747055054 927
1764108843000 37.41456747055054 928
1764108851376 37.41456747055054 929
1764108859741 37.41456747055054 930
1764108868127 37.41456747055054 931
1764108876553 37.41456747055054 932
1764108884952 37.41456747055054 933
1764108893328 37.41456747055054 934
1764108901730 37.41456747055054 935
1764108910125 37.41456747055054 936
1764108918539 37.41456747055054 937
1764108926934 37.41456747055054 938
1764108991809 37.41456747055054 940
1764109000183 37.41456747055054 941
1764109008555 37.41456747055054 942
1764109016912 37.41456747055054 943
1764109025273 37.41456747055054 944
1764109033682 37.41456747055054 945
1764109042095 37.41456747055054 946
1764109050512 37.41456747055054 947
1764109058933 37.41456747055054 948
1764109067352 37.41456747055054 949
1764109075771 37.41456747055054 950
1764109084199 37.41456747055054 951
1764109092751 37.41456747055054 952
1764109101316 37.41456747055054 953
1764109109707 37.41456747055054 954
1764109118154 37.41456747055054 955
1764109126545 37.41456747055054 956
1764109134940 37.41456747055054 957
1764109143524 37.41456747055054 958
1764109151916 37.41456747055054 959
1764109160333 37.41456747055054 960
1764109168720 37.41456747055054 961
1764109177139 37.41456747055054 962
1764109185553 37.41456747055054 963
1764109193964 37.41456747055054 964
1764109202342 37.41456747055054 965
1764109210715 37.41456747055054 966
1764109219091 37.41456747055054 967
1764109227506 37.41456747055054 968
1764109235915 37.41456747055054 969
1764109244320 37.41456747055054 970
1764109252735 37.41456747055054 971
1764109261121 37.41456747055054 972
1764109269520 37.41456747055054 973
1764109277939 37.41456747055054 974
1764109286334 37.41456747055054 975
1764109294714 37.41456747055054 976
1764109303145 37.41456747055054 977
1764109311531 37.41456747055054 978
1764109319910 37.41456747055054 979
1764109328310 37.41456747055054 980
1764109336687 37.41456747055054 981
1764109345080 37.41456747055054 982
1764109353441 37.41456747055054 983
1764109361839 37.41456747055054 984
1764109370215 37.41456747055054 985
1764109378632 37.41456747055054 986
1764109387058 37.41456747055054 987
1764109395443 37.41456747055054 988
1764109403848 37.41456747055054 989
1764109412236 37.41456747055054 990
1764109420616 37.41456747055054 991
1764109429037 37.41456747055054 992
1764109437433 37.41456747055054 993
1764109445941 37.41456747055054 994
1764109454292 37.41456747055054 995
1764109462667 37.41456747055054 996
1764109471056 37.41456747055054 997
1764109479426 37.41456747055054 998
1764109487835 37.41456747055054 999
1764109496412 37.41456747055054 1000
1764109504806 37.41456747055054 1001
1764109513193 37.41456747055054 1002
1764109521578 37.41456747055054 1003
1764109529957 37.41456747055054 1004
1764109538315 37.41456747055054 1005
1764109546719 37.41456747055054 1006
1764109555146 37.41456747055054 1007
1764109563521 37.41456747055054 1008
1764109571891 37.41456747055054 1009
1764109580264 37.41456747055054 1010
1764109588637 37.41456747055054 1011
1764109597056 37.41456747055054 1012
1764109605454 37.41456747055054 1013
1764109613855 37.41456747055054 1014
1764109622265 37.41456747055054 1015
1764109630668 37.41456747055054 1016
1764109639031 37.41456747055054 1017
1764109647445 37.41456747055054 1018
1764109655852 37.41456747055054 1019
1764109664236 37.41456747055054 1020
1764109672645 37.41456747055054 1021
1764109681030 37.41456747055054 1022
1764109689414 37.41456747055054 1023
1764109697806 37.41456747055054 1024
1764109706212 37.41456747055054 1025
1764109714607 37.41456747055054 1026
1764109723005 37.41456747055054 1027
1764109731489 37.41456747055054 1028
1764109739877 37.41456747055054 1029
1764109748248 37.41456747055054 1030
1764109756641 37.41456747055054 1031
1764109765044 37.41456747055054 1032
1764109773433 37.41456747055054 1033
1764109781944 37.41456747055054 1034
1764109790312 37.41456747055054 1035
1764109798681 37.41456747055054 1036
1764109807043 37.41456747055054 1037
1764109815431 37.41456747055054 1038
1764109823827 37.41456747055054 1039
1764109832211 37.41456747055054 1040
1764109840572 37.41456747055054 1041
1764109848956 37.41456747055054 1042
1764109857346 37.41456747055054 1043
1764109865693 37.41456747055054 1044
1764109874083 37.41456747055054 1045
1764109882455 37.41456747055054 1046
1764109890848 37.41456747055054 1047
1764109899249 37.41456747055054 1048
1764109907596 37.41456747055054 1049
1764109915965 37.41456747055054 1050
1764109924353 37.41456747055054 1051
1764109932747 37.41456747055054 1052
1764109941131 37.41456747055054 1053
1764109949503 37.41456747055054 1054
1764109957860 37.41456747055054 1055
1764109966354 37.41456747055054 1056
1764109974723 37.41456747055054 1057
1764109983089 37.41456747055054 1058
1764109991465 37.41456747055054 1059
1764109999827 37.41456747055054 1060
1764110008241 37.41456747055054 1061
1764110016636 37.41456747055054 1062
1764110025061 37.41456747055054 1063
1764110033442 37.41456747055054 1064
1764110041792 37.41456747055054 1065
1764110050156 37.41456747055054 1066
1764110058529 37.41456747055054 1067
1764110066913 37.41456747055054 1068
1764110075299 37.41456747055054 1069
1764110083781 37.41456747055054 1070
1764110092179 37.41456747055054 1071
1764110100540 37.41456747055054 1072
1764110108908 37.41456747055054 1073
1764110117310 37.41456747055054 1074
1764110125664 37.41456747055054 1075
1764110134063 37.41456747055054 1076
1764110142421 37.41456747055054 1077
1764110150830 37.41456747055054 1078
1764110159196 37.41456747055054 1079
1764110167570 37.41456747055054 1080
1764110175947 37.41456747055054 1081
1764110184325 37.41456747055054 1082
1764110192694 37.41456747055054 1083
1764110201082 37.41456747055054 1084
1764110209458 37.41456747055054 1085
1764110217823 37.41456747055054 1086
1764110226231 37.41456747055054 1087
1764110234681 37.41456747055054 1088
1764110243072 37.41456747055054 1089
1764110251445 37.41456747055054 1090
1764110259818 37.41456747055054 1091
1764110268234 37.41456747055054 1092
1764110276606 37.41456747055054 1093
1764110284970 37.41456747055054 1094
1764110293342 37.41456747055054 1095
1764110301726 37.41456747055054 1096
1764110310135 37.41456747055054 1097
1764110318554 37.41456747055054 1098
1764110326919 37.41456747055054 1099
1764110335281 37.41456747055054 1100
1764110343697 37.41456747055054 1101
1764110352076 37.41456747055054 1102
1764110360477 37.41456747055054 1103
1764110368863 37.41456747055054 1104
1764110377293 37.41456747055054 1105
1764110385716 37.41456747055054 1106
1764110394098 37.41456747055054 1107
1764110402518 37.41456747055054 1108
1764110410877 37.41456747055054 1109
1764110419245 37.41456747055054 1110
1764110427626 37.41456747055054 1111
1764110436047 37.41456747055054 1112
1764110444427 37.41456747055054 1113
1764110452818 37.41456747055054 1114
1764110461202 37.41456747055054 1115
1764110469728 37.41456747055054 1116
1764110478115 37.41456747055054 1117
1764110486502 37.41456747055054 1118
1764110494872 37.41456747055054 1119
1764110503243 37.41456747055054 1120
1764110511650 37.41456747055054 1121
1764110520074 37.41456747055054 1122
1764110528435 37.41456747055054 1123
1764110536847 37.41456747055054 1124
1764110545200 37.41456747055054 1125
1764110553587 37.41456747055054 1126
1764110561958 37.41456747055054 1127
1764110570334 37.41456747055054 1128
1764110578703 37.41456747055054 1129
1764110587070 37.41456747055054 1130
1764110595572 37.41456747055054 1131
1764110603959 37.41456747055054 1132
1764110612370 37.41456747055054 1133
1764110620749 37.41456747055054 1134
1764110629134 37.41456747055054 1135
1764110637515 37.41456747055054 1136
1764110645906 37.41456747055054 1137
1764110654329 37.41456747055054 1138
1764110662834 37.41456747055054 1139
1764110671206 37.41456747055054 1140
1764110679579 37.41456747055054 1141
1764110687969 37.41456747055054 1142
1764110696350 37.41456747055054 1143
1764110704761 37.41456747055054 1144
1764110713143 37.41456747055054 1145
1764110721524 37.41456747055054 1146
1764110729893 37.41456747055054 1147
1764110738307 37.41456747055054 1148
1764110746730 37.41456747055054 1149
1764110755071 37.41456747055054 1150
1764110763440 37.41456747055054 1151
1764110771834 37.41456747055054 1152
1764110780210 37.41456747055054 1153
1764110788606 37.41456747055054 1154
1764110796966 37.41456747055054 1155
1764110805394 37.41456747055054 1156
1764110813804 37.41456747055054 1157
1764110822335 37.41456747055054 1158
1764110830740 37.41456747055054 1159
1764110839126 37.41456747055054 1160
1764110847520 37.41456747055054 1161
1764110855952 37.41456747055054 1162
1764110864346 37.41456747055054 1163
1764110872722 37.41456747055054 1164
1764110881102 37.41456747055054 1165
1764110889452 37.41456747055054 1166
1764110897844 37.41456747055054 1167
1764110906247 37.41456747055054 1168
1764110914648 37.41456747055054 1169
1764110923003 37.41456747055054 1170
1764110931391 37.41456747055054 1171
1764110939780 37.41456747055054 1172
1764110948164 37.41456747055054 1173
1764110956545 37.41456747055054 1174
1764110964895 37.41456747055054 1175
1764110973309 37.41456747055054 1176
1764110981695 37.41456747055054 1177
1764110990072 37.41456747055054 1178
1764110998456 37.41456747055054 1179
1764111006913 37.41456747055054 1180
1764111015279 37.41456747055054 1181
1764111023669 37.41456747055054 1182
1764111032031 37.41456747055054 1183
1764111040424 37.41456747055054 1184
1764111048850 37.41456747055054 1185
1764111057242 37.41456747055054 1186
1764111065634 37.41456747055054 1187
1764111074043 37.41456747055054 1188
1764111082421 37.41456747055054 1189
1764111090928 37.41456747055054 1190
1764111099287 37.41456747055054 1191
1764111107790 37.41456747055054 1192
1764111116184 37.41456747055054 1193
1764111124551 37.41456747055054 1194
1764111132948 37.41456747055054 1195
1764111141330 37.41456747055054 1196
1764111149714 37.41456747055054 1197
1764111158085 37.41456747055054 1198
1764111166643 37.41456747055054 1199
1764111175027 37.41456747055054 1200
1764111183413 37.41456747055054 1201
1764111191798 37.41456747055054 1202
1764111200196 37.41456747055054 1203
1764111208602 37.41456747055054 1204
1764111216988 37.41456747055054 1205
1764111225351 37.41456747055054 1206
1764111233786 37.41456747055054 1207
1764111242167 37.41456747055054 1208
1764111250577 37.41456747055054 1209
1764111258955 37.41456747055054 1210
1764111267372 37.41456747055054 1211
1764111275753 37.41456747055054 1212
1764111284138 37.41456747055054 1213
1764111292558 37.41456747055054 1214
1764111300974 37.41456747055054 1215
1764111309366 37.41456747055054 1216
1764111317732 37.41456747055054 1217
1764111326115 37.41456747055054 1218
1764111334481 37.41456747055054 1219
1764111342841 37.41456747055054 1220
1764111351211 37.41456747055054 1221
1764111359552 37.41456747055054 1222
1764111367947 37.41456747055054 1223
1764111376338 37.41456747055054 1224
1764111384736 37.41456747055054 1225
1764111393101 37.41456747055054 1226
1764111401475 37.41456747055054 1227
1764111409854 37.41456747055054 1228
1764111418260 37.41456747055054 1229
1764111426639 37.41456747055054 1230
1764111435011 37.41456747055054 1231
1764111443510 37.41456747055054 1232
1764111451915 37.41456747055054 1233
1764111460268 37.41456747055054 1234
1764111468652 37.41456747055054 1235
1764111477032 37.41456747055054 1236
1764111485418 37.41456747055054 1237
1764111493799 37.41456747055054 1238
1764111502169 37.41456747055054 1239
1764111510534 37.41456747055054 1240
1764111519063 37.41456747055054 1241
1764111527441 37.41456747055054 1242
1764111535809 37.41456747055054 1243
1764111544192 37.41456747055054 1244
1764111552567 37.41456747055054 1245
1764111560938 37.41456747055054 1246
1764111569318 37.41456747055054 1247
1764111577677 37.41456747055054 1248
1764111586045 37.41456747055054 1249
1764111594413 37.41456747055054 1250
1764111602791 37.41456747055054 1251
1764111671196 37.41456747055054 1253
1764111679560 37.41456747055054 1254
1764111687920 37.41456747055054 1255
1764111696264 37.41456747055054 1256
1764111704610 37.41456747055054 1257
1764111712988 37.41456747055054 1258
1764111721356 37.41456747055054 1259
1764111729736 37.41456747055054 1260
1764111738098 37.41456747055054 1261
1764111746512 37.41456747055054 1262
1764111754884 37.41456747055054 1263
1764111763248 37.41456747055054 1264
1764111771822 37.41456747055054 1265
1764111780240 37.41456747055054 1266
1764111788640 37.41456747055054 1267
1764111797068 37.41456747055054 1268
1764111805473 37.41456747055054 1269
1764111813894 37.41456747055054 1270
1764111822281 37.41456747055054 1271
1764111830711 37.41456747055054 1272
1764111839094 37.41456747055054 1273
1764111847504 37.41456747055054 1274
1764111855893 37.41456747055054 1275
1764111864287 37.41456747055054 1276
1764111872673 37.41456747055054 1277
1764111881042 37.41456747055054 1278
1764111889456 37.41456747055054 1279
1764111897819 37.41456747055054 1280
1764111906262 37.41456747055054 1281
1764111914670 37.41456747055054 1282
1764111923060 37.41456747055054 1283
1764111931476 37.41456747055054 1284
1764111939926 37.41456747055054 1285
1764111948332 37.41456747055054 1286
1764111956761 37.41456747055054 1287
1764111965196 37.41456747055054 1288
1764111973596 37.41456747055054 1289
1764111982013 37.41456747055054 1290
1764111990399 37.41456747055054 1291
1764111998941 37.41456747055054 1292
1764112007371 37.41456747055054 1293
1764112015736 37.41456747055054 1294
1764112024121 37.41456747055054 1295
1764112032501 37.41456747055054 1296
1764112040927 37.41456747055054 1297
1764112049294 37.41456747055054 1298
1764112057664 37.41456747055054 1299
1764112066042 37.41456747055054 1300
1764112074466 37.41456747055054 1301
1764112082889 37.41456747055054 1302
1764112091283 37.41456747055054 1303
1764112099682 37.41456747055054 1304
1764112108063 37.41456747055054 1305
1764112116441 37.41456747055054 1306
1764112124846 37.41456747055054 1307
1764112133211 37.41456747055054 1308
1764112141570 37.41456747055054 1309
1764112149936 37.41456747055054 1310
1764112158355 37.41456747055054 1311
1764112166775 37.41456747055054 1312
1764112175153 37.41456747055054 1313
1764112183545 37.41456747055054 1314
1764112191925 37.41456747055054 1315
1764112200319 37.41456747055054 1316
1764112208701 37.41456747055054 1317
1764112217139 37.41456747055054 1318
1764112225532 37.41456747055054 1319
1764112233923 37.41456747055054 1320
1764112242305 37.41456747055054 1321
1764112250865 37.41456747055054 1322
1764112259234 37.41456747055054 1323
1764112267621 37.41456747055054 1324
1764112275968 37.41456747055054 1325
1764112284353 37.41456747055054 1326
1764112292743 37.41456747055054 1327
1764112301099 37.41456747055054 1328
1764112309478 37.41456747055054 1329
1764112317844 37.41456747055054 1330
1764112326212 37.41456747055054 1331
1764112334576 37.41456747055054 1332
1764112342997 37.41456747055054 1333
1764112351394 37.41456747055054 1334
1764112359771 37.41456747055054 1335
1764112368180 37.41456747055054 1336
1764112376555 37.41456747055054 1337
1764112384948 37.41456747055054 1338
1764112393346 37.41456747055054 1339
1764112401731 37.41456747055054 1340
1764112410109 37.41456747055054 1341
1764112418515 37.41456747055054 1342
1764112426880 37.41456747055054 1343
1764112435261 37.41456747055054 1344
1764112443677 37.41456747055054 1345
1764112452033 37.41456747055054 1346
1764112460419 37.41456747055054 1347
1764112468811 37.41456747055054 1348
1764112477192 37.41456747055054 1349
1764112485565 37.41456747055054 1350
1764112494078 37.41456747055054 1351
1764112502481 37.41456747055054 1352
1764112510886 37.41456747055054 1353
1764112519227 37.41456747055054 1354
1764112527580 37.41456747055054 1355
1764112535948 37.41456747055054 1356
1764112544333 37.41456747055054 1357
1764112552698 37.41456747055054 1358
1764112561070 37.41456747055054 1359
1764112569455 37.41456747055054 1360
1764112577852 37.41456747055054 1361
1764112586209 37.41456747055054 1362
1764112594584 37.41456747055054 1363
1764112602943 37.41456747055054 1364
1764112611314 37.41456747055054 1365
1764112619667 37.41456747055054 1366
1764112628064 37.41456747055054 1367
1764112636516 37.41456747055054 1368
1764112645020 37.41456747055054 1369
1764112653408 37.41456747055054 1370
1764112661772 37.41456747055054 1371
1764112670159 37.41456747055054 1372
1764112678544 37.41456747055054 1373
1764112686940 37.41456747055054 1374
1764112695317 37.41456747055054 1375
1764112703715 37.41456747055054 1376
1764112712096 37.41456747055054 1377
1764112720482 37.41456747055054 1378
1764112728835 37.41456747055054 1379
1764112737223 37.41456747055054 1380
1764112745631 37.41456747055054 1381
1764112754137 37.41456747055054 1382
1764112762511 37.41456747055054 1383
1764112770893 37.41456747055054 1384
1764112779260 37.41456747055054 1385
1764112787651 37.41456747055054 1386
1764112796045 37.41456747055054 1387
1764112804432 37.41456747055054 1388
1764112812824 37.41456747055054 1389
1764112821240 37.41456747055054 1390
1764112829608 37.41456747055054 1391
1764112837993 37.41456747055054 1392
1764112846489 37.41456747055054 1393
1764112854882 37.41456747055054 1394
1764112863260 37.41456747055054 1395
1764112871652 37.41456747055054 1396
1764112880024 37.41456747055054 1397
1764112888414 37.41456747055054 1398
1764112896825 37.41456747055054 1399
1764112905245 37.41456747055054 1400
1764112913632 37.41456747055054 1401
1764112922015 37.41456747055054 1402
1764112930400 37.41456747055054 1403
1764112938778 37.41456747055054 1404
1764112947147 37.41456747055054 1405
1764112955526 37.41456747055054 1406
1764112963896 37.41456747055054 1407
1764112972270 37.41456747055054 1408
1764112980661 37.41456747055054 1409
1764112989030 37.41456747055054 1410
1764112997425 37.41456747055054 1411
1764113005799 37.41456747055054 1412
1764113014219 37.41456747055054 1413
1764113022601 37.41456747055054 1414
1764113030972 37.41456747055054 1415
1764113039350 37.41456747055054 1416
1764113047712 37.41456747055054 1417
1764113056053 37.41456747055054 1418
1764113064466 37.41456747055054 1419
1764113072849 37.41456747055054 1420
1764113081279 37.41456747055054 1421
1764113089656 37.41456747055054 1422
1764113098035 37.41456747055054 1423
1764113106564 37.41456747055054 1424
1764113114927 37.41456747055054 1425
1764113123506 37.41456747055054 1426
1764113131903 37.41456747055054 1427
1764113140281 37.41456747055054 1428
1764113148788 37.41456747055054 1429
1764113157169 37.41456747055054 1430
1764113165577 37.41456747055054 1431
1764113173966 37.41456747055054 1432
1764113182370 37.41456747055054 1433
1764113190781 37.41456747055054 1434
1764113199164 37.41456747055054 1435
1764113207538 37.41456747055054 1436
1764113215902 37.41456747055054 1437
1764113224353 37.41456747055054 1438
1764113232757 37.41456747055054 1439
1764113241122 37.41456747055054 1440
1764113249503 37.41456747055054 1441
1764113257915 37.41456747055054 1442
1764113266309 37.41456747055054 1443
1764113274720 37.41456747055054 1444
1764113283095 37.41456747055054 1445
1764113291446 37.41456747055054 1446
1764113299814 37.41456747055054 1447
1764113308215 37.41456747055054 1448
1764113316596 37.41456747055054 1449
1764113324972 37.41456747055054 1450
1764113333376 37.41456747055054 1451
1764113341787 37.41456747055054 1452
1764113350167 37.41456747055054 1453
1764113358581 37.41456747055054 1454
1764113366977 37.41456747055054 1455
1764113375396 37.41456747055054 1456
1764113383790 37.41456747055054 1457
1764113392288 37.41456747055054 1458
1764113400651 37.41456747055054 1459
1764113409034 37.41456747055054 1460
1764113417375 37.41456747055054 1461
1764113425787 37.41456747055054 1462
1764113434172 37.41456747055054 1463
1764113442552 37.41456747055054 1464
1764113450915 37.41456747055054 1465
1764113459319 37.41456747055054 1466
1764113467700 37.41456747055054 1467
1764113476103 37.41456747055054 1468
1764113484495 37.41456747055054 1469
1764113492914 37.41456747055054 1470
1764113501396 37.41456747055054 1471
1764113509780 37.41456747055054 1472
1764113518147 37.41456747055054 1473
1764113526511 37.41456747055054 1474
1764113534880 37.41456747055054 1475
1764113543242 37.41456747055054 1476
1764113551611 37.41456747055054 1477
1764113559977 37.41456747055054 1478
1764113568361 37.41456747055054 1479
1764113576756 37.41456747055054 1480
1764113585139 37.41456747055054 1481
1764113593522 37.41456747055054 1482
1764113601909 37.41456747055054 1483
1764113610257 37.41456747055054 1484
1764113618649 37.41456747055054 1485
1764113627052 37.41456747055054 1486
1764113635453 37.41456747055054 1487
1764113643839 37.41456747055054 1488
1764113652222 37.41456747055054 1489
1764113660575 37.41456747055054 1490
1764113668924 37.41456747055054 1491
1764113677325 37.41456747055054 1492
1764113685697 37.41456747055054 1493
1764113694080 37.41456747055054 1494
1764113702456 37.41456747055054 1495
1764113710839 37.41456747055054 1496
1764113719212 37.41456747055054 1497
1764113727573 37.41456747055054 1498
1764113735962 37.41456747055054 1499
1764113744333 37.41456747055054 1500
1764113752726 37.41456747055054 1501
1764113761128 37.41456747055054 1502
1764113769500 37.41456747055054 1503
1764113778008 37.41456747055054 1504
1764113786392 37.41456747055054 1505
1764113794773 37.41456747055054 1506
1764113803131 37.41456747055054 1507
1764113811485 37.41456747055054 1508
1764113819855 37.41456747055054 1509
1764113828263 37.41456747055054 1510
1764113836665 37.41456747055054 1511
1764113845022 37.41456747055054 1512
1764113853464 37.41456747055054 1513
1764113861859 37.41456747055054 1514
1764113870230 37.41456747055054 1515
1764113878601 37.41456747055054 1516
1764113886951 37.41456747055054 1517
1764113895311 37.41456747055054 1518
1764113903699 37.41456747055054 1519
1764113912114 37.41456747055054 1520
1764113920516 37.41456747055054 1521
1764113928955 37.41456747055054 1522
1764113937344 37.41456747055054 1523
1764113945752 37.41456747055054 1524
1764113954149 37.41456747055054 1525
1764113962533 37.41456747055054 1526
1764113970921 37.41456747055054 1527
1764113979312 37.41456747055054 1528
1764113987685 37.41456747055054 1529
1764113996181 37.41456747055054 1530
1764114004557 37.41456747055054 1531
1764114012945 37.41456747055054 1532
1764114021319 37.41456747055054 1533
1764114029673 37.41456747055054 1534
1764114038047 37.41456747055054 1535
1764114046445 37.41456747055054 1536
1764114054847 37.41456747055054 1537
1764114063238 37.41456747055054 1538
1764114071610 37.41456747055054 1539
1764114080015 37.41456747055054 1540
1764114088379 37.41456747055054 1541
1764114096735 37.41456747055054 1542
1764114105081 37.41456747055054 1543
1764114113482 37.41456747055054 1544
1764114121875 37.41456747055054 1545
1764114130309 37.41456747055054 1546
1764114138695 37.41456747055054 1547
1764114147079 37.41456747055054 1548
1764114155420 37.41456747055054 1549
1764114163764 37.41456747055054 1550
1764114172160 37.41456747055054 1551
1764114180583 37.41456747055054 1552
1764114188967 37.41456747055054 1553
1764114197354 37.41456747055054 1554
1764114205713 37.41456747055054 1555
1764114214115 37.41456747055054 1556
1764114222511 37.41456747055054 1557
1764114230906 37.41456747055054 1558
1764114239284 37.41456747055054 1559
1764114247681 37.41456747055054 1560
1764114256078 37.41456747055054 1561
1764114264441 37.41456747055054 1562
1764114272940 37.41456747055054 1563
1764114281380 37.41456747055054 1564
