1764100965620 99.0 1
1764100973971 99.0 2
1764100982346 99.0 3
1764100990721 99.0 4
1764100999119 99.0 5
1764101007541 99.0 6
1764101015993 99.0 7
1764101024442 99.0 8
1764101032879 99.0 9
1764101041338 99.0 10
1764101049795 99.0 11
1764101058207 99.0 12
1764101066647 99.0 13
1764101075079 99.0 14
1764101083534 99.0 15
1764101091964 99.0 16
1764101100429 99.0 17
1764101108860 99.0 18
1764101117253 99.0 19
1764101125677 99.0 20
1764101134067 99.0 21
1764101142458 99.0 22
1764101151059 99.0 23
1764101159462 99.0 24
1764101167879 99.0 25
1764101176296 99.0 26
1764101184706 99.0 27
1764101193293 99.0 28
1764101201647 99.0 29
1764101210047 99.0 30
1764101218436 99.0 31
1764101226831 99.0 32
1764101235237 99.0 33
1764101243630 99.0 34
1764101252036 99.0 35
1764101260434 99.0 36
1764101268832 99.0 37
1764101277238 98.0 38
1764101285640 99.0 39
1764101294041 99.0 40
1764101302409 99.0 41
1764101310769 99.0 42
1764101319135 99.0 43
1764101327559 99.0 44
1764101335944 99.0 45
1764101344349 99.0 46
1764101352729 99.0 47
1764101361092 99.0 48
1764101369482 99.0 49
1764101377835 99.0 50
1764101386198 99.0 51
1764101394576 99.0 52
1764101402982 100.0 53
1764101411330 99.0 54
1764101419729 99.0 55
1764101428206 99.0 56
1764101436569 99.0 57
1764101444989 99.0 58
1764101453382 99.0 59
1764101461762 99.0 60
1764101470141 99.0 61
1764101478510 99.0 62
1764101486907 99.0 63
1764101495305 99.0 64
1764101503716 99.0 65
1764101512078 99.0 66
1764101520463 99.0 67
1764101528836 99.0 68
1764101537219 99.0 69
1764101545578 99.0 70
1764101553963 99.0 71
1764101562333 99.0 72
1764101570701 99.0 73
1764101579130 99.0 74
1764101587526 99.0 75
1764101595922 99.0 76
1764101604291 100.0 77
1764101612642 99.0 78
1764101621002 99.0 79
1764101629369 99.0 80
1764101637722 99.0 81
1764101646089 99.0 82
1764101654487 99.0 83
1764101662858 100.0 84
1764101671226 99.0 85
1764101679614 99.0 86
1764101688009 100.0 87
1764101696359 99.0 88
1764101704724 99.0 89
1764101713100 99.0 90
1764101721491 99.0 91
1764101729896 99.0 92
1764101738283 99.0 93
1764101746684 99.0 94
1764101755056 99.0 95
1764101763442 99.0 96
1764101771832 99.0 97
1764101780211 100.0 98
1764101788621 99.0 99
1764101797002 99.0 100
1764101805412 99.0 101
1764101813784 99.0 102
1764101822170 99.0 103
1764101830578 99.0 104
1764101838965 99.0 105
1764101847337 99.0 106
1764101855712 99.0 107
1764101864105 99.0 108
1764101872485 99.0 109
1764101880900 99.0 110
1764101889262 99.0 111
1764101897645 99.0 112
1764101906057 99.0 113
1764101914429 99.0 114
1764101922809 99.0 115
1764101931183 99.0 116
1764101939611 99.0 117
1764101948013 99.0 118
1764101956390 99.0 119
1764101964778 99.0 120
1764101973131 99.0 121
1764101981538 99.0 122
1764101989910 99.0 123
1764101998294 99.0 124
1764102006673 99.0 125
1764102015149 99.0 126
1764102023512 99.0 127
1764102031903 99.0 128
1764102040290 99.0 129
1764102048676 99.0 130
1764102057190 99.0 131
1764102065543 99.0 132
1764102074050 99.0 133
1764102082445 99.0 134
1764102090812 99.0 135
1764102099204 99.0 136
1764102107588 99.0 137
1764102115955 100.0 138
1764102124312 100.0 139
1764102132654 99.0 140
1764102141046 99.0 141
1764102149418 99.0 142
1764102157812 99.0 143
1764102166170 99.0 144
1764102174532 99.0 145
1764102182917 99.0 146
1764102191299 99.0 147
1764102199659 99.0 148
1764102208054 99.0 149
1764102216431 99.0 150
1764102224819 99.0 151
1764102233212 99.0 152
1764102241614 99.0 153
1764102250008 99.0 154
1764102258394 99.0 155
1764102266770 99.0 156
1764102275167 100.0 157
1764102283548 99.0 158
1764102291981 99.0 159
1764102300373 99.0 160
1764102308772 100.0 161
1764102317153 99.0 162
1764102325534 99.0 163
1764102333931 99.0 164
1764102342324 99.0 165
1764102350721 99.0 166
1764102359091 99.0 167
1764102367475 99.0 168
1764102375891 99.0 169
1764102384281 99.0 170
1764102392686 100.0 171
1764102401081 99.0 172
1764102409444 99.0 173
1764102417862 99.0 174
1764102426252 99.0 175
1764102434648 99.0 176
1764102443080 99.0 177
1764102451454 99.0 178
1764102459822 99.0 179
1764102468204 100.0 180
1764102476595 99.0 181
1764102484940 99.0 182
1764102493306 99.0 183
1764102501674 99.0 184
1764102510043 99.0 185
1764102518573 99.0 186
1764102526972 99.0 187
1764102535367 99.0 188
1764102543738 100.0 189
1764102552253 99.0 190
1764102560649 99.0 191
1764102569011 99.0 192
1764102577544 99.0 193
1764102585943 99.0 194
1764102594318 99.0 195
1764102602704 99.0 196
1764102611106 99.0 197
1764102619503 99.0 198
1764102627888 99.0 199
1764102636294 99.0 200
1764102644688 99.0 201
1764102653060 99.0 202
1764102661428 99.0 203
1764102669821 99.0 204
1764102678238 99.0 205
1764102686634 99.0 206
1764102695039 99.0 207
1764102703392 99.0 208
1764102711786 99.0 209
1764102720164 99.0 210
1764102728493 99.0 211
1764102736899 99.0 212
1764102745297 100.0 213
1764102753690 99.0 214
1764102762091 100.0 215
1764102770477 99.0 216
1764102778858 99.0 217
1764102787242 99.0 218
1764102795606 99.0 219
1764102804034 99.0 220
1764102812420 99.0 221
1764102820790 99.0 222
1764102829178 99.0 223
1764102837562 99.0 224
1764102845942 99.0 225
1764102854332 99.0 226
1764102862696 99.0 227
1764102871218 99.0 228
1764102879602 99.0 229
1764102887979 99.0 230
1764102896342 99.0 231
1764102904832 99.0 232
1764102913211 99.0 233
1764102921582 100.0 234
1764102930108 99.0 235
1764102938524 99.0 236
1764102946889 99.0 237
1764102955278 99.0 238
1764102963639 99.0 239
1764102972023 99.0 240
1764102980401 99.0 241
1764102988813 99.0 242
1764102997243 99.0 243
1764103005613 99.0 244
1764103014005 99.0 245
1764103022354 99.0 246
1764103030713 99.0 247
1764103039135 99.0 248
1764103047494 99.0 249
1764103055871 99.0 250
1764103064276 99.0 251
1764103072641 99.0 252
1764103081090 98.0 253
1764103089489 99.0 254
1764103097869 99.0 255
1764103106269 99.0 256
1764103114670 99.0 257
1764103123041 99.0 258
1764103131429 99.0 259
1764103139782 99.0 260
1764103148183 99.0 261
1764103156693 99.0 262
1764103165099 99.0 263
1764103173456 100.0 264
1764103181977 99.0 265
1764103190336 99.0 266
1764103198729 99.0 267
1764103207247 99.0 268
1764103215633 99.0 269
1764103224049 99.0 270
1764103232434 99.0 271
1764103240815 99.0 272
1764103249157 100.0 273
1764103257524 99.0 274
1764103265888 99.0 275
1764103274247 99.0 276
1764103282628 99.0 277
1764103291029 99.0 278
1764103299405 99.0 279
1764103307775 99.0 280
1764103316139 99.0 281
1764103324517 99.0 282
1764103332875 99.0 283
1764103341295 99.0 284
1764103349649 99.0 285
1764103358019 99.0 286
1764103366430 99.0 287
1764103374843 99.0 288
1764103383234 99.0 289
1764103391602 99.0 290
1764103399986 99.0 291
1764103408356 99.0 292
1764103416745 99.0 293
1764103425111 99.0 294
1764103433506 99.0 295
1764103441906 99.0 296
1764103450277 99.0 297
1764103458643 99.0 298
1764103467050 99.0 299
1764103475443 99.0 300
1764103483799 99.0 301
1764103492175 99.0 302
1764103500571 99.0 303
1764103508988 99.0 304
1764103517420 99.0 305
1764103525791 99.0 306
1764103534174 99.0 307
1764103542572 99.0 308
1764103550942 99.0 309
1764103559311 99.0 310
1764103567679 99.0 311
1764103576068 99.0 312
1764103640609 99.0 314
1764103648978 99.0 315
1764103657363 99.0 316
1764103665755 99.0 317
1764103674151 99.0 318
1764103682576 99.0 319
1764103690974 100.0 320
1764103699386 99.0 321
1764103707790 99.0 322
1764103716188 99.0 323
1764103724631 100.0 324
1764103733044 99.0 325
1764103741476 99.0 326
1764103749923 99.0 327
1764103758343 99.0 328
1764103766934 99.0 329
1764103775352 99.0 330
1764103783773 99.0 331
1764103792173 99.0 332
1764103800595 99.0 333
1764103808995 99.0 334
1764103817419 99.0 335
1764103825835 99.0 336
1764103834272 97.0 337
1764103842653 99.0 338
1764103851059 99.0 339
1764103859487 99.0 340
1764103867882 99.0 341
1764103876276 99.0 342
1764103884652 99.0 343
1764103893050 99.0 344
1764103901607 99.0 345
1764103909975 99.0 346
1764103918347 99.0 347
1764103926974 99.0 348
1764103935364 99.0 349
1764103943757 99.0 350
1764103952156 99.0 351
1764103960575 99.0 352
1764103968990 99.0 353
1764103977396 99.0 354
1764103985818 99.0 355
1764103994211 99.0 356
1764104002610 99.0 357
1764104011006 99.0 358
1764104019429 99.0 359
1764104027837 99.0 360
1764104036213 99.0 361
1764104044649 99.0 362
1764104053040 99.0 363
1764104061464 99.0 364
1764104069862 99.0 365
1764104078250 99.0 366
1764104086655 99.0 367
1764104095071 99.0 368
1764104103470 99.0 369
1764104111850 99.0 370
1764104120231 99.0 371
1764104128637 99.0 372
1764104137020 99.0 373
1764104145400 99.0 374
1764104153798 100.0 375
1764104162220 99.0 376
1764104170625 100.0 377
1764104179007 99.0 378
1764104187384 99.0 379
1764104195760 99.0 380
1764104204137 99.0 381
1764104212558 99.0 382
1764104220957 99.0 383
1764104229336 99.0 384
1764104237736 99.0 385
1764104246135 99.0 386
1764104254646 100.0 387
1764104263011 99.0 388
1764104271407 99.0 389
1764104279939 99.0 390
1764104288300 99.0 391
1764104296710 99.0 392
1764104305110 99.0 393
1764104313496 99.0 394
1764104321859 100.0 395
1764104330248 99.0 396
1764104338622 99.0 397
1764104347038 100.0 398
1764104355431 100.0 399
1764104363848 99.0 400
1764104372226 100.0 401
1764104380560 99.0 402
1764104388939 99.0 403
1764104397310 100.0 404
1764104405673 99.0 405
1764104414055 99.0 406
1764104422445 99.0 407
1764104430847 99.0 408
1764104439226 99.0 409
1764104447628 99.0 410
1764104456030 99.0 411
1764104464403 99.0 412
1764104472805 99.0 413
1764104481181 99.0 414
1764104489539 99.0 415
1764104497938 100.0 416
1764104506352 99.0 417
1764104514726 99.0 418
1764104523101 99.0 419
1764104531607 100.0 420
1764104540000 99.0 421
1764104548362 99.0 422
1764104556891 99.0 423
1764104565250 99.0 424
1764104573639 99.0 425
1764104582034 100.0 426
1764104590459 99.0 427
1764104598804 99.0 428
1764104607208 99.0 429
1764104615629 99.0 430
1764104624003 99.0 431
1764104632397 99.0 432
1764104640884 99.0 433
1764104649240 99.0 434
1764104657614 99.0 435
1764104665984 99.0 436
1764104674368 99.0 437
1764104682733 99.0 438
1764104691121 100.0 439
1764104699508 99.0 440
1764104707855 99.0 441
1764104716243 99.0 442
1764104724629 99.0 443
1764104733004 99.0 444
1764104741378 100.0 445
1764104749740 99.0 446
1764104758090 99.0 447
1764104766483 99.0 448
1764104774843 99.0 449
1764104783210 99.0 450
1764104791559 99.0 451
1764104799953 99.0 452
1764104808333 99.0 453
1764104816761 99.0 454
1764104825164 99.0 455
1764104833575 99.0 456
1764104841951 99.0 457
1764104850333 99.0 458
1764104858709 99.0 459
1764104867077 99.0 460
1764104875468 99.0 461
1764104883900 99.0 462
1764104892243 99.0 463
1764104900627 100.0 464
1764104909040 99.0 465
1764104917443 99.0 466
1764104925840 99.0 467
1764104934232 99.0 468
1764104942601 99.0 469
1764104950971 99.0 470
1764104959374 99.0 471
1764104967782 99.0 472
1764104976157 99.0 473
1764104984570 99.0 474
1764104992951 99.0 475
1764105001308 99.0 476
1764105009688 99.0 477
1764105018074 99.0 478
1764105026428 99.0 479
1764105034810 99.0 480
1764105043221 99.0 481
1764105051622 100.0 482
1764105059982 99.0 483
1764105068350 99.0 484
1764105076713 100.0 485
1764105085127 100.0 486
1764105093529 99.0 487
1764105101922 99.0 488
1764105110308 99.0 489
1764105118723 99.0 490
1764105127098 99.0 491
1764105135488 100.0 492
1764105143994 99.0 493
1764105152375 99.0 494
1764105160748 99.0 495
1764105169139 99.0 496
1764105177506 99.0 497
1764105185916 99.0 498
1764105194318 99.0 499
1764105202679 99.0 500
1764105211074 99.0 501
1764105219436 100.0 502
1764105227831 99.0 503
1764105236218 100.0 504
1764105244617 100.0 505
1764105253044 99.0 506
1764105261452 99.0 507
1764105269839 99.0 508
1764105278222 99.0 509
1764105286640 99.0 510
1764105295021 99.0 511
1764105303424 99.0 512
1764105311820 99.0 513
1764105320177 99.0 514
1764105328577 99.0 515
1764105336956 99.0 516
1764105345349 99.0 517
1764105353724 99.0 518
1764105362115 99.0 519
1764105370490 99.0 520
1764105378872 99.0 521
1764105387238 100.0 522
1764105395628 99.0 523
1764105404162 99.0 524
1764105412530 99.0 525
1764105420920 99.0 526
1764105429268 99.0 527
1764105437831 99.0 528
1764105446223 99.0 529
1764105454591 99.0 530
1764105462959 99.0 531
1764105471309 99.0 532
1764105479691 99.0 533
1764105488079 99.0 534
1764105496609 99.0 535
1764105505005 99.0 536
1764105513387 99.0 537
1764105521761 99.0 538
1764105530154 99.0 539
1764105538532 99.0 540
1764105546902 99.0 541
1764105555353 99.0 542
1764105563713 99.0 543
1764105572066 99.0 544
1764105580438 99.0 545
1764105588816 99.0 546
1764105597199 99.0 547
1764105605578 99.0 548
1764105613951 99.0 549
1764105622348 99.0 550
1764105630717 99.0 551
1764105639070 99.0 552
1764105647451 99.0 553
1764105655823 99.0 554
1764105664184 99.0 555
1764105672548 99.0 556
1764105680959 99.0 557
1764105689347 99.0 558
1764105697720 99.0 559
1764105706090 99.0 560
1764105714456 99.0 561
1764105722838 100.0 562
1764105731201 99.0 563
1764105739587 99.0 564
1764105748000 99.0 565
1764105756440 100.0 566
1764105764821 99.0 567
1764105773323 99.0 568
1764105781731 99.0 569
1764105790131 99.0 570
1764105798504 99.0 571
1764105806882 99.0 572
1764105815257 100.0 573
1764105823664 99.0 574
1764105832107 99.0 575
1764105840503 99.0 576
1764105848878 99.0 577
1764105857266 99.0 578
1764105865650 99.0 579
1764105874015 99.0 580
1764105882383 99.0 581
1764105890881 99.0 582
1764105899279 99.0 583
1764105907677 99.0 584
1764105916112 100.0 585
1764105924514 99.0 586
1764105932890 99.0 587
1764105941446 99.0 588
1764105949817 99.0 589
1764105958224 99.0 590
1764105966607 99.0 591
1764105975011 99.0 592
1764105983375 99.0 593
1764105991775 99.0 594
1764106000185 99.0 595
1764106008566 99.0 596
1764106016952 99.0 597
1764106025311 99.0 598
1764106033674 99.0 599
1764106042065 99.0 600
1764106050484 99.0 601
1764106058853 99.0 602
1764106067270 98.0 603
1764106075650 100.0 604
1764106084020 99.0 605
1764106092416 100.0 606
1764106100807 99.0 607
1764106109194 99.0 608
1764106117553 99.0 609
1764106125950 99.0 610
1764106134340 99.0 611
1764106142692 99.0 612
1764106151053 100.0 613
1764106159456 99.0 614
1764106167818 99.0 615
1764106176189 99.0 616
1764106184559 99.0 617
1764106192929 99.0 618
1764106201352 99.0 619
1764106209725 99.0 620
1764106218099 99.0 621
1764106226469 99.0 622
1764106234846 99.0 623
1764106243331 99.0 624
1764106251704 99.0 625
1764106316267 99.0 627
1764106324681 98.0 628
1764106333215 99.0 629
1764106341592 99.0 630
1764106349943 99.0 631
1764106358320 99.0 632
1764106366714 99.0 633
1764106375097 99.0 634
1764106383485 99.0 635
1764106391893 100.0 636
1764106400339 99.0 637
1764106408770 99.0 638
1764106417196 99.0 639
1764106425977 99.0 640
1764106434366 99.0 641
1764106442741 99.0 642
1764106451163 99.0 643
1764106459605 99.0 644
1764106468036 99.0 645
1764106476448 99.0 646
1764106484852 99.0 647
1764106493230 99.0 648
1764106501650 99.0 649
1764106510029 99.0 650
1764106518411 99.0 651
1764106526828 99.0 652
1764106535249 99.0 653
1764106543620 99.0 654
1764106552039 99.0 655
1764106560400 99.0 656
1764106568817 99.0 657
1764106577239 99.0 658
1764106585610 99.0 659
1764106594013 99.0 660
1764106602386 99.0 661
1764106610793 99.0 662
1764106619174 99.0 663
1764106627533 99.0 664
1764106635928 99.0 665
1764106644305 99.0 666
1764106652720 99.0 667
1764106661107 99.0 668
1764106669471 99.0 669
1764106677850 99.0 670
1764106686236 99.0 671
1764106694617 99.0 672
1764106703017 99.0 673
1764106711386 99.0 674
1764106719757 99.0 675
1764106728188 99.0 676
1764106736610 99.0 677
1764106744982 99.0 678
1764106753357 99.0 679
1764106761714 99.0 680
1764106770134 99.0 681
1764106778539 99.0 682
1764106786908 99.0 683
1764106795291 99.0 684
1764106803696 99.0 685
1764106812057 99.0 686
1764106820456 99.0 687
1764106828839 99.0 688
1764106837224 100.0 689
1764106845595 99.0 690
1764106854015 99.0 691
1764106862383 100.0 692
1764106870773 99.0 693
1764106879154 99.0 694
1764106887558 99.0 695
1764106895923 99.0 696
1764106904334 99.0 697
1764106912693 99.0 698
1764106921049 100.0 699
1764106929411 99.0 700
1764106937772 99.0 701
1764106946157 99.0 702
1764106954523 99.0 703
1764106962894 99.0 704
1764106971287 99.0 705
1764106979658 100.0 706
1764106988042 99.0 707
1764106996442 99.0 708
1764107004815 99.0 709
1764107013233 99.0 710
1764107021609 99.0 711
1764107029970 99.0 712
1764107038362 99.0 713
1764107046753 99.0 714
1764107055134 99.0 715
1764107063579 99.0 716
1764107071967 99.0 717
1764107080347 100.0 718
1764107088720 99.0 719
1764107097091 99.0 720
1764107105478 99.0 721
1764107113861 99.0 722
1764107122200 99.0 723
1764107130593 99.0 724
1764107139115 99.0 725
1764107147483 99.0 726
1764107155865 99.0 727
1764107164239 99.0 728
1764107172633 99.0 729
1764107181011 99.0 730
1764107189402 99.0 731
1764107197810 100.0 732
1764107206168 99.0 733
1764107214677 99.0 734
1764107223087 99.0 735
1764107231479 99.0 736
1764107239850 99.0 737
1764107248218 99.0 738
1764107256600 100.0 739
1764107264986 99.0 740
1764107273351 99.0 741
1764107281727 99.0 742
1764107290130 100.0 743
1764107298623 99.0 744
1764107307052 99.0 745
1764107315429 99.0 746
1764107323795 99.0 747
1764107332168 99.0 748
1764107340536 99.0 749
1764107348928 99.0 750
1764107357263 99.0 751
1764107365622 99.0 752
1764107374022 99.0 753
1764107382403 99.0 754
1764107390792 99.0 755
1764107399177 99.0 756
1764107407571 99.0 757
1764107415961 99.0 758
1764107424350 99.0 759
1764107432743 99.0 760
1764107441175 100.0 761
1764107449565 99.0 762
1764107457958 99.0 763
1764107466334 99.0 764
1764107474707 99.0 765
1764107483133 99.0 766
1764107491516 99.0 767
1764107499875 99.0 768
1764107508271 99.0 769
1764107516717 99.0 770
1764107525091 99.0 771
1764107533487 99.0 772
1764107541848 99.0 773
1764107550245 99.0 774
1764107558653 99.0 775
1764107566993 99.0 776
1764107575383 99.0 777
1764107583752 99.0 778
1764107592112 99.0 779
1764107600528 99.0 780
1764107608911 99.0 781
1764107617286 99.0 782
1764107625665 99.0 783
1764107634173 99.0 784
1764107642565 99.0 785
1764107650947 99.0 786
1764107659340 99.0 787
1764107667720 99.0 788
1764107676089 99.0 789
1764107684459 99.0 790
1764107692837 99.0 791
1764107701200 99.0 792
1764107709609 99.0 793
1764107718110 99.0 794
1764107726482 99.0 795
1764107734855 99.0 796
1764107743254 99.0 797
1764107751613 99.0 798
1764107759972 99.0 799
1764107768329 99.0 800
1764107776710 99.0 801
1764107785125 100.0 802
1764107793511 99.0 803
1764107801998 99.0 804
1764107810407 99.0 805
1764107818788 99.0 806
1764107827162 99.0 807
1764107835542 99.0 808
1764107843942 99.0 809
1764107852324 99.0 810
1764107860711 99.0 811
1764107869082 99.0 812
1764107877496 99.0 813
1764107885879 99.0 814
1764107894241 99.0 815
1764107902632 100.0 816
1764107910995 99.0 817
1764107919409 99.0 818
1764107927775 99.0 819
1764107936120 100.0 820
1764107944519 99.0 821
1764107952937 99.0 822
1764107961325 99.0 823
1764107969727 99.0 824
1764107978113 99.0 825
1764107986612 99.0 826
1764107995018 99.0 827
1764108003396 99.0 828
1764108011789 99.0 829
1764108020164 99.0 830
1764108028527 99.0 831
1764108036987 99.0 832
1764108045385 99.0 833
1764108053756 100.0 834
1764108062108 99.0 835
1764108070635 99.0 836
1764108079061 99.0 837
1764108087452 99.0 838
1764108095831 99.0 839
1764108104220 99.0 840
1764108112599 99.0 841
1764108121005 99.0 842
1764108129389 99.0 843
1764108137801 99.0 844
1764108146167 99.0 845
1764108154696 99.0 846
1764108163074 99.0 847
1764108171454 100.0 848
1764108179876 99.0 849
1764108188260 99.0 850
1764108196634 99.0 851
1764108205005 99.0 852
1764108213365 100.0 853
1764108221809 99.0 854
1764108230187 99.0 855
1764108238568 99.0 856
1764108246962 99.0 857
1764108255407 99.0 858
1764108263873 99.0 859
1764108272259 99.0 860
1764108280636 99.0 861
1764108289028 99.0 862
1764108297416 99.0 863
1764108305800 99.0 864
1764108314195 99.0 865
1764108322596 100.0 866
1764108330983 99.0 867
1764108339383 99.0 868
1764108347761 99.0 869
1764108356298 99.0 870
1764108364723 99.0 871
1764108373112 99.0 872
1764108381515 99.0 873
1764108389901 99.0 874
1764108398307 99.0 875
1764108406701 99.0 876
1764108415070 99.0 877
1764108423440 99.0 878
1764108431963 99.0 879
1764108440357 99.0 880
1764108448754 99.0 881
1764108457155 99.0 882
1764108465577 100.0 883
1764108473943 99.0 884
1764108482344 99.0 885
1764108490714 100.0 886
1764108499096 99.0 887
1764108507495 99.0 888
1764108515892 99.0 889
1764108524262 99.0 890
1764108532656 99.0 891
1764108541044 99.0 892
1764108549444 99.0 893
1764108557844 99.0 894
1764108566216 99.0 895
1764108574591 99.0 896
1764108582987 99.0 897
1764108591361 99.0 898
1764108599797 99.0 899
1764108608209 100.0 900
1764108616590 99.0 901
1764108624954 99.0 902
1764108633334 99.0 903
1764108641700 99.0 904
1764108650070 99.0 905
1764108658440 99.0 906
1764108666799 99.0 907
1764108675199 99.0 908
1764108683556 99.0 909
1764108691936 99.0 910
1764108700380 99.0 911
1764108708758 99.0 912
1764108717137 99.0 913
1764108725510 100.0 914
1764108733949 99.0 915
1764108742329 99.0 916
1764108750727 99.0 917
1764108759134 100.0 918
1764108767526 99.0 919
1764108775924 99.0 920
1764108784293 99.0 921
1764108792679 99.0 922
1764108801080 99.0 923
1764108809441 99.0 924
1764108817834 100.0 925
1764108826234 99.0 926
1764108834619 99.0 927
1764108843000 99.0 928
1764108851376 99.0 929
1764108859741 99.0 930
1764108868127 99.0 931
1764108876553 99.0 932
1764108884952 99.0 933
1764108893328 99.0 934
1764108901730 99.0 935
1764108910125 99.0 936
1764108918539 99.0 937
1764108926934 99.0 938
1764108991809 99.0 940
1764109000183 99.0 941
1764109008555 99.0 942
1764109016912 99.0 943
1764109025273 99.0 944
1764109033682 99.0 945
1764109042095 99.0 946
1764109050512 99.0 947
1764109058933 99.0 948
1764109067352 99.0 949
1764109075771 99.0 950
1764109084199 100.0 951
1764109092751 99.0 952
1764109101316 99.0 953
1764109109707 99.0 954
1764109118154 99.0 955
1764109126545 99.0 956
1764109134940 99.0 957
1764109143524 99.0 958
1764109151916 99.0 959
1764109160333 99.0 960
1764109168720 99.0 961
1764109177139 99.0 962
1764109185553 99.0 963
1764109193964 99.0 964
1764109202342 99.0 965
1764109210715 100.0 966
1764109219091 99.0 967
1764109227506 99.0 968
1764109235915 99.0 969
1764109244320 99.0 970
1764109252735 99.0 971
1764109261121 99.0 972
1764109269520 99.0 973
1764109277939 99.0 974
1764109286334 100.0 975
1764109294714 99.0 976
1764109303145 99.0 977
1764109311531 99.0 978
1764109319910 100.0 979
1764109328310 99.0 980
1764109336687 99.0 981
1764109345080 99.0 982
1764109353441 99.0 983
1764109361839 99.0 984
1764109370215 99.0 985
1764109378632 99.0 986
1764109387058 100.0 987
1764109395443 99.0 988
1764109403848 100.0 989
1764109412236 99.0 990
1764109420616 99.0 991
1764109429037 99.0 992
1764109437433 99.0 993
1764109445941 99.0 994
1764109454292 99.0 995
1764109462667 99.0 996
1764109471056 99.0 997
1764109479426 99.0 998
1764109487835 99.0 999
1764109496412 100.0 1000
1764109504806 99.0 1001
1764109513193 99.0 1002
1764109521578 99.0 1003
1764109529957 99.0 1004
1764109538315 99.0 1005
1764109546719 99.0 1006
1764109555146 99.0 1007
1764109563521 99.0 1008
1764109571891 99.0 1009
1764109580264 99.0 1010
1764109588637 99.0 1011
1764109597056 99.0 1012
1764109605454 99.0 1013
1764109613855 99.0 1014
1764109622265 99.0 1015
1764109630668 99.0 1016
1764109639031 99.0 1017
1764109647445 99.0 1018
1764109655852 99.0 1019
1764109664236 100.0 1020
1764109672645 99.0 1021
1764109681030 99.0 1022
1764109689414 99.0 1023
1764109697806 100.0 1024
1764109706212 99.0 1025
1764109714607 99.0 1026
1764109723005 99.0 1027
1764109731489 99.0 1028
1764109739877 99.0 1029
1764109748248 99.0 1030
1764109756641 99.0 1031
1764109765044 99.0 1032
1764109773433 99.0 1033
1764109781944 99.0 1034
1764109790312 99.0 1035
1764109798681 97.0 1036
1764109807043 99.0 1037
1764109815431 99.0 1038
1764109823827 100.0 1039
1764109832211 99.0 1040
1764109840572 99.0 1041
1764109848956 99.0 1042
1764109857346 99.0 1043
1764109865693 99.0 1044
1764109874083 99.0 1045
1764109882455 100.0 1046
1764109890848 99.0 1047
1764109899249 99.0 1048
1764109907596 99.0 1049
1764109915965 99.0 1050
1764109924353 99.0 1051
1764109932747 99.0 1052
1764109941131 99.0 1053
1764109949503 99.0 1054
1764109957860 100.0 1055
1764109966354 99.0 1056
1764109974723 99.0 1057
1764109983089 99.0 1058
1764109991465 99.0 1059
1764109999827 99.0 1060
1764110008241 99.0 1061
1764110016636 99.0 1062
1764110025061 99.0 1063
1764110033442 99.0 1064
1764110041792 99.0 1065
1764110050156 99.0 1066
1764110058529 99.0 1067
1764110066913 99.0 1068
1764110075299 99.0 1069
1764110083781 99.0 1070
1764110092179 100.0 1071
1764110100540 99.0 1072
1764110108908 99.0 1073
1764110117310 98.0 1074
1764110125664 99.0 1075
1764110134063 100.0 1076
1764110142421 99.0 1077
1764110150830 100.0 1078
1764110159196 99.0 1079
1764110167570 99.0 1080
1764110175947 100.0 1081
1764110184325 99.0 1082
1764110192694 99.0 1083
1764110201082 99.0 1084
1764110209458 99.0 1085
1764110217823 99.0 1086
1764110226231 99.0 1087
1764110234681 95.0 1088
1764110243072 99.0 1089
1764110251445 99.0 1090
1764110259818 100.0 1091
1764110268234 99.0 1092
1764110276606 99.0 1093
1764110284970 99.0 1094
1764110293342 99.0 1095
1764110301726 99.0 1096
1764110310135 99.0 1097
1764110318554 99.0 1098
1764110326919 99.0 1099
1764110335281 99.0 1100
1764110343697 97.0 1101
1764110352076 99.0 1102
1764110360477 99.0 1103
1764110368863 99.0 1104
1764110377293 97.0 1105
1764110385716 99.0 1106
1764110394098 99.0 1107
1764110402518 100.0 1108
1764110410877 100.0 1109
1764110419245 100.0 1110
1764110427626 100.0 1111
1764110436047 100.0 1112
1764110444427 99.0 1113
1764110452818 99.0 1114
1764110461202 99.0 1115
1764110469728 99.0 1116
1764110478115 99.0 1117
1764110486502 99.0 1118
1764110494872 99.0 1119
1764110503243 99.0 1120
1764110511650 99.0 1121
1764110520074 99.0 1122
1764110528435 99.0 1123
1764110536847 100.0 1124
1764110545200 99.0 1125
1764110553587 99.0 1126
1764110561958 99.0 1127
1764110570334 99.0 1128
1764110578703 99.0 1129
1764110587070 99.0 1130
1764110595572 99.0 1131
1764110603959 99.0 1132
1764110612370 100.0 1133
1764110620749 99.0 1134
1764110629134 99.0 1135
1764110637515 99.0 1136
1764110645906 100.0 1137
1764110654329 99.0 1138
1764110662834 99.0 1139
1764110671206 99.0 1140
1764110679579 99.0 1141
1764110687969 99.0 1142
1764110696350 99.0 1143
1764110704761 100.0 1144
1764110713143 99.0 1145
1764110721524 99.0 1146
1764110729893 99.0 1147
1764110738307 99.0 1148
1764110746730 99.0 1149
1764110755071 100.0 1150
1764110763440 99.0 1151
1764110771834 99.0 1152
1764110780210 99.0 1153
1764110788606 99.0 1154
1764110796966 99.0 1155
1764110805394 99.0 1156
1764110813804 99.0 1157
1764110822335 99.0 1158
1764110830740 99.0 1159
1764110839126 99.0 1160
1764110847520 99.0 1161
1764110855952 99.0 1162
1764110864346 99.0 1163
1764110872722 99.0 1164
1764110881102 99.0 1165
1764110889452 99.0 1166
1764110897844 99.0 1167
1764110906247 100.0 1168
1764110914648 99.0 1169
1764110923003 99.0 1170
1764110931391 99.0 1171
1764110939780 100.0 1172
1764110948164 99.0 1173
1764110956545 99.0 1174
1764110964895 99.0 1175
1764110973309 100.0 1176
1764110981695 99.0 1177
1764110990072 99.0 1178
1764110998456 99.0 1179
1764111006913 98.0 1180
1764111015279 99.0 1181
1764111023669 99.0 1182
1764111032031 99.0 1183
1764111040424 99.0 1184
1764111048850 99.0 1185
1764111057242 99.0 1186
1764111065634 99.0 1187
1764111074043 99.0 1188
1764111082421 99.0 1189
1764111090928 99.0 1190
1764111099287 100.0 1191
1764111107790 100.0 1192
1764111116184 99.0 1193
1764111124551 99.0 1194
1764111132948 99.0 1195
1764111141330 99.0 1196
1764111149714 99.0 1197
1764111158085 100.0 1198
1764111166643 99.0 1199
1764111175027 99.0 1200
1764111183413 99.0 1201
1764111191798 99.0 1202
1764111200196 100.0 1203
1764111208602 99.0 1204
1764111216988 99.0 1205
1764111225351 99.0 1206
1764111233786 100.0 1207
1764111242167 99.0 1208
1764111250577 100.0 1209
1764111258955 99.0 1210
1764111267372 99.0 1211
1764111275753 99.0 1212
1764111284138 99.0 1213
1764111292558 99.0 1214
1764111300974 99.0 1215
1764111309366 99.0 1216
1764111317732 99.0 1217
1764111326115 99.0 1218
1764111334481 99.0 1219
1764111342841 99.0 1220
1764111351211 99.0 1221
1764111359552 99.0 1222
1764111367947 99.0 1223
1764111376338 99.0 1224
1764111384736 99.0 1225
1764111393101 99.0 1226
1764111401475 99.0 1227
1764111409854 99.0 1228
1764111418260 99.0 1229
1764111426639 99.0 1230
1764111435011 100.0 1231
1764111443510 99.0 1232
1764111451915 99.0 1233
1764111460268 99.0 1234
1764111468652 99.0 1235
1764111477032 99.0 1236
1764111485418 99.0 1237
1764111493799 99.0 1238
1764111502169 99.0 1239
1764111510534 99.0 1240
1764111519063 99.0 1241
1764111527441 99.0 1242
1764111535809 99.0 1243
1764111544192 99.0 1244
1764111552567 99.0 1245
1764111560938 99.0 1246
1764111569318 99.0 1247
1764111577677 100.0 1248
1764111586045 100.0 1249
1764111594413 100.0 1250
1764111602791 99.0 1251
1764111671196 99.0 1253
1764111679560 99.0 1254
1764111687920 99.0 1255
1764111696264 99.0 1256
1764111704610 100.0 1257
1764111712988 99.0 1258
1764111721356 99.0 1259
1764111729736 99.0 1260
1764111738098 99.0 1261
1764111746512 99.0 1262
1764111754884 99.0 1263
1764111763248 99.0 1264
1764111771822 100.0 1265
1764111780240 99.0 1266
1764111788640 99.0 1267
1764111797068 99.0 1268
1764111805473 99.0 1269
1764111813894 99.0 1270
1764111822281 100.0 1271
1764111830711 99.0 1272
1764111839094 99.0 1273
1764111847504 99.0 1274
1764111855893 99.0 1275
1764111864287 99.0 1276
1764111872673 99.0 1277
1764111881042 99.0 1278
1764111889456 99.0 1279
1764111897819 99.0 1280
1764111906262 99.0 1281
1764111914670 99.0 1282
1764111923060 100.0 1283
1764111931476 100.0 1284
1764111939926 99.0 1285
1764111948332 99.0 1286
1764111956761 99.0 1287
1764111965196 99.0 1288
1764111973596 99.0 1289
1764111982013 100.0 1290
1764111990399 99.0 1291
1764111998941 99.0 1292
1764112007371 100.0 1293
1764112015736 99.0 1294
1764112024121 100.0 1295
1764112032501 99.0 1296
1764112040927 98.0 1297
1764112049294 99.0 1298
1764112057664 99.0 1299
1764112066042 99.0 1300
1764112074466 99.0 1301
1764112082889 95.0 1302
1764112091283 99.0 1303
1764112099682 99.0 1304
1764112108063 99.0 1305
1764112116441 99.0 1306
1764112124846 99.0 1307
1764112133211 99.0 1308
1764112141570 99.0 1309
1764112149936 99.0 1310
1764112158355 99.0 1311
1764112166775 99.0 1312
1764112175153 99.0 1313
1764112183545 99.0 1314
1764112191925 99.0 1315
1764112200319 99.0 1316
1764112208701 99.0 1317
1764112217139 100.0 1318
1764112225532 99.0 1319
1764112233923 99.0 1320
1764112242305 99.0 1321
1764112250865 100.0 1322
1764112259234 99.0 1323
1764112267621 99.0 1324
1764112275968 99.0 1325
1764112284353 99.0 1326
1764112292743 99.0 1327
1764112301099 100.0 1328
1764112309478 99.0 1329
1764112317844 99.0 1330
1764112326212 99.0 1331
1764112334576 99.0 1332
1764112342997 99.0 1333
1764112351394 99.0 1334
1764112359771 99.0 1335
1764112368180 99.0 1336
1764112376555 99.0 1337
1764112384948 99.0 1338
1764112393346 99.0 1339
1764112401731 99.0 1340
1764112410109 99.0 1341
1764112418515 99.0 1342
1764112426880 99.0 1343
1764112435261 99.0 1344
1764112443677 99.0 1345
1764112452033 100.0 1346
1764112460419 99.0 1347
1764112468811 99.0 1348
1764112477192 99.0 1349
1764112485565 99.0 1350
1764112494078 99.0 1351
1764112502481 99.0 1352
1764112510886 99.0 1353
1764112519227 99.0 1354
1764112527580 99.0 1355
1764112535948 99.0 1356
1764112544333 99.0 1357
1764112552698 99.0 1358
1764112561070 99.0 1359
1764112569455 99.0 1360
1764112577852 99.0 1361
1764112586209 99.0 1362
1764112594584 99.0 1363
1764112602943 99.0 1364
1764112611314 99.0 1365
1764112619667 99.0 1366
1764112628064 99.0 1367
1764112636516 99.0 1368
1764112645020 99.0 1369
1764112653408 99.0 1370
1764112661772 99.0 1371
1764112670159 99.0 1372
1764112678544 99.0 1373
1764112686940 99.0 1374
1764112695317 99.0 1375
1764112703715 99.0 1376
1764112712096 99.0 1377
1764112720482 99.0 1378
1764112728835 99.0 1379
1764112737223 99.0 1380
1764112745631 99.0 1381
1764112754137 99.0 1382
1764112762511 99.0 1383
1764112770893 99.0 1384
1764112779260 99.0 1385
1764112787651 99.0 1386
1764112796045 99.0 1387
1764112804432 99.0 1388
1764112812824 99.0 1389
1764112821240 99.0 1390
1764112829608 99.0 1391
1764112837993 99.0 1392
1764112846489 99.0 1393
1764112854882 99.0 1394
1764112863260 99.0 1395
1764112871652 99.0 1396
1764112880024 99.0 1397
1764112888414 99.0 1398
1764112896825 99.0 1399
1764112905245 99.0 1400
1764112913632 100.0 1401
1764112922015 100.0 1402
1764112930400 99.0 1403
1764112938778 99.0 1404
1764112947147 99.0 1405
1764112955526 99.0 1406
1764112963896 99.0 1407
1764112972270 99.0 1408
1764112980661 99.0 1409
1764112989030 99.0 1410
1764112997425 99.0 1411
1764113005799 99.0 1412
1764113014219 99.0 1413
1764113022601 99.0 1414
1764113030972 99.0 1415
1764113039350 99.0 1416
1764113047712 99.0 1417
1764113056053 99.0 1418
1764113064466 99.0 1419
1764113072849 99.0 1420
1764113081279 99.0 1421
1764113089656 99.0 1422
1764113098035 99.0 1423
1764113106564 100.0 1424
1764113114927 99.0 1425
1764113123506 96.0 1426
1764113131903 99.0 1427
1764113140281 99.0 1428
1764113148788 99.0 1429
1764113157169 99.0 1430
1764113165577 99.0 1431
1764113173966 99.0 1432
1764113182370 99.0 1433
1764113190781 99.0 1434
1764113199164 100.0 1435
1764113207538 99.0 1436
1764113215902 99.0 1437
1764113224353 99.0 1438
1764113232757 99.0 1439
1764113241122 99.0 1440
1764113249503 99.0 1441
1764113257915 99.0 1442
1764113266309 99.0 1443
1764113274720 99.0 1444
1764113283095 99.0 1445
1764113291446 99.0 1446
1764113299814 99.0 1447
1764113308215 99.0 1448
1764113316596 99.0 1449
1764113324972 99.0 1450
1764113333376 99.0 1451
1764113341787 99.0 1452
1764113350167 99.0 1453
1764113358581 99.0 1454
1764113366977 99.0 1455
1764113375396 99.0 1456
1764113383790 99.0 1457
1764113392288 99.0 1458
1764113400651 99.0 1459
1764113409034 99.0 1460
1764113417375 99.0 1461
1764113425787 99.0 1462
1764113434172 99.0 1463
1764113442552 99.0 1464
1764113450915 99.0 1465
1764113459319 99.0 1466
1764113467700 99.0 1467
1764113476103 99.0 1468
1764113484495 99.0 1469
1764113492914 99.0 1470
1764113501396 99.0 1471
1764113509780 99.0 1472
1764113518147 99.0 1473
1764113526511 99.0 1474
1764113534880 99.0 1475
1764113543242 100.0 1476
1764113551611 99.0 1477
1764113559977 99.0 1478
1764113568361 100.0 1479
1764113576756 100.0 1480
1764113585139 99.0 1481
1764113593522 99.0 1482
1764113601909 99.0 1483
1764113610257 99.0 1484
1764113618649 99.0 1485
1764113627052 99.0 1486
1764113635453 99.0 1487
1764113643839 99.0 1488
1764113652222 99.0 1489
1764113660575 99.0 1490
1764113668924 99.0 1491
1764113677325 99.0 1492
1764113685697 99.0 1493
1764113694080 99.0 1494
1764113702456 99.0 1495
1764113710839 99.0 1496
1764113719212 99.0 1497
1764113727573 99.0 1498
1764113735962 99.0 1499
1764113744333 99.0 1500
1764113752726 99.0 1501
1764113761128 99.0 1502
1764113769500 99.0 1503
1764113778008 99.0 1504
1764113786392 99.0 1505
1764113794773 99.0 1506
1764113803131 99.0 1507
1764113811485 99.0 1508
1764113819855 99.0 1509
1764113828263 99.0 1510
1764113836665 99.0 1511
1764113845022 99.0 1512
1764113853464 99.0 1513
1764113861859 99.0 1514
1764113870230 99.0 1515
1764113878601 99.0 1516
1764113886951 99.0 1517
1764113895311 99.0 1518
1764113903699 99.0 1519
1764113912114 99.0 1520
1764113920516 99.0 1521
1764113928955 99.0 1522
1764113937344 99.0 1523
1764113945752 99.0 1524
1764113954149 99.0 1525
1764113962533 99.0 1526
1764113970921 99.0 1527
1764113979312 99.0 1528
1764113987685 99.0 1529
1764113996181 99.0 1530
1764114004557 99.0 1531
1764114012945 99.0 1532
1764114021319 99.0 1533
1764114029673 99.0 1534
1764114038047 99.0 1535
1764114046445 99.0 1536
1764114054847 99.0 1537
1764114063238 99.0 1538
1764114071610 99.0 1539
1764114080015 99.0 1540
1764114088379 99.0 1541
1764114096735 99.0 1542
1764114105081 99.0 1543
1764114113482 99.0 1544
1764114121875 99.0 1545
1764114130309 96.0 1546
1764114138695 99.0 1547
1764114147079 99.0 1548
1764114155420 99.0 1549
1764114163764 99.0 1550
1764114172160 99.0 1551
1764114180583 99.0 1552
1764114188967 99.0 1553
1764114197354 99.0 1554
1764114205713 99.0 1555
1764114214115 99.0 1556
1764114222511 99.0 1557
1764114230906 99.0 1558
1764114239284 99.0 1559
1764114247681 99.0 1560
1764114256078 99.0 1561
1764114264441 99.0 1562
1764114272940 99.0 1563
1764114281380 100.0 1564
