1764941238999 2.622232437133789 5
1764941289239 2.622232437133789 10
1764941339815 2.622232437133789 15
1764941390241 2.622232437133789 20
1764941440642 2.622232437133789 25
1764941491095 2.622232437133789 30
1764941541539 2.622232437133789 35
1764941592576 2.622232437133789 40
1764941644182 2.622232437133789 45
1764941696352 2.622232437133789 50
1764941748140 2.622232437133789 55
1764941799720 2.622232437133789 60
1764941851555 2.622232437133789 65
1764941903337 2.622232437133789 70
1764941954862 2.622232437133789 75
1764942006750 2.622232437133789 80
1764942058799 2.622232437133789 85
1764942110731 2.622232437133789 90
1764942162391 2.622232437133789 95
1764942214025 2.622232437133789 100
1764942265812 2.622232437133789 105
1764942317762 2.622232437133789 110
1764942369541 2.622232437133789 115
1764942421471 2.622232437133789 120
1764942473094 2.622232437133789 125
1764942524699 2.622232437133789 130
1764942603227 2.622232437133789 135
1764942655253 2.622232437133789 140
1764942707921 2.622232437133789 145
1764942760624 2.622232437133789 150
1764942813648 2.622232437133789 155
1764942866086 2.622232437133789 160
1764942917648 2.622232437133789 165
1764942969016 2.622232437133789 170
1764943020949 2.622232437133789 175
1764943072707 2.622232437133789 180
1764943125221 2.622232437133789 185
1764943176732 2.622232437133789 190
1764943228004 2.622232437133789 195
1764943280562 2.622232437133789 200
1764943332543 2.622232437133789 205
1764943384089 2.622232437133789 210
1764943435835 2.622232437133789 215
1764943487575 2.622232437133789 220
1764943539109 2.622232437133789 225
1764943590984 2.622232437133789 230
1764943642770 2.622232437133789 235
1764943694924 2.622232437133789 240
1764943746900 2.622232437133789 245
1764943798768 2.622232437133789 250
1764943850252 2.622232437133789 255
1764943902197 2.622232437133789 260
1764943981016 2.622232437133789 265
1764944033700 2.622232437133789 270
1764944086095 2.622232437133789 275
1764944138614 2.622232437133789 280
1764944190968 2.622232437133789 285
1764944243809 2.622232437133789 290
1764944295406 2.622232437133789 295
1764944347602 2.622232437133789 300
1764944399528 2.622232437133789 305
1764944450868 2.622232437133789 310
1764944502295 2.622232437133789 315
1764944554290 2.622232437133789 320
1764944605697 2.622232437133789 325
1764944657024 2.622232437133789 330
1764944708507 2.622232437133789 335
1764944760550 2.622232437133789 340
1764944812458 2.622232437133789 345
1764944864641 2.622232437133789 350
1764944916009 2.622232437133789 355
1764944967772 2.622232437133789 360
1764945019985 2.622232437133789 365
1764945071304 2.622232437133789 370
1764945122953 2.622232437133789 375
1764945174754 2.622232437133789 380
1764945226605 2.622232437133789 385
1764945278722 2.622232437133789 390
1764945356606 2.622232437133789 395
1764945409565 2.622232437133789 400
1764945462872 2.622232437133789 405
1764945515433 2.622232437133789 410
1764945568612 2.622232437133789 415
1764945621008 2.622232437133789 420
1764945672552 2.622232437133789 425
1764945723917 2.622232437133789 430
1764945775532 2.622232437133789 435
1764945827012 2.622232437133789 440
1764945878397 2.622232437133789 445
1764945930155 2.622232437133789 450
1764945982239 2.622232437133789 455
1764946033831 2.622232437133789 460
1764946085107 2.622232437133789 465
1764946137366 2.622232437133789 470
1764946188807 2.622232437133789 475
1764946240366 2.622232437133789 480
1764946292752 2.622232437133789 485
1764946344622 2.622232437133789 490
1764946396630 2.622232437133789 495
1764946448188 2.622232437133789 500
1764946499953 2.622232437133789 505
1764946551983 2.622232437133789 510
1764946603764 2.622232437133789 515
1764946654950 2.622232437133789 520
1764946732700 2.622232437133789 525
1764946785445 2.622232437133789 530
1764946838166 2.622232437133789 535
1764946891197 2.622232437133789 540
1764946943645 2.622232437133789 545
