1764467174632 3.604351043701172 5
1764467228608 3.604351043701172 10
1764467282653 3.604351043701172 15
1764467336507 3.604351043701172 20
1764467390339 3.604351043701172 25
1764467444217 3.604351043701172 30
1764467498075 3.604351043701172 35
1764467551955 3.604351043701172 40
1764467605901 3.604351043701172 45
1764467659903 3.604351043701172 50
1764467713831 3.604351043701172 55
1764467767729 3.604351043701172 60
1764467821631 3.604351043701172 65
1764467875616 3.604351043701172 70
1764467929537 3.604351043701172 75
1764467983507 3.604351043701172 80
1764468037435 3.604351043701172 85
1764468091382 3.604351043701172 90
1764468145152 3.604351043701172 95
1764468199074 3.604351043701172 100
1764468252968 3.604351043701172 105
1764468307002 3.604351043701172 110
1764468360975 3.604351043701172 115
1764468414924 3.604351043701172 120
1764468468803 3.604351043701172 125
1764468537031 3.60435152053833 130
1764468591079 3.60435152053833 135
1764468644956 3.60435152053833 140
1764468698879 3.60435152053833 145
1764468752785 3.60435152053833 150
1764468806653 3.60435152053833 155
1764468860614 3.60435152053833 160
1764468914427 3.60435152053833 165
1764468968246 3.60435152053833 170
1764469022049 3.60435152053833 175
1764469075979 3.60435152053833 180
1764469129843 3.60435152053833 185
1764469183815 3.60435152053833 190
1764469237856 3.60435152053833 195
1764469291811 3.60435152053833 200
1764469345823 3.60435152053833 205
1764469399852 3.60435152053833 210
1764469453790 3.60435152053833 215
1764469507800 3.60435152053833 220
1764469561679 3.60435152053833 225
1764469615663 3.60435152053833 230
1764469669650 3.60435152053833 235
1764469723606 3.60435152053833 240
1764469777545 3.60435152053833 245
1764469831414 3.60435152053833 250
1764469899744 3.60435152053833 255
1764469953737 3.60435152053833 260
1764470007793 3.60435152053833 265
1764470061689 3.60435152053833 270
1764470115530 3.60435152053833 275
1764470169430 3.60435152053833 280
1764470223240 3.60435152053833 285
1764470277136 3.60435152053833 290
1764470331075 3.60435152053833 295
1764470384978 3.60435152053833 300
1764470438953 3.60435152053833 305
1764470492945 3.60435152053833 310
1764470546968 3.60435152053833 315
1764470600980 3.60435152053833 320
1764470654973 3.60435152053833 325
1764470708870 3.60435152053833 330
1764470762833 3.60435152053833 335
1764470816839 3.60435152053833 340
1764470870840 3.60435152053833 345
1764470924832 3.60435152053833 350
1764470978865 3.60435152053833 355
1764471032778 3.60435152053833 360
1764471086629 3.60435152053833 365
1764471140501 3.60435152053833 370
1764471194371 3.60435152053833 375
1764471262373 3.60435152053833 380
1764471316392 3.60435152053833 385
1764471370283 3.60435152053833 390
1764471424349 3.60435152053833 395
1764471478268 3.60435152053833 400
1764471532231 3.60435152053833 405
1764471586131 3.60435152053833 410
1764471640125 3.60435152053833 415
1764471694077 3.60435152053833 420
1764471747954 3.60435152053833 425
1764471801909 3.60435152053833 430
1764471855941 3.60435152053833 435
1764471909833 3.60435152053833 440
1764471963843 3.60435152053833 445
1764472017834 3.60435152053833 450
1764472071772 3.60435152053833 455
1764472125781 3.60435152053833 460
1764472179744 3.60435152053833 465
1764472233724 3.60435152053833 470
1764472287716 3.60435152053833 475
1764472341605 3.60435152053833 480
1764472395573 3.60435152053833 485
1764472449466 3.60435152053833 490
1764472503437 3.60435152053833 495
1764472557372 3.60435152053833 500
1764472625290 3.60435152053833 505
1764472679353 3.60435152053833 510
1764472733291 3.60435152053833 515
1764472787188 3.60435152053833 520
1764472841127 3.60435152053833 525
1764472895082 3.60435152053833 530
1764472949040 3.60435152053833 535
1764473002989 3.60435152053833 540
1764473056960 3.60435152053833 545
1764473110987 3.60435152053833 550
1764473165097 3.60435152053833 555
1764473218997 3.60435152053833 560
1764473272978 3.60435152053833 565
1764473326942 3.60435152053833 570
1764473380910 3.60435152053833 575
1764473434914 3.60435152053833 580
1764473488940 3.60435152053833 585
1764473542938 3.60435152053833 590
1764473596973 3.60435152053833 595
1764473650987 3.60435152053833 600
1764473704925 3.60435152053833 605
1764473758828 3.60435152053833 610
1764473812805 3.60435152053833 615
1764473866634 3.60435152053833 620
1764473920458 3.60435152053833 625
1764473988372 3.60435152053833 630
1764474042359 3.60435152053833 635
1764474096455 3.60435152053833 640
1764474150491 3.60435152053833 645
1764474204502 3.60435152053833 650
1764474258537 3.60435152053833 655
1764474312547 3.60435152053833 660
1764474366572 3.60435152053833 665
1764474420543 3.60435152053833 670
1764474474540 3.60435152053833 675
1764474528520 3.60435152053833 680
1764474582543 3.60435152053833 685
1764474636578 3.60435152053833 690
1764474690607 3.60435152053833 695
1764474744596 3.60435152053833 700
1764474798592 3.60435152053833 705
1764474852488 3.60435152053833 710
1764474906477 3.60435152053833 715
1764474960464 3.60435152053833 720
1764475014403 3.60435152053833 725
1764475068414 3.60435152053833 730
1764475122385 3.60435152053833 735
1764475176316 3.60435152053833 740
1764475230209 3.60435152053833 745
1764475284008 3.60435152053833 750
1764475351901 3.60435152053833 755
1764475405789 3.60435152053833 760
1764475459669 3.60435152053833 765
1764475513671 3.60435152053833 770
1764475567694 3.60435152053833 775
1764475621651 3.60435152053833 780
1764475675651 3.60435152053833 785
1764475729607 3.60435152053833 790
1764475783582 3.60435152053833 795
1764475837623 3.60435152053833 800
1764475891673 3.60435152053833 805
1764475945656 3.60435152053833 810
1764475999636 3.60435152053833 815
1764476053649 3.60435152053833 820
1764476107475 3.60435152053833 825
1764476161277 3.60435152053833 830
1764476215089 3.60435152053833 835
1764476268866 3.60435152053833 840
1764476322745 3.60435152053833 845
1764476376642 3.60435152053833 850
1764476430480 3.60435152053833 855
1764476484313 3.60435152053833 860
1764476538217 3.60435152053833 865
1764476592060 3.60435152053833 870
1764476645899 3.60435152053833 875
1764476713779 3.60435152053833 880
1764476767645 3.60435152053833 885
1764476821662 3.60435152053833 890
1764476875501 3.60435152053833 895
1764476929400 3.60435152053833 900
1764476983301 3.60435152053833 905
1764477037248 3.60435152053833 910
1764477091164 3.60435152053833 915
1764477145018 3.60435152053833 920
1764477198956 3.60435152053833 925
1764477252876 3.60435152053833 930
1764477306727 3.60435152053833 935
1764477360563 3.60435152053833 940
1764477414484 3.60435152053833 945
1764477468355 3.60435152053833 950
1764477522209 3.60435152053833 955
1764477576060 3.60435152053833 960
1764477629920 3.60435152053833 965
1764477683755 3.60435152053833 970
1764477737610 3.60435152053833 975
1764477791587 3.60435152053833 980
1764477845605 3.60435152053833 985
1764477899580 3.60435152053833 990
1764477953703 3.60435152053833 995
1764478021671 3.60435152053833 1000
1764478075583 3.60435152053833 1005
1764478129446 3.60435152053833 1010
1764478183285 3.60435152053833 1015
1764478237212 3.60435152053833 1020
1764478291034 3.60435152053833 1025
1764478344882 3.60435152053833 1030
1764478398701 3.60435152053833 1035
1764478452538 3.60435152053833 1040
1764478506368 3.60435152053833 1045
1764478560232 3.60435152053833 1050
1764478614050 3.60435152053833 1055
1764478667971 3.60435152053833 1060
1764478721858 3.60435152053833 1065
1764478775687 3.60435152053833 1070
1764478829532 3.60435152053833 1075
1764478883341 3.60435152053833 1080
1764478937246 3.60435152053833 1085
1764478991177 3.60435152053833 1090
1764479045044 3.60435152053833 1095
1764479098928 3.60435152053833 1100
1764479152800 3.60435152053833 1105
1764479206618 3.60435152053833 1110
1764479260443 3.60435152053833 1115
1764479314376 3.60435152053833 1120
1764479368243 3.60435152053833 1125
1764479436164 3.60435152053833 1130
1764479490245 3.60435152053833 1135
1764479544219 3.60435152053833 1140
1764479598260 3.60435152053833 1145
1764479652221 3.60435152053833 1150
1764479706295 3.60435152053833 1155
1764479760316 3.60435152053833 1160
1764479814333 3.60435152053833 1165
1764479868283 3.60435152053833 1170
1764479922285 3.60435152053833 1175
1764479976311 3.60435152053833 1180
1764480030444 3.60435152053833 1185
1764480084434 3.60435152053833 1190
1764480138486 3.60435152053833 1195
1764480192553 3.60435152053833 1200
1764480246508 3.60435152053833 1205
1764480300503 3.60435152053833 1210
1764480354562 3.60435152053833 1215
1764480408621 3.60435152053833 1220
1764480462438 3.60435152053833 1225
1764480516371 3.60435152053833 1230
1764480570382 3.60435152053833 1235
1764480624350 3.60435152053833 1240
1764480678383 3.60435152053833 1245
1764480746402 3.60435152053833 1250
