1764884655823 2.571298599243164 5
1764884703467 2.571298599243164 10
1764884750734 2.571298599243164 15
1764884798036 2.571298599243164 20
1764884845438 2.571298599243164 25
1764884892788 2.571298599243164 30
1764884939934 2.571298599243164 35
1764884987020 2.571298599243164 40
1764885034415 2.571298599243164 45
1764885081628 2.571298599243164 50
1764885129010 2.571298599243164 55
1764885176602 2.571298599243164 60
1764885224239 2.571298599243164 65
1764885271658 2.571298599243164 70
1764885319444 2.571298599243164 75
1764885366683 2.571298599243164 80
1764885413912 2.571298599243164 85
1764885461521 2.571298599243164 90
1764885508620 2.571298599243164 95
1764885555881 2.571298599243164 100
1764885603293 2.571298599243164 105
1764885651039 2.571298599243164 110
1764885698634 2.571298599243164 115
1764885746032 2.571298599243164 120
1764885793770 2.571298599243164 125
1764885841264 2.571298599243164 130
1764885888827 2.571298599243164 135
1764885936053 2.571298599243164 140
1764885983730 2.571298599243164 145
1764886031299 2.571298599243164 150
1764886078581 2.571298599243164 155
1764886126028 2.571298599243164 160
1764886173222 2.571298599243164 165
1764886220765 2.571298599243164 170
1764886268018 2.571298599243164 175
1764886315499 2.571298599243164 180
1764886362924 2.571298599243164 185
1764886410247 2.571298599243164 190
1764886457688 2.571298599243164 195
1764886505115 2.571298599243164 200
1764886552458 2.571298599243164 205
1764886599867 2.571298599243164 210
1764886647340 2.571298599243164 215
1764886694772 2.571298599243164 220
1764886742562 2.571298599243164 225
1764886789930 2.571298599243164 230
1764886837703 2.571298599243164 235
1764886885219 2.571298599243164 240
1764886932664 2.571298599243164 245
