1764100965620 0.6007842132315259 1
1764100973971 0.613938139403843 2
1764100982346 0.6667225510340382 3
1764100990721 0.5923490075042679 4
1764100999119 0.71630527683996 5
1764101007541 0.7213277374778713 6
1764101015993 0.6640503266606697 7
1764101024442 0.5956158682618036 8
1764101032879 0.7961032245945743 9
1764101041338 0.6261183141418879 10
1764101049795 0.7397407132598465 11
1764101058207 0.5650583296838242 12
1764101066647 0.5756313290583999 13
1764101075079 0.6513275955448352 14
1764101083534 0.6605045630497446 15
1764101091964 0.6318072168992649 16
1764101100429 0.6717050798099934 17
1764101108860 0.5720690538110355 18
1764101117253 0.6974752420439505 19
1764101125677 0.6200985826009653 20
1764101134067 0.6292607334810323 21
1764101142458 0.7141594333099834 22
1764101151059 0.6646917700955561 23
1764101159462 0.5698593788609383 24
1764101167879 0.6831836372983754 25
1764101176296 0.6846826044407842 26
1764101184706 0.6561218761830352 27
1764101193293 0.5363806674391375 28
1764101201647 0.6698945926579054 29
1764101210047 0.7669215425344291 30
1764101218436 0.6218636667214269 31
1764101226831 0.6660644518116772 32
1764101235237 0.6395300808339338 33
1764101243630 0.6929126132186736 34
1764101252036 0.6854338175799615 35
1764101260434 0.7043566627393412 36
1764101268832 0.5678836122023723 37
1764101277238 0.7118102909482744 38
1764101285640 0.6201695980330894 39
1764101294041 0.5710842124364456 40
1764101302409 0.5783227449143535 41
1764101310769 0.7379843026924712 42
1764101319135 0.6168500135199223 43
1764101327559 0.7172474721147228 44
1764101335944 0.6555648725923606 45
1764101344349 0.7590902678437473 46
1764101352729 0.5903807992295103 47
1764101361092 0.7137681510386719 48
1764101369482 0.6310642341688918 49
1764101377835 0.5509583284043821 50
1764101386198 0.7412296678966084 51
1764101394576 0.6394695423540976 52
1764101402982 0.6204315830574021 53
1764101411330 0.6461780469089702 54
1764101419729 0.5530694098461346 55
1764101428206 0.6574029898548402 56
1764101436569 0.5790557504442453 57
1764101444989 0.6140886733502537 58
1764101453382 0.6624405558478292 59
1764101461762 0.714984690164431 60
1764101470141 0.5875346360220034 61
1764101478510 0.6889471066690278 62
1764101486907 0.6519238654981299 63
1764101495305 0.6981225013308362 64
1764101503716 0.6803815381973369 65
1764101512078 0.5362029046415757 66
1764101520463 0.5963988825660365 67
1764101528836 0.6212672473462038 68
1764101537219 0.7073858384008807 69
1764101545578 0.5597863285783649 70
1764101553963 0.7465434122447901 71
1764101562333 0.6645674634811594 72
1764101570701 0.5021658046163378 73
1764101579130 0.707577252305442 74
1764101587526 0.5772204686003127 75
1764101595922 0.7007579001246952 76
1764101604291 0.60790340089885 77
1764101612642 0.5806144550910565 78
1764101621002 0.5712176809390218 79
1764101629369 0.6687077182443484 80
1764101637722 0.6153721576641151 81
1764101646089 0.5942375405065332 82
1764101654487 0.5872004526207488 83
1764101662858 0.5852572093412673 84
1764101671226 0.6363741751702652 85
1764101679614 0.5429329160121272 86
1764101688009 0.5942928105266602 87
1764101696359 0.6331546000907635 88
1764101704724 0.6259876910134193 89
1764101713100 0.7280909886396174 90
1764101721491 0.7032323506359663 91
1764101729896 0.5654304622115185 92
1764101738283 0.5786032005670032 93
1764101746684 0.6398511534923712 94
1764101755056 0.6529519966740757 95
1764101763442 0.49817303846726213 96
1764101771832 0.6422249266833782 97
1764101780211 0.6337038892935825 98
1764101788621 0.6369073630746592 99
1764101797002 0.6776755002121505 100
1764101805412 0.5852747209249856 101
1764101813784 0.6515630747049684 102
1764101822170 0.5522636838684338 103
1764101830578 0.656066034657859 104
1764101838965 0.7559706211242896 105
1764101847337 0.6270904386418619 106
1764101855712 0.6186764996158278 107
1764101864105 0.7380226330981053 108
1764101872485 0.7122816731702664 109
1764101880900 0.697337608118615 110
1764101889262 0.5911123316770655 111
1764101897645 0.5393856402158564 112
1764101906057 0.6315515794885538 113
1764101914429 0.6586157241209681 114
1764101922809 0.6125953892929565 115
1764101931183 0.5123130990587403 116
1764101939611 0.6289586362392792 117
1764101948013 0.5942373765709291 118
1764101956390 0.6017512633411647 119
1764101964778 0.6392361720329096 120
1764101973131 0.6679425094637458 121
1764101981538 0.6837117178205923 122
1764101989910 0.6269666550323932 123
1764101998294 0.6142302915947451 124
1764102006673 0.5861104053082151 125
1764102015149 0.6557047069584323 126
1764102023512 0.549818621259699 127
1764102031903 0.6555427524260491 128
1764102040290 0.6351825160673906 129
1764102048676 0.6891505363777077 130
1764102057190 0.606439894321638 131
1764102065543 0.6374075764758247 132
1764102074050 0.5904421535793697 133
1764102082445 0.5741530418734183 134
1764102090812 0.49005788321406935 135
1764102099204 0.6617646894789659 136
1764102107588 0.6017273496633762 137
1764102115955 0.6208661347889101 138
1764102124312 0.7910958388187619 139
1764102132654 0.6270542146533664 140
1764102141046 0.683893972540361 141
1764102149418 0.6209851997885665 142
1764102157812 0.6277066422316872 143
1764102166170 0.6531539917589371 144
1764102174532 0.5263619466490537 145
1764102182917 0.634153263076339 146
1764102191299 0.5980765498752099 147
1764102199659 0.5601514905973937 148
1764102208054 0.6329871124245956 149
1764102216431 0.6456343248790346 150
1764102224819 0.7019716975292594 151
1764102233212 0.7002765967374273 152
1764102241614 0.6158742785222526 153
1764102250008 0.5631391813837354 154
1764102258394 0.6426266305621837 155
1764102266770 0.6590174929499666 156
1764102275167 0.5931950345555591 157
1764102283548 0.5741530496243155 158
1764102291981 0.5919036101849076 159
1764102300373 0.7217882346402535 160
1764102308772 0.5428124830847678 161
1764102317153 0.6093672415573966 162
1764102325534 0.681067270503801 163
1764102333931 0.5938090377243298 164
1764102342324 0.6070720915885779 165
1764102350721 0.6830829166206484 166
1764102359091 0.6145515884413391 167
1764102367475 0.6781712511618648 168
1764102375891 0.6960679533531595 169
1764102384281 0.671675079965607 170
1764102392686 0.6362455512427834 171
1764102401081 0.5684039682876987 172
1764102409444 0.5805258221049923 173
1764102417862 0.6841014549657886 174
1764102426252 0.6370744738955898 175
1764102434648 0.6358823521355099 176
1764102443080 0.5916593028198232 177
1764102451454 0.6023574970767058 178
1764102459822 0.5556870224144201 179
1764102468204 0.8219739878350846 180
1764102476595 0.6104038376543118 181
1764102484940 0.6164819207813501 182
1764102493306 0.7100849309052992 183
1764102501674 0.6938619627313263 184
1764102510043 0.6178332591836204 185
1764102518573 0.6152114404713047 186
1764102526972 0.7128100649600717 187
1764102535367 0.6960189422739631 188
1764102543738 0.5770651426564274 189
1764102552253 0.7017252109451044 190
1764102560649 0.7137241222918564 191
1764102569011 0.7395402001687138 192
1764102577544 0.6077838399724478 193
1764102585943 0.7341363614737056 194
1764102594318 0.5241421937743623 195
1764102602704 0.579187337515654 196
1764102611106 0.6517185889870873 197
1764102619503 0.6916618939109975 198
1764102627888 0.5988421386980739 199
1764102636294 0.7941818164650858 200
1764102644688 0.5126673030138662 201
1764102653060 0.6911297054954344 202
1764102661428 0.6091054809921308 203
1764102669821 0.6365787975950611 204
1764102678238 0.6598081841599216 205
1764102686634 0.5450569781972688 206
1764102695039 0.5999230971753867 207
1764102703392 0.5561693970653543 208
1764102711786 0.5218391552285494 209
1764102720164 0.6447491625229437 210
1764102728493 0.5881912267857139 211
1764102736899 0.6444676432055425 212
1764102745297 0.6813416077087229 213
1764102753690 0.6845187909123343 214
1764102762091 0.6438802597292361 215
1764102770477 0.6249606803438246 216
1764102778858 0.6064054600966774 217
1764102787242 0.5528501476935583 218
1764102795606 0.6716473507051788 219
1764102804034 0.6689621114183419 220
1764102812420 0.5765177564295026 221
1764102820790 0.7934818190908353 222
1764102829178 0.6945470253842757 223
1764102837562 0.5654732069850001 224
1764102845942 0.7462580670706658 225
1764102854332 0.7065532470420041 226
1764102862696 0.6631650947134382 227
1764102871218 0.6564305241253949 228
1764102879602 0.6869401481995453 229
1764102887979 0.6560854800618164 230
1764102896342 0.6270621972304133 231
1764102904832 0.5643479800060077 232
1764102913211 0.7239138820638624 233
1764102921582 0.6350130281131455 234
1764102930108 0.5610015576117378 235
1764102938524 0.6414405813086203 236
1764102946889 0.585170980349438 237
1764102955278 0.5477220043111124 238
1764102963639 0.6319059441462787 239
1764102972023 0.5834528284029902 240
1764102980401 0.5483881051945053 241
1764102988813 0.7167336436386668 242
1764102997243 0.6733615267665746 243
1764103005613 0.641146083231645 244
1764103014005 0.6012609509258826 245
1764103022354 0.5126955936326534 246
1764103030713 0.6419351481721902 247
1764103039135 0.6341603887349658 248
1764103047494 0.5674639477660679 249
1764103055871 0.6806875406564363 250
1764103064276 0.5894172621433813 251
1764103072641 0.661204346494955 252
1764103081090 0.6384652906310009 253
1764103089489 0.5835703618311946 254
1764103097869 0.636213969314045 255
1764103106269 0.6840415507763538 256
1764103114670 0.6663103039970131 257
1764103123041 0.6892991178585776 258
1764103131429 0.6260698840806015 259
1764103139782 0.6901836254750776 260
1764103148183 0.6322798190769443 261
1764103156693 0.6599690778566208 262
1764103165099 0.7507915939336164 263
1764103173456 0.5441819963490133 264
1764103181977 0.537328220541571 265
1764103190336 0.5541662046924902 266
1764103198729 0.5337110161812233 267
1764103207247 0.6463876967194596 268
1764103215633 0.6423143081728027 269
1764103224049 0.6455927303961337 270
1764103232434 0.6716636721229431 271
1764103240815 0.5610439921589234 272
1764103249157 0.6921668031619683 273
1764103257524 0.7109505432360106 274
1764103265888 0.6710785747964843 275
1764103274247 0.5926857617261927 276
1764103282628 0.5990961377698405 277
1764103291029 0.6770693807249318 278
1764103299405 0.661560567893989 279
1764103307775 0.6127083669713824 280
1764103316139 0.6972228149647601 281
1764103324517 0.5665739540970169 282
1764103332875 0.6510413644020605 283
1764103341295 0.6872551090505765 284
1764103349649 0.6810846048055846 285
1764103358019 0.634807622493125 286
1764103366430 0.7103482322906007 287
1764103374843 0.6670718677128131 288
1764103383234 0.6714977348194494 289
1764103391602 0.6521992628960979 290
1764103399986 0.7098867656862431 291
1764103408356 0.5969881938191992 292
1764103416745 0.5740097801831838 293
1764103425111 0.6925570644988844 294
1764103433506 0.656785906573724 295
1764103441906 0.7232835584677928 296
1764103450277 0.6621958431672288 297
1764103458643 0.6721497590050297 298
1764103467050 0.5974935508964572 299
1764103475443 0.6233447181704774 300
1764103483799 0.6072754624841058 301
1764103492175 0.7015361087851153 302
1764103500571 0.6472930672470777 303
1764103508988 0.705389967034499 304
1764103517420 0.6146270559935669 305
1764103525791 0.6370345358879487 306
1764103534174 0.7250272084340748 307
1764103542572 0.5895840550212887 308
1764103550942 0.6147404756484367 309
1764103559311 0.709501887833666 310
1764103567679 0.7311135908537273 311
1764103576068 0.588874411130347 312
1764103640609 0.6274806628095642 314
1764103648978 0.6311797512769414 315
1764103657363 0.6585426221770673 316
1764103665755 0.7027478233509001 317
1764103674151 0.6554577958431702 318
1764103682576 0.7720126543049912 319
1764103690974 0.6241255221957943 320
1764103699386 0.6465610319453816 321
1764103707790 0.6686428254254527 322
1764103716188 0.5565455408386152 323
1764103724631 0.6758932182165398 324
1764103733044 0.659269630031281 325
1764103741476 0.6160762185900119 326
1764103749923 0.611965803919096 327
1764103758343 0.5781513261492017 328
1764103766934 0.5421583874621664 329
1764103775352 0.482222050512647 330
1764103783773 0.5975841889927888 331
1764103792173 0.64959993157721 332
1764103800595 0.5806362051424114 333
1764103808995 0.5461546379953327 334
1764103817419 0.6260086062032867 335
1764103825835 0.6421132666997118 336
1764103834272 0.6878726056887271 337
1764103842653 0.7058796853978212 338
1764103851059 0.6808395948266135 339
1764103859487 0.6432028730013221 340
1764103867882 0.6449046662916371 341
1764103876276 0.6052426632308349 342
1764103884652 0.5483709117563238 343
1764103893050 0.6475465067644993 344
1764103901607 0.6566877174751912 345
1764103909975 0.5835527567622615 346
1764103918347 0.769094308359604 347
1764103926974 0.6009824775177027 348
1764103935364 0.5479789030712684 349
1764103943757 0.6007956552856981 350
1764103952156 0.6150784654087652 351
1764103960575 0.6093705635135127 352
1764103968990 0.5928069807941208 353
1764103977396 0.5986841715202946 354
1764103985818 0.6388945521906944 355
1764103994211 0.6367690155681913 356
1764104002610 0.6613312710971359 357
1764104011006 0.6508152484629137 358
1764104019429 0.5822789865999359 359
1764104027837 0.6611731968800656 360
1764104036213 0.5630587721334884 361
1764104044649 0.6777927207827827 362
1764104053040 0.6221854925434726 363
1764104061464 0.5381554388276738 364
1764104069862 0.5754819150214463 365
1764104078250 0.6987824851989369 366
1764104086655 0.6348069521358064 367
1764104095071 0.6025774733817006 368
1764104103470 0.6218814355306925 369
1764104111850 0.5999737951804692 370
1764104120231 0.6165214943104487 371
1764104128637 0.5947422715117938 372
1764104137020 0.61723685127192 373
1764104145400 0.6325848444005973 374
1764104153798 0.6905134518036359 375
1764104162220 0.680334447694402 376
1764104170625 0.6897588067114047 377
1764104179007 0.6443551052341457 378
1764104187384 0.677427765002527 379
1764104195760 0.5594521098375655 380
1764104204137 0.7584983137161341 381
1764104212558 0.6777345934553327 382
1764104220957 0.7563343418683259 383
1764104229336 0.7162381653650787 384
1764104237736 0.6451736911071745 385
1764104246135 0.6096178580014512 386
1764104254646 0.7016076615344531 387
1764104263011 0.5782161730126696 388
1764104271407 0.6202207641276773 389
1764104279939 0.6665671323022141 390
1764104288300 0.5822046363036691 391
1764104296710 0.615669443053021 392
1764104305110 0.5752952392639399 393
1764104313496 0.6548672923435079 394
1764104321859 0.5251274662741695 395
1764104330248 0.6618839886288591 396
1764104338622 0.6127239964759119 397
1764104347038 0.6387761565221185 398
1764104355431 0.7113635286690189 399
1764104363848 0.5572209380583786 400
1764104372226 0.5953853439721706 401
1764104380560 0.6886458743959661 402
1764104388939 0.718414934077249 403
1764104397310 0.507659279757496 404
1764104405673 0.5921830789799294 405
1764104414055 0.6618478373896772 406
1764104422445 0.6900537493260944 407
1764104430847 0.7057246171541292 408
1764104439226 0.6208427803335829 409
1764104447628 0.5982973067440052 410
1764104456030 0.6524653834041219 411
1764104464403 0.5940469067392902 412
1764104472805 0.5779341255593259 413
1764104481181 0.6846985204915386 414
1764104489539 0.6405484585886247 415
1764104497938 0.6817128453195532 416
1764104506352 0.6673448970003937 417
1764104514726 0.5184730322518655 418
1764104523101 0.6603219886525529 419
1764104531607 0.698434336732676 420
1764104540000 0.5823138137328558 421
1764104548362 0.4848639706862269 422
1764104556891 0.7593816715678796 423
1764104565250 0.6835423466975765 424
1764104573639 0.6066750254755673 425
1764104582034 0.789011987840618 426
1764104590459 0.5950669474066265 427
1764104598804 0.6812860934134695 428
1764104607208 0.6665879184514617 429
1764104615629 0.7060434038429562 430
1764104624003 0.6540410587786727 431
1764104632397 0.6763899848404921 432
1764104640884 0.6192431529733959 433
1764104649240 0.6048891427568132 434
1764104657614 0.5741394389376723 435
1764104665984 0.5729544026079887 436
1764104674368 0.604591410694337 437
1764104682733 0.5940320885194166 438
1764104691121 0.6275169372322169 439
1764104699508 0.5904414380620382 440
1764104707855 0.7364562792734984 441
1764104716243 0.6926623363034493 442
1764104724629 0.6561224891461361 443
1764104733004 0.7555841384291031 444
1764104741378 0.6258737450546386 445
1764104749740 0.667491343949085 446
1764104758090 0.7347368127054386 447
1764104766483 0.5980955752386667 448
1764104774843 0.5523693916099578 449
1764104783210 0.5476106297196541 450
1764104791559 0.5987864882070021 451
1764104799953 0.6425778231036597 452
1764104808333 0.6147254936043061 453
1764104816761 0.6453631485293967 454
1764104825164 0.6800723410637072 455
1764104833575 0.6720437566923305 456
1764104841951 0.5472530162386777 457
1764104850333 0.7061256253685106 458
1764104858709 0.6024213584487306 459
1764104867077 0.6416769738082106 460
1764104875468 0.6810529713345864 461
1764104883900 0.6048919547598359 462
1764104892243 0.5703656773720075 463
1764104900627 0.7361764446751121 464
1764104909040 0.5771799955904824 465
1764104917443 0.6712546583411826 466
1764104925840 0.596809896054227 467
1764104934232 0.723700920987508 468
1764104942601 0.699140134121119 469
1764104950971 0.5695535118477715 470
1764104959374 0.663739531637342 471
1764104967782 0.6037806220001394 472
1764104976157 0.5406677250239595 473
1764104984570 0.6384644665122655 474
1764104992951 0.6411474521321415 475
1764105001308 0.5222597160605551 476
1764105009688 0.6558515175309599 477
1764105018074 0.6678956851830162 478
1764105026428 0.6324417251682685 479
1764105034810 0.6692325754833333 480
1764105043221 0.5926293901680171 481
1764105051622 0.6263391342366317 482
1764105059982 0.627249906601556 483
1764105068350 0.5695998690660751 484
1764105076713 0.6297629975316068 485
1764105085127 0.6513187163944738 486
1764105093529 0.6552496668586655 487
1764105101922 0.6038997497963964 488
1764105110308 0.6513573637180327 489
1764105118723 0.6051980733874254 490
1764105127098 0.7237800518741427 491
1764105135488 0.5900697974832154 492
1764105143994 0.6169932984749646 493
1764105152375 0.6051118821902443 494
1764105160748 0.6588496454894697 495
1764105169139 0.694516995463212 496
1764105177506 0.6031973618128362 497
1764105185916 0.6181641061434002 498
1764105194318 0.6691624852354936 499
1764105202679 0.6178239814404964 500
1764105211074 0.7673285232024141 501
1764105219436 0.5500645384708055 502
1764105227831 0.645054481682698 503
1764105236218 0.7507753479010446 504
1764105244617 0.6788786885417818 505
1764105253044 0.5394732299993266 506
1764105261452 0.5355600473992568 507
1764105269839 0.6959523174641983 508
1764105278222 0.6559899357005851 509
1764105286640 0.7277346273567133 510
1764105295021 0.6518369093997524 511
1764105303424 0.6053428274476226 512
1764105311820 0.6577503344542978 513
1764105320177 0.6092877311039483 514
1764105328577 0.7190120717631382 515
1764105336956 0.6256343687548296 516
1764105345349 0.717192030157303 517
1764105353724 0.6671653726032307 518
1764105362115 0.6213617092096337 519
1764105370490 0.6204492805382115 520
1764105378872 0.6404284046102025 521
1764105387238 0.5669825113263747 522
1764105395628 0.6856097323828059 523
1764105404162 0.6237896342060799 524
1764105412530 0.6421407496539694 525
1764105420920 0.5620624854031547 526
1764105429268 0.5783100705131985 527
1764105437831 0.7806115824142946 528
1764105446223 0.6230226540097823 529
1764105454591 0.6267472471408803 530
1764105462959 0.6799164842338232 531
1764105471309 0.6075694904076032 532
1764105479691 0.5886775654934828 533
1764105488079 0.5908029396502953 534
1764105496609 0.7275882384359162 535
1764105505005 0.594500019752518 536
1764105513387 0.61308836821458 537
1764105521761 0.5910379755373291 538
1764105530154 0.6694002952242016 539
1764105538532 0.6105883247273869 540
1764105546902 0.6047069062458437 541
1764105555353 0.5995513366861442 542
1764105563713 0.6748723153460003 543
1764105572066 0.6981960658967643 544
1764105580438 0.6064204805093677 545
1764105588816 0.6913027292612812 546
1764105597199 0.60608837924822 547
1764105605578 0.5326968052523301 548
1764105613951 0.6613268275887488 549
1764105622348 0.7404886636492638 550
1764105630717 0.6132581506098618 551
1764105639070 0.6278835301511285 552
1764105647451 0.5651575526826046 553
1764105655823 0.5914333795756653 554
1764105664184 0.6562462985527268 555
1764105672548 0.6255893203004984 556
1764105680959 0.6122853006974245 557
1764105689347 0.6036023104352826 558
1764105697720 0.6623378469195398 559
1764105706090 0.6990239768896429 560
1764105714456 0.5864105550245372 561
1764105722838 0.5947022352126069 562
1764105731201 0.6437361242176431 563
1764105739587 0.6096746504705945 564
1764105748000 0.6909227725606923 565
1764105756440 0.6910410232729445 566
1764105764821 0.699064336532681 567
1764105773323 0.6494084367433899 568
1764105781731 0.7765576106234314 569
1764105790131 0.5877226161071831 570
1764105798504 0.6023026322440364 571
1764105806882 0.570604667999662 572
1764105815257 0.7312052147534718 573
1764105823664 0.7099778357922327 574
1764105832107 0.653581700153015 575
1764105840503 0.6789071496325054 576
1764105848878 0.6622962159974782 577
1764105857266 0.5635687000270222 578
1764105865650 0.6452635391985013 579
1764105874015 0.5485285293563686 580
1764105882383 0.6676575200495352 581
1764105890881 0.6832008828257558 582
1764105899279 0.6393852827785553 583
1764105907677 0.645173966908761 584
1764105916112 0.5903493945402001 585
1764105924514 0.6323461310499439 586
1764105932890 0.6112218748966349 587
1764105941446 0.5842952756882865 588
1764105949817 0.6670448563017333 589
1764105958224 0.635287695147803 590
1764105966607 0.5590623063717514 591
1764105975011 0.5890969458108172 592
1764105983375 0.5904287372153867 593
1764105991775 0.7031024342482419 594
1764106000185 0.6347869479919085 595
1764106008566 0.7374576671603768 596
1764106016952 0.6463063779872102 597
1764106025311 0.6147402811371602 598
1764106033674 0.6498450054654756 599
1764106042065 0.6522451425743085 600
1764106050484 0.59449192574605 601
1764106058853 0.6520340606493702 602
1764106067270 0.6750606794614527 603
1764106075650 0.7790605667636947 604
1764106084020 0.6207438383305854 605
1764106092416 0.6527123727642675 606
1764106100807 0.5924661810748716 607
1764106109194 0.5743836391284086 608
1764106117553 0.7055163250554791 609
1764106125950 0.6253170870354459 610
1764106134340 0.6705719785747946 611
1764106142692 0.6126731581856264 612
1764106151053 0.6384252470193144 613
1764106159456 0.6731663827059312 614
1764106167818 0.5438669617118852 615
1764106176189 0.6460842318451017 616
1764106184559 0.607369538564281 617
1764106192929 0.5777428459396722 618
1764106201352 0.5687057072450592 619
1764106209725 0.6824974186257139 620
1764106218099 0.686720136392953 621
1764106226469 0.7223253709257462 622
1764106234846 0.5996485865380958 623
1764106243331 0.6611491805660925 624
1764106251704 0.5918431001615476 625
1764106316267 0.5726148638390748 627
1764106324681 0.7442334379829594 628
1764106333215 0.6970142196600959 629
1764106341592 0.6703455735626883 630
1764106349943 0.6322000569827125 631
1764106358320 0.615999635486893 632
1764106366714 0.628139287629525 633
1764106375097 0.7004388650882494 634
1764106383485 0.557067248277288 635
1764106391893 0.6104975470799305 636
1764106400339 0.6633282191899975 637
1764106408770 0.6475086440356713 638
1764106417196 0.5511965528554975 639
1764106425977 0.593170131467225 640
1764106434366 0.6567918125739252 641
1764106442741 0.5585347697184443 642
1764106451163 0.617947020130217 643
1764106459605 0.6260787138284385 644
1764106468036 0.581141214794496 645
1764106476448 0.6419407825589741 646
1764106484852 0.7031459866073879 647
1764106493230 0.6095197621700162 648
1764106501650 0.6899835534320258 649
1764106510029 0.695791849781171 650
1764106518411 0.6639350524664668 651
1764106526828 0.5508571710836206 652
1764106535249 0.771170573007725 653
1764106543620 0.6553028041696731 654
1764106552039 0.5599098803181701 655
1764106560400 0.6193051210446744 656
1764106568817 0.6723167555469178 657
1764106577239 0.6652985817331125 658
1764106585610 0.5835131042008965 659
1764106594013 0.696116785513422 660
1764106602386 0.6796295977436627 661
1764106610793 0.7191400864657066 662
1764106619174 0.5796313965832632 663
1764106627533 0.7537258809138775 664
1764106635928 0.6488634789891858 665
1764106644305 0.6277547424228245 666
1764106652720 0.6708344299774687 667
1764106661107 0.78368005706921 668
1764106669471 0.7157073848336445 669
1764106677850 0.6276387651110792 670
1764106686236 0.6098117579272138 671
1764106694617 0.58985710917206 672
1764106703017 0.6731328230061282 673
1764106711386 0.6224341170639289 674
1764106719757 0.6160337199952232 675
1764106728188 0.5862227093709411 676
1764106736610 0.72340418954509 677
1764106744982 0.7235922980620291 678
1764106753357 0.5661958048466026 679
1764106761714 0.6375329533142197 680
1764106770134 0.673738904164265 681
1764106778539 0.7733274847783176 682
1764106786908 0.5752228375497159 683
1764106795291 0.5444374841375501 684
1764106803696 0.6484417463644347 685
1764106812057 0.5902531383080853 686
1764106820456 0.5854012829563664 687
1764106828839 0.6863148222539652 688
1764106837224 0.7751909778778366 689
1764106845595 0.6857945182413496 690
1764106854015 0.6340817524951333 691
1764106862383 0.5983999940791291 692
1764106870773 0.7455170757331209 693
1764106879154 0.6518256166949183 694
1764106887558 0.6339403682876206 695
1764106895923 0.5807916934873455 696
1764106904334 0.6550001330145424 697
1764106912693 0.7594875988420898 698
1764106921049 0.5362613391571914 699
1764106929411 0.55317299076436 700
1764106937772 0.6434277048269248 701
1764106946157 0.693883107419393 702
1764106954523 0.5560268266486343 703
1764106962894 0.6682023554491948 704
1764106971287 0.7785035379755619 705
1764106979658 0.6022365074662199 706
1764106988042 0.6262071457841264 707
1764106996442 0.699842835933923 708
1764107004815 0.7044506314681381 709
1764107013233 0.7096804030497459 710
1764107021609 0.6506721399978526 711
1764107029970 0.6033973560826915 712
1764107038362 0.7348168166706872 713
1764107046753 0.5182878243354189 714
1764107055134 0.6229072486006347 715
1764107063579 0.6327140209636677 716
1764107071967 0.6372263043890791 717
1764107080347 0.6715471041970986 718
1764107088720 0.6722028755921294 719
1764107097091 0.6100355671368973 720
1764107105478 0.5896472967687115 721
1764107113861 0.6499611583227186 722
1764107122200 0.6870991389649341 723
1764107130593 0.6386690135889164 724
1764107139115 0.5454765005147445 725
1764107147483 0.720129191681246 726
1764107155865 0.6877102160713593 727
1764107164239 0.6422504728022131 728
1764107172633 0.5856195204923604 729
1764107181011 0.6270322577835186 730
1764107189402 0.6897663150154476 731
1764107197810 0.7139482664867853 732
1764107206168 0.5667726678912336 733
1764107214677 0.6145906821363807 734
1764107223087 0.6126988392323172 735
1764107231479 0.6196371184934066 736
1764107239850 0.6999258484559117 737
1764107248218 0.6231876412951249 738
1764107256600 0.5679067596671004 739
1764107264986 0.6148853485634211 740
1764107273351 0.6452216646388127 741
1764107281727 0.6851151298267943 742
1764107290130 0.5779795760681845 743
1764107298623 0.6580851439700343 744
1764107307052 0.674253901186345 745
1764107315429 0.6427210309897229 746
1764107323795 0.6418577424838794 747
1764107332168 0.6119004312483878 748
1764107340536 0.7046302976734642 749
1764107348928 0.7077407716534614 750
1764107357263 0.6242151190133495 751
1764107365622 0.570979430760249 752
1764107374022 0.5908335134442426 753
1764107382403 0.6624520047219838 754
1764107390792 0.5172519848499242 755
1764107399177 0.6654207613793935 756
1764107407571 0.65585701930044 757
1764107415961 0.6243041155102089 758
1764107424350 0.6704749185780423 759
1764107432743 0.7024205208548603 760
1764107441175 0.6794894491616142 761
1764107449565 0.73106002243438 762
1764107457958 0.6135333797453668 763
1764107466334 0.6404537278992584 764
1764107474707 0.6143878583022119 765
1764107483133 0.6817891825765664 766
1764107491516 0.6113300065936402 767
1764107499875 0.6441630509134006 768
1764107508271 0.7595764147709512 769
1764107516717 0.6550280648407314 770
1764107525091 0.6848316000730238 771
1764107533487 0.6460004021968782 772
1764107541848 0.5904726797422525 773
1764107550245 0.6134011423258695 774
1764107558653 0.609046238419511 775
1764107566993 0.6077267944627335 776
1764107575383 0.7197283204463867 777
1764107583752 0.6828030636385328 778
1764107592112 0.5699391255323563 779
1764107600528 0.6758984102948598 780
1764107608911 0.5940447136484983 781
1764107617286 0.6510107975270003 782
1764107625665 0.5889645268723442 783
1764107634173 0.6320959810811339 784
1764107642565 0.6885426156464697 785
1764107650947 0.7357807321972298 786
1764107659340 0.6697005167596934 787
1764107667720 0.6590866651274296 788
1764107676089 0.6597197500140427 789
1764107684459 0.6280164631095494 790
1764107692837 0.6573024016706471 791
1764107701200 0.6346255931311188 792
1764107709609 0.6578444391469433 793
1764107718110 0.5470612594131159 794
1764107726482 0.6056790729397571 795
1764107734855 0.7520851264009096 796
1764107743254 0.7267255815884199 797
1764107751613 0.6379546627019099 798
1764107759972 0.6389440877196301 799
1764107768329 0.6539037320401766 800
1764107776710 0.5341318770562895 801
1764107785125 0.6116437669704001 802
1764107793511 0.6288400100918535 803
1764107801998 0.7101017687749587 804
1764107810407 0.679431636263375 805
1764107818788 0.6634921805507383 806
1764107827162 0.5877494586911105 807
1764107835542 0.6173761023705678 808
1764107843942 0.6371438448635355 809
1764107852324 0.6183791849839899 810
1764107860711 0.5834875027300118 811
1764107869082 0.6074299173193446 812
1764107877496 0.6195359286445528 813
1764107885879 0.6156723197787204 814
1764107894241 0.5963093302556058 815
1764107902632 0.5964917397811275 816
1764107910995 0.5181702845075125 817
1764107919409 0.6162160993437407 818
1764107927775 0.597155616233121 819
1764107936120 0.7343392015796733 820
1764107944519 0.6717781248892434 821
1764107952937 0.5736621854710691 822
1764107961325 0.6256922633300902 823
1764107969727 0.606542467211261 824
1764107978113 0.7364868324693781 825
1764107986612 0.6358183889815824 826
1764107995018 0.8162657078564828 827
1764108003396 0.5869378466616294 828
1764108011789 0.6320737035276889 829
1764108020164 0.6282388086515558 830
1764108028527 0.6355833767054394 831
1764108036987 0.6626360154950541 832
1764108045385 0.7074174841004796 833
1764108053756 0.5688250421833947 834
1764108062108 0.6389336287701435 835
1764108070635 0.6017581368476889 836
1764108079061 0.5979566184018874 837
1764108087452 0.6373296933109311 838
1764108095831 0.6162442578649691 839
1764108104220 0.6135191361403358 840
1764108112599 0.594135997190349 841
1764108121005 0.7282907820895491 842
1764108129389 0.5649574545592349 843
1764108137801 0.6273296093870553 844
1764108146167 0.537266962659717 845
1764108154696 0.7382969875770229 846
1764108163074 0.600543165906855 847
1764108171454 0.6352726855888133 848
1764108179876 0.5586141066917877 849
1764108188260 0.5998001470527673 850
1764108196634 0.6347191278174706 851
1764108205005 0.5396918741405432 852
1764108213365 0.598516460100993 853
1764108221809 0.6539703768427891 854
1764108230187 0.5880274804832253 855
1764108238568 0.6410510813465369 856
1764108246962 0.6393529091507716 857
1764108255407 0.7077581958525098 858
1764108263873 0.7140308284011014 859
1764108272259 0.7059302685652069 860
1764108280636 0.7643484045628576 861
1764108289028 0.647407967739324 862
1764108297416 0.6531145415571982 863
1764108305800 0.6396604718475583 864
1764108314195 0.6600223512127551 865
1764108322596 0.6959667584852474 866
1764108330983 0.6217332918209111 867
1764108339383 0.6465664835638576 868
1764108347761 0.5068990374205555 869
1764108356298 0.7275653928145047 870
1764108364723 0.6565724115014084 871
1764108373112 0.7103465902570921 872
1764108381515 0.5473167366411643 873
1764108389901 0.5609102918230443 874
1764108398307 0.5680246091024777 875
1764108406701 0.5663263166185288 876
1764108415070 0.6076644072785338 877
1764108423440 0.5583239368870536 878
1764108431963 0.6717924254959773 879
1764108440357 0.6121460432923206 880
1764108448754 0.7180576173045037 881
1764108457155 0.7584071234149907 882
1764108465577 0.7085699931931402 883
1764108473943 0.6720065214669454 884
1764108482344 0.7535190268808296 885
1764108490714 0.7199482403042771 886
1764108499096 0.7081994545269261 887
1764108507495 0.6330322339358305 888
1764108515892 0.6685907314380541 889
1764108524262 0.645512632636542 890
1764108532656 0.594024201293196 891
1764108541044 0.6521153143457358 892
1764108549444 0.7282959058429012 893
1764108557844 0.7244116468674096 894
1764108566216 0.6301677793672746 895
1764108574591 0.6322448268837871 896
1764108582987 0.5222827174958908 897
1764108591361 0.6237890851074777 898
1764108599797 0.691980350271213 899
1764108608209 0.6813154363904745 900
1764108616590 0.598787212259318 901
1764108624954 0.6492406815501693 902
1764108633334 0.7576120082750613 903
1764108641700 0.7286548404901713 904
1764108650070 0.6914419361813445 905
1764108658440 0.6647183580840539 906
1764108666799 0.6654348522101724 907
1764108675199 0.6707958347671259 908
1764108683556 0.6520797593543106 909
1764108691936 0.6632438080112328 910
1764108700380 0.6955214026128844 911
1764108708758 0.7240567919368448 912
1764108717137 0.6753986990597951 913
1764108725510 0.667136688396619 914
1764108733949 0.7424964679630524 915
1764108742329 0.5817040257608421 916
1764108750727 0.7088178978022812 917
1764108759134 0.6650529209686727 918
1764108767526 0.744447511127973 919
1764108775924 0.6260783086821168 920
1764108784293 0.6500652713644712 921
1764108792679 0.5706360671748139 922
1764108801080 0.6151141157152518 923
1764108809441 0.6207703058011756 924
1764108817834 0.5858271212011251 925
1764108826234 0.5846624692034668 926
1764108834619 0.6457698489486838 927
1764108843000 0.6169472953150497 928
1764108851376 0.7042574966705666 929
1764108859741 0.5918073162788378 930
1764108868127 0.6278430092591684 931
1764108876553 0.6501452823567002 932
1764108884952 0.6318076534520747 933
1764108893328 0.5157725163798077 934
1764108901730 0.6262707795760523 935
1764108910125 0.5235162508969756 936
1764108918539 0.6817941227008146 937
1764108926934 0.6039030056341843 938
1764108991809 0.560222632008415 940
1764109000183 0.6850308763625116 941
1764109008555 0.6770503880723072 942
1764109016912 0.5691630705908375 943
1764109025273 0.6659889745329868 944
1764109033682 0.6295536533425942 945
1764109042095 0.5672194566022376 946
1764109050512 0.6802849600643077 947
1764109058933 0.7610292230986078 948
1764109067352 0.539505375118161 949
1764109075771 0.730218546028134 950
1764109084199 0.6242550881537872 951
1764109092751 0.724257837227267 952
1764109101316 0.5486910126941731 953
1764109109707 0.6132277475373089 954
1764109118154 0.6900674989745303 955
1764109126545 0.6440428049692297 956
1764109134940 0.6848418459768566 957
1764109143524 0.5899256166374278 958
1764109151916 0.6016590000017601 959
1764109160333 0.6847329411830521 960
1764109168720 0.6426280572129685 961
1764109177139 0.58295497056965 962
1764109185553 0.632329920546479 963
1764109193964 0.6129442561153429 964
1764109202342 0.6207996996480706 965
1764109210715 0.6104548141340022 966
1764109219091 0.6086615968214819 967
1764109227506 0.6126874320932666 968
1764109235915 0.700000973963087 969
1764109244320 0.6520884218378484 970
1764109252735 0.6136892697632484 971
1764109261121 0.619530979140606 972
1764109269520 0.6366345561093877 973
1764109277939 0.5841948620994242 974
1764109286334 0.5903634238561729 975
1764109294714 0.6721158068345199 976
1764109303145 0.6717003874372295 977
1764109311531 0.7231777325829127 978
1764109319910 0.6704206796759701 979
1764109328310 0.7238120567216247 980
1764109336687 0.5459037597380942 981
1764109345080 0.6780993542625237 982
1764109353441 0.7626151044273435 983
1764109361839 0.5802210294048452 984
1764109370215 0.6365452364761696 985
1764109378632 0.7065788234979463 986
1764109387058 0.6758352154362897 987
1764109395443 0.5919596607947448 988
1764109403848 0.6130300689846429 989
1764109412236 0.6087923940463029 990
1764109420616 0.6161347092776882 991
1764109429037 0.7195719771258213 992
1764109437433 0.6851580526186822 993
1764109445941 0.5776355191608107 994
1764109454292 0.6300697079012737 995
1764109462667 0.6206231435489274 996
1764109471056 0.6722548460091027 997
1764109479426 0.6304818394508438 998
1764109487835 0.656859316178432 999
1764109496412 0.695961021534244 1000
1764109504806 0.5835667773892218 1001
1764109513193 0.5601671884873451 1002
1764109521578 0.6081661269785111 1003
1764109529957 0.6074073970959428 1004
1764109538315 0.5890928320171298 1005
1764109546719 0.6494997212734182 1006
1764109555146 0.6306434678159332 1007
1764109563521 0.6770902701207152 1008
1764109571891 0.715559962766722 1009
1764109580264 0.6328335028285836 1010
1764109588637 0.6608362009968499 1011
1764109597056 0.5793644329069545 1012
1764109605454 0.7034103789535349 1013
1764109613855 0.6303717213692531 1014
1764109622265 0.6021975922390531 1015
1764109630668 0.6113037397553963 1016
1764109639031 0.5247886977519051 1017
1764109647445 0.6365821051496737 1018
1764109655852 0.7714884841272835 1019
1764109664236 0.6657313164250547 1020
1764109672645 0.5720696401564449 1021
1764109681030 0.5817484564298034 1022
1764109689414 0.7541719078536501 1023
1764109697806 0.652814408213273 1024
1764109706212 0.5521129880949024 1025
1764109714607 0.5223731498954226 1026
1764109723005 0.7441418190425368 1027
1764109731489 0.5839886625977648 1028
1764109739877 0.6158378314872975 1029
1764109748248 0.7199796942858465 1030
1764109756641 0.6363544947567941 1031
1764109765044 0.5594438975598239 1032
1764109773433 0.6640283696606797 1033
1764109781944 0.5629981038180861 1034
1764109790312 0.5855614682141168 1035
1764109798681 0.7454604673282154 1036
1764109807043 0.576846575856832 1037
1764109815431 0.5822688725062569 1038
1764109823827 0.6887930106309545 1039
1764109832211 0.6523950385412272 1040
1764109840572 0.5972976777857507 1041
1764109848956 0.6358238038322128 1042
1764109857346 0.6327140866089724 1043
1764109865693 0.5796287709669669 1044
1764109874083 0.6429740723439553 1045
1764109882455 0.5702605795264013 1046
1764109890848 0.6703399973813303 1047
1764109899249 0.7637716558960106 1048
1764109907596 0.6930471121722576 1049
1764109915965 0.6521226964422563 1050
1764109924353 0.6090280030336803 1051
1764109932747 0.8003388213371954 1052
1764109941131 0.6180831183359897 1053
1764109949503 0.7337373460974904 1054
1764109957860 0.6359598481092684 1055
1764109966354 0.7057932894381658 1056
1764109974723 0.6841972216782994 1057
1764109983089 0.6475250918463156 1058
1764109991465 0.7648239743036311 1059
1764109999827 0.6064131733769036 1060
1764110008241 0.6791710619664642 1061
1764110016636 0.6337592454078838 1062
1764110025061 0.7138125672437368 1063
1764110033442 0.5986357837665326 1064
1764110041792 0.6230505274790349 1065
1764110050156 0.5577557243370654 1066
1764110058529 0.8038633300655444 1067
1764110066913 0.7077675210536987 1068
1764110075299 0.6124167692172049 1069
1764110083781 0.6123683477348887 1070
1764110092179 0.6723808655548296 1071
1764110100540 0.648078776217412 1072
1764110108908 0.6585878472389317 1073
1764110117310 0.6777512138272741 1074
1764110125664 0.6857154114614555 1075
1764110134063 0.6219147191572315 1076
1764110142421 0.730518041580313 1077
1764110150830 0.5721292577459369 1078
1764110159196 0.6205943100482244 1079
1764110167570 0.6514954301816505 1080
1764110175947 0.6570157456138965 1081
1764110184325 0.5406452547724188 1082
1764110192694 0.759126312422614 1083
1764110201082 0.6529490395725658 1084
1764110209458 0.657645509516755 1085
1764110217823 0.657979869057929 1086
1764110226231 0.6128933252994041 1087
1764110234681 0.6915404788137399 1088
1764110243072 0.732121415944419 1089
1764110251445 0.6679081048221636 1090
1764110259818 0.7319242466596174 1091
1764110268234 0.5041785747195731 1092
1764110276606 0.570650334669961 1093
1764110284970 0.6084335489980325 1094
1764110293342 0.7362457579144853 1095
1764110301726 0.6382487008025752 1096
1764110310135 0.6996847207775243 1097
1764110318554 0.7124647280820402 1098
1764110326919 0.640358434388818 1099
1764110335281 0.6290370354135683 1100
1764110343697 0.6455655754185337 1101
1764110352076 0.6685844210030343 1102
1764110360477 0.6950354775885095 1103
1764110368863 0.58605498154243 1104
1764110377293 0.6023196400786149 1105
1764110385716 0.5815960277597549 1106
1764110394098 0.6379202624462237 1107
1764110402518 0.639513188985837 1108
1764110410877 0.5955492801180793 1109
1764110419245 0.6108745887476669 1110
1764110427626 0.6853096148918194 1111
1764110436047 0.7268961341079576 1112
1764110444427 0.620158620816745 1113
1764110452818 0.6966612355812983 1114
1764110461202 0.6024523854805434 1115
1764110469728 0.5779819332060676 1116
1764110478115 0.6746572564306048 1117
1764110486502 0.5937618767968083 1118
1764110494872 0.7388365047762614 1119
1764110503243 0.6420378323634213 1120
1764110511650 0.6655509710008453 1121
1764110520074 0.6857985182859013 1122
1764110528435 0.6839132764412537 1123
1764110536847 0.6518381793311375 1124
1764110545200 0.5948606791037049 1125
1764110553587 0.6301022695413697 1126
1764110561958 0.6035016931597755 1127
1764110570334 0.5453127964016964 1128
1764110578703 0.6240185950296926 1129
1764110587070 0.6191920668786006 1130
1764110595572 0.6780036214908415 1131
1764110603959 0.5865298501554235 1132
1764110612370 0.6675909189933688 1133
1764110620749 0.6544428553338328 1134
1764110629134 0.6281566830698281 1135
1764110637515 0.5989372991301567 1136
1764110645906 0.6416720479044785 1137
1764110654329 0.5926548844171682 1138
1764110662834 0.7903292954882044 1139
1764110671206 0.6326298231874438 1140
1764110679579 0.6049215097053803 1141
1764110687969 0.5796899270705982 1142
1764110696350 0.7713546306856983 1143
1764110704761 0.6654397571856775 1144
1764110713143 0.6382567761959832 1145
1764110721524 0.6480802914948716 1146
1764110729893 0.5967881385000529 1147
1764110738307 0.6167905699772309 1148
1764110746730 0.6966431439721928 1149
1764110755071 0.6690795376798979 1150
1764110763440 0.6104587397066952 1151
1764110771834 0.7032969860812764 1152
1764110780210 0.6108259798483543 1153
1764110788606 0.6947257849181939 1154
1764110796966 0.699351075234085 1155
1764110805394 0.6064577220950408 1156
1764110813804 0.6026742826645061 1157
1764110822335 0.5813096019596575 1158
1764110830740 0.7310547517562921 1159
1764110839126 0.6012479669262545 1160
1764110847520 0.605204367257005 1161
1764110855952 0.6474068070023468 1162
1764110864346 0.6393401490871693 1163
1764110872722 0.566005474010572 1164
1764110881102 0.5744402554659802 1165
1764110889452 0.5898495637098105 1166
1764110897844 0.6190695381457213 1167
1764110906247 0.5941317649122942 1168
1764110914648 0.649072855666747 1169
1764110923003 0.5623077738637811 1170
1764110931391 0.5779463278474761 1171
1764110939780 0.5725426901946277 1172
1764110948164 0.6919850057133883 1173
1764110956545 0.7009140843973876 1174
1764110964895 0.5899872631080328 1175
1764110973309 0.6989433339577957 1176
1764110981695 0.5713052512174552 1177
1764110990072 0.6215932019700873 1178
1764110998456 0.6050394237859723 1179
1764111006913 0.6003768228522305 1180
1764111015279 0.6857041254997105 1181
1764111023669 0.6687776528823011 1182
1764111032031 0.6516340581569068 1183
1764111040424 0.7130113643372735 1184
1764111048850 0.5714481571775492 1185
1764111057242 0.7000909330002136 1186
1764111065634 0.5959368285903929 1187
1764111074043 0.5611931141146781 1188
1764111082421 0.6793455975734166 1189
1764111090928 0.5794662336593965 1190
1764111099287 0.6749710596241478 1191
1764111107790 0.6278715289436547 1192
1764111116184 0.6965709486535027 1193
1764111124551 0.600013059460521 1194
1764111132948 0.631385588749025 1195
1764111141330 0.6921355855942545 1196
1764111149714 0.6527677996276046 1197
1764111158085 0.6480876202980806 1198
1764111166643 0.595961770229838 1199
1764111175027 0.6769604085798769 1200
1764111183413 0.6173382274101418 1201
1764111191798 0.8563672902157491 1202
1764111200196 0.6112712118089019 1203
1764111208602 0.6366779405111326 1204
1764111216988 0.7772087019702614 1205
1764111225351 0.5844994086557846 1206
1764111233786 0.5638821937972714 1207
1764111242167 0.7047331377012774 1208
1764111250577 0.7645763793492385 1209
1764111258955 0.6430333292112717 1210
1764111267372 0.6541072072905456 1211
1764111275753 0.7249381817289554 1212
1764111284138 0.6164806486981981 1213
1764111292558 0.6796210059214727 1214
1764111300974 0.7019266352205984 1215
1764111309366 0.5130478124330542 1216
1764111317732 0.6395126157546158 1217
1764111326115 0.6202005241604985 1218
1764111334481 0.6149877737679758 1219
1764111342841 0.6573931474584721 1220
1764111351211 0.6246566041451135 1221
1764111359552 0.6626592604173144 1222
1764111367947 0.6305831051635651 1223
1764111376338 0.7177675147873246 1224
1764111384736 0.6031183634481401 1225
1764111393101 0.6348747112310767 1226
1764111401475 0.6784210930952407 1227
1764111409854 0.5475758497396976 1228
1764111418260 0.5895253846170917 1229
1764111426639 0.6346590898168536 1230
1764111435011 0.6761056168677557 1231
1764111443510 0.5582067119786462 1232
1764111451915 0.6753707694697277 1233
1764111460268 0.5388127635270803 1234
1764111468652 0.6220712963568269 1235
1764111477032 0.6733758904741709 1236
1764111485418 0.7296341566098054 1237
1764111493799 0.603571572584126 1238
1764111502169 0.6018939062462738 1239
1764111510534 0.6093617463016291 1240
1764111519063 0.6998233615136843 1241
1764111527441 0.7093494922306378 1242
1764111535809 0.6004153783873335 1243
1764111544192 0.6513231839720622 1244
1764111552567 0.6466102369960787 1245
1764111560938 0.6309760562092914 1246
1764111569318 0.6260040306849699 1247
1764111577677 0.6514980334052305 1248
1764111586045 0.5653227921900812 1249
1764111594413 0.5687722095270393 1250
1764111602791 0.6620795093988285 1251
1764111671196 0.6529559882908504 1253
1764111679560 0.6512724551039103 1254
1764111687920 0.6486775561372591 1255
1764111696264 0.5508404952752167 1256
1764111704610 0.6479556892146595 1257
1764111712988 0.5921872711194883 1258
1764111721356 0.6733960830067032 1259
1764111729736 0.7316975515508422 1260
1764111738098 0.6503068764261931 1261
1764111746512 0.6221676196523196 1262
1764111754884 0.615097705839772 1263
1764111763248 0.6391577007192459 1264
1764111771822 0.562454463940274 1265
1764111780240 0.6938755432892802 1266
1764111788640 0.6473153094579212 1267
1764111797068 0.6676505047379908 1268
1764111805473 0.6507543924012908 1269
1764111813894 0.6349387115922364 1270
1764111822281 0.554574131543282 1271
1764111830711 0.6012687195698942 1272
1764111839094 0.6799143281849617 1273
1764111847504 0.6571900609329886 1274
1764111855893 0.6386048760080542 1275
1764111864287 0.6800793601791412 1276
1764111872673 0.6006177323591912 1277
1764111881042 0.6631983557159679 1278
1764111889456 0.5476428511032897 1279
1764111897819 0.6517339074278525 1280
1764111906262 0.6565015165804332 1281
1764111914670 0.663943578022113 1282
1764111923060 0.6074524388164788 1283
1764111931476 0.6203910409359292 1284
1764111939926 0.6267047669704544 1285
1764111948332 0.5728131219477396 1286
1764111956761 0.5144378370965018 1287
1764111965196 0.6448412073052951 1288
1764111973596 0.5698355094671074 1289
1764111982013 0.5628695844742867 1290
1764111990399 0.6360409220267236 1291
1764111998941 0.593172524015781 1292
1764112007371 0.830253112782988 1293
1764112015736 0.6362594516961885 1294
1764112024121 0.6803138648836211 1295
1764112032501 0.5969432762858056 1296
1764112040927 0.6016100152455373 1297
1764112049294 0.5168857754997989 1298
1764112057664 0.6700853776733474 1299
1764112066042 0.6134713424326211 1300
1764112074466 0.5915974095446792 1301
1764112082889 0.6679910995579977 1302
1764112091283 0.5651472536254877 1303
1764112099682 0.6403446013994246 1304
1764112108063 0.6743079700467218 1305
1764112116441 0.6405804412911394 1306
1764112124846 0.5732211351537371 1307
1764112133211 0.7703013302839156 1308
1764112141570 0.6280279726330095 1309
1764112149936 0.5888594804453344 1310
1764112158355 0.688090824266848 1311
1764112166775 0.5953385448952486 1312
1764112175153 0.6524045227743154 1313
1764112183545 0.7209560216155986 1314
1764112191925 0.6810674965557154 1315
1764112200319 0.5921509904974468 1316
1764112208701 0.6630912583185679 1317
1764112217139 0.6984516277590456 1318
1764112225532 0.64129877285911 1319
1764112233923 0.5318686268904683 1320
1764112242305 0.727594588050728 1321
1764112250865 0.6487247199504829 1322
1764112259234 0.649489594266039 1323
1764112267621 0.6695784620511971 1324
1764112275968 0.5561354609607102 1325
1764112284353 0.6119226826133739 1326
1764112292743 0.587020810362477 1327
1764112301099 0.6909700903986139 1328
1764112309478 0.6355586629170156 1329
1764112317844 0.5656553143557502 1330
1764112326212 0.7258445406320782 1331
1764112334576 0.5741388461311425 1332
1764112342997 0.5703472384560232 1333
1764112351394 0.6554600472265484 1334
1764112359771 0.6792052668178434 1335
1764112368180 0.5897865952272403 1336
1764112376555 0.7842705470620456 1337
1764112384948 0.653173180382022 1338
1764112393346 0.597316806700648 1339
1764112401731 0.691678670410528 1340
1764112410109 0.5863439596625123 1341
1764112418515 0.6558329754992226 1342
1764112426880 0.5669925471023676 1343
1764112435261 0.6263191341820817 1344
1764112443677 0.5070686332819497 1345
1764112452033 0.6325555751273451 1346
1764112460419 0.6797802763494045 1347
1764112468811 0.6602957664821083 1348
1764112477192 0.6569354169081185 1349
1764112485565 0.5814215880156023 1350
1764112494078 0.6545873472132141 1351
1764112502481 0.604520890469632 1352
1764112510886 0.6268550720387002 1353
1764112519227 0.5678503389807169 1354
1764112527580 0.5469948342827676 1355
1764112535948 0.644563682963135 1356
1764112544333 0.5823007924213901 1357
1764112552698 0.6470051401607458 1358
1764112561070 0.679583747866838 1359
1764112569455 0.5620362697100719 1360
1764112577852 0.6257174513103829 1361
1764112586209 0.5998371935052984 1362
1764112594584 0.6284442229991001 1363
1764112602943 0.6653671759291302 1364
1764112611314 0.6150969141267879 1365
1764112619667 0.5768550472494671 1366
1764112628064 0.680226736783422 1367
1764112636516 0.7669547326427493 1368
1764112645020 0.5857892155562306 1369
1764112653408 0.7438144618930858 1370
1764112661772 0.6059091229612019 1371
1764112670159 0.7322150435028507 1372
1764112678544 0.5916962339068392 1373
1764112686940 0.6076482918534065 1374
1764112695317 0.6499053060558203 1375
1764112703715 0.6647003188423782 1376
1764112712096 0.5827884240941417 1377
1764112720482 0.6112422008498632 1378
1764112728835 0.6497153379324132 1379
1764112737223 0.6158797804616816 1380
1764112745631 0.7124364813671081 1381
1764112754137 0.5735365419891105 1382
1764112762511 0.5864387998033631 1383
1764112770893 0.6794864905035278 1384
1764112779260 0.5490228315476191 1385
1764112787651 0.6786980267805165 1386
1764112796045 0.5727276186181965 1387
1764112804432 0.6147015723808524 1388
1764112812824 0.5376200636765107 1389
1764112821240 0.7639418793661572 1390
1764112829608 0.6132541851880575 1391
1764112837993 0.680685617502559 1392
1764112846489 0.6087566248160541 1393
1764112854882 0.6845178224595969 1394
1764112863260 0.6115789543157354 1395
1764112871652 0.628825799011647 1396
1764112880024 0.5841577609278706 1397
1764112888414 0.685447980815252 1398
1764112896825 0.6873737402892028 1399
1764112905245 0.6698562127757794 1400
1764112913632 0.58969843847096 1401
1764112922015 0.5636599992026374 1402
1764112930400 0.5899434037759569 1403
1764112938778 0.6212301152882795 1404
1764112947147 0.5745851862863811 1405
1764112955526 0.5828922059662658 1406
1764112963896 0.6525328228885211 1407
1764112972270 0.6940240676990231 1408
1764112980661 0.6375859069181307 1409
1764112989030 0.644260173459776 1410
1764112997425 0.6691800205187949 1411
1764113005799 0.5992098295385169 1412
1764113014219 0.5940483205571038 1413
1764113022601 0.6191822555745277 1414
1764113030972 0.5974803336664283 1415
1764113039350 0.6283539661943898 1416
1764113047712 0.5745737470033521 1417
1764113056053 0.6075694553214893 1418
1764113064466 0.7128786814968634 1419
1764113072849 0.6008330777127225 1420
1764113081279 0.6038524721104451 1421
1764113089656 0.6451923559878903 1422
1764113098035 0.6122934571142987 1423
1764113106564 0.6034368487892664 1424
1764113114927 0.6373196667567504 1425
1764113123506 0.6271768103956752 1426
1764113131903 0.6505404140045346 1427
1764113140281 0.6911204278906861 1428
1764113148788 0.7004234189643089 1429
1764113157169 0.7542546620984256 1430
1764113165577 0.622006494524017 1431
1764113173966 0.6543612491109148 1432
1764113182370 0.5055550657026561 1433
1764113190781 0.6008996631840191 1434
1764113199164 0.5884921324311596 1435
1764113207538 0.5893850421448036 1436
1764113215902 0.6348373390621597 1437
1764113224353 0.621562234039392 1438
1764113232757 0.674291554673958 1439
1764113241122 0.747085212291564 1440
1764113249503 0.7504715803256161 1441
1764113257915 0.6568265973945016 1442
1764113266309 0.6655967326740135 1443
1764113274720 0.7423093995585202 1444
1764113283095 0.6225579274157125 1445
1764113291446 0.6268138752703097 1446
1764113299814 0.5197729353880967 1447
1764113308215 0.5802323815873138 1448
1764113316596 0.5878443767573356 1449
1764113324972 0.5011478546446806 1450
1764113333376 0.6872199861897724 1451
1764113341787 0.5597203837273327 1452
1764113350167 0.7414536542278919 1453
1764113358581 0.649955142655303 1454
1764113366977 0.6458020613262244 1455
1764113375396 0.6647414831966492 1456
1764113383790 0.6250542234854363 1457
1764113392288 0.6084950056866698 1458
1764113400651 0.5897407648772411 1459
1764113409034 0.5880934387759715 1460
1764113417375 0.5751441536096258 1461
1764113425787 0.5604680021137738 1462
1764113434172 0.5147475041826277 1463
1764113442552 0.5724190962242254 1464
1764113450915 0.5362712173263868 1465
1764113459319 0.6620209938535458 1466
1764113467700 0.6726025284403249 1467
1764113476103 0.6486115809025551 1468
1764113484495 0.566888628704363 1469
1764113492914 0.5941268350581901 1470
1764113501396 0.710024471030714 1471
1764113509780 0.7106786823591753 1472
1764113518147 0.6158045016773857 1473
1764113526511 0.5022210328319036 1474
1764113534880 0.6232362575536549 1475
1764113543242 0.6114314765265376 1476
1764113551611 0.6207534649302552 1477
1764113559977 0.6724946115701944 1478
1764113568361 0.6284388252771451 1479
1764113576756 0.7517307493340174 1480
1764113585139 0.693488179908304 1481
1764113593522 0.5883943135671144 1482
1764113601909 0.7033784762796856 1483
1764113610257 0.6851744359781822 1484
1764113618649 0.5082851876290385 1485
1764113627052 0.6509682195595281 1486
1764113635453 0.5837908540641056 1487
1764113643839 0.6791642920534072 1488
1764113652222 0.650082459689169 1489
1764113660575 0.5632669609468202 1490
1764113668924 0.5974528504151235 1491
1764113677325 0.6425500072207417 1492
1764113685697 0.5983163221129699 1493
1764113694080 0.6991173698197304 1494
1764113702456 0.6427967891708981 1495
1764113710839 0.6054324590612833 1496
1764113719212 0.7124249546498929 1497
1764113727573 0.6529989924407482 1498
1764113735962 0.695143903958425 1499
1764113744333 0.6282485651644802 1500
1764113752726 0.647468877938947 1501
1764113761128 0.6783207918994192 1502
1764113769500 0.664033381180377 1503
1764113778008 0.6072655649458023 1504
1764113786392 0.6748048920080107 1505
1764113794773 0.6239502810996367 1506
1764113803131 0.633844299424563 1507
1764113811485 0.7088034704496399 1508
1764113819855 0.7162052073789822 1509
1764113828263 0.6136279418336666 1510
1764113836665 0.772525957372931 1511
1764113845022 0.7072107003488497 1512
1764113853464 0.5457779899482355 1513
1764113861859 0.6621744020265385 1514
1764113870230 0.6357965003655924 1515
1764113878601 0.5693332968408418 1516
1764113886951 0.6769372538109715 1517
1764113895311 0.7197726614154732 1518
1764113903699 0.5945112934380133 1519
1764113912114 0.7312420893210415 1520
1764113920516 0.6968046026502919 1521
1764113928955 0.688759961755883 1522
1764113937344 0.7044039484876404 1523
1764113945752 0.6211115712144186 1524
1764113954149 0.7032838368228691 1525
1764113962533 0.6724670004208864 1526
1764113970921 0.5292839016766627 1527
1764113979312 0.5943361687179666 1528
1764113987685 0.718871238545016 1529
1764113996181 0.6474665777173365 1530
1764114004557 0.6890473588104891 1531
1764114012945 0.586137858102063 1532
1764114021319 0.6948724594579447 1533
1764114029673 0.6241097669846729 1534
1764114038047 0.6360562122927174 1535
1764114046445 0.6984178558733201 1536
1764114054847 0.5996604199194392 1537
1764114063238 0.5485812112868541 1538
1764114071610 0.6204642490549971 1539
1764114080015 0.7538679734118463 1540
1764114088379 0.6818147588130373 1541
1764114096735 0.7355771588475795 1542
1764114105081 0.7165346283635208 1543
1764114113482 0.6314848416654266 1544
1764114121875 0.6635633874105473 1545
1764114130309 0.5363499863940587 1546
1764114138695 0.5906240311810607 1547
1764114147079 0.6423893831373436 1548
1764114155420 0.6077597720716756 1549
1764114163764 0.677339279723748 1550
1764114172160 0.6154579355715892 1551
1764114180583 0.6863061464959823 1552
1764114188967 0.5998170611109431 1553
1764114197354 0.6949027508036004 1554
1764114205713 0.6295381076863108 1555
1764114214115 0.5958888440830956 1556
1764114222511 0.6366952959282486 1557
1764114230906 0.6573973878313826 1558
1764114239284 0.6653929744250796 1559
1764114247681 0.6801896933893242 1560
1764114256078 0.6254364820394372 1561
1764114264441 0.6723752097559541 1562
1764114272940 0.5264159994084312 1563
1764114281380 0.6662639544643932 1564
