1764100965620 0.01576354679802956 1
1764100973971 0.015609756097560977 2
1764100982346 0.015238095238095238 3
1764100990721 0.01616161616161616 4
1764100999119 0.017777777777777778 5
1764101007541 0.025 6
1764101015993 0.029906542056074768 7
1764101024442 0.03091787439613527 8
1764101032879 0.04413793103448276 9
1764101041338 0.05289256198347108 10
1764101049795 0.064 11
1764101058207 0.06305418719211824 12
1764101066647 0.07032967032967033 13
1764101075079 0.06632124352331606 14
1764101083534 0.07710843373493977 15
1764101091964 0.07804878048780488 16
1764101100429 0.0920863309352518 17
1764101108860 0.08152866242038218 18
1764101117253 0.10039215686274511 19
1764101125677 0.08533333333333334 20
1764101134067 0.09696969696969697 21
1764101142458 0.10039215686274511 22
1764101151059 0.1080168776371308 23
1764101159462 0.0870748299319728 24
1764101167879 0.10158730158730159 25
1764101176296 0.10847457627118645 26
1764101184706 0.10847457627118645 27
1764101193293 0.10118577075098814 28
1764101201647 0.10578512396694216 29
1764101210047 0.10364372469635628 30
1764101218436 0.10756302521008404 31
1764101226831 0.11377777777777778 32
1764101235237 0.10039215686274511 33
1764101243630 0.11636363636363636 34
1764101252036 0.10847457627118645 35
1764101260434 0.1094017094017094 36
1764101268832 0.10491803278688525 37
1764101277238 0.11082251082251082 38
1764101285640 0.11327433628318585 39
1764101294041 0.10491803278688525 40
1764101302409 0.12487804878048782 41
1764101310769 0.13403141361256546 42
1764101319135 0.1147982062780269 43
1764101327559 0.12075471698113208 44
1764101335944 0.1147982062780269 45
1764101344349 0.12549019607843137 46
1764101352729 0.1094017094017094 47
1764101361092 0.11636363636363636 48
1764101369482 0.11277533039647578 49
1764101377835 0.10118577075098814 50
1764101386198 0.12487804878048782 51
1764101394576 0.11327433628318585 52
1764101402982 0.12018779342723006 53
1764101411330 0.09846153846153846 54
1764101419729 0.10578512396694216 55
1764101428206 0.11082251082251082 56
1764101436569 0.1219047619047619 57
1764101444989 0.11082251082251082 58
1764101453382 0.11743119266055047 59
1764101461762 0.11906976744186047 60
1764101470141 0.10893617021276597 61
1764101478510 0.1219047619047619 62
1764101486907 0.12549019607843137 63
1764101495305 0.13689839572192514 64
1764101503716 0.10666666666666667 65
1764101512078 0.1062240663900415 66
1764101520463 0.12132701421800948 67
1764101528836 0.11531531531531532 68
1764101537219 0.11906976744186047 69
1764101545578 0.11179039301310044 70
1764101553963 0.12367149758454107 71
1764101562333 0.12018779342723006 72
1764101570701 0.11277533039647578 73
1764101579130 0.127363184079602 74
1764101587526 0.11327433628318585 75
1764101595922 0.12248803827751197 76
1764101604291 0.11179039301310044 77
1764101612642 0.1147982062780269 78
1764101621002 0.1158371040723982 79
1764101629369 0.11797235023041475 80
1764101637722 0.11034482758620691 81
1764101646089 0.11906976744186047 82
1764101654487 0.11743119266055047 83
1764101662858 0.11962616822429907 84
1764101671226 0.13264248704663212 85
1764101679614 0.11906976744186047 86
1764101688009 0.12427184466019418 87
1764101696359 0.1219047619047619 88
1764101704724 0.1219047619047619 89
1764101713100 0.13617021276595745 90
1764101721491 0.127363184079602 91
1764101729896 0.12427184466019418 92
1764101738283 0.1147982062780269 93
1764101746684 0.1292929292929293 94
1764101755056 0.13763440860215054 95
1764101763442 0.11962616822429907 96
1764101771832 0.13264248704663212 97
1764101780211 0.12307692307692308 98
1764101788621 0.11962616822429907 99
1764101797002 0.11531531531531532 100
1764101805412 0.12075471698113208 101
1764101813784 0.11797235023041475 102
1764101822170 0.12367149758454107 103
1764101830578 0.1292929292929293 104
1764101838965 0.13763440860215054 105
1764101847337 0.12673267326732673 106
1764101855712 0.11743119266055047 107
1764101864105 0.09411764705882353 108
1764101872485 0.12610837438423647 109
1764101880900 0.13333333333333333 110
1764101889262 0.12075471698113208 111
1764101897645 0.10756302521008404 112
1764101906057 0.12427184466019418 113
1764101914429 0.128 114
1764101922809 0.1299492385786802 115
1764101931183 0.12075471698113208 116
1764101939611 0.12367149758454107 117
1764101948013 0.1158371040723982 118
1764101956390 0.128 119
1764101964778 0.1299492385786802 120
1764101973131 0.13128205128205128 121
1764101981538 0.1414364640883978 122
1764101989910 0.13195876288659794 123
1764101998294 0.127363184079602 124
1764102006673 0.13333333333333333 125
1764102015149 0.12673267326732673 126
1764102023512 0.13403141361256546 127
1764102031903 0.1292929292929293 128
1764102040290 0.12427184466019418 129
1764102048676 0.14545454545454548 130
1764102057190 0.12610837438423647 131
1764102065543 0.11743119266055047 132
1764102074050 0.12132701421800948 133
1764102082445 0.12427184466019418 134
1764102090812 0.11277533039647578 135
1764102099204 0.1292929292929293 136
1764102107588 0.12367149758454107 137
1764102115955 0.13617021276595745 138
1764102124312 0.1391304347826087 139
1764102132654 0.1306122448979592 140
1764102141046 0.14382022471910114 141
1764102149418 0.13264248704663212 142
1764102157812 0.13333333333333333 143
1764102166170 0.13128205128205128 144
1764102174532 0.1219047619047619 145
1764102182917 0.14301675977653633 146
1764102191299 0.13333333333333333 147
1764102199659 0.12864321608040202 148
1764102208054 0.12427184466019418 149
1764102216431 0.1391304347826087 150
1764102224819 0.1471264367816092 151
1764102233212 0.14301675977653633 152
1764102241614 0.13333333333333333 153
1764102250008 0.13989071038251366 154
1764102258394 0.13128205128205128 155
1764102266770 0.13689839572192514 156
1764102275167 0.14222222222222222 157
1764102283548 0.12673267326732673 158
1764102291981 0.13403141361256546 159
1764102300373 0.14797687861271677 160
1764102308772 0.11962616822429907 161
1764102317153 0.13544973544973546 162
1764102325534 0.13763440860215054 163
1764102333931 0.13544973544973546 164
1764102342324 0.12487804878048782 165
1764102350721 0.1391304347826087 166
1764102359091 0.11377777777777778 167
1764102367475 0.13128205128205128 168
1764102375891 0.12075471698113208 169
1764102384281 0.13264248704663212 170
1764102392686 0.13333333333333333 171
1764102401081 0.128 172
1764102409444 0.12075471698113208 173
1764102417862 0.13128205128205128 174
1764102426252 0.13264248704663212 175
1764102434648 0.12367149758454107 176
1764102443080 0.13128205128205128 177
1764102451454 0.13544973544973546 178
1764102459822 0.12673267326732673 179
1764102468204 0.1391304347826087 180
1764102476595 0.13333333333333333 181
1764102484940 0.1219047619047619 182
1764102493306 0.1147982062780269 183
1764102501674 0.14222222222222222 184
1764102510043 0.13128205128205128 185
1764102518573 0.1299492385786802 186
1764102526972 0.13128205128205128 187
1764102535367 0.1471264367816092 188
1764102543738 0.1306122448979592 189
1764102552253 0.13544973544973546 190
1764102560649 0.13989071038251366 191
1764102569011 0.12367149758454107 192
1764102577544 0.128 193
1764102585943 0.11531531531531532 194
1764102594318 0.13333333333333333 195
1764102602704 0.13403141361256546 196
1764102611106 0.13403141361256546 197
1764102619503 0.14382022471910114 198
1764102627888 0.11906976744186047 199
1764102636294 0.14463276836158193 200
1764102644688 0.12610837438423647 201
1764102653060 0.13689839572192514 202
1764102661428 0.13989071038251366 203
1764102669821 0.13264248704663212 204
1764102678238 0.13544973544973546 205
1764102686634 0.13128205128205128 206
1764102695039 0.11906976744186047 207
1764102703392 0.10893617021276597 208
1764102711786 0.12549019607843137 209
1764102720164 0.1299492385786802 210
1764102728493 0.1219047619047619 211
1764102736899 0.14382022471910114 212
1764102745297 0.14301675977653633 213
1764102753690 0.14797687861271677 214
1764102762091 0.15058823529411766 215
1764102770477 0.13473684210526315 216
1764102778858 0.13128205128205128 217
1764102787242 0.12367149758454107 218
1764102795606 0.12864321608040202 219
1764102804034 0.12132701421800948 220
1764102812420 0.13264248704663212 221
1764102820790 0.1414364640883978 222
1764102829178 0.128 223
1764102837562 0.12132701421800948 224
1764102845942 0.13837837837837838 225
1764102854332 0.14545454545454548 226
1764102862696 0.13195876288659794 227
1764102871218 0.1471264367816092 228
1764102879602 0.13473684210526315 229
1764102887979 0.13333333333333333 230
1764102896342 0.12673267326732673 231
1764102904832 0.1306122448979592 232
1764102913211 0.14222222222222222 233
1764102921582 0.13195876288659794 234
1764102930108 0.12673267326732673 235
1764102938524 0.13837837837837838 236
1764102946889 0.12673267326732673 237
1764102955278 0.13128205128205128 238
1764102963639 0.13128205128205128 239
1764102972023 0.13689839572192514 240
1764102980401 0.12864321608040202 241
1764102988813 0.14301675977653633 242
1764102997243 0.128 243
1764103005613 0.13403141361256546 244
1764103014005 0.12673267326732673 245
1764103022354 0.12075471698113208 246
1764103030713 0.12673267326732673 247
1764103039135 0.127363184079602 248
1764103047494 0.1299492385786802 249
1764103055871 0.1462857142857143 250
1764103064276 0.13544973544973546 251
1764103072641 0.14463276836158193 252
1764103081090 0.1414364640883978 253
1764103089489 0.13763440860215054 254
1764103097869 0.1299492385786802 255
1764103106269 0.13333333333333333 256
1764103114670 0.13544973544973546 257
1764103123041 0.127363184079602 258
1764103131429 0.13195876288659794 259
1764103139782 0.12673267326732673 260
1764103148183 0.13128205128205128 261
1764103156693 0.1462857142857143 262
1764103165099 0.13544973544973546 263
1764103173456 0.1219047619047619 264
1764103181977 0.13195876288659794 265
1764103190336 0.13544973544973546 266
1764103198729 0.13333333333333333 267
1764103207247 0.1219047619047619 268
1764103215633 0.14065934065934066 269
1764103224049 0.12610837438423647 270
1764103232434 0.11743119266055047 271
1764103240815 0.1292929292929293 272
1764103249157 0.14301675977653633 273
1764103257524 0.1462857142857143 274
1764103265888 0.14301675977653633 275
1764103274247 0.128 276
1764103282628 0.13617021276595745 277
1764103291029 0.15515151515151515 278
1764103299405 0.12864321608040202 279
1764103307775 0.12864321608040202 280
1764103316139 0.10893617021276597 281
1764103324517 0.13195876288659794 282
1764103332875 0.13763440860215054 283
1764103341295 0.12864321608040202 284
1764103349649 0.1391304347826087 285
1764103358019 0.14222222222222222 286
1764103366430 0.15058823529411766 287
1764103374843 0.13763440860215054 288
1764103383234 0.1306122448979592 289
1764103391602 0.128 290
1764103399986 0.1306122448979592 291
1764103408356 0.14301675977653633 292
1764103416745 0.12487804878048782 293
1764103425111 0.12610837438423647 294
1764103433506 0.13689839572192514 295
1764103441906 0.14301675977653633 296
1764103450277 0.14883720930232558 297
1764103458643 0.13617021276595745 298
1764103467050 0.1532934131736527 299
1764103475443 0.13617021276595745 300
1764103483799 0.1391304347826087 301
1764103492175 0.14463276836158193 302
1764103500571 0.1570552147239264 303
1764103508988 0.1391304347826087 304
1764103517420 0.11906976744186047 305
1764103525791 0.13763440860215054 306
1764103534174 0.14301675977653633 307
1764103542572 0.13195876288659794 308
1764103550942 0.12864321608040202 309
1764103559311 0.1391304347826087 310
1764103567679 0.15421686746987953 311
1764103576068 0.12367149758454107 312
1764103640609 0.1292929292929293 314
1764103648978 0.1462857142857143 315
1764103657363 0.13473684210526315 316
1764103665755 0.14222222222222222 317
1764103674151 0.13544973544973546 318
1764103682576 0.14222222222222222 319
1764103690974 0.1299492385786802 320
1764103699386 0.13544973544973546 321
1764103707790 0.14797687861271677 322
1764103716188 0.1306122448979592 323
1764103724631 0.14463276836158193 324
1764103733044 0.1462857142857143 325
1764103741476 0.13333333333333333 326
1764103749923 0.13837837837837838 327
1764103758343 0.12610837438423647 328
1764103766934 0.13264248704663212 329
1764103775352 0.1147982062780269 330
1764103783773 0.1306122448979592 331
1764103792173 0.14382022471910114 332
1764103800595 0.1299492385786802 333
1764103808995 0.11277533039647578 334
1764103817419 0.13763440860215054 335
1764103825835 0.14065934065934066 336
1764103834272 0.13128205128205128 337
1764103842653 0.1306122448979592 338
1764103851059 0.14545454545454548 339
1764103859487 0.12864321608040202 340
1764103867882 0.12864321608040202 341
1764103876276 0.14065934065934066 342
1764103884652 0.13544973544973546 343
1764103893050 0.13837837837837838 344
1764103901607 0.12610837438423647 345
1764103909975 0.11636363636363636 346
1764103918347 0.14545454545454548 347
1764103926974 0.13544973544973546 348
1764103935364 0.12367149758454107 349
1764103943757 0.13837837837837838 350
1764103952156 0.13689839572192514 351
1764103960575 0.14545454545454548 352
1764103968990 0.127363184079602 353
1764103977396 0.13195876288659794 354
1764103985818 0.1306122448979592 355
1764103994211 0.13544973544973546 356
1764104002610 0.13763440860215054 357
1764104011006 0.13689839572192514 358
1764104019429 0.1414364640883978 359
1764104027837 0.1391304347826087 360
1764104036213 0.13689839572192514 361
1764104044649 0.14463276836158193 362
1764104053040 0.1391304347826087 363
1764104061464 0.12549019607843137 364
1764104069862 0.13989071038251366 365
1764104078250 0.1414364640883978 366
1764104086655 0.14301675977653633 367
1764104095071 0.13544973544973546 368
1764104103470 0.1414364640883978 369
1764104111850 0.13544973544973546 370
1764104120231 0.13264248704663212 371
1764104128637 0.12427184466019418 372
1764104137020 0.1292929292929293 373
1764104145400 0.13689839572192514 374
1764104153798 0.13989071038251366 375
1764104162220 0.14883720930232558 376
1764104170625 0.12673267326732673 377
1764104179007 0.14065934065934066 378
1764104187384 0.1391304347826087 379
1764104195760 0.13264248704663212 380
1764104204137 0.14382022471910114 381
1764104212558 0.14463276836158193 382
1764104220957 0.12673267326732673 383
1764104229336 0.14797687861271677 384
1764104237736 0.13689839572192514 385
1764104246135 0.1391304347826087 386
1764104254646 0.1391304347826087 387
1764104263011 0.13473684210526315 388
1764104271407 0.12549019607843137 389
1764104279939 0.13473684210526315 390
1764104288300 0.13195876288659794 391
1764104296710 0.13837837837837838 392
1764104305110 0.14301675977653633 393
1764104313496 0.13689839572192514 394
1764104321859 0.13333333333333333 395
1764104330248 0.13837837837837838 396
1764104338622 0.13403141361256546 397
1764104347038 0.1497076023391813 398
1764104355431 0.14382022471910114 399
1764104363848 0.14065934065934066 400
1764104372226 0.13403141361256546 401
1764104380560 0.13837837837837838 402
1764104388939 0.1462857142857143 403
1764104397310 0.1219047619047619 404
1764104405673 0.1580246913580247 405
1764104414055 0.14301675977653633 406
1764104422445 0.14222222222222222 407
1764104430847 0.14301675977653633 408
1764104439226 0.13264248704663212 409
1764104447628 0.13128205128205128 410
1764104456030 0.15058823529411766 411
1764104464403 0.13689839572192514 412
1764104472805 0.13264248704663212 413
1764104481181 0.13544973544973546 414
1764104489539 0.13689839572192514 415
1764104497938 0.1514792899408284 416
1764104506352 0.13544973544973546 417
1764104514726 0.12673267326732673 418
1764104523101 0.14222222222222222 419
1764104531607 0.13689839572192514 420
1764104540000 0.1391304347826087 421
1764104548362 0.127363184079602 422
1764104556891 0.127363184079602 423
1764104565250 0.13617021276595745 424
1764104573639 0.13264248704663212 425
1764104582034 0.14545454545454548 426
1764104590459 0.14222222222222222 427
1764104598804 0.13689839572192514 428
1764104607208 0.14222222222222222 429
1764104615629 0.13837837837837838 430
1764104624003 0.14463276836158193 431
1764104632397 0.13128205128205128 432
1764104640884 0.13544973544973546 433
1764104649240 0.13333333333333333 434
1764104657614 0.13763440860215054 435
1764104665984 0.12549019607843137 436
1764104674368 0.1306122448979592 437
1764104682733 0.12673267326732673 438
1764104691121 0.13689839572192514 439
1764104699508 0.1391304347826087 440
1764104707855 0.13763440860215054 441
1764104716243 0.13333333333333333 442
1764104724629 0.14883720930232558 443
1764104733004 0.14065934065934066 444
1764104741378 0.1497076023391813 445
1764104749740 0.14065934065934066 446
1764104758090 0.13989071038251366 447
1764104766483 0.13403141361256546 448
1764104774843 0.13403141361256546 449
1764104783210 0.13128205128205128 450
1764104791559 0.13264248704663212 451
1764104799953 0.13763440860215054 452
1764104808333 0.127363184079602 453
1764104816761 0.13689839572192514 454
1764104825164 0.14883720930232558 455
1764104833575 0.1462857142857143 456
1764104841951 0.1299492385786802 457
1764104850333 0.14883720930232558 458
1764104858709 0.13473684210526315 459
1764104867077 0.128 460
1764104875468 0.13763440860215054 461
1764104883900 0.13544973544973546 462
1764104892243 0.1306122448979592 463
1764104900627 0.1532934131736527 464
1764104909040 0.1471264367816092 465
1764104917443 0.13264248704663212 466
1764104925840 0.13544973544973546 467
1764104934232 0.15515151515151515 468
1764104942601 0.13763440860215054 469
1764104950971 0.13473684210526315 470
1764104959374 0.1414364640883978 471
1764104967782 0.1414364640883978 472
1764104976157 0.13544973544973546 473
1764104984570 0.13617021276595745 474
1764104992951 0.13195876288659794 475
1764105001308 0.1306122448979592 476
1764105009688 0.13689839572192514 477
1764105018074 0.13473684210526315 478
1764105026428 0.13403141361256546 479
1764105034810 0.13989071038251366 480
1764105043221 0.14545454545454548 481
1764105051622 0.14382022471910114 482
1764105059982 0.13128205128205128 483
1764105068350 0.13473684210526315 484
1764105076713 0.14065934065934066 485
1764105085127 0.14222222222222222 486
1764105093529 0.13837837837837838 487
1764105101922 0.14382022471910114 488
1764105110308 0.13333333333333333 489
1764105118723 0.13195876288659794 490
1764105127098 0.1391304347826087 491
1764105135488 0.13403141361256546 492
1764105143994 0.14065934065934066 493
1764105152375 0.1299492385786802 494
1764105160748 0.1580246913580247 495
1764105169139 0.13195876288659794 496
1764105177506 0.12549019607843137 497
1764105185916 0.13989071038251366 498
1764105194318 0.1391304347826087 499
1764105202679 0.13617021276595745 500
1764105211074 0.14301675977653633 501
1764105219436 0.13128205128205128 502
1764105227831 0.14222222222222222 503
1764105236218 0.13837837837837838 504
1764105244617 0.13689839572192514 505
1764105253044 0.13264248704663212 506
1764105261452 0.13689839572192514 507
1764105269839 0.12549019607843137 508
1764105278222 0.13689839572192514 509
1764105286640 0.16305732484076435 510
1764105295021 0.14545454545454548 511
1764105303424 0.13403141361256546 512
1764105311820 0.12075471698113208 513
1764105320177 0.13473684210526315 514
1764105328577 0.1523809523809524 515
1764105336956 0.14382022471910114 516
1764105345349 0.14545454545454548 517
1764105353724 0.13617021276595745 518
1764105362115 0.1306122448979592 519
1764105370490 0.1414364640883978 520
1764105378872 0.13473684210526315 521
1764105387238 0.128 522
1764105395628 0.14301675977653633 523
1764105404162 0.14797687861271677 524
1764105412530 0.1292929292929293 525
1764105420920 0.12549019607843137 526
1764105429268 0.13837837837837838 527
1764105437831 0.14883720930232558 528
1764105446223 0.13689839572192514 529
1764105454591 0.1292929292929293 530
1764105462959 0.14382022471910114 531
1764105471309 0.13403141361256546 532
1764105479691 0.1299492385786802 533
1764105488079 0.14463276836158193 534
1764105496609 0.1514792899408284 535
1764105505005 0.13403141361256546 536
1764105513387 0.13473684210526315 537
1764105521761 0.13333333333333333 538
1764105530154 0.13473684210526315 539
1764105538532 0.14222222222222222 540
1764105546902 0.13617021276595745 541
1764105555353 0.13763440860215054 542
1764105563713 0.1414364640883978 543
1764105572066 0.13763440860215054 544
1764105580438 0.1414364640883978 545
1764105588816 0.14797687861271677 546
1764105597199 0.1514792899408284 547
1764105605578 0.13544973544973546 548
1764105613951 0.14463276836158193 549
1764105622348 0.1580246913580247 550
1764105630717 0.13689839572192514 551
1764105639070 0.14382022471910114 552
1764105647451 0.13403141361256546 553
1764105655823 0.14463276836158193 554
1764105664184 0.13264248704663212 555
1764105672548 0.1299492385786802 556
1764105680959 0.13128205128205128 557
1764105689347 0.1292929292929293 558
1764105697720 0.13689839572192514 559
1764105706090 0.14463276836158193 560
1764105714456 0.128 561
1764105722838 0.13403141361256546 562
1764105731201 0.13617021276595745 563
1764105739587 0.13989071038251366 564
1764105748000 0.1497076023391813 565
1764105756440 0.14463276836158193 566
1764105764821 0.1497076023391813 567
1764105773323 0.13544973544973546 568
1764105781731 0.14883720930232558 569
1764105790131 0.12864321608040202 570
1764105798504 0.1306122448979592 571
1764105806882 0.14222222222222222 572
1764105815257 0.13195876288659794 573
1764105823664 0.13617021276595745 574
1764105832107 0.13837837837837838 575
1764105840503 0.14545454545454548 576
1764105848878 0.1462857142857143 577
1764105857266 0.13264248704663212 578
1764105865650 0.1532934131736527 579
1764105874015 0.13689839572192514 580
1764105882383 0.13195876288659794 581
1764105890881 0.14382022471910114 582
1764105899279 0.14222222222222222 583
1764105907677 0.13617021276595745 584
1764105916112 0.13989071038251366 585
1764105924514 0.13763440860215054 586
1764105932890 0.14065934065934066 587
1764105941446 0.13473684210526315 588
1764105949817 0.14797687861271677 589
1764105958224 0.13763440860215054 590
1764105966607 0.13128205128205128 591
1764105975011 0.1391304347826087 592
1764105983375 0.1306122448979592 593
1764105991775 0.15058823529411766 594
1764106000185 0.13989071038251366 595
1764106008566 0.15609756097560976 596
1764106016952 0.14545454545454548 597
1764106025311 0.13989071038251366 598
1764106033674 0.1391304347826087 599
1764106042065 0.13989071038251366 600
1764106050484 0.14301675977653633 601
1764106058853 0.1391304347826087 602
1764106067270 0.14545454545454548 603
1764106075650 0.1471264367816092 604
1764106084020 0.13544973544973546 605
1764106092416 0.1391304347826087 606
1764106100807 0.1414364640883978 607
1764106109194 0.13837837837837838 608
1764106117553 0.1523809523809524 609
1764106125950 0.14883720930232558 610
1764106134340 0.1391304347826087 611
1764106142692 0.13264248704663212 612
1764106151053 0.14065934065934066 613
1764106159456 0.14065934065934066 614
1764106167818 0.13333333333333333 615
1764106176189 0.128 616
1764106184559 0.13689839572192514 617
1764106192929 0.127363184079602 618
1764106201352 0.13989071038251366 619
1764106209725 0.1462857142857143 620
1764106218099 0.14222222222222222 621
1764106226469 0.14065934065934066 622
1764106234846 0.14545454545454548 623
1764106243331 0.14463276836158193 624
1764106251704 0.13544973544973546 625
1764106316267 0.14382022471910114 627
1764106324681 0.1462857142857143 628
1764106333215 0.1532934131736527 629
1764106341592 0.15058823529411766 630
1764106349943 0.13989071038251366 631
1764106358320 0.14222222222222222 632
1764106366714 0.1414364640883978 633
1764106375097 0.15058823529411766 634
1764106383485 0.14065934065934066 635
1764106391893 0.14065934065934066 636
1764106400339 0.14301675977653633 637
1764106408770 0.1299492385786802 638
1764106417196 0.12864321608040202 639
1764106425977 0.1391304347826087 640
1764106434366 0.14301675977653633 641
1764106442741 0.128 642
1764106451163 0.13544973544973546 643
1764106459605 0.1471264367816092 644
1764106468036 0.13333333333333333 645
1764106476448 0.13617021276595745 646
1764106484852 0.13689839572192514 647
1764106493230 0.13403141361256546 648
1764106501650 0.1471264367816092 649
1764106510029 0.1292929292929293 650
1764106518411 0.1414364640883978 651
1764106526828 0.14065934065934066 652
1764106535249 0.1570552147239264 653
1764106543620 0.1462857142857143 654
1764106552039 0.1414364640883978 655
1764106560400 0.1391304347826087 656
1764106568817 0.1462857142857143 657
1764106577239 0.1391304347826087 658
1764106585610 0.128 659
1764106594013 0.1514792899408284 660
1764106602386 0.1532934131736527 661
1764106610793 0.1532934131736527 662
1764106619174 0.13617021276595745 663
1764106627533 0.12864321608040202 664
1764106635928 0.14065934065934066 665
1764106644305 0.1292929292929293 666
1764106652720 0.14065934065934066 667
1764106661107 0.14883720930232558 668
1764106669471 0.15058823529411766 669
1764106677850 0.14545454545454548 670
1764106686236 0.1471264367816092 671
1764106694617 0.13403141361256546 672
1764106703017 0.13544973544973546 673
1764106711386 0.1414364640883978 674
1764106719757 0.14463276836158193 675
1764106728188 0.12367149758454107 676
1764106736610 0.1391304347826087 677
1764106744982 0.1414364640883978 678
1764106753357 0.13403141361256546 679
1764106761714 0.13264248704663212 680
1764106770134 0.1471264367816092 681
1764106778539 0.13837837837837838 682
1764106786908 0.12549019607843137 683
1764106795291 0.1306122448979592 684
1764106803696 0.13989071038251366 685
1764106812057 0.13333333333333333 686
1764106820456 0.1219047619047619 687
1764106828839 0.14382022471910114 688
1764106837224 0.13989071038251366 689
1764106845595 0.14463276836158193 690
1764106854015 0.13544973544973546 691
1764106862383 0.14382022471910114 692
1764106870773 0.14301675977653633 693
1764106879154 0.13473684210526315 694
1764106887558 0.11082251082251082 695
1764106895923 0.13403141361256546 696
1764106904334 0.13333333333333333 697
1764106912693 0.13403141361256546 698
1764106921049 0.12610837438423647 699
1764106929411 0.14065934065934066 700
1764106937772 0.13403141361256546 701
1764106946157 0.14382022471910114 702
1764106954523 0.12307692307692308 703
1764106962894 0.13837837837837838 704
1764106971287 0.15058823529411766 705
1764106979658 0.13473684210526315 706
1764106988042 0.1514792899408284 707
1764106996442 0.1414364640883978 708
1764107004815 0.13989071038251366 709
1764107013233 0.14463276836158193 710
1764107021609 0.13763440860215054 711
1764107029970 0.13473684210526315 712
1764107038362 0.1414364640883978 713
1764107046753 0.13837837837837838 714
1764107055134 0.13473684210526315 715
1764107063579 0.13544973544973546 716
1764107071967 0.1299492385786802 717
1764107080347 0.14301675977653633 718
1764107088720 0.1306122448979592 719
1764107097091 0.1299492385786802 720
1764107105478 0.13989071038251366 721
1764107113861 0.1292929292929293 722
1764107122200 0.13617021276595745 723
1764107130593 0.13837837837837838 724
1764107139115 0.14222222222222222 725
1764107147483 0.13333333333333333 726
1764107155865 0.13837837837837838 727
1764107164239 0.13544973544973546 728
1764107172633 0.128 729
1764107181011 0.13195876288659794 730
1764107189402 0.1532934131736527 731
1764107197810 0.14065934065934066 732
1764107206168 0.1306122448979592 733
1764107214677 0.127363184079602 734
1764107223087 0.13473684210526315 735
1764107231479 0.13333333333333333 736
1764107239850 0.1462857142857143 737
1764107248218 0.1414364640883978 738
1764107256600 0.13333333333333333 739
1764107264986 0.12487804878048782 740
1764107273351 0.13763440860215054 741
1764107281727 0.12307692307692308 742
1764107290130 0.13617021276595745 743
1764107298623 0.13989071038251366 744
1764107307052 0.13473684210526315 745
1764107315429 0.14463276836158193 746
1764107323795 0.1414364640883978 747
1764107332168 0.13195876288659794 748
1764107340536 0.14883720930232558 749
1764107348928 0.1414364640883978 750
1764107357263 0.13837837837837838 751
1764107365622 0.14301675977653633 752
1764107374022 0.13195876288659794 753
1764107382403 0.14883720930232558 754
1764107390792 0.13989071038251366 755
1764107399177 0.13544973544973546 756
1764107407571 0.13763440860215054 757
1764107415961 0.1292929292929293 758
1764107424350 0.14463276836158193 759
1764107432743 0.12367149758454107 760
1764107441175 0.1391304347826087 761
1764107449565 0.14065934065934066 762
1764107457958 0.127363184079602 763
1764107466334 0.12864321608040202 764
1764107474707 0.14797687861271677 765
1764107483133 0.13837837837837838 766
1764107491516 0.1391304347826087 767
1764107499875 0.13763440860215054 768
1764107508271 0.1414364640883978 769
1764107516717 0.14382022471910114 770
1764107525091 0.14301675977653633 771
1764107533487 0.1414364640883978 772
1764107541848 0.13989071038251366 773
1764107550245 0.14065934065934066 774
1764107558653 0.14545454545454548 775
1764107566993 0.13837837837837838 776
1764107575383 0.13403141361256546 777
1764107583752 0.14463276836158193 778
1764107592112 0.13264248704663212 779
1764107600528 0.15058823529411766 780
1764107608911 0.14301675977653633 781
1764107617286 0.1391304347826087 782
1764107625665 0.13617021276595745 783
1764107634173 0.1391304347826087 784
1764107642565 0.1462857142857143 785
1764107650947 0.1497076023391813 786
1764107659340 0.13689839572192514 787
1764107667720 0.13763440860215054 788
1764107676089 0.14222222222222222 789
1764107684459 0.14065934065934066 790
1764107692837 0.14545454545454548 791
1764107701200 0.1391304347826087 792
1764107709609 0.14065934065934066 793
1764107718110 0.13403141361256546 794
1764107726482 0.13544973544973546 795
1764107734855 0.12367149758454107 796
1764107743254 0.128 797
1764107751613 0.14545454545454548 798
1764107759972 0.12549019607843137 799
1764107768329 0.13763440860215054 800
1764107776710 0.1306122448979592 801
1764107785125 0.14463276836158193 802
1764107793511 0.13989071038251366 803
1764107801998 0.1299492385786802 804
1764107810407 0.13837837837837838 805
1764107818788 0.1462857142857143 806
1764107827162 0.13264248704663212 807
1764107835542 0.1414364640883978 808
1764107843942 0.12487804878048782 809
1764107852324 0.14463276836158193 810
1764107860711 0.14545454545454548 811
1764107869082 0.13403141361256546 812
1764107877496 0.13544973544973546 813
1764107885879 0.13544973544973546 814
1764107894241 0.14797687861271677 815
1764107902632 0.13617021276595745 816
1764107910995 0.13333333333333333 817
1764107919409 0.12610837438423647 818
1764107927775 0.13837837837837838 819
1764107936120 0.13403141361256546 820
1764107944519 0.14301675977653633 821
1764107952937 0.1391304347826087 822
1764107961325 0.14797687861271677 823
1764107969727 0.13333333333333333 824
1764107978113 0.14883720930232558 825
1764107986612 0.1299492385786802 826
1764107995018 0.14222222222222222 827
1764108003396 0.13333333333333333 828
1764108011789 0.1299492385786802 829
1764108020164 0.13989071038251366 830
1764108028527 0.14883720930232558 831
1764108036987 0.1462857142857143 832
1764108045385 0.1299492385786802 833
1764108053756 0.13837837837837838 834
1764108062108 0.1414364640883978 835
1764108070635 0.13473684210526315 836
1764108079061 0.13264248704663212 837
1764108087452 0.13544973544973546 838
1764108095831 0.14463276836158193 839
1764108104220 0.1391304347826087 840
1764108112599 0.13544973544973546 841
1764108121005 0.14545454545454548 842
1764108129389 0.1414364640883978 843
1764108137801 0.1514792899408284 844
1764108146167 0.13617021276595745 845
1764108154696 0.13763440860215054 846
1764108163074 0.128 847
1764108171454 0.14222222222222222 848
1764108179876 0.13617021276595745 849
1764108188260 0.13989071038251366 850
1764108196634 0.13264248704663212 851
1764108205005 0.12864321608040202 852
1764108213365 0.12487804878048782 853
1764108221809 0.14301675977653633 854
1764108230187 0.13689839572192514 855
1764108238568 0.14222222222222222 856
1764108246962 0.13544973544973546 857
1764108255407 0.1497076023391813 858
1764108263873 0.1471264367816092 859
1764108272259 0.14222222222222222 860
1764108280636 0.14065934065934066 861
1764108289028 0.14545454545454548 862
1764108297416 0.14065934065934066 863
1764108305800 0.14222222222222222 864
1764108314195 0.13837837837837838 865
1764108322596 0.13544973544973546 866
1764108330983 0.13333333333333333 867
1764108339383 0.13617021276595745 868
1764108347761 0.13617021276595745 869
1764108356298 0.13763440860215054 870
1764108364723 0.12673267326732673 871
1764108373112 0.13473684210526315 872
1764108381515 0.14222222222222222 873
1764108389901 0.127363184079602 874
1764108398307 0.14222222222222222 875
1764108406701 0.13544973544973546 876
1764108415070 0.14222222222222222 877
1764108423440 0.13473684210526315 878
1764108431963 0.1471264367816092 879
1764108440357 0.13837837837837838 880
1764108448754 0.12132701421800948 881
1764108457155 0.1580246913580247 882
1764108465577 0.1391304347826087 883
1764108473943 0.13473684210526315 884
1764108482344 0.14883720930232558 885
1764108490714 0.15515151515151515 886
1764108499096 0.12864321608040202 887
1764108507495 0.13333333333333333 888
1764108515892 0.13473684210526315 889
1764108524262 0.128 890
1764108532656 0.13989071038251366 891
1764108541044 0.13689839572192514 892
1764108549444 0.14463276836158193 893
1764108557844 0.1580246913580247 894
1764108566216 0.13473684210526315 895
1764108574591 0.13617021276595745 896
1764108582987 0.13333333333333333 897
1764108591361 0.13403141361256546 898
1764108599797 0.15058823529411766 899
1764108608209 0.1414364640883978 900
1764108616590 0.13689839572192514 901
1764108624954 0.13128205128205128 902
1764108633334 0.13989071038251366 903
1764108641700 0.13989071038251366 904
1764108650070 0.13989071038251366 905
1764108658440 0.13763440860215054 906
1764108666799 0.13544973544973546 907
1764108675199 0.13837837837837838 908
1764108683556 0.12549019607843137 909
1764108691936 0.128 910
1764108700380 0.1523809523809524 911
1764108708758 0.12427184466019418 912
1764108717137 0.15058823529411766 913
1764108725510 0.13544973544973546 914
1764108733949 0.1391304347826087 915
1764108742329 0.13473684210526315 916
1764108750727 0.13617021276595745 917
1764108759134 0.1462857142857143 918
1764108767526 0.1471264367816092 919
1764108775924 0.13617021276595745 920
1764108784293 0.13195876288659794 921
1764108792679 0.12487804878048782 922
1764108801080 0.1391304347826087 923
1764108809441 0.12864321608040202 924
1764108817834 0.12549019607843137 925
1764108826234 0.13544973544973546 926
1764108834619 0.13689839572192514 927
1764108843000 0.13473684210526315 928
1764108851376 0.127363184079602 929
1764108859741 0.13617021276595745 930
1764108868127 0.14222222222222222 931
1764108876553 0.13689839572192514 932
1764108884952 0.14883720930232558 933
1764108893328 0.13763440860215054 934
1764108901730 0.14463276836158193 935
1764108910125 0.13837837837837838 936
1764108918539 0.14382022471910114 937
1764108926934 0.1094017094017094 938
1764108991809 0.1414364640883978 940
1764109000183 0.15421686746987953 941
1764109008555 0.1391304347826087 942
1764109016912 0.13989071038251366 943
1764109025273 0.13544973544973546 944
1764109033682 0.13333333333333333 945
1764109042095 0.13763440860215054 946
1764109050512 0.13195876288659794 947
1764109058933 0.14797687861271677 948
1764109067352 0.13128205128205128 949
1764109075771 0.13989071038251366 950
1764109084199 0.128 951
1764109092751 0.13689839572192514 952
1764109101316 0.12864321608040202 953
1764109109707 0.13333333333333333 954
1764109118154 0.14222222222222222 955
1764109126545 0.1414364640883978 956
1764109134940 0.13837837837837838 957
1764109143524 0.12864321608040202 958
1764109151916 0.1299492385786802 959
1764109160333 0.1471264367816092 960
1764109168720 0.12864321608040202 961
1764109177139 0.1299492385786802 962
1764109185553 0.13128205128205128 963
1764109193964 0.14883720930232558 964
1764109202342 0.1299492385786802 965
1764109210715 0.127363184079602 966
1764109219091 0.12673267326732673 967
1764109227506 0.13128205128205128 968
1764109235915 0.1497076023391813 969
1764109244320 0.13473684210526315 970
1764109252735 0.14222222222222222 971
1764109261121 0.13544973544973546 972
1764109269520 0.13763440860215054 973
1764109277939 0.1299492385786802 974
1764109286334 0.13763440860215054 975
1764109294714 0.13837837837837838 976
1764109303145 0.13473684210526315 977
1764109311531 0.14301675977653633 978
1764109319910 0.13403141361256546 979
1764109328310 0.13989071038251366 980
1764109336687 0.13403141361256546 981
1764109345080 0.13837837837837838 982
1764109353441 0.13617021276595745 983
1764109361839 0.13473684210526315 984
1764109370215 0.13195876288659794 985
1764109378632 0.14463276836158193 986
1764109387058 0.14222222222222222 987
1764109395443 0.1219047619047619 988
1764109403848 0.1414364640883978 989
1764109412236 0.14065934065934066 990
1764109420616 0.13264248704663212 991
1764109429037 0.1414364640883978 992
1764109437433 0.14883720930232558 993
1764109445941 0.14222222222222222 994
1764109454292 0.14222222222222222 995
1764109462667 0.13989071038251366 996
1764109471056 0.1471264367816092 997
1764109479426 0.127363184079602 998
1764109487835 0.13837837837837838 999
1764109496412 0.13473684210526315 1000
1764109504806 0.1306122448979592 1001
1764109513193 0.12673267326732673 1002
1764109521578 0.13544973544973546 1003
1764109529957 0.11797235023041475 1004
1764109538315 0.13689839572192514 1005
1764109546719 0.13689839572192514 1006
1764109555146 0.13403141361256546 1007
1764109563521 0.11962616822429907 1008
1764109571891 0.14797687861271677 1009
1764109580264 0.13689839572192514 1010
1764109588637 0.13333333333333333 1011
1764109597056 0.13544973544973546 1012
1764109605454 0.14301675977653633 1013
1764109613855 0.13837837837837838 1014
1764109622265 0.13837837837837838 1015
1764109630668 0.13617021276595745 1016
1764109639031 0.13128205128205128 1017
1764109647445 0.13989071038251366 1018
1764109655852 0.1497076023391813 1019
1764109664236 0.13763440860215054 1020
1764109672645 0.13128205128205128 1021
1764109681030 0.127363184079602 1022
1764109689414 0.13128205128205128 1023
1764109697806 0.13264248704663212 1024
1764109706212 0.13264248704663212 1025
1764109714607 0.13544973544973546 1026
1764109723005 0.1471264367816092 1027
1764109731489 0.12673267326732673 1028
1764109739877 0.127363184079602 1029
1764109748248 0.12367149758454107 1030
1764109756641 0.13763440860215054 1031
1764109765044 0.13473684210526315 1032
1764109773433 0.12427184466019418 1033
1764109781944 0.13689839572192514 1034
1764109790312 0.14222222222222222 1035
1764109798681 0.13333333333333333 1036
1764109807043 0.13989071038251366 1037
1764109815431 0.13763440860215054 1038
1764109823827 0.1471264367816092 1039
1764109832211 0.12610837438423647 1040
1764109840572 0.13264248704663212 1041
1764109848956 0.13617021276595745 1042
1764109857346 0.13763440860215054 1043
1764109865693 0.13473684210526315 1044
1764109874083 0.1391304347826087 1045
1764109882455 0.14382022471910114 1046
1764109890848 0.13989071038251366 1047
1764109899249 0.14382022471910114 1048
1764109907596 0.13617021276595745 1049
1764109915965 0.1306122448979592 1050
1764109924353 0.1306122448979592 1051
1764109932747 0.14883720930232558 1052
1764109941131 0.15058823529411766 1053
1764109949503 0.14463276836158193 1054
1764109957860 0.13763440860215054 1055
1764109966354 0.14382022471910114 1056
1764109974723 0.13544973544973546 1057
1764109983089 0.13617021276595745 1058
1764109991465 0.1514792899408284 1059
1764109999827 0.14065934065934066 1060
1764110008241 0.14301675977653633 1061
1764110016636 0.12673267326732673 1062
1764110025061 0.14065934065934066 1063
1764110033442 0.12549019607843137 1064
1764110041792 0.12132701421800948 1065
1764110050156 0.12610837438423647 1066
1764110058529 0.13763440860215054 1067
1764110066913 0.14301675977653633 1068
1764110075299 0.13989071038251366 1069
1764110083781 0.1391304347826087 1070
1764110092179 0.12487804878048782 1071
1764110100540 0.14463276836158193 1072
1764110108908 0.1299492385786802 1073
1764110117310 0.13333333333333333 1074
1764110125664 0.12864321608040202 1075
1764110134063 0.1299492385786802 1076
1764110142421 0.13195876288659794 1077
1764110150830 0.12248803827751197 1078
1764110159196 0.1219047619047619 1079
1764110167570 0.13689839572192514 1080
1764110175947 0.13763440860215054 1081
1764110184325 0.12307692307692308 1082
1764110192694 0.15515151515151515 1083
1764110201082 0.14545454545454548 1084
1764110209458 0.14222222222222222 1085
1764110217823 0.13763440860215054 1086
1764110226231 0.127363184079602 1087
1764110234681 0.1414364640883978 1088
1764110243072 0.13473684210526315 1089
1764110251445 0.13617021276595745 1090
1764110259818 0.14797687861271677 1091
1764110268234 0.13403141361256546 1092
1764110276606 0.13128205128205128 1093
1764110284970 0.13544973544973546 1094
1764110293342 0.13989071038251366 1095
1764110301726 0.13128205128205128 1096
1764110310135 0.14065934065934066 1097
1764110318554 0.14463276836158193 1098
1764110326919 0.1299492385786802 1099
1764110335281 0.12487804878048782 1100
1764110343697 0.1299492385786802 1101
1764110352076 0.1391304347826087 1102
1764110360477 0.12610837438423647 1103
1764110368863 0.12610837438423647 1104
1764110377293 0.1391304347826087 1105
1764110385716 0.13689839572192514 1106
1764110394098 0.1299492385786802 1107
1764110402518 0.13544973544973546 1108
1764110410877 0.13689839572192514 1109
1764110419245 0.13264248704663212 1110
1764110427626 0.14382022471910114 1111
1764110436047 0.14222222222222222 1112
1764110444427 0.1299492385786802 1113
1764110452818 0.127363184079602 1114
1764110461202 0.13837837837837838 1115
1764110469728 0.14065934065934066 1116
1764110478115 0.13544973544973546 1117
1764110486502 0.14382022471910114 1118
1764110494872 0.1391304347826087 1119
1764110503243 0.13689839572192514 1120
1764110511650 0.11130434782608696 1121
1764110520074 0.14065934065934066 1122
1764110528435 0.14065934065934066 1123
1764110536847 0.13837837837837838 1124
1764110545200 0.11636363636363636 1125
1764110553587 0.1391304347826087 1126
1764110561958 0.10281124497991968 1127
1764110570334 0.1299492385786802 1128
1764110578703 0.1292929292929293 1129
1764110587070 0.14301675977653633 1130
1764110595572 0.11962616822429907 1131
1764110603959 0.13195876288659794 1132
1764110612370 0.13403141361256546 1133
1764110620749 0.13403141361256546 1134
1764110629134 0.13617021276595745 1135
1764110637515 0.14065934065934066 1136
1764110645906 0.12549019607843137 1137
1764110654329 0.12367149758454107 1138
1764110662834 0.14545454545454548 1139
1764110671206 0.13195876288659794 1140
1764110679579 0.13544973544973546 1141
1764110687969 0.13195876288659794 1142
1764110696350 0.14797687861271677 1143
1764110704761 0.15515151515151515 1144
1764110713143 0.11851851851851852 1145
1764110721524 0.13689839572192514 1146
1764110729893 0.12307692307692308 1147
1764110738307 0.15058823529411766 1148
1764110746730 0.14545454545454548 1149
1764110755071 0.13195876288659794 1150
1764110763440 0.14222222222222222 1151
1764110771834 0.13195876288659794 1152
1764110780210 0.13333333333333333 1153
1764110788606 0.14065934065934066 1154
1764110796966 0.13617021276595745 1155
1764110805394 0.13195876288659794 1156
1764110813804 0.12307692307692308 1157
1764110822335 0.12549019607843137 1158
1764110830740 0.1471264367816092 1159
1764110839126 0.13264248704663212 1160
1764110847520 0.127363184079602 1161
1764110855952 0.12549019607843137 1162
1764110864346 0.1292929292929293 1163
1764110872722 0.12673267326732673 1164
1764110881102 0.127363184079602 1165
1764110889452 0.13763440860215054 1166
1764110897844 0.13617021276595745 1167
1764110906247 0.128 1168
1764110914648 0.14463276836158193 1169
1764110923003 0.11962616822429907 1170
1764110931391 0.13403141361256546 1171
1764110939780 0.13617021276595745 1172
1764110948164 0.14797687861271677 1173
1764110956545 0.14797687861271677 1174
1764110964895 0.12673267326732673 1175
1764110973309 0.1414364640883978 1176
1764110981695 0.12132701421800948 1177
1764110990072 0.13617021276595745 1178
1764110998456 0.09078014184397164 1179
1764111006913 0.12549019607843137 1180
1764111015279 0.14065934065934066 1181
1764111023669 0.13195876288659794 1182
1764111032031 0.13617021276595745 1183
1764111040424 0.1414364640883978 1184
1764111048850 0.1391304347826087 1185
1764111057242 0.14883720930232558 1186
1764111065634 0.13403141361256546 1187
1764111074043 0.1292929292929293 1188
1764111082421 0.13763440860215054 1189
1764111090928 0.13617021276595745 1190
1764111099287 0.14222222222222222 1191
1764111107790 0.13403141361256546 1192
1764111116184 0.1292929292929293 1193
1764111124551 0.12673267326732673 1194
1764111132948 0.13264248704663212 1195
1764111141330 0.14545454545454548 1196
1764111149714 0.13689839572192514 1197
1764111158085 0.1414364640883978 1198
1764111166643 0.1306122448979592 1199
1764111175027 0.13989071038251366 1200
1764111183413 0.12307692307692308 1201
1764111191798 0.13989071038251366 1202
1764111200196 0.13403141361256546 1203
1764111208602 0.13617021276595745 1204
1764111216988 0.14301675977653633 1205
1764111225351 0.13333333333333333 1206
1764111233786 0.1292929292929293 1207
1764111242167 0.1391304347826087 1208
1764111250577 0.1414364640883978 1209
1764111258955 0.14301675977653633 1210
1764111267372 0.14883720930232558 1211
1764111275753 0.13333333333333333 1212
1764111284138 0.11906976744186047 1213
1764111292558 0.14065934065934066 1214
1764111300974 0.13763440860215054 1215
1764111309366 0.14065934065934066 1216
1764111317732 0.128 1217
1764111326115 0.14301675977653633 1218
1764111334481 0.14065934065934066 1219
1764111342841 0.14301675977653633 1220
1764111351211 0.13195876288659794 1221
1764111359552 0.1391304347826087 1222
1764111367947 0.1391304347826087 1223
1764111376338 0.13689839572192514 1224
1764111384736 0.13195876288659794 1225
1764111393101 0.13989071038251366 1226
1764111401475 0.13617021276595745 1227
1764111409854 0.12132701421800948 1228
1764111418260 0.1292929292929293 1229
1764111426639 0.1292929292929293 1230
1764111435011 0.13837837837837838 1231
1764111443510 0.127363184079602 1232
1764111451915 0.14301675977653633 1233
1764111460268 0.11636363636363636 1234
1764111468652 0.14301675977653633 1235
1764111477032 0.12864321608040202 1236
1764111485418 0.14065934065934066 1237
1764111493799 0.13617021276595745 1238
1764111502169 0.13617021276595745 1239
1764111510534 0.12549019607843137 1240
1764111519063 0.12487804878048782 1241
1764111527441 0.14463276836158193 1242
1764111535809 0.13989071038251366 1243
1764111544192 0.14301675977653633 1244
1764111552567 0.13473684210526315 1245
1764111560938 0.1292929292929293 1246
1764111569318 0.13689839572192514 1247
1764111577677 0.13128205128205128 1248
1764111586045 0.1299492385786802 1249
1764111594413 0.12673267326732673 1250
1764111602791 0.15058823529411766 1251
1764111671196 0.13473684210526315 1253
1764111679560 0.14797687861271677 1254
1764111687920 0.12248803827751197 1255
1764111696264 0.13195876288659794 1256
1764111704610 0.14382022471910114 1257
1764111712988 0.11797235023041475 1258
1764111721356 0.1391304347826087 1259
1764111729736 0.13837837837837838 1260
1764111738098 0.13837837837837838 1261
1764111746512 0.12549019607843137 1262
1764111754884 0.13544973544973546 1263
1764111763248 0.13763440860215054 1264
1764111771822 0.13617021276595745 1265
1764111780240 0.14065934065934066 1266
1764111788640 0.13264248704663212 1267
1764111797068 0.1292929292929293 1268
1764111805473 0.13763440860215054 1269
1764111813894 0.13195876288659794 1270
1764111822281 0.12427184466019418 1271
1764111830711 0.13195876288659794 1272
1764111839094 0.14463276836158193 1273
1764111847504 0.13617021276595745 1274
1764111855893 0.13689839572192514 1275
1764111864287 0.13763440860215054 1276
1764111872673 0.12673267326732673 1277
1764111881042 0.13544973544973546 1278
1764111889456 0.12864321608040202 1279
1764111897819 0.13403141361256546 1280
1764111906262 0.13128205128205128 1281
1764111914670 0.128 1282
1764111923060 0.12367149758454107 1283
1764111931476 0.13837837837837838 1284
1764111939926 0.13989071038251366 1285
1764111948332 0.13264248704663212 1286
1764111956761 0.12549019607843137 1287
1764111965196 0.12075471698113208 1288
1764111973596 0.13128205128205128 1289
1764111982013 0.13128205128205128 1290
1764111990399 0.12132701421800948 1291
1764111998941 0.13617021276595745 1292
1764112007371 0.1641025641025641 1293
1764112015736 0.13617021276595745 1294
1764112024121 0.13689839572192514 1295
1764112032501 0.1299492385786802 1296
1764112040927 0.1299492385786802 1297
1764112049294 0.1147982062780269 1298
1764112057664 0.13689839572192514 1299
1764112066042 0.12427184466019418 1300
1764112074466 0.13195876288659794 1301
1764112082889 0.13689839572192514 1302
1764112091283 0.13128205128205128 1303
1764112099682 0.13763440860215054 1304
1764112108063 0.12864321608040202 1305
1764112116441 0.13403141361256546 1306
1764112124846 0.12307692307692308 1307
1764112133211 0.13333333333333333 1308
1764112141570 0.12864321608040202 1309
1764112149936 0.13617021276595745 1310
1764112158355 0.1391304347826087 1311
1764112166775 0.128 1312
1764112175153 0.13689839572192514 1313
1764112183545 0.1471264367816092 1314
1764112191925 0.13617021276595745 1315
1764112200319 0.13195876288659794 1316
1764112208701 0.13837837837837838 1317
1764112217139 0.14463276836158193 1318
1764112225532 0.13763440860215054 1319
1764112233923 0.13473684210526315 1320
1764112242305 0.13763440860215054 1321
1764112250865 0.14382022471910114 1322
1764112259234 0.1292929292929293 1323
1764112267621 0.14065934065934066 1324
1764112275968 0.12018779342723006 1325
1764112284353 0.13617021276595745 1326
1764112292743 0.13617021276595745 1327
1764112301099 0.12610837438423647 1328
1764112309478 0.13544973544973546 1329
1764112317844 0.12864321608040202 1330
1764112326212 0.14797687861271677 1331
1764112334576 0.13989071038251366 1332
1764112342997 0.13333333333333333 1333
1764112351394 0.1306122448979592 1334
1764112359771 0.12610837438423647 1335
1764112368180 0.1299492385786802 1336
1764112376555 0.1497076023391813 1337
1764112384948 0.12427184466019418 1338
1764112393346 0.14301675977653633 1339
1764112401731 0.13544973544973546 1340
1764112410109 0.13837837837837838 1341
1764112418515 0.13403141361256546 1342
1764112426880 0.1292929292929293 1343
1764112435261 0.1306122448979592 1344
1764112443677 0.11962616822429907 1345
1764112452033 0.13763440860215054 1346
1764112460419 0.13333333333333333 1347
1764112468811 0.13689839572192514 1348
1764112477192 0.127363184079602 1349
1764112485565 0.12610837438423647 1350
1764112494078 0.14382022471910114 1351
1764112502481 0.13617021276595745 1352
1764112510886 0.13544973544973546 1353
1764112519227 0.13264248704663212 1354
1764112527580 0.12018779342723006 1355
1764112535948 0.13128205128205128 1356
1764112544333 0.1306122448979592 1357
1764112552698 0.11962616822429907 1358
1764112561070 0.1306122448979592 1359
1764112569455 0.12307692307692308 1360
1764112577852 0.1391304347826087 1361
1764112586209 0.13128205128205128 1362
1764112594584 0.13617021276595745 1363
1764112602943 0.13617021276595745 1364
1764112611314 0.13689839572192514 1365
1764112619667 0.13128205128205128 1366
1764112628064 0.14545454545454548 1367
1764112636516 0.13473684210526315 1368
1764112645020 0.1299492385786802 1369
1764112653408 0.1462857142857143 1370
1764112661772 0.11851851851851852 1371
1764112670159 0.1391304347826087 1372
1764112678544 0.13763440860215054 1373
1764112686940 0.14065934065934066 1374
1764112695317 0.13544973544973546 1375
1764112703715 0.14301675977653633 1376
1764112712096 0.13128205128205128 1377
1764112720482 0.13403141361256546 1378
1764112728835 0.12307692307692308 1379
1764112737223 0.12427184466019418 1380
1764112745631 0.13837837837837838 1381
1764112754137 0.11743119266055047 1382
1764112762511 0.13403141361256546 1383
1764112770893 0.13989071038251366 1384
1764112779260 0.12487804878048782 1385
1764112787651 0.13264248704663212 1386
1764112796045 0.13333333333333333 1387
1764112804432 0.14222222222222222 1388
1764112812824 0.1306122448979592 1389
1764112821240 0.15421686746987953 1390
1764112829608 0.13989071038251366 1391
1764112837993 0.13989071038251366 1392
1764112846489 0.13403141361256546 1393
1764112854882 0.14301675977653633 1394
1764112863260 0.12673267326732673 1395
1764112871652 0.13544973544973546 1396
1764112880024 0.1299492385786802 1397
1764112888414 0.14382022471910114 1398
1764112896825 0.13128205128205128 1399
1764112905245 0.13989071038251366 1400
1764112913632 0.128 1401
1764112922015 0.12307692307692308 1402
1764112930400 0.13128205128205128 1403
1764112938778 0.13264248704663212 1404
1764112947147 0.1299492385786802 1405
1764112955526 0.13403141361256546 1406
1764112963896 0.1306122448979592 1407
1764112972270 0.13837837837837838 1408
1764112980661 0.14463276836158193 1409
1764112989030 0.1292929292929293 1410
1764112997425 0.1471264367816092 1411
1764113005799 0.13128205128205128 1412
1764113014219 0.12248803827751197 1413
1764113022601 0.1292929292929293 1414
1764113030972 0.12610837438423647 1415
1764113039350 0.13195876288659794 1416
1764113047712 0.12075471698113208 1417
1764113056053 0.13403141361256546 1418
1764113064466 0.14545454545454548 1419
1764113072849 0.13763440860215054 1420
1764113081279 0.13689839572192514 1421
1764113089656 0.12673267326732673 1422
1764113098035 0.13837837837837838 1423
1764113106564 0.1292929292929293 1424
1764113114927 0.13837837837837838 1425
1764113123506 0.13763440860215054 1426
1764113131903 0.1471264367816092 1427
1764113140281 0.14222222222222222 1428
1764113148788 0.13403141361256546 1429
1764113157169 0.14222222222222222 1430
1764113165577 0.13403141361256546 1431
1764113173966 0.14222222222222222 1432
1764113182370 0.1306122448979592 1433
1764113190781 0.1299492385786802 1434
1764113199164 0.12427184466019418 1435
1764113207538 0.13195876288659794 1436
1764113215902 0.1391304347826087 1437
1764113224353 0.13264248704663212 1438
1764113232757 0.13617021276595745 1439
1764113241122 0.13264248704663212 1440
1764113249503 0.1462857142857143 1441
1764113257915 0.13763440860215054 1442
1764113266309 0.13837837837837838 1443
1764113274720 0.13763440860215054 1444
1764113283095 0.14883720930232558 1445
1764113291446 0.1299492385786802 1446
1764113299814 0.127363184079602 1447
1764113308215 0.13689839572192514 1448
1764113316596 0.13333333333333333 1449
1764113324972 0.1299492385786802 1450
1764113333376 0.12132701421800948 1451
1764113341787 0.13989071038251366 1452
1764113350167 0.13763440860215054 1453
1764113358581 0.14797687861271677 1454
1764113366977 0.14545454545454548 1455
1764113375396 0.1514792899408284 1456
1764113383790 0.13544973544973546 1457
1764113392288 0.12427184466019418 1458
1764113400651 0.1306122448979592 1459
1764113409034 0.1292929292929293 1460
1764113417375 0.128 1461
1764113425787 0.1292929292929293 1462
1764113434172 0.12427184466019418 1463
1764113442552 0.13195876288659794 1464
1764113450915 0.12549019607843137 1465
1764113459319 0.128 1466
1764113467700 0.1391304347826087 1467
1764113476103 0.13989071038251366 1468
1764113484495 0.1306122448979592 1469
1764113492914 0.13837837837837838 1470
1764113501396 0.13195876288659794 1471
1764113509780 0.13128205128205128 1472
1764113518147 0.13333333333333333 1473
1764113526511 0.1299492385786802 1474
1764113534880 0.13989071038251366 1475
1764113543242 0.127363184079602 1476
1764113551611 0.13264248704663212 1477
1764113559977 0.13333333333333333 1478
1764113568361 0.128 1479
1764113576756 0.15058823529411766 1480
1764113585139 0.13989071038251366 1481
1764113593522 0.13403141361256546 1482
1764113601909 0.13689839572192514 1483
1764113610257 0.13763440860215054 1484
1764113618649 0.1306122448979592 1485
1764113627052 0.14545454545454548 1486
1764113635453 0.1306122448979592 1487
1764113643839 0.14545454545454548 1488
1764113652222 0.14545454545454548 1489
1764113660575 0.13403141361256546 1490
1764113668924 0.1391304347826087 1491
1764113677325 0.12549019607843137 1492
1764113685697 0.13403141361256546 1493
1764113694080 0.1414364640883978 1494
1764113702456 0.13544973544973546 1495
1764113710839 0.1306122448979592 1496
1764113719212 0.128 1497
1764113727573 0.13473684210526315 1498
1764113735962 0.14065934065934066 1499
1764113744333 0.13264248704663212 1500
1764113752726 0.14382022471910114 1501
1764113761128 0.15058823529411766 1502
1764113769500 0.13763440860215054 1503
1764113778008 0.12673267326732673 1504
1764113786392 0.13617021276595745 1505
1764113794773 0.1299492385786802 1506
1764113803131 0.13403141361256546 1507
1764113811485 0.13837837837837838 1508
1764113819855 0.1391304347826087 1509
1764113828263 0.12864321608040202 1510
1764113836665 0.14883720930232558 1511
1764113845022 0.13763440860215054 1512
1764113853464 0.12610837438423647 1513
1764113861859 0.13617021276595745 1514
1764113870230 0.1391304347826087 1515
1764113878601 0.12864321608040202 1516
1764113886951 0.13403141361256546 1517
1764113895311 0.1391304347826087 1518
1764113903699 0.13128205128205128 1519
1764113912114 0.14065934065934066 1520
1764113920516 0.1414364640883978 1521
1764113928955 0.13195876288659794 1522
1764113937344 0.13763440860215054 1523
1764113945752 0.13333333333333333 1524
1764113954149 0.14065934065934066 1525
1764113962533 0.13473684210526315 1526
1764113970921 0.1306122448979592 1527
1764113979312 0.13128205128205128 1528
1764113987685 0.13333333333333333 1529
1764113996181 0.13403141361256546 1530
1764114004557 0.13403141361256546 1531
1764114012945 0.13403141361256546 1532
1764114021319 0.12864321608040202 1533
1764114029673 0.1306122448979592 1534
1764114038047 0.1391304347826087 1535
1764114046445 0.13689839572192514 1536
1764114054847 0.14463276836158193 1537
1764114063238 0.13689839572192514 1538
1764114071610 0.13473684210526315 1539
1764114080015 0.14883720930232558 1540
1764114088379 0.1219047619047619 1541
1764114096735 0.14797687861271677 1542
1764114105081 0.13837837837837838 1543
1764114113482 0.13544973544973546 1544
1764114121875 0.13403141361256546 1545
1764114130309 0.13403141361256546 1546
1764114138695 0.1391304347826087 1547
1764114147079 0.14545454545454548 1548
1764114155420 0.13128205128205128 1549
1764114163764 0.13195876288659794 1550
1764114172160 0.13989071038251366 1551
1764114180583 0.13544973544973546 1552
1764114188967 0.12487804878048782 1553
1764114197354 0.1414364640883978 1554
1764114205713 0.13473684210526315 1555
1764114214115 0.1414364640883978 1556
1764114222511 0.128 1557
1764114230906 0.13837837837837838 1558
1764114239284 0.13403141361256546 1559
1764114247681 0.1414364640883978 1560
1764114256078 0.13333333333333333 1561
1764114264441 0.13473684210526315 1562
1764114272940 0.13473684210526315 1563
1764114281380 0.13689839572192514 1564
