1764100965620 0.7457698583602905 1
1764100973971 0.6584318280220032 2
1764100982346 0.6342152208089828 3
1764100990721 0.642278641462326 4
1764100999119 0.6112734377384186 5
1764101007541 0.6249405667185783 6
1764101015993 0.6081379950046539 7
1764101024442 0.601734921336174 8
1764101032879 0.46751031279563904 9
1764101041338 0.5050043910741806 10
1764101049795 0.5202556774020195 11
1764101058207 0.563549354672432 12
1764101066647 0.5574484318494797 13
1764101075079 0.5230153724551201 14
1764101083534 0.4837879464030266 15
1764101091964 0.5900381803512573 16
1764101100429 0.4875337556004524 17
1764101108860 0.5609178096055984 18
1764101117253 0.43332792073488235 19
1764101125677 0.46709679812192917 20
1764101134067 0.5066244527697563 21
1764101142458 0.49505114555358887 22
1764101151059 0.4806506186723709 23
1764101159462 0.5080110877752304 24
1764101167879 0.4287613779306412 25
1764101176296 0.4819269999861717 26
1764101184706 0.42410004138946533 27
1764101193293 0.5019874274730682 28
1764101201647 0.5258637219667435 29
1764101210047 0.47852595150470734 30
1764101218436 0.49427054822444916 31
1764101226831 0.4298377111554146 32
1764101235237 0.4923238754272461 33
1764101243630 0.4496089145541191 34
1764101252036 0.39888133853673935 35
1764101260434 0.4570457264780998 36
1764101268832 0.4614213928580284 37
1764101277238 0.43773310631513596 38
1764101285640 0.48591285943984985 39
1764101294041 0.48543531447649 40
1764101302409 0.4171142354607582 41
1764101310769 0.4021201804280281 42
1764101319135 0.4948815479874611 43
1764101327559 0.47180164605379105 44
1764101335944 0.3852230980992317 45
1764101344349 0.43096379190683365 46
1764101352729 0.4774445444345474 47
1764101361092 0.4903605282306671 48
1764101369482 0.47308308631181717 49
1764101377835 0.4974103569984436 50
1764101386198 0.4314492419362068 51
1764101394576 0.4935653731226921 52
1764101402982 0.44895200431346893 53
1764101411330 0.40759023278951645 54
1764101419729 0.4160091131925583 55
1764101428206 0.42646995186805725 56
1764101436569 0.5036279112100601 57
1764101444989 0.4462728723883629 58
1764101453382 0.43687207996845245 59
1764101461762 0.4603042006492615 60
1764101470141 0.5337907895445824 61
1764101478510 0.4490666389465332 62
1764101486907 0.45315756648778915 63
1764101495305 0.4409197196364403 64
1764101503716 0.44685278832912445 65
1764101512078 0.41733506321907043 66
1764101520463 0.4243476986885071 67
1764101528836 0.3678733706474304 68
1764101537219 0.37309328094124794 69
1764101545578 0.48020147532224655 70
1764101553963 0.445912629365921 71
1764101562333 0.38805216550827026 72
1764101570701 0.43742138892412186 73
1764101579130 0.3931422531604767 74
1764101587526 0.4367704391479492 75
1764101595922 0.43826965242624283 76
1764101604291 0.4733060449361801 77
1764101612642 0.3912196755409241 78
1764101621002 0.4152423143386841 79
1764101629369 0.3807094544172287 80
1764101637722 0.4570286273956299 81
1764101646089 0.40850092470645905 82
1764101654487 0.42671796679496765 83
1764101662858 0.46769484132528305 84
1764101671226 0.4604247286915779 85
1764101679614 0.4573783129453659 86
1764101688009 0.42298703640699387 87
1764101696359 0.43285103142261505 88
1764101704724 0.40492598712444305 89
1764101713100 0.39764517545700073 90
1764101721491 0.42840882390737534 91
1764101729896 0.4822145774960518 92
1764101738283 0.4411563575267792 93
1764101746684 0.47825639694929123 94
1764101755056 0.375795841217041 95
1764101763442 0.4328031837940216 96
1764101771832 0.44721903651952744 97
1764101780211 0.467227041721344 98
1764101788621 0.5209610313177109 99
1764101797002 0.45440199971199036 100
1764101805412 0.4567166194319725 101
1764101813784 0.40635793656110764 102
1764101822170 0.4795851856470108 103
1764101830578 0.39395710825920105 104
1764101838965 0.4086187779903412 105
1764101847337 0.48558371514081955 106
1764101855712 0.49793580174446106 107
1764101864105 0.3611396998167038 108
1764101872485 0.4071360304951668 109
1764101880900 0.3731384202837944 110
1764101889262 0.4414845257997513 111
1764101897645 0.42524047940969467 112
1764101906057 0.43930184096097946 113
1764101914429 0.4610854983329773 114
1764101922809 0.4363725483417511 115
1764101931183 0.4247289001941681 116
1764101939611 0.35910898447036743 117
1764101948013 0.40540607273578644 118
1764101956390 0.4475943148136139 119
1764101964778 0.422043152153492 120
1764101973131 0.3318437412381172 121
1764101981538 0.33441460132598877 122
1764101989910 0.37828288972377777 123
1764101998294 0.4892876446247101 124
1764102006673 0.43293900042772293 125
1764102015149 0.4427131414413452 126
1764102023512 0.4287838116288185 127
1764102031903 0.38404903560876846 128
1764102040290 0.38025178387761116 129
1764102048676 0.35686299204826355 130
1764102057190 0.4142593592405319 131
1764102065543 0.4432203248143196 132
1764102074050 0.41917839646339417 133
1764102082445 0.39475179463624954 134
1764102090812 0.44227053225040436 135
1764102099204 0.44150224328041077 136
1764102107588 0.4734315946698189 137
1764102115955 0.3887467160820961 138
1764102124312 0.3470127619802952 139
1764102132654 0.40475326776504517 140
1764102141046 0.4508369117975235 141
1764102149418 0.37861111015081406 142
1764102157812 0.37835561484098434 143
1764102166170 0.4322628900408745 144
1764102174532 0.4609690457582474 145
1764102182917 0.3722081556916237 146
1764102191299 0.38768378645181656 147
1764102199659 0.37984900921583176 148
1764102208054 0.46803727000951767 149
1764102216431 0.37275007367134094 150
1764102224819 0.4059666246175766 151
1764102233212 0.36249883472919464 152
1764102241614 0.3585139960050583 153
1764102250008 0.3713627830147743 154
1764102258394 0.40714921057224274 155
1764102266770 0.32089781016111374 156
1764102275167 0.4418216273188591 157
1764102283548 0.3568286970257759 158
1764102291981 0.4040849879384041 159
1764102300373 0.3340912312269211 160
1764102308772 0.3841891288757324 161
1764102317153 0.402436725795269 162
1764102325534 0.3946269527077675 163
1764102333931 0.4238947555422783 164
1764102342324 0.3917897939682007 165
1764102350721 0.40441909432411194 166
1764102359091 0.42649053037166595 167
1764102367475 0.394184373319149 168
1764102375891 0.4185940846800804 169
1764102384281 0.4068663939833641 170
1764102392686 0.43024545162916183 171
1764102401081 0.38453882187604904 172
1764102409444 0.4540362134575844 173
1764102417862 0.37341097742319107 174
1764102426252 0.38133592158555984 175
1764102434648 0.3777688667178154 176
1764102443080 0.34558071196079254 177
1764102451454 0.3841244652867317 178
1764102459822 0.41528554260730743 179
1764102468204 0.3462458848953247 180
1764102476595 0.39434172213077545 181
1764102484940 0.3889523111283779 182
1764102493306 0.3796236962080002 183
1764102501674 0.3728403300046921 184
1764102510043 0.41648057103157043 185
1764102518573 0.37862930446863174 186
1764102526972 0.3696194887161255 187
1764102535367 0.374349482357502 188
1764102543738 0.4409310519695282 189
1764102552253 0.36769837886095047 190
1764102560649 0.37397515028715134 191
1764102569011 0.40254176408052444 192
1764102577544 0.39254655689001083 193
1764102585943 0.33114009350538254 194
1764102594318 0.33396004885435104 195
1764102602704 0.41253480315208435 196
1764102611106 0.4417661353945732 197
1764102619503 0.3509727865457535 198
1764102627888 0.37986157089471817 199
1764102636294 0.3432106077671051 200
1764102644688 0.40693946182727814 201
1764102653060 0.3534464165568352 202
1764102661428 0.3390464410185814 203
1764102669821 0.42970701307058334 204
1764102678238 0.41646241396665573 205
1764102686634 0.39758168160915375 206
1764102695039 0.3935355804860592 207
1764102703392 0.40957077592611313 208
1764102711786 0.3990180045366287 209
1764102720164 0.3671894893050194 210
1764102728493 0.4028759226202965 211
1764102736899 0.36293940246105194 212
1764102745297 0.3251244127750397 213
1764102753690 0.2722526043653488 214
1764102762091 0.3997791185975075 215
1764102770477 0.378234326839447 216
1764102778858 0.31837932765483856 217
1764102787242 0.3229846730828285 218
1764102795606 0.41442549228668213 219
1764102804034 0.3465607017278671 220
1764102812420 0.39888057857751846 221
1764102820790 0.32138583064079285 222
1764102829178 0.3618749976158142 223
1764102837562 0.39130569994449615 224
1764102845942 0.3642832115292549 225
1764102854332 0.3573564291000366 226
1764102862696 0.38471248745918274 227
1764102871218 0.3796383738517761 228
1764102879602 0.3706151768565178 229
1764102887979 0.3980250880122185 230
1764102896342 0.40202853083610535 231
1764102904832 0.39584995806217194 232
1764102913211 0.32226159423589706 233
1764102921582 0.3373335115611553 234
1764102930108 0.4181250110268593 235
1764102938524 0.3884086608886719 236
1764102946889 0.41013120859861374 237
1764102955278 0.4164084866642952 238
1764102963639 0.3764834776520729 239
1764102972023 0.4094810336828232 240
1764102980401 0.4117867946624756 241
1764102988813 0.3190147988498211 242
1764102997243 0.43269969522953033 243
1764103005613 0.36367129534482956 244
1764103014005 0.38208647072315216 245
1764103022354 0.4045480564236641 246
1764103030713 0.3523070961236954 247
1764103039135 0.3677893728017807 248
1764103047494 0.32486558705568314 249
1764103055871 0.4284914657473564 250
1764103064276 0.3715590462088585 251
1764103072641 0.37579384446144104 252
1764103081090 0.3448959141969681 253
1764103089489 0.33388031274080276 254
1764103097869 0.38506271690130234 255
1764103106269 0.3966435566544533 256
1764103114670 0.3657790943980217 257
1764103123041 0.3979874476790428 258
1764103131429 0.3879345953464508 259
1764103139782 0.38072092831134796 260
1764103148183 0.3696889579296112 261
1764103156693 0.35232945531606674 262
1764103165099 0.33988985791802406 263
1764103173456 0.46482430398464203 264
1764103181977 0.40383731573820114 265
1764103190336 0.379820816218853 266
1764103198729 0.385075680911541 267
1764103207247 0.34422581642866135 268
1764103215633 0.3371179774403572 269
1764103224049 0.3387375511229038 270
1764103232434 0.4403546452522278 271
1764103240815 0.3604547157883644 272
1764103249157 0.3512693755328655 273
1764103257524 0.3224840946495533 274
1764103265888 0.34367863833904266 275
1764103274247 0.4166092798113823 276
1764103282628 0.3781273178756237 277
1764103291029 0.3585984334349632 278
1764103299405 0.41973697394132614 279
1764103307775 0.38777878135442734 280
1764103316139 0.3318566717207432 281
1764103324517 0.33234716951847076 282
1764103332875 0.3378349728882313 283
1764103341295 0.38791434466838837 284
1764103349649 0.36164460331201553 285
1764103358019 0.32993607223033905 286
1764103366430 0.3302420750260353 287
1764103374843 0.3441670872271061 288
1764103383234 0.36840416491031647 289
1764103391602 0.4115944355726242 290
1764103399986 0.37608516961336136 291
1764103408356 0.3461756408214569 292
1764103416745 0.3983079791069031 293
1764103425111 0.3992219418287277 294
1764103433506 0.38146162778139114 295
1764103441906 0.32977693155407906 296
1764103450277 0.3487222120165825 297
1764103458643 0.33705928549170494 298
1764103467050 0.34599075466394424 299
1764103475443 0.36592406779527664 300
1764103483799 0.35341261327266693 301
1764103492175 0.28397293388843536 302
1764103500571 0.3848307579755783 303
1764103508988 0.32667453959584236 304
1764103517420 0.3726615943014622 305
1764103525791 0.36265402287244797 306
1764103534174 0.3400760442018509 307
1764103542572 0.3563903272151947 308
1764103550942 0.3854270428419113 309
1764103559311 0.35476046800613403 310
1764103567679 0.34807461500167847 311
1764103576068 0.3572913222014904 312
1764103640609 0.30109770968556404 314
1764103648978 0.31994153559207916 315
1764103657363 0.3402913436293602 316
1764103665755 0.3822351321578026 317
1764103674151 0.3012869507074356 318
1764103682576 0.2248116359114647 319
1764103690974 0.3221542462706566 320
1764103699386 0.33995917439460754 321
1764103707790 0.353343166410923 322
1764103716188 0.3677191287279129 323
1764103724631 0.35653654485940933 324
1764103733044 0.29615143686532974 325
1764103741476 0.32115354761481285 326
1764103749923 0.2900107651948929 327
1764103758343 0.3456841893494129 328
1764103766934 0.37928589433431625 329
1764103775352 0.4070436581969261 330
1764103783773 0.3128921389579773 331
1764103792173 0.2763885445892811 332
1764103800595 0.32450053840875626 333
1764103808995 0.36542917788028717 334
1764103817419 0.36714522540569305 335
1764103825835 0.337423175573349 336
1764103834272 0.358149453997612 337
1764103842653 0.3822125047445297 338
1764103851059 0.3077000342309475 339
1764103859487 0.3093966022133827 340
1764103867882 0.27253979444503784 341
1764103876276 0.36632588505744934 342
1764103884652 0.31833986565470695 343
1764103893050 0.3111015297472477 344
1764103901607 0.3375815376639366 345
1764103909975 0.3311254493892193 346
1764103918347 0.3676231801509857 347
1764103926974 0.35350101068615913 348
1764103935364 0.34303411841392517 349
1764103943757 0.2994387075304985 350
1764103952156 0.3474707379937172 351
1764103960575 0.35537538677453995 352
1764103968990 0.33385273069143295 353
1764103977396 0.2806456387042999 354
1764103985818 0.33666428178548813 355
1764103994211 0.3231413885951042 356
1764104002610 0.3160907179117203 357
1764104011006 0.30256954580545425 358
1764104019429 0.335838183760643 359
1764104027837 0.2850950378924608 360
1764104036213 0.2936130724847317 361
1764104044649 0.3643159046769142 362
1764104053040 0.317583616822958 363
1764104061464 0.3642125055193901 364
1764104069862 0.3731231987476349 365
1764104078250 0.30530108883976936 366
1764104086655 0.3516947850584984 367
1764104095071 0.3312792479991913 368
1764104103470 0.31669727712869644 369
1764104111850 0.3272002600133419 370
1764104120231 0.3106352537870407 371
1764104128637 0.36313091218471527 372
1764104137020 0.3841579481959343 373
1764104145400 0.38065164536237717 374
1764104153798 0.26114504784345627 375
1764104162220 0.2137913964688778 376
1764104170625 0.3316788151860237 377
1764104179007 0.31899191439151764 378
1764104187384 0.28352121636271477 379
1764104195760 0.2987164855003357 380
1764104204137 0.3176604397594929 381
1764104212558 0.2886490747332573 382
1764104220957 0.35909365117549896 383
1764104229336 0.3093276172876358 384
1764104237736 0.2445677425712347 385
1764104246135 0.31154072657227516 386
1764104254646 0.29576221853494644 387
1764104263011 0.3007739558815956 388
1764104271407 0.3602638766169548 389
1764104279939 0.34536296129226685 390
1764104288300 0.3557051345705986 391
1764104296710 0.2678729146718979 392
1764104305110 0.32070738077163696 393
1764104313496 0.2804310917854309 394
1764104321859 0.3389619141817093 395
1764104330248 0.3350786045193672 396
1764104338622 0.36046238243579865 397
1764104347038 0.2854808568954468 398
1764104355431 0.3001469001173973 399
1764104363848 0.35688601434230804 400
1764104372226 0.29637957364320755 401
1764104380560 0.3173848092556 402
1764104388939 0.3402055650949478 403
1764104397310 0.3680573180317879 404
1764104405673 0.26348118484020233 405
1764104414055 0.3010535091161728 406
1764104422445 0.2799183800816536 407
1764104430847 0.26583944633603096 408
1764104439226 0.29743847623467445 409
1764104447628 0.33771782368421555 410
1764104456030 0.2493034265935421 411
1764104464403 0.29657403007149696 412
1764104472805 0.3482328727841377 413
1764104481181 0.3273971565067768 414
1764104489539 0.3008131980895996 415
1764104497938 0.26390815526247025 416
1764104506352 0.3909115567803383 417
1764104514726 0.37756790965795517 418
1764104523101 0.3374554440379143 419
1764104531607 0.3650311455130577 420
1764104540000 0.29594574868679047 421
1764104548362 0.30311836302280426 422
1764104556891 0.30727727711200714 423
1764104565250 0.33119088411331177 424
1764104573639 0.27632077038288116 425
1764104582034 0.24735742434859276 426
1764104590459 0.2991436794400215 427
1764104598804 0.2552002854645252 428
1764104607208 0.29190049320459366 429
1764104615629 0.23508751019835472 430
1764104624003 0.27158810570836067 431
1764104632397 0.18140819668769836 432
1764104640884 0.3263373002409935 433
1764104649240 0.33466459065675735 434
1764104657614 0.3461657986044884 435
1764104665984 0.3433486521244049 436
1764104674368 0.36645806580781937 437
1764104682733 0.29113661497831345 438
1764104691121 0.27931036427617073 439
1764104699508 0.2880900576710701 440
1764104707855 0.29264409467577934 441
1764104716243 0.2438317835330963 442
1764104724629 0.28547322377562523 443
1764104733004 0.2673812136054039 444
1764104741378 0.2654581181704998 445
1764104749740 0.2803393304347992 446
1764104758090 0.17836971953511238 447
1764104766483 0.2915726415812969 448
1764104774843 0.33052195608615875 449
1764104783210 0.311535581946373 450
1764104791559 0.3234521597623825 451
1764104799953 0.33086442947387695 452
1764104808333 0.3401362895965576 453
1764104816761 0.3021906167268753 454
1764104825164 0.26968810707330704 455
1764104833575 0.2958708181977272 456
1764104841951 0.34007375314831734 457
1764104850333 0.2873859368264675 458
1764104858709 0.32266370952129364 459
1764104867077 0.31238220259547234 460
1764104875468 0.3019406720995903 461
1764104883900 0.37378115206956863 462
1764104892243 0.3116155192255974 463
1764104900627 0.24680380150675774 464
1764104909040 0.2999144196510315 465
1764104917443 0.32459790259599686 466
1764104925840 0.3683519661426544 467
1764104934232 0.19445376843214035 468
1764104942601 0.2900958191603422 469
1764104950971 0.2883354052901268 470
1764104959374 0.30113163217902184 471
1764104967782 0.30349843949079514 472
1764104976157 0.3106773644685745 473
1764104984570 0.35478460788726807 474
1764104992951 0.30846937000751495 475
1764105001308 0.3714655935764313 476
1764105009688 0.3314942568540573 477
1764105018074 0.4031551852822304 478
1764105026428 0.2913143113255501 479
1764105034810 0.28968142345547676 480
1764105043221 0.3576369062066078 481
1764105051622 0.2991940937936306 482
1764105059982 0.27619652077555656 483
1764105068350 0.2834685295820236 484
1764105076713 0.2845878219231963 485
1764105085127 0.2641063556075096 486
1764105093529 0.29308345913887024 487
1764105101922 0.3065463416278362 488
1764105110308 0.3113499581813812 489
1764105118723 0.3410279080271721 490
1764105127098 0.28215429559350014 491
1764105135488 0.37552277743816376 492
1764105143994 0.2994504012167454 493
1764105152375 0.2993986904621124 494
1764105160748 0.26556093618273735 495
1764105169139 0.24184633046388626 496
1764105177506 0.3286178894340992 497
1764105185916 0.27791905775666237 498
1764105194318 0.287965826690197 499
1764105202679 0.33232495933771133 500
1764105211074 0.2878282330930233 501
1764105219436 0.3358917199075222 502
1764105227831 0.33474263921380043 503
1764105236218 0.27812619507312775 504
1764105244617 0.22044786624610424 505
1764105253044 0.3126762956380844 506
1764105261452 0.3545837253332138 507
1764105269839 0.3518262282013893 508
1764105278222 0.24881052412092686 509
1764105286640 0.24177009239792824 510
1764105295021 0.30879034101963043 511
1764105303424 0.3443784639239311 512
1764105311820 0.2790512293577194 513
1764105320177 0.316655196249485 514
1764105328577 0.28792209178209305 515
1764105336956 0.3409123420715332 516
1764105345349 0.3105287030339241 517
1764105353724 0.2920217365026474 518
1764105362115 0.3288450427353382 519
1764105370490 0.2480609379708767 520
1764105378872 0.3254966139793396 521
1764105387238 0.3277469724416733 522
1764105395628 0.3056265152990818 523
1764105404162 0.31407392770051956 524
1764105412530 0.28531845659017563 525
1764105420920 0.38176167756319046 526
1764105429268 0.3711126819252968 527
1764105437831 0.318776398897171 528
1764105446223 0.25722062960267067 529
1764105454591 0.3450094871222973 530
1764105462959 0.283923901617527 531
1764105471309 0.3522004187107086 532
1764105479691 0.35118095576763153 533
1764105488079 0.25601131841540337 534
1764105496609 0.22700658068060875 535
1764105505005 0.3658294379711151 536
1764105513387 0.29950345680117607 537
1764105521761 0.326049342751503 538
1764105530154 0.2222394347190857 539
1764105538532 0.2648167088627815 540
1764105546902 0.26360729709267616 541
1764105555353 0.3110041320323944 542
1764105563713 0.293094152584672 543
1764105572066 0.32083840668201447 544
1764105580438 0.30872875824570656 545
1764105588816 0.2665991336107254 546
1764105597199 0.29033690318465233 547
1764105605578 0.29910577833652496 548
1764105613951 0.22817900404334068 549
1764105622348 0.26557140424847603 550
1764105630717 0.2620357573032379 551
1764105639070 0.28308622911572456 552
1764105647451 0.3016713932156563 553
1764105655823 0.3077332004904747 554
1764105664184 0.24616844952106476 555
1764105672548 0.3068857118487358 556
1764105680959 0.25321402214467525 557
1764105689347 0.3050258681178093 558
1764105697720 0.3523329123854637 559
1764105706090 0.3004780039191246 560
1764105714456 0.31668834388256073 561
1764105722838 0.297441940754652 562
1764105731201 0.28680871427059174 563
1764105739587 0.24795782938599586 564
1764105748000 0.22326191514730453 565
1764105756440 0.2969912514090538 566
1764105764821 0.22417497634887695 567
1764105773323 0.328131552785635 568
1764105781731 0.27362241968512535 569
1764105790131 0.2664266936480999 570
1764105798504 0.26191404089331627 571
1764105806882 0.30820968747138977 572
1764105815257 0.280206635594368 573
1764105823664 0.255869559943676 574
1764105832107 0.30202931724488735 575
1764105840503 0.31855013966560364 576
1764105848878 0.26422350108623505 577
1764105857266 0.32404565811157227 578
1764105865650 0.27885884419083595 579
1764105874015 0.32564663514494896 580
1764105882383 0.2795875445008278 581
1764105890881 0.35166990756988525 582
1764105899279 0.17993222922086716 583
1764105907677 0.2614407390356064 584
1764105916112 0.26254404708743095 585
1764105924514 0.336099237203598 586
1764105932890 0.2300131469964981 587
1764105941446 0.3212645836174488 588
1764105949817 0.2404022514820099 589
1764105958224 0.27080222591757774 590
1764105966607 0.2925334870815277 591
1764105975011 0.2386244423687458 592
1764105983375 0.31354420632123947 593
1764105991775 0.18399902433156967 594
1764106000185 0.27723655849695206 595
1764106008566 0.2721347287297249 596
1764106016952 0.25953543186187744 597
1764106025311 0.2617119625210762 598
1764106033674 0.27739062160253525 599
1764106042065 0.26870906725525856 600
1764106050484 0.2573686018586159 601
1764106058853 0.2820609547197819 602
1764106067270 0.2903079725801945 603
1764106075650 0.25363268703222275 604
1764106084020 0.27134305983781815 605
1764106092416 0.2504369616508484 606
1764106100807 0.2584664188325405 607
1764106109194 0.300112497061491 608
1764106117553 0.26589933410286903 609
1764106125950 0.28002502396702766 610
1764106134340 0.2850166969001293 611
1764106142692 0.28065480291843414 612
1764106151053 0.27756334468722343 613
1764106159456 0.32047855108976364 614
1764106167818 0.28922513499855995 615
1764106176189 0.26538119092583656 616
1764106184559 0.3216775506734848 617
1764106192929 0.3056645691394806 618
1764106201352 0.3212261274456978 619
1764106209725 0.23674838617444038 620
1764106218099 0.251442426815629 621
1764106226469 0.26023247092962265 622
1764106234846 0.21984559670090675 623
1764106243331 0.26333386451005936 624
1764106251704 0.3437657430768013 625
1764106316267 0.29205218330025673 627
1764106324681 0.20928829163312912 628
1764106333215 0.16800545156002045 629
1764106341592 0.2676282823085785 630
1764106349943 0.2599783055484295 631
1764106358320 0.23158708214759827 632
1764106366714 0.26824893802404404 633
1764106375097 0.25305694341659546 634
1764106383485 0.25887906178832054 635
1764106391893 0.27750515565276146 636
1764106400339 0.28182322159409523 637
1764106408770 0.28002919629216194 638
1764106417196 0.29453523457050323 639
1764106425977 0.28488437458872795 640
1764106434366 0.30610746145248413 641
1764106442741 0.28061698377132416 642
1764106451163 0.2547929808497429 643
1764106459605 0.26726914197206497 644
1764106468036 0.2698730453848839 645
1764106476448 0.2763432748615742 646
1764106484852 0.2792644836008549 647
1764106493230 0.2898215427994728 648
1764106501650 0.22703739628195763 649
1764106510029 0.2251063659787178 650
1764106518411 0.29650549218058586 651
1764106526828 0.23308023065328598 652
1764106535249 0.2736700288951397 653
1764106543620 0.22599167749285698 654
1764106552039 0.2591366544365883 655
1764106560400 0.26685791462659836 656
1764106568817 0.305116418749094 657
1764106577239 0.24431245401501656 658
1764106585610 0.3505893349647522 659
1764106594013 0.1932473834604025 660
1764106602386 0.25507815182209015 661
1764106610793 0.2340969666838646 662
1764106619174 0.29826024919748306 663
1764106627533 0.29204627126455307 664
1764106635928 0.2603471800684929 665
1764106644305 0.26763956248760223 666
1764106652720 0.2225693166255951 667
1764106661107 0.21043632179498672 668
1764106669471 0.23130539432168007 669
1764106677850 0.23763562738895416 670
1764106686236 0.287256371229887 671
1764106694617 0.2645028233528137 672
1764106703017 0.27544640377163887 673
1764106711386 0.2865266539156437 674
1764106719757 0.2288573905825615 675
1764106728188 0.2809947617352009 676
1764106736610 0.28106164187192917 677
1764106744982 0.28612980991601944 678
1764106753357 0.28655222058296204 679
1764106761714 0.25352851301431656 680
1764106770134 0.2341875173151493 681
1764106778539 0.1755835209041834 682
1764106786908 0.2955552823841572 683
1764106795291 0.29665663465857506 684
1764106803696 0.2792283594608307 685
1764106812057 0.29747727513313293 686
1764106820456 0.292083777487278 687
1764106828839 0.26315270736813545 688
1764106837224 0.22265798784792423 689
1764106845595 0.251575518399477 690
1764106854015 0.25860700756311417 691
1764106862383 0.24492308497428894 692
1764106870773 0.2014946136623621 693
1764106879154 0.19199887663125992 694
1764106887558 0.21681084111332893 695
1764106895923 0.2800748609006405 696
1764106904334 0.23795354925096035 697
1764106912693 0.2967206612229347 698
1764106921049 0.2900775112211704 699
1764106929411 0.22553373128175735 700
1764106937772 0.27048442140221596 701
1764106946157 0.2439963836222887 702
1764106954523 0.3148883692920208 703
1764106962894 0.25581179186701775 704
1764106971287 0.1790062114596367 705
1764106979658 0.24942435696721077 706
1764106988042 0.24073198065161705 707
1764106996442 0.17799984570592642 708
1764107004815 0.2575836554169655 709
1764107013233 0.21905424073338509 710
1764107021609 0.22496002167463303 711
1764107029970 0.2468920387327671 712
1764107038362 0.1850708182901144 713
1764107046753 0.3077857345342636 714
1764107055134 0.2837446555495262 715
1764107063579 0.23551632091403008 716
1764107071967 0.21598118171095848 717
1764107080347 0.2808391973376274 718
1764107088720 0.23791320621967316 719
1764107097091 0.2697552964091301 720
1764107105478 0.25274837762117386 721
1764107113861 0.28838640451431274 722
1764107122200 0.26577869802713394 723
1764107130593 0.23371881619095802 724
1764107139115 0.22558634728193283 725
1764107147483 0.2185174599289894 726
1764107155865 0.2998761720955372 727
1764107164239 0.2747863046824932 728
1764107172633 0.33532411605119705 729
1764107181011 0.2723480984568596 730
1764107189402 0.24935601651668549 731
1764107197810 0.22899631410837173 732
1764107206168 0.29767871648073196 733
1764107214677 0.2260044328868389 734
1764107223087 0.18618576414883137 735
1764107231479 0.2595873586833477 736
1764107239850 0.17593599809333682 737
1764107248218 0.23385021835565567 738
1764107256600 0.2557365335524082 739
1764107264986 0.26399455964565277 740
1764107273351 0.28387054055929184 741
1764107281727 0.3145791180431843 742
1764107290130 0.23088615760207176 743
1764107298623 0.24675337597727776 744
1764107307052 0.23788660392165184 745
1764107315429 0.24463388323783875 746
1764107323795 0.27197837084531784 747
1764107332168 0.2406003698706627 748
1764107340536 0.26357583329081535 749
1764107348928 0.21119247935712337 750
1764107357263 0.2541198395192623 751
1764107365622 0.2581281065940857 752
1764107374022 0.2627378962934017 753
1764107382403 0.28046466410160065 754
1764107390792 0.24112553894519806 755
1764107399177 0.2509808912873268 756
1764107407571 0.23909342288970947 757
1764107415961 0.2491101361811161 758
1764107424350 0.21764296665787697 759
1764107432743 0.2840968072414398 760
1764107441175 0.2322064507752657 761
1764107449565 0.2402474209666252 762
1764107457958 0.27291056886315346 763
1764107466334 0.2621321566402912 764
1764107474707 0.2791730761528015 765
1764107483133 0.25129119493067265 766
1764107491516 0.2935514375567436 767
1764107499875 0.2552817761898041 768
1764107508271 0.2603766918182373 769
1764107516717 0.2866857387125492 770
1764107525091 0.28993353247642517 771
1764107533487 0.2034930381923914 772
1764107541848 0.2365630641579628 773
1764107550245 0.20172261074185371 774
1764107558653 0.2198588252067566 775
1764107566993 0.25322413444519043 776
1764107575383 0.22049512155354023 777
1764107583752 0.22999558970332146 778
1764107592112 0.28395459055900574 779
1764107600528 0.24183928966522217 780
1764107608911 0.215632576495409 781
1764107617286 0.20009715296328068 782
1764107625665 0.2554720602929592 783
1764107634173 0.250359570607543 784
1764107642565 0.21976524218916893 785
1764107650947 0.16661212034523487 786
1764107659340 0.20872723311185837 787
1764107667720 0.2961694337427616 788
1764107676089 0.26442858576774597 789
1764107684459 0.2673581726849079 790
1764107692837 0.2863733097910881 791
1764107701200 0.2536657750606537 792
1764107709609 0.24719076976180077 793
1764107718110 0.2617982253432274 794
1764107726482 0.28905098885297775 795
1764107734855 0.21906797401607037 796
1764107743254 0.21142050996422768 797
1764107751613 0.23328137397766113 798
1764107759972 0.2795081604272127 799
1764107768329 0.2542548105120659 800
1764107776710 0.273309625685215 801
1764107785125 0.17227414064109325 802
1764107793511 0.27754976600408554 803
1764107801998 0.2397153675556183 804
1764107810407 0.27306606248021126 805
1764107818788 0.2918400466442108 806
1764107827162 0.303475558757782 807
1764107835542 0.23536494188010693 808
1764107843942 0.2694224342703819 809
1764107852324 0.2643548399209976 810
1764107860711 0.2377043515443802 811
1764107869082 0.2028304971754551 812
1764107877496 0.24338502064347267 813
1764107885879 0.2874356135725975 814
1764107894241 0.255383025854826 815
1764107902632 0.2791087441146374 816
1764107910995 0.22116151452064514 817
1764107919409 0.2616146467626095 818
1764107927775 0.2668521925806999 819
1764107936120 0.22503945976495743 820
1764107944519 0.23748733662068844 821
1764107952937 0.3111618831753731 822
1764107961325 0.17671525292098522 823
1764107969727 0.27407919988036156 824
1764107978113 0.17077147774398327 825
1764107986612 0.28549347072839737 826
1764107995018 0.2308141514658928 827
1764108003396 0.2909015156328678 828
1764108011789 0.2694048620760441 829
1764108020164 0.23956142365932465 830
1764108028527 0.2514143232256174 831
1764108036987 0.1889752564020455 832
1764108045385 0.18879023380577564 833
1764108053756 0.25407039001584053 834
1764108062108 0.21493052691221237 835
1764108070635 0.2113440129905939 836
1764108079061 0.3015531077980995 837
1764108087452 0.2768329754471779 838
1764108095831 0.2151760533452034 839
1764108104220 0.2937846705317497 840
1764108112599 0.2631725110113621 841
1764108121005 0.21437281370162964 842
1764108129389 0.277986578643322 843
1764108137801 0.279186125844717 844
1764108146167 0.24846696108579636 845
1764108154696 0.22129622660577297 846
1764108163074 0.2705608159303665 847
1764108171454 0.25874849781394005 848
1764108179876 0.2370944730937481 849
1764108188260 0.22874614596366882 850
1764108196634 0.2527230940759182 851
1764108205005 0.2500211112201214 852
1764108213365 0.30893774703145027 853
1764108221809 0.23984291777014732 854
1764108230187 0.2621070370078087 855
1764108238568 0.2501348964869976 856
1764108246962 0.22793683409690857 857
1764108255407 0.20959138870239258 858
1764108263873 0.2291274480521679 859
1764108272259 0.23737698793411255 860
1764108280636 0.20702656731009483 861
1764108289028 0.23598773032426834 862
1764108297416 0.20002339407801628 863
1764108305800 0.2680283021181822 864
1764108314195 0.27833448722958565 865
1764108322596 0.27523400634527206 866
1764108330983 0.2896733283996582 867
1764108339383 0.23482609540224075 868
1764108347761 0.22787882573902607 869
1764108356298 0.2502080053091049 870
1764108364723 0.2861310839653015 871
1764108373112 0.2883066050708294 872
1764108381515 0.256444837898016 873
1764108389901 0.27553852275013924 874
1764108398307 0.2439991608262062 875
1764108406701 0.24920513480901718 876
1764108415070 0.2447122484445572 877
1764108423440 0.2806181162595749 878
1764108431963 0.22867039032280445 879
1764108440357 0.2569301649928093 880
1764108448754 0.28186185844242573 881
1764108457155 0.18416817020624876 882
1764108465577 0.2991909608244896 883
1764108473943 0.17093822360038757 884
1764108482344 0.21867971122264862 885
1764108490714 0.17785577662289143 886
1764108499096 0.27562141045928 887
1764108507495 0.2641649581491947 888
1764108515892 0.29290734976530075 889
1764108524262 0.28895679116249084 890
1764108532656 0.18568871915340424 891
1764108541044 0.2307100910693407 892
1764108549444 0.22884472459554672 893
1764108557844 0.21333612129092216 894
1764108566216 0.22761738300323486 895
1764108574591 0.12895720219239593 896
1764108582987 0.25369053333997726 897
1764108591361 0.23139652982354164 898
1764108599797 0.20655295997858047 899
1764108608209 0.21102640219032764 900
1764108616590 0.2787601463496685 901
1764108624954 0.2070460505783558 902
1764108633334 0.15504607930779457 903
1764108641700 0.21827060729265213 904
1764108650070 0.27162738144397736 905
1764108658440 0.22249428182840347 906
1764108666799 0.2787856236100197 907
1764108675199 0.3318740651011467 908
1764108683556 0.2865336053073406 909
1764108691936 0.2677066922187805 910
1764108700380 0.22859520465135574 911
1764108708758 0.24203525111079216 912
1764108717137 0.24805693700909615 913
1764108725510 0.20807076804339886 914
1764108733949 0.16797857731580734 915
1764108742329 0.17500898987054825 916
1764108750727 0.28254446014761925 917
1764108759134 0.16765890270471573 918
1764108767526 0.1536828875541687 919
1764108775924 0.25248102471232414 920
1764108784293 0.23176144063472748 921
1764108792679 0.34530477225780487 922
1764108801080 0.21408545598387718 923
1764108809441 0.27762003242969513 924
1764108817834 0.2973954416811466 925
1764108826234 0.2237543836236 926
1764108834619 0.27263641729950905 927
1764108843000 0.18901175260543823 928
1764108851376 0.22595561482012272 929
1764108859741 0.20818393677473068 930
1764108868127 0.23291100934147835 931
1764108876553 0.276958841830492 932
1764108884952 0.23899585381150246 933
1764108893328 0.21968495473265648 934
1764108901730 0.24290008377283812 935
1764108910125 0.2370624989271164 936
1764108918539 0.22432328574359417 937
1764108926934 0.27440204843878746 938
1764108991809 0.2428225353360176 940
1764109000183 0.20126594230532646 941
1764109008555 0.2779678888618946 942
1764109016912 0.2178589254617691 943
1764109025273 0.2301744446158409 944
1764109033682 0.20975718460977077 945
1764109042095 0.17493794113397598 946
1764109050512 0.23703572526574135 947
1764109058933 0.1970854140818119 948
1764109067352 0.2750258110463619 949
1764109075771 0.1256214939057827 950
1764109084199 0.3392367362976074 951
1764109092751 0.21328285709023476 952
1764109101316 0.2328113168478012 953
1764109109707 0.26777638122439384 954
1764109118154 0.2395373210310936 955
1764109126545 0.180579898878932 956
1764109134940 0.21912943571805954 957
1764109143524 0.19082018360495567 958
1764109151916 0.28705257177352905 959
1764109160333 0.19577472656965256 960
1764109168720 0.3028515391051769 961
1764109177139 0.2294502779841423 962
1764109185553 0.3009176254272461 963
1764109193964 0.23797612264752388 964
1764109202342 0.32352959364652634 965
1764109210715 0.19996539875864983 966
1764109219091 0.26856644079089165 967
1764109227506 0.2787662371993065 968
1764109235915 0.18153048679232597 969
1764109244320 0.22683405131101608 970
1764109252735 0.16184862796217203 971
1764109261121 0.19770170748233795 972
1764109269520 0.27557937800884247 973
1764109277939 0.22721338644623756 974
1764109286334 0.20890608429908752 975
1764109294714 0.1901676505804062 976
1764109303145 0.24958432838320732 977
1764109311531 0.21630057878792286 978
1764109319910 0.18573075346648693 979
1764109328310 0.2196802906692028 980
1764109336687 0.23387418687343597 981
1764109345080 0.17903774976730347 982
1764109353441 0.2439030483365059 983
1764109361839 0.22089598327875137 984
1764109370215 0.23388653248548508 985
1764109378632 0.07148643731488846 986
1764109387058 0.21764980256557465 987
1764109395443 0.3217877596616745 988
1764109403848 0.24940182641148567 989
1764109412236 0.19140136241912842 990
1764109420616 0.2598352264612913 991
1764109429037 0.1688408963382244 992
1764109437433 0.16375793400220573 993
1764109445941 0.23362190648913383 994
1764109454292 0.20963163673877716 995
1764109462667 0.14846587553620338 996
1764109471056 0.260062750428915 997
1764109479426 0.20383810251951218 998
1764109487835 0.2010164763778448 999
1764109496412 0.22387592121958733 1000
1764109504806 0.27236364036798477 1001
1764109513193 0.2681550346314907 1002
1764109521578 0.20960828103125095 1003
1764109529957 0.2600136697292328 1004
1764109538315 0.2271120771765709 1005
1764109546719 0.2706623673439026 1006
1764109555146 0.26296786218881607 1007
1764109563521 0.20465650595724583 1008
1764109571891 0.09965012222528458 1009
1764109580264 0.23109924234449863 1010
1764109588637 0.2217603474855423 1011
1764109597056 0.2708383910357952 1012
1764109605454 0.32420412078499794 1013
1764109613855 0.23770031332969666 1014
1764109622265 0.24832539446651936 1015
1764109630668 0.24700439348816872 1016
1764109639031 0.24939120933413506 1017
1764109647445 0.1416688710451126 1018
1764109655852 0.2065296657383442 1019
1764109664236 0.2510791942477226 1020
1764109672645 0.2707696557044983 1021
1764109681030 0.25656047835946083 1022
1764109689414 0.21902396902441978 1023
1764109697806 0.25205550715327263 1024
1764109706212 0.2005448266863823 1025
1764109714607 0.22358646988868713 1026
1764109723005 0.19688391406089067 1027
1764109731489 0.2174484096467495 1028
1764109739877 0.22719526663422585 1029
1764109748248 0.2170058637857437 1030
1764109756641 0.1964302472770214 1031
1764109765044 0.2889241613447666 1032
1764109773433 0.17347096092998981 1033
1764109781944 0.24471639096736908 1034
1764109790312 0.22493569180369377 1035
1764109798681 0.11589701659977436 1036
1764109807043 0.22780963778495789 1037
1764109815431 0.26205629855394363 1038
1764109823827 0.18932444415986538 1039
1764109832211 0.2587098740041256 1040
1764109840572 0.2953644320368767 1041
1764109848956 0.19415848515927792 1042
1764109857346 0.264681413769722 1043
1764109865693 0.2417006976902485 1044
1764109874083 0.25959980860352516 1045
1764109882455 0.21026938408613205 1046
1764109890848 0.19483201578259468 1047
1764109899249 0.18042490631341934 1048
1764109907596 0.18807093054056168 1049
1764109915965 0.2660716772079468 1050
1764109924353 0.25134362652897835 1051
1764109932747 0.18758756667375565 1052
1764109941131 0.1453608046285808 1053
1764109949503 0.17596892826259136 1054
1764109957860 0.2560022212564945 1055
1764109966354 0.1816370189189911 1056
1764109974723 0.1602068073116243 1057
1764109983089 0.19517667032778263 1058
1764109991465 0.18469067849218845 1059
1764109999827 0.24574115127325058 1060
1764110008241 0.26821744814515114 1061
1764110016636 0.2339377924799919 1062
1764110025061 0.276082169264555 1063
1764110033442 0.25170910730957985 1064
1764110041792 0.23012316320091486 1065
1764110050156 0.3027717098593712 1066
1764110058529 0.19925588369369507 1067
1764110066913 0.25531745702028275 1068
1764110075299 0.23700609803199768 1069
1764110083781 0.1900758445262909 1070
1764110092179 0.23001819849014282 1071
1764110100540 0.2007537093013525 1072
1764110108908 0.18143044225871563 1073
1764110117310 0.1771189975552261 1074
1764110125664 0.19723877869546413 1075
1764110134063 0.21317378152161837 1076
1764110142421 0.2365560121834278 1077
1764110150830 0.2533971779048443 1078
1764110159196 0.19685411266982555 1079
1764110167570 0.26078050583601 1080
1764110175947 0.2000352442264557 1081
1764110184325 0.19817485846579075 1082
1764110192694 0.1653284803032875 1083
1764110201082 0.2084237989038229 1084
1764110209458 0.2551512010395527 1085
1764110217823 0.22438791766762733 1086
1764110226231 0.2136433683335781 1087
1764110234681 0.21189357340335846 1088
1764110243072 0.16635257564485073 1089
1764110251445 0.18142438679933548 1090
1764110259818 0.20311662927269936 1091
1764110268234 0.25658436492085457 1092
1764110276606 0.19878788478672504 1093
1764110284970 0.23451615124940872 1094
1764110293342 0.19612081348896027 1095
1764110301726 0.23683656007051468 1096
1764110310135 0.21849424950778484 1097
1764110318554 0.19077772460877895 1098
1764110326919 0.18874139431864023 1099
1764110335281 0.2498849406838417 1100
1764110343697 0.13489104621112347 1101
1764110352076 0.21717923879623413 1102
1764110360477 0.1782853901386261 1103
1764110368863 0.2192588672041893 1104
1764110377293 0.26718056574463844 1105
1764110385716 0.23336483910679817 1106
1764110394098 0.2879691533744335 1107
1764110402518 0.229701180011034 1108
1764110410877 0.23734154552221298 1109
1764110419245 0.2796901911497116 1110
1764110427626 0.1632623728364706 1111
1764110436047 0.16473851539194584 1112
1764110444427 0.1473432146012783 1113
1764110452818 0.16345794685184956 1114
1764110461202 0.20022542402148247 1115
1764110469728 0.20047633349895477 1116
1764110478115 0.18587584607303143 1117
1764110486502 0.2159631997346878 1118
1764110494872 0.17189236357808113 1119
1764110503243 0.2292317934334278 1120
1764110511650 0.21718189865350723 1121
1764110520074 0.19295599311590195 1122
1764110528435 0.20561353862285614 1123
1764110536847 0.23645323887467384 1124
1764110545200 0.22864151373505592 1125
1764110553587 0.15620612539350986 1126
1764110561958 0.2506265677511692 1127
1764110570334 0.2364165000617504 1128
1764110578703 0.22620029747486115 1129
1764110587070 0.20158876106142998 1130
1764110595572 0.24584143236279488 1131
1764110603959 0.23674185201525688 1132
1764110612370 0.22152500972151756 1133
1764110620749 0.1587747186422348 1134
1764110629134 0.18643680773675442 1135
1764110637515 0.2106752172112465 1136
1764110645906 0.21935926377773285 1137
1764110654329 0.29614731669425964 1138
1764110662834 0.2052847556769848 1139
1764110671206 0.22461006417870522 1140
1764110679579 0.2585701607167721 1141
1764110687969 0.2641775794327259 1142
1764110696350 0.21265391074120998 1143
1764110704761 0.10743724182248116 1144
1764110713143 0.21327648870646954 1145
1764110721524 0.21424830332398415 1146
1764110729893 0.24259074218571186 1147
1764110738307 0.22365260869264603 1148
1764110746730 0.24436985328793526 1149
1764110755071 0.1688141543418169 1150
1764110763440 0.1856838297098875 1151
1764110771834 0.25352585688233376 1152
1764110780210 0.2342450637370348 1153
1764110788606 0.23815010115504265 1154
1764110796966 0.23365214839577675 1155
1764110805394 0.1873048571869731 1156
1764110813804 0.24070562794804573 1157
1764110822335 0.23068184405565262 1158
1764110830740 0.12896961109072436 1159
1764110839126 0.28394367173314095 1160
1764110847520 0.24154144525527954 1161
1764110855952 0.2606985941529274 1162
1764110864346 0.3158476762473583 1163
1764110872722 0.1853406708687544 1164
1764110881102 0.1897790441289544 1165
1764110889452 0.24356544390320778 1166
1764110897844 0.29421817511320114 1167
1764110906247 0.23607435449957848 1168
1764110914648 0.19616414979100227 1169
1764110923003 0.24794910848140717 1170
1764110931391 0.22674816846847534 1171
1764110939780 0.1956893615424633 1172
1764110948164 0.17358335480093956 1173
1764110956545 0.1844666227698326 1174
1764110964895 0.23977280780673027 1175
1764110973309 0.25505948439240456 1176
1764110981695 0.2736198827624321 1177
1764110990072 0.22468771040439606 1178
1764110998456 0.2824520505964756 1179
1764111006913 0.2668129429221153 1180
1764111015279 0.20258839428424835 1181
1764111023669 0.2390984445810318 1182
1764111032031 0.24073565378785133 1183
1764111040424 0.1606808016076684 1184
1764111048850 0.25174445658922195 1185
1764111057242 0.23038901761174202 1186
1764111065634 0.2376491092145443 1187
1764111074043 0.300244577229023 1188
1764111082421 0.18740843050181866 1189
1764111090928 0.24253275245428085 1190
1764111099287 0.2602533809840679 1191
1764111107790 0.18149836547672749 1192
1764111116184 0.21058551222085953 1193
1764111124551 0.23070162162184715 1194
1764111132948 0.2508383095264435 1195
1764111141330 0.22737819701433182 1196
1764111149714 0.1975600067526102 1197
1764111158085 0.2188965491950512 1198
1764111166643 0.2311786338686943 1199
1764111175027 0.18648561462759972 1200
1764111183413 0.2767867371439934 1201
1764111191798 0.1343043763190508 1202
1764111200196 0.21906309574842453 1203
1764111208602 0.21109522506594658 1204
1764111216988 0.20691907033324242 1205
1764111225351 0.22840995714068413 1206
1764111233786 0.21523432061076164 1207
1764111242167 0.2125796116888523 1208
1764111250577 0.20636960864067078 1209
1764111258955 0.2527085915207863 1210
1764111267372 0.18115856312215328 1211
1764111275753 0.19969762954860926 1212
1764111284138 0.2005380168557167 1213
1764111292558 0.2134334035217762 1214
1764111300974 0.2548518553376198 1215
1764111309366 0.20164965465664864 1216
1764111317732 0.1844695508480072 1217
1764111326115 0.24914921075105667 1218
1764111334481 0.23883653059601784 1219
1764111342841 0.22102202102541924 1220
1764111351211 0.1618509218096733 1221
1764111359552 0.19311152026057243 1222
1764111367947 0.2322762906551361 1223
1764111376338 0.21553027257323265 1224
1764111384736 0.26914841309189796 1225
1764111393101 0.19784573279321194 1226
1764111401475 0.2561034746468067 1227
1764111409854 0.26632456108927727 1228
1764111418260 0.21008389256894588 1229
1764111426639 0.20635627955198288 1230
1764111435011 0.11530732549726963 1231
1764111443510 0.2404671311378479 1232
1764111451915 0.22346044331789017 1233
1764111460268 0.2707877494394779 1234
1764111468652 0.24524522200226784 1235
1764111477032 0.24305635690689087 1236
1764111485418 0.14708424173295498 1237
1764111493799 0.20238419622182846 1238
1764111502169 0.2386271320283413 1239
1764111510534 0.22604223806411028 1240
1764111519063 0.2672673910856247 1241
1764111527441 0.26431694626808167 1242
1764111535809 0.21937232464551926 1243
1764111544192 0.19178197719156742 1244
1764111552567 0.2080175019800663 1245
1764111560938 0.23560668900609016 1246
1764111569318 0.23947972059249878 1247
1764111577677 0.27207010611891747 1248
1764111586045 0.2683917358517647 1249
1764111594413 0.1592886634171009 1250
1764111602791 0.18452028557658195 1251
1764111671196 0.25046540051698685 1253
1764111679560 0.22589005529880524 1254
1764111687920 0.20994589570909739 1255
1764111696264 0.2560805268585682 1256
1764111704610 0.1824069507420063 1257
1764111712988 0.25079649686813354 1258
1764111721356 0.15608693659305573 1259
1764111729736 0.260170117020607 1260
1764111738098 0.21200767531991005 1261
1764111746512 0.2531781382858753 1262
1764111754884 0.26032911613583565 1263
1764111763248 0.2237359695136547 1264
1764111771822 0.17166488245129585 1265
1764111780240 0.22209492698311806 1266
1764111788640 0.15711921779438853 1267
1764111797068 0.21291353297419846 1268
1764111805473 0.21506320126354694 1269
1764111813894 0.22319607064127922 1270
1764111822281 0.2579284980893135 1271
1764111830711 0.26765644177794456 1272
1764111839094 0.16499026864767075 1273
1764111847504 0.28672800213098526 1274
1764111855893 0.19150543585419655 1275
1764111864287 0.15833257418125868 1276
1764111872673 0.2724238596856594 1277
1764111881042 0.1817497219890356 1278
1764111889456 0.25407832115888596 1279
1764111897819 0.21713290736079216 1280
1764111906262 0.23940715566277504 1281
1764111914670 0.18905914947390556 1282
1764111923060 0.20341343246400356 1283
1764111931476 0.2508074641227722 1284
1764111939926 0.2775266282260418 1285
1764111948332 0.24609827250242233 1286
1764111956761 0.24066272377967834 1287
1764111965196 0.22500963043421507 1288
1764111973596 0.21220848709344864 1289
1764111982013 0.24000005424022675 1290
1764111990399 0.25997013971209526 1291
1764111998941 0.24731255322694778 1292
1764112007371 0.09821617230772972 1293
1764112015736 0.2415596917271614 1294
1764112024121 0.2018057517707348 1295
1764112032501 0.2292918935418129 1296
1764112040927 0.28699054569005966 1297
1764112049294 0.283454529941082 1298
1764112057664 0.29227252677083015 1299
1764112066042 0.2759036757051945 1300
1764112074466 0.21337828785181046 1301
1764112082889 0.2091638520359993 1302
1764112091283 0.25322073698043823 1303
1764112099682 0.18347984924912453 1304
1764112108063 0.24786461517214775 1305
1764112116441 0.18968899082392454 1306
1764112124846 0.2787216901779175 1307
1764112133211 0.21417703852057457 1308
1764112141570 0.23813315108418465 1309
1764112149936 0.2156817466020584 1310
1764112158355 0.17299337312579155 1311
1764112166775 0.20665638335049152 1312
1764112175153 0.2727789729833603 1313
1764112183545 0.24832303076982498 1314
1764112191925 0.18014530488289893 1315
1764112200319 0.22049810364842415 1316
1764112208701 0.22848333418369293 1317
1764112217139 0.19442792609333992 1318
1764112225532 0.18683869391679764 1319
1764112233923 0.23224841803312302 1320
1764112242305 0.19499180186539888 1321
1764112250865 0.16350428014993668 1322
1764112259234 0.20249949395656586 1323
1764112267621 0.20870421826839447 1324
1764112275968 0.2298075035214424 1325
1764112284353 0.20653856918215752 1326
1764112292743 0.22982687503099442 1327
1764112301099 0.16521819680929184 1328
1764112309478 0.17615721374750137 1329
1764112317844 0.2432917021214962 1330
1764112326212 0.14313088729977608 1331
1764112334576 0.2175687775015831 1332
1764112342997 0.19486859813332558 1333
1764112351394 0.2465611696243286 1334
1764112359771 0.2370549701154232 1335
1764112368180 0.19799619913101196 1336
1764112376555 0.18120421655476093 1337
1764112384948 0.2962986007332802 1338
1764112393346 0.17728753667324781 1339
1764112401731 0.21122634038329124 1340
1764112410109 0.23980657011270523 1341
1764112418515 0.13948379643261433 1342
1764112426880 0.2609737291932106 1343
1764112435261 0.28840507566928864 1344
1764112443677 0.19029494374990463 1345
1764112452033 0.24142009019851685 1346
1764112460419 0.17784538306295872 1347
1764112468811 0.1623227596282959 1348
1764112477192 0.21436873450875282 1349
1764112485565 0.27660610526800156 1350
1764112494078 0.23724524676799774 1351
1764112502481 0.2301185503602028 1352
1764112510886 0.2311650812625885 1353
1764112519227 0.2147267684340477 1354
1764112527580 0.23755627870559692 1355
1764112535948 0.21006711199879646 1356
1764112544333 0.27540603652596474 1357
1764112552698 0.28459977358579636 1358
1764112561070 0.19100980646908283 1359
1764112569455 0.20920758321881294 1360
1764112577852 0.21820364519953728 1361
1764112586209 0.2311239056289196 1362
1764112594584 0.2363969162106514 1363
1764112602943 0.2710877098143101 1364
1764112611314 0.2704479582607746 1365
1764112619667 0.27216600254178047 1366
1764112628064 0.20479370281100273 1367
1764112636516 0.22671204432845116 1368
1764112645020 0.23174960166215897 1369
1764112653408 0.20812057703733444 1370
1764112661772 0.2397783799096942 1371
1764112670159 0.21528593264520168 1372
1764112678544 0.25717178732156754 1373
1764112686940 0.1273765405640006 1374
1764112695317 0.23012952879071236 1375
1764112703715 0.20837244018912315 1376
1764112712096 0.27183033153414726 1377
1764112720482 0.24813643284142017 1378
1764112728835 0.23696176335215569 1379
1764112737223 0.17263817973434925 1380
1764112745631 0.17504861764609814 1381
1764112754137 0.2242602240294218 1382
1764112762511 0.21729401499032974 1383
1764112770893 0.1915855873376131 1384
1764112779260 0.26442572101950645 1385
1764112787651 0.25359391421079636 1386
1764112796045 0.17390934471040964 1387
1764112804432 0.19654182344675064 1388
1764112812824 0.26587099954485893 1389
1764112821240 0.2040148340165615 1390
1764112829608 0.1711492771282792 1391
1764112837993 0.2172265760600567 1392
1764112846489 0.16372701339423656 1393
1764112854882 0.25391625985503197 1394
1764112863260 0.20265558175742626 1395
1764112871652 0.16236419044435024 1396
1764112880024 0.24543269351124763 1397
1764112888414 0.21132305823266506 1398
1764112896825 0.18539908155798912 1399
1764112905245 0.194558747112751 1400
1764112913632 0.2285347282886505 1401
1764112922015 0.2754494696855545 1402
1764112930400 0.2430943362414837 1403
1764112938778 0.2797746956348419 1404
1764112947147 0.2583278976380825 1405
1764112955526 0.22978390753269196 1406
1764112963896 0.19423540495336056 1407
1764112972270 0.16409756988286972 1408
1764112980661 0.1661059446632862 1409
1764112989030 0.21372050046920776 1410
1764112997425 0.17766198329627514 1411
1764113005799 0.22552161291241646 1412
1764113014219 0.23009158298373222 1413
1764113022601 0.27011505886912346 1414
1764113030972 0.2630779333412647 1415
1764113039350 0.2232324369251728 1416
1764113047712 0.19754189252853394 1417
1764113056053 0.2021346502006054 1418
1764113064466 0.228069506585598 1419
1764113072849 0.22423617914319038 1420
1764113081279 0.24802099913358688 1421
1764113089656 0.19298379495739937 1422
1764113098035 0.22517570480704308 1423
1764113106564 0.25525206327438354 1424
1764113114927 0.21906856447458267 1425
1764113123506 0.19329746812582016 1426
1764113131903 0.2352551557123661 1427
1764113140281 0.19784148409962654 1428
1764113148788 0.14027336239814758 1429
1764113157169 0.19824805483222008 1430
1764113165577 0.21877674758434296 1431
1764113173966 0.17460591346025467 1432
1764113182370 0.23112086206674576 1433
1764113190781 0.2918637543916702 1434
1764113199164 0.26267141476273537 1435
1764113207538 0.29473505914211273 1436
1764113215902 0.28729576990008354 1437
1764113224353 0.21552369836717844 1438
1764113232757 0.2114209085702896 1439
1764113241122 0.21030961722135544 1440
1764113249503 0.21214593457989395 1441
1764113257915 0.16554193012416363 1442
1764113266309 0.1899603046476841 1443
1764113274720 0.20344198495149612 1444
1764113283095 0.19117040559649467 1445
1764113291446 0.2098989263176918 1446
1764113299814 0.2506749965250492 1447
1764113308215 0.20415736362338066 1448
1764113316596 0.22031455859541893 1449
1764113324972 0.2519725076854229 1450
1764113333376 0.20116310566663742 1451
1764113341787 0.28554198518395424 1452
1764113350167 0.19637671671807766 1453
1764113358581 0.19645226281136274 1454
1764113366977 0.17172257415950298 1455
1764113375396 0.19934257492423058 1456
1764113383790 0.20369737595319748 1457
1764113392288 0.26072151213884354 1458
1764113400651 0.2183152139186859 1459
1764113409034 0.2947641387581825 1460
1764113417375 0.28045129403471947 1461
1764113425787 0.2681211307644844 1462
1764113434172 0.2169880848377943 1463
1764113442552 0.2298438549041748 1464
1764113450915 0.2677472233772278 1465
1764113459319 0.19753625616431236 1466
1764113467700 0.2775070443749428 1467
1764113476103 0.24640097841620445 1468
1764113484495 0.20566892344504595 1469
1764113492914 0.18397657200694084 1470
1764113501396 0.19555356353521347 1471
1764113509780 0.28495947271585464 1472
1764113518147 0.1865129955112934 1473
1764113526511 0.193368561565876 1474
1764113534880 0.23199419677257538 1475
1764113543242 0.23193293623626232 1476
1764113551611 0.20574073120951653 1477
1764113559977 0.18746565282344818 1478
1764113568361 0.21230687573552132 1479
1764113576756 0.18430218286812305 1480
1764113585139 0.18834531866014004 1481
1764113593522 0.2845538295805454 1482
1764113601909 0.20113679766654968 1483
1764113610257 0.13402793556451797 1484
1764113618649 0.23730362206697464 1485
1764113627052 0.21277577336877584 1486
1764113635453 0.22372373193502426 1487
1764113643839 0.15150280157104135 1488
1764113652222 0.2542041204869747 1489
1764113660575 0.20918156951665878 1490
1764113668924 0.20062144100666046 1491
1764113677325 0.25655246898531914 1492
1764113685697 0.28669143095612526 1493
1764113694080 0.18124755658209324 1494
1764113702456 0.23191849142313004 1495
1764113710839 0.25050364434719086 1496
1764113719212 0.1776029486209154 1497
1764113727573 0.2205098159611225 1498
1764113735962 0.1714258035644889 1499
1764113744333 0.2433486096560955 1500
1764113752726 0.1503721948247403 1501
1764113761128 0.22381912358105183 1502
1764113769500 0.20553288608789444 1503
1764113778008 0.24064971879124641 1504
1764113786392 0.20221087895333767 1505
1764113794773 0.22700116783380508 1506
1764113803131 0.23218226432800293 1507
1764113811485 0.20850833877921104 1508
1764113819855 0.14781763218343258 1509
1764113828263 0.1899118274450302 1510
1764113836665 0.13654432399198413 1511
1764113845022 0.24455788731575012 1512
1764113853464 0.19529086723923683 1513
1764113861859 0.2036583237349987 1514
1764113870230 0.21086683124303818 1515
1764113878601 0.19842415675520897 1516
1764113886951 0.20977605320513248 1517
1764113895311 0.14659058209508657 1518
1764113903699 0.25939933210611343 1519
1764113912114 0.20042989775538445 1520
1764113920516 0.19308000057935715 1521
1764113928955 0.2757995128631592 1522
1764113937344 0.19737508893013 1523
1764113945752 0.228378064930439 1524
1764113954149 0.1755943913012743 1525
1764113962533 0.2280302345752716 1526
1764113970921 0.238446194678545 1527
1764113979312 0.22337272763252258 1528
1764113987685 0.20853391475975513 1529
1764113996181 0.22420478612184525 1530
1764114004557 0.2021077163517475 1531
1764114012945 0.17707049055024981 1532
1764114021319 0.2023367853835225 1533
1764114029673 0.2144929375499487 1534
1764114038047 0.1867856252938509 1535
1764114046445 0.22405340149998665 1536
1764114054847 0.20746565610170364 1537
1764114063238 0.24810467287898064 1538
1764114071610 0.25324467942118645 1539
1764114080015 0.22713713347911835 1540
1764114088379 0.20861041697207838 1541
1764114096735 0.14320633001625538 1542
1764114105081 0.2250814139842987 1543
1764114113482 0.2603701911866665 1544
1764114121875 0.22872461006045341 1545
1764114130309 0.23905974999070168 1546
1764114138695 0.1671118512749672 1547
1764114147079 0.2281644158065319 1548
1764114155420 0.21876666322350502 1549
1764114163764 0.24336231499910355 1550
1764114172160 0.23350393772125244 1551
1764114180583 0.20365184545516968 1552
1764114188967 0.23855598643422127 1553
1764114197354 0.1980619253590703 1554
1764114205713 0.2793380059301853 1555
1764114214115 0.2162504568696022 1556
1764114222511 0.20585113018751144 1557
1764114230906 0.20880353450775146 1558
1764114239284 0.2246832139790058 1559
1764114247681 0.19930523540824652 1560
1764114256078 0.2354360437602736 1561
1764114264441 0.25001323223114014 1562
1764114272940 0.21972639486193657 1563
1764114281380 0.11486254446208477 1564
