1764100965620 0.7367600053548813 1
1764100973971 0.6831484735012054 2
1764100982346 0.7075175046920776 3
1764100990721 0.6882845461368561 4
1764100999119 0.6552228182554245 5
1764101007541 0.7346242964267731 6
1764101015993 0.6753690838813782 7
1764101024442 0.6310513317584991 8
1764101032879 0.5869647637009621 9
1764101041338 0.5952189862728119 10
1764101049795 0.5943261459469795 11
1764101058207 0.6973061710596085 12
1764101066647 0.641910046339035 13
1764101075079 0.6448789685964584 14
1764101083534 0.5627211034297943 15
1764101091964 0.7048410773277283 16
1764101100429 0.6230317056179047 17
1764101108860 0.6448604762554169 18
1764101117253 0.5410990193486214 19
1764101125677 0.5828193128108978 20
1764101134067 0.6279969811439514 21
1764101142458 0.6281924545764923 22
1764101151059 0.6025288850069046 23
1764101159462 0.651699885725975 24
1764101167879 0.5504092797636986 25
1764101176296 0.5907651335000992 26
1764101184706 0.5112879201769829 27
1764101193293 0.637468695640564 28
1764101201647 0.6922968626022339 29
1764101210047 0.5815541744232178 30
1764101218436 0.6419884413480759 31
1764101226831 0.5932071879506111 32
1764101235237 0.6362693458795547 33
1764101243630 0.5780308991670609 34
1764101252036 0.5545033067464828 35
1764101260434 0.6124125868082047 36
1764101268832 0.574426181614399 37
1764101277238 0.5424522161483765 38
1764101285640 0.6142022609710693 39
1764101294041 0.6081617623567581 40
1764101302409 0.5096986666321754 41
1764101310769 0.5554793179035187 42
1764101319135 0.5806398242712021 43
1764101327559 0.6037305891513824 44
1764101335944 0.571685403585434 45
1764101344349 0.5657875239849091 46
1764101352729 0.6221457719802856 47
1764101361092 0.6010703518986702 48
1764101369482 0.6344704926013947 49
1764101377835 0.6480852514505386 50
1764101386198 0.5740014389157295 51
1764101394576 0.6147939935326576 52
1764101402982 0.5662669688463211 53
1764101411330 0.5855949893593788 54
1764101419729 0.5770203322172165 55
1764101428206 0.5715777426958084 56
1764101436569 0.6584923267364502 57
1764101444989 0.598446249961853 58
1764101453382 0.5669535174965858 59
1764101461762 0.6214020699262619 60
1764101470141 0.6736390888690948 61
1764101478510 0.5815643817186356 62
1764101486907 0.5728554353117943 63
1764101495305 0.6019586026668549 64
1764101503716 0.6636141687631607 65
1764101512078 0.5842348411679268 66
1764101520463 0.5805669128894806 67
1764101528836 0.5197147279977798 68
1764101537219 0.5551600605249405 69
1764101545578 0.6199088096618652 70
1764101553963 0.6182755678892136 71
1764101562333 0.5594238340854645 72
1764101570701 0.5785954147577286 73
1764101579130 0.5608284398913383 74
1764101587526 0.6334984600543976 75
1764101595922 0.5919049829244614 76
1764101604291 0.6297702193260193 77
1764101612642 0.5805958807468414 78
1764101621002 0.5906805098056793 79
1764101629369 0.5688236504793167 80
1764101637722 0.5725559443235397 81
1764101646089 0.5499398857355118 82
1764101654487 0.5796094611287117 83
1764101662858 0.6312215626239777 84
1764101671226 0.620511531829834 85
1764101679614 0.6286779940128326 86
1764101688009 0.5927586257457733 87
1764101696359 0.5772691816091537 88
1764101704724 0.5968669876456261 89
1764101713100 0.5331662893295288 90
1764101721491 0.5958754122257233 91
1764101729896 0.595295175909996 92
1764101738283 0.598813384771347 93
1764101746684 0.6246431022882462 94
1764101755056 0.5597211197018623 95
1764101763442 0.5781425088644028 96
1764101771832 0.6232669353485107 97
1764101780211 0.6412835568189621 98
1764101788621 0.6878518462181091 99
1764101797002 0.6383005827665329 100
1764101805412 0.6476477086544037 101
1764101813784 0.5689208209514618 102
1764101822170 0.6543234139680862 103
1764101830578 0.6048508584499359 104
1764101838965 0.5918777957558632 105
1764101847337 0.6524973064661026 106
1764101855712 0.667991578578949 107
1764101864105 0.556186743080616 108
1764101872485 0.6043820530176163 109
1764101880900 0.514772541821003 110
1764101889262 0.6241218596696854 111
1764101897645 0.5950291156768799 112
1764101906057 0.634489119052887 113
1764101914429 0.6367748230695724 114
1764101922809 0.6094461381435394 115
1764101931183 0.5873192399740219 116
1764101939611 0.547576516866684 117
1764101948013 0.6068501174449921 118
1764101956390 0.6026855409145355 119
1764101964778 0.5906816497445107 120
1764101973131 0.4631355479359627 121
1764101981538 0.496768519282341 122
1764101989910 0.5667281746864319 123
1764101998294 0.6615636944770813 124
1764102006673 0.6083312928676605 125
1764102015149 0.6132860034704208 126
1764102023512 0.5913743674755096 127
1764102031903 0.5445048063993454 128
1764102040290 0.5963778793811798 129
1764102048676 0.5145162120461464 130
1764102057190 0.5867432132363319 131
1764102065543 0.659388542175293 132
1764102074050 0.6415746361017227 133
1764102082445 0.5508578792214394 134
1764102090812 0.5659363865852356 135
1764102099204 0.6223182529211044 136
1764102107588 0.6503126323223114 137
1764102115955 0.5899889320135117 138
1764102124312 0.5411179587244987 139
1764102132654 0.5627369210124016 140
1764102141046 0.6161119788885117 141
1764102149418 0.5712496265769005 142
1764102157812 0.5473614782094955 143
1764102166170 0.6342407464981079 144
1764102174532 0.64581198990345 145
1764102182917 0.5422605499625206 146
1764102191299 0.589145839214325 147
1764102199659 0.5717769116163254 148
1764102208054 0.6601220667362213 149
1764102216431 0.5501614734530449 150
1764102224819 0.588381715118885 151
1764102233212 0.5463908165693283 152
1764102241614 0.5338230356574059 153
1764102250008 0.5642056912183762 154
1764102258394 0.553505465388298 155
1764102266770 0.5617454051971436 156
1764102275167 0.5872603058815002 157
1764102283548 0.5718060880899429 158
1764102291981 0.6022223830223083 159
1764102300373 0.5377713441848755 160
1764102308772 0.5801834166049957 161
1764102317153 0.5953190177679062 162
1764102325534 0.5734252333641052 163
1764102333931 0.6148728579282761 164
1764102342324 0.5853637456893921 165
1764102350721 0.6134636849164963 166
1764102359091 0.5893178656697273 167
1764102367475 0.5446297377347946 168
1764102375891 0.5503790900111198 169
1764102384281 0.6094506829977036 170
1764102392686 0.61770299077034 171
1764102401081 0.5462710857391357 172
1764102409444 0.6146988868713379 173
1764102417862 0.5697524696588516 174
1764102426252 0.5864678472280502 175
1764102434648 0.5806097835302353 176
1764102443080 0.5352570191025734 177
1764102451454 0.5872911810874939 178
1764102459822 0.5923322513699532 179
1764102468204 0.5850137323141098 180
1764102476595 0.5604506283998489 181
1764102484940 0.5774324387311935 182
1764102493306 0.5697577744722366 183
1764102501674 0.5363017842173576 184
1764102510043 0.6103396415710449 185
1764102518573 0.5513960421085358 186
1764102526972 0.5688958168029785 187
1764102535367 0.553944930434227 188
1764102543738 0.6497785300016403 189
1764102552253 0.6181776970624924 190
1764102560649 0.5580418482422829 191
1764102569011 0.5939596444368362 192
1764102577544 0.5804488807916641 193
1764102585943 0.5236101746559143 194
1764102594318 0.5536633208394051 195
1764102602704 0.6021469831466675 196
1764102611106 0.6301783323287964 197
1764102619503 0.5313583686947823 198
1764102627888 0.5759041234850883 199
1764102636294 0.5343364328145981 200
1764102644688 0.5925255417823792 201
1764102653060 0.5337805151939392 202
1764102661428 0.5332114696502686 203
1764102669821 0.6159391850233078 204
1764102678238 0.6131638586521149 205
1764102686634 0.6046868413686752 206
1764102695039 0.5868910178542137 207
1764102703392 0.5889676213264465 208
1764102711786 0.5411893874406815 209
1764102720164 0.5654616057872772 210
1764102728493 0.5934275388717651 211
1764102736899 0.5631840825080872 212
1764102745297 0.5614019483327866 213
1764102753690 0.4732843339443207 214
1764102762091 0.6112003177404404 215
1764102770477 0.6207557767629623 216
1764102778858 0.5320226475596428 217
1764102787242 0.5118951052427292 218
1764102795606 0.5643162876367569 219
1764102804034 0.5528271570801735 220
1764102812420 0.5908557772636414 221
1764102820790 0.5910628139972687 222
1764102829178 0.5328659936785698 223
1764102837562 0.5872762203216553 224
1764102845942 0.5623324885964394 225
1764102854332 0.5399929359555244 226
1764102862696 0.5596322640776634 227
1764102871218 0.6088083684444427 228
1764102879602 0.5838070958852768 229
1764102887979 0.6038229465484619 230
1764102896342 0.5906758010387421 231
1764102904832 0.5926660150289536 232
1764102913211 0.5337901785969734 233
1764102921582 0.5602099448442459 234
1764102930108 0.6316371113061905 235
1764102938524 0.5827177911996841 236
1764102946889 0.5837796181440353 237
1764102955278 0.5960134118795395 238
1764102963639 0.6190509051084518 239
1764102972023 0.592861220240593 240
1764102980401 0.6033036708831787 241
1764102988813 0.5630987137556076 242
1764102997243 0.6267281472682953 243
1764103005613 0.601647824048996 244
1764103014005 0.5753827840089798 245
1764103022354 0.5745307803153992 246
1764103030713 0.544659435749054 247
1764103039135 0.5756964460015297 248
1764103047494 0.5676519870758057 249
1764103055871 0.5978297889232635 250
1764103064276 0.5790753811597824 251
1764103072641 0.5623672977089882 252
1764103081090 0.5867214798927307 253
1764103089489 0.5649482011795044 254
1764103097869 0.5624557361006737 255
1764103106269 0.6234433352947235 256
1764103114670 0.5708121657371521 257
1764103123041 0.6284817457199097 258
1764103131429 0.5738506615161896 259
1764103139782 0.581487774848938 260
1764103148183 0.5739933550357819 261
1764103156693 0.5362277776002884 262
1764103165099 0.555325023829937 263
1764103173456 0.6651348322629929 264
1764103181977 0.6113113611936569 265
1764103190336 0.5752781331539154 266
1764103198729 0.5670134872198105 267
1764103207247 0.6062915176153183 268
1764103215633 0.5687003284692764 269
1764103224049 0.5089254900813103 270
1764103232434 0.6115561276674271 271
1764103240815 0.5788219571113586 272
1764103249157 0.5831223204731941 273
1764103257524 0.5333212241530418 274
1764103265888 0.5420037508010864 275
1764103274247 0.6254337430000305 276
1764103282628 0.5918897613883018 277
1764103291029 0.5488033443689346 278
1764103299405 0.6138320118188858 279
1764103307775 0.5947613418102264 280
1764103316139 0.5479063168168068 281
1764103324517 0.5705865621566772 282
1764103332875 0.5202078297734261 283
1764103341295 0.5562256574630737 284
1764103349649 0.5524391904473305 285
1764103358019 0.5430001020431519 286
1764103366430 0.5092403069138527 287
1764103374843 0.5514194145798683 288
1764103383234 0.6174163818359375 289
1764103391602 0.6049580350518227 290
1764103399986 0.5935654640197754 291
1764103408356 0.5555525869131088 292
1764103416745 0.5749649703502655 293
1764103425111 0.5907262861728668 294
1764103433506 0.6191621571779251 295
1764103441906 0.5419925004243851 296
1764103450277 0.5514300689101219 297
1764103458643 0.5466916337609291 298
1764103467050 0.5299989804625511 299
1764103475443 0.5450822561979294 300
1764103483799 0.5631586238741875 301
1764103492175 0.5258771404623985 302
1764103500571 0.5635799616575241 303
1764103508988 0.5420011281967163 304
1764103517420 0.6297028362751007 305
1764103525791 0.552219033241272 306
1764103534174 0.5584866479039192 307
1764103542572 0.5651626139879227 308
1764103550942 0.5804871022701263 309
1764103559311 0.5239019691944122 310
1764103567679 0.5290622413158417 311
1764103576068 0.6045389920473099 312
1764103640609 0.5569199323654175 314
1764103648978 0.5226754620671272 315
1764103657363 0.5493253618478775 316
1764103665755 0.5399803817272186 317
1764103674151 0.5018072575330734 318
1764103682576 0.45686478167772293 319
1764103690974 0.5308235362172127 320
1764103699386 0.5422999188303947 321
1764103707790 0.561713770031929 322
1764103716188 0.577067032456398 323
1764103724631 0.5760770961642265 324
1764103733044 0.5160510987043381 325
1764103741476 0.5292199105024338 326
1764103749923 0.5097283944487572 327
1764103758343 0.5617853030562401 328
1764103766934 0.6007148325443268 329
1764103775352 0.5950535535812378 330
1764103783773 0.5349086448550224 331
1764103792173 0.5093710795044899 332
1764103800595 0.5247361585497856 333
1764103808995 0.5697723776102066 334
1764103817419 0.5592891573905945 335
1764103825835 0.5493473038077354 336
1764103834272 0.5958887487649918 337
1764103842653 0.6140998005867004 338
1764103851059 0.54119523614645 339
1764103859487 0.5189628005027771 340
1764103867882 0.5337232947349548 341
1764103876276 0.6179013401269913 342
1764103884652 0.5431491658091545 343
1764103893050 0.5700729265809059 344
1764103901607 0.5644600540399551 345
1764103909975 0.5338876321911812 346
1764103918347 0.581179678440094 347
1764103926974 0.5531653165817261 348
1764103935364 0.5885017365217209 349
1764103943757 0.5339678078889847 350
1764103952156 0.5421368777751923 351
1764103960575 0.5774098038673401 352
1764103968990 0.55299112200737 353
1764103977396 0.5281278342008591 354
1764103985818 0.5722344517707825 355
1764103994211 0.5320624187588692 356
1764104002610 0.5233511105179787 357
1764104011006 0.5394848063588142 358
1764104019429 0.5583539456129074 359
1764104027837 0.49801620095968246 360
1764104036213 0.5005368739366531 361
1764104044649 0.5405819267034531 362
1764104053040 0.5286939069628716 363
1764104061464 0.5458513274788857 364
1764104069862 0.6171391159296036 365
1764104078250 0.5342893898487091 366
1764104086655 0.5299588814377785 367
1764104095071 0.5297637581825256 368
1764104103470 0.4985818415880203 369
1764104111850 0.594544842839241 370
1764104120231 0.5462758243083954 371
1764104128637 0.5750805512070656 372
1764104137020 0.6094309985637665 373
1764104145400 0.601308785378933 374
1764104153798 0.5108963400125504 375
1764104162220 0.4881584346294403 376
1764104170625 0.5716971755027771 377
1764104179007 0.5399719700217247 378
1764104187384 0.5162282511591911 379
1764104195760 0.5169757679104805 380
1764104204137 0.5428600758314133 381
1764104212558 0.45933668315410614 382
1764104220957 0.6030588522553444 383
1764104229336 0.5479017645120621 384
1764104237736 0.5301778838038445 385
1764104246135 0.5718262493610382 386
1764104254646 0.5343900769948959 387
1764104263011 0.5518092587590218 388
1764104271407 0.6003253906965256 389
1764104279939 0.5886719226837158 390
1764104288300 0.5819119215011597 391
1764104296710 0.5041622593998909 392
1764104305110 0.5376070663332939 393
1764104313496 0.5185068473219872 394
1764104321859 0.5643681138753891 395
1764104330248 0.5316149294376373 396
1764104338622 0.5838164389133453 397
1764104347038 0.5011454075574875 398
1764104355431 0.4563519284129143 399
1764104363848 0.6054317802190781 400
1764104372226 0.5459630787372589 401
1764104380560 0.5158845111727715 402
1764104388939 0.5247467085719109 403
1764104397310 0.57471764087677 404
1764104405673 0.484823577105999 405
1764104414055 0.5299950763583183 406
1764104422445 0.5315846651792526 407
1764104430847 0.5495963841676712 408
1764104439226 0.5054823160171509 409
1764104447628 0.581975944340229 410
1764104456030 0.5284579619765282 411
1764104464403 0.5449018478393555 412
1764104472805 0.5668199956417084 413
1764104481181 0.582912340760231 414
1764104489539 0.5110545009374619 415
1764104497938 0.5448054000735283 416
1764104506352 0.6114192008972168 417
1764104514726 0.5835926979780197 418
1764104523101 0.5301501601934433 419
1764104531607 0.5919912308454514 420
1764104540000 0.49206434935331345 421
1764104548362 0.5538578480482101 422
1764104556891 0.5067372098565102 423
1764104565250 0.5786764025688171 424
1764104573639 0.5484506115317345 425
1764104582034 0.4943486526608467 426
1764104590459 0.539379432797432 427
1764104598804 0.5132909715175629 428
1764104607208 0.5408485159277916 429
1764104615629 0.45058805495500565 430
1764104624003 0.5702075883746147 431
1764104632397 0.5219011381268501 432
1764104640884 0.5523172914981842 433
1764104649240 0.6055326461791992 434
1764104657614 0.5513328015804291 435
1764104665984 0.5724962130188942 436
1764104674368 0.6203654482960701 437
1764104682733 0.535868264734745 438
1764104691121 0.5381229594349861 439
1764104699508 0.5002244338393211 440
1764104707855 0.5216966420412064 441
1764104716243 0.5199679434299469 442
1764104724629 0.4724017456173897 443
1764104733004 0.5021212622523308 444
1764104741378 0.4965248331427574 445
1764104749740 0.5782864689826965 446
1764104758090 0.4620825946331024 447
1764104766483 0.5173326060175896 448
1764104774843 0.5483263283967972 449
1764104783210 0.5199841633439064 450
1764104791559 0.5636307001113892 451
1764104799953 0.5351415574550629 452
1764104808333 0.56285160779953 453
1764104816761 0.5648746564984322 454
1764104825164 0.5258263275027275 455
1764104833575 0.5335167646408081 456
1764104841951 0.5857606679201126 457
1764104850333 0.5358013585209846 458
1764104858709 0.49234818667173386 459
1764104867077 0.53864736109972 460
1764104875468 0.5268322825431824 461
1764104883900 0.5743101239204407 462
1764104892243 0.5428634434938431 463
1764104900627 0.5369549989700317 464
1764104909040 0.5108143016695976 465
1764104917443 0.5676672905683517 466
1764104925840 0.5720338076353073 467
1764104934232 0.4405348375439644 468
1764104942601 0.521231159567833 469
1764104950971 0.5443819016218185 470
1764104959374 0.5032948106527328 471
1764104967782 0.5189775228500366 472
1764104976157 0.5158225148916245 473
1764104984570 0.5607986897230148 474
1764104992951 0.5853270888328552 475
1764105001308 0.5948023647069931 476
1764105009688 0.5568269193172455 477
1764105018074 0.6478420346975327 478
1764105026428 0.5050368830561638 479
1764105034810 0.5326844900846481 480
1764105043221 0.5978026017546654 481
1764105051622 0.5248492211103439 482
1764105059982 0.5935373455286026 483
1764105068350 0.517726480960846 484
1764105076713 0.5594628900289536 485
1764105085127 0.5167903080582619 486
1764105093529 0.5136741101741791 487
1764105101922 0.5009160935878754 488
1764105110308 0.546281561255455 489
1764105118723 0.5473739057779312 490
1764105127098 0.5634771138429642 491
1764105135488 0.5763740837574005 492
1764105143994 0.5008222237229347 493
1764105152375 0.5649742782115936 494
1764105160748 0.4996914491057396 495
1764105169139 0.5236855670809746 496
1764105177506 0.5564127713441849 497
1764105185916 0.5199463814496994 498
1764105194318 0.48827797174453735 499
1764105202679 0.5747952461242676 500
1764105211074 0.5448087304830551 501
1764105219436 0.5384603515267372 502
1764105227831 0.5634969174861908 503
1764105236218 0.5452570766210556 504
1764105244617 0.48353812098503113 505
1764105253044 0.5223886147141457 506
1764105261452 0.5730202496051788 507
1764105269839 0.6020365208387375 508
1764105278222 0.5295597910881042 509
1764105286640 0.5008564665913582 510
1764105295021 0.5196851640939713 511
1764105303424 0.567130520939827 512
1764105311820 0.5488863289356232 513
1764105320177 0.5481346845626831 514
1764105328577 0.5198052600026131 515
1764105336956 0.6056221127510071 516
1764105345349 0.5141435787081718 517
1764105353724 0.5374525859951973 518
1764105362115 0.5369803607463837 519
1764105370490 0.5324440747499466 520
1764105378872 0.548345111310482 521
1764105387238 0.5655974447727203 522
1764105395628 0.5231426730751991 523
1764105404162 0.5103053152561188 524
1764105412530 0.5090120285749435 525
1764105420920 0.5735415518283844 526
1764105429268 0.5979178249835968 527
1764105437831 0.5387380197644234 528
1764105446223 0.5591242164373398 529
1764105454591 0.5852298885583878 530
1764105462959 0.5031542330980301 531
1764105471309 0.55166395008564 532
1764105479691 0.5862308591604233 533
1764105488079 0.5251986905932426 534
1764105496609 0.46500056236982346 535
1764105505005 0.6123687624931335 536
1764105513387 0.49986632168293 537
1764105521761 0.535342812538147 538
1764105530154 0.5507526621222496 539
1764105538532 0.5643729269504547 540
1764105546902 0.5076409503817558 541
1764105555353 0.5237576812505722 542
1764105563713 0.5613145977258682 543
1764105572066 0.5773598998785019 544
1764105580438 0.5426900461316109 545
1764105588816 0.5253562107682228 546
1764105597199 0.5398317575454712 547
1764105605578 0.5510993152856827 548
1764105613951 0.4823206439614296 549
1764105622348 0.500453345477581 550
1764105630717 0.5222516059875488 551
1764105639070 0.5656248331069946 552
1764105647451 0.5504498332738876 553
1764105655823 0.5535284280776978 554
1764105664184 0.5052541419863701 555
1764105672548 0.5315938666462898 556
1764105680959 0.518745630979538 557
1764105689347 0.5215099155902863 558
1764105697720 0.5807473063468933 559
1764105706090 0.5203744098544121 560
1764105714456 0.5702588930726051 561
1764105722838 0.5400851517915726 562
1764105731201 0.49317485094070435 563
1764105739587 0.45228368788957596 564
1764105748000 0.5253210067749023 565
1764105756440 0.5473172962665558 566
1764105764821 0.4814104437828064 567
1764105773323 0.5827824249863625 568
1764105781731 0.5194592326879501 569
1764105790131 0.5034977048635483 570
1764105798504 0.5345113724470139 571
1764105806882 0.5508699640631676 572
1764105815257 0.4737153798341751 573
1764105823664 0.5438872575759888 574
1764105832107 0.6439495831727982 575
1764105840503 0.5278221368789673 576
1764105848878 0.533799447119236 577
1764105857266 0.588383287191391 578
1764105865650 0.5207599028944969 579
1764105874015 0.5531070753931999 580
1764105882383 0.5050231441855431 581
1764105890881 0.6181188970804214 582
1764105899279 0.509234294295311 583
1764105907677 0.5105797424912453 584
1764105916112 0.5172350630164146 585
1764105924514 0.5568754896521568 586
1764105932890 0.5220293626189232 587
1764105941446 0.5056045651435852 588
1764105949817 0.48331163823604584 589
1764105958224 0.5291242972016335 590
1764105966607 0.5435784980654716 591
1764105975011 0.5114751085639 592
1764105983375 0.5659007281064987 593
1764105991775 0.49872884154319763 594
1764106000185 0.5026025325059891 595
1764106008566 0.49099835753440857 596
1764106016952 0.5298677235841751 597
1764106025311 0.5238659679889679 598
1764106033674 0.5214429274201393 599
1764106042065 0.5544912591576576 600
1764106050484 0.49484772235155106 601
1764106058853 0.5314865708351135 602
1764106067270 0.5114235952496529 603
1764106075650 0.5794304758310318 604
1764106084020 0.5268979743123055 605
1764106092416 0.4865206182003021 606
1764106100807 0.4871077165007591 607
1764106109194 0.5717662125825882 608
1764106117553 0.5694317370653152 609
1764106125950 0.5449859350919724 610
1764106134340 0.5353850722312927 611
1764106142692 0.5505074635148048 612
1764106151053 0.5120364427566528 613
1764106159456 0.5485222041606903 614
1764106167818 0.5976756066083908 615
1764106176189 0.5119833648204803 616
1764106184559 0.5977233052253723 617
1764106192929 0.5976682603359222 618
1764106201352 0.519656777381897 619
1764106209725 0.4782801792025566 620
1764106218099 0.5053500756621361 621
1764106226469 0.5334369316697121 622
1764106234846 0.4774136319756508 623
1764106243331 0.5044050738215446 624
1764106251704 0.57970130443573 625
1764106316267 0.5241282284259796 627
1764106324681 0.4702582433819771 628
1764106333215 0.4644184038043022 629
1764106341592 0.48590920120477676 630
1764106349943 0.5400561839342117 631
1764106358320 0.48796651512384415 632
1764106366714 0.5882012397050858 633
1764106375097 0.501802995800972 634
1764106383485 0.5290055125951767 635
1764106391893 0.5231302306056023 636
1764106400339 0.5490117222070694 637
1764106408770 0.5536801815032959 638
1764106417196 0.5157765075564384 639
1764106425977 0.5202714949846268 640
1764106434366 0.5066051855683327 641
1764106442741 0.5008293092250824 642
1764106451163 0.5445383489131927 643
1764106459605 0.47337163984775543 644
1764106468036 0.5508145987987518 645
1764106476448 0.5550870150327682 646
1764106484852 0.541062593460083 647
1764106493230 0.5325649604201317 648
1764106501650 0.48228663951158524 649
1764106510029 0.5375649333000183 650
1764106518411 0.5381740108132362 651
1764106526828 0.4921151474118233 652
1764106535249 0.4937405660748482 653
1764106543620 0.5355572402477264 654
1764106552039 0.5066302716732025 655
1764106560400 0.5344989374279976 656
1764106568817 0.5850276052951813 657
1764106577239 0.4970589652657509 658
1764106585610 0.6060324311256409 659
1764106594013 0.47671766579151154 660
1764106602386 0.48919980227947235 661
1764106610793 0.5397128164768219 662
1764106619174 0.5368031188845634 663
1764106627533 0.5759128928184509 664
1764106635928 0.5098955035209656 665
1764106644305 0.4978245124220848 666
1764106652720 0.4966405853629112 667
1764106661107 0.4881991297006607 668
1764106669471 0.49481160938739777 669
1764106677850 0.517445370554924 670
1764106686236 0.5257929190993309 671
1764106694617 0.49641891568899155 672
1764106703017 0.5138027518987656 673
1764106711386 0.531512513756752 674
1764106719757 0.47812817245721817 675
1764106728188 0.6110368221998215 676
1764106736610 0.5419396609067917 677
1764106744982 0.5749045312404633 678
1764106753357 0.5572426989674568 679
1764106761714 0.5311622247099876 680
1764106770134 0.46815644949674606 681
1764106778539 0.46969123929739 682
1764106786908 0.5294643938541412 683
1764106795291 0.5435794591903687 684
1764106803696 0.538664922118187 685
1764106812057 0.5882222875952721 686
1764106820456 0.5442076995968819 687
1764106828839 0.5483015552163124 688
1764106837224 0.5197867974638939 689
1764106845595 0.508508212864399 690
1764106854015 0.5256681814789772 691
1764106862383 0.5360707566142082 692
1764106870773 0.4739652946591377 693
1764106879154 0.5300842225551605 694
1764106887558 0.5042237490415573 695
1764106895923 0.5587024986743927 696
1764106904334 0.5069867819547653 697
1764106912693 0.5764998123049736 698
1764106921049 0.5821835696697235 699
1764106929411 0.5021227076649666 700
1764106937772 0.5703905671834946 701
1764106946157 0.5165121704339981 702
1764106954523 0.5649994686245918 703
1764106962894 0.5345617607235909 704
1764106971287 0.46873051673173904 705
1764106979658 0.5020337328314781 706
1764106988042 0.4993303120136261 707
1764106996442 0.5376707315444946 708
1764107004815 0.5006459057331085 709
1764107013233 0.4929930344223976 710
1764107021609 0.5098805576562881 711
1764107029970 0.537045992910862 712
1764107038362 0.4697580561041832 713
1764107046753 0.5355318635702133 714
1764107055134 0.5372161939740181 715
1764107063579 0.5302639454603195 716
1764107071967 0.5373276919126511 717
1764107080347 0.6102869212627411 718
1764107088720 0.5411019548773766 719
1764107097091 0.5159861221909523 720
1764107105478 0.49583233147859573 721
1764107113861 0.5326012447476387 722
1764107122200 0.5333618447184563 723
1764107130593 0.4838624820113182 724
1764107139115 0.5168177261948586 725
1764107147483 0.5332877337932587 726
1764107155865 0.5431687086820602 727
1764107164239 0.5251340493559837 728
1764107172633 0.6037584394216537 729
1764107181011 0.526334784924984 730
1764107189402 0.5102666616439819 731
1764107197810 0.4830968603491783 732
1764107206168 0.5605523586273193 733
1764107214677 0.47978629171848297 734
1764107223087 0.503609724342823 735
1764107231479 0.5375271141529083 736
1764107239850 0.4819493740797043 737
1764107248218 0.5191981270909309 738
1764107256600 0.5039669945836067 739
1764107264986 0.5075463727116585 740
1764107273351 0.561810702085495 741
1764107281727 0.6461226344108582 742
1764107290130 0.5011436566710472 743
1764107298623 0.49843746423721313 744
1764107307052 0.5218311697244644 745
1764107315429 0.4996807724237442 746
1764107323795 0.5264536663889885 747
1764107332168 0.47807078063488007 748
1764107340536 0.4800603836774826 749
1764107348928 0.5004232749342918 750
1764107357263 0.5287912935018539 751
1764107365622 0.5515452474355698 752
1764107374022 0.5280382335186005 753
1764107382403 0.5356050357222557 754
1764107390792 0.5050474479794502 755
1764107399177 0.5256973206996918 756
1764107407571 0.5429652705788612 757
1764107415961 0.5389233380556107 758
1764107424350 0.5232165977358818 759
1764107432743 0.5907443389296532 760
1764107441175 0.5115081444382668 761
1764107449565 0.5641123354434967 762
1764107457958 0.5115653872489929 763
1764107466334 0.5261252745985985 764
1764107474707 0.5182570815086365 765
1764107483133 0.5514500215649605 766
1764107491516 0.5193552300333977 767
1764107499875 0.5402680486440659 768
1764107508271 0.5253929123282433 769
1764107516717 0.5957470536231995 770
1764107525091 0.5663480013608932 771
1764107533487 0.48161809891462326 772
1764107541848 0.5185418426990509 773
1764107550245 0.5575623735785484 774
1764107558653 0.4526352211833 775
1764107566993 0.550427183508873 776
1764107575383 0.5125512629747391 777
1764107583752 0.4832953065633774 778
1764107592112 0.581756941974163 779
1764107600528 0.5199780091643333 780
1764107608911 0.4938103258609772 781
1764107617286 0.4991924464702606 782
1764107625665 0.5235492363572121 783
1764107634173 0.5286843925714493 784
1764107642565 0.5104835852980614 785
1764107650947 0.44814011454582214 786
1764107659340 0.48043668270111084 787
1764107667720 0.6166781783103943 788
1764107676089 0.5306414067745209 789
1764107684459 0.5002231374382973 790
1764107692837 0.4862520471215248 791
1764107701200 0.5442546233534813 792
1764107709609 0.49563058465719223 793
1764107718110 0.5273032635450363 794
1764107726482 0.540275327861309 795
1764107734855 0.5171152874827385 796
1764107743254 0.540051244199276 797
1764107751613 0.47520972788333893 798
1764107759972 0.5816587656736374 799
1764107768329 0.5144462585449219 800
1764107776710 0.5577014833688736 801
1764107785125 0.4812866821885109 802
1764107793511 0.5475391894578934 803
1764107801998 0.5369449034333229 804
1764107810407 0.537062019109726 805
1764107818788 0.5716404169797897 806
1764107827162 0.5654025375843048 807
1764107835542 0.5310908034443855 808
1764107843942 0.48764897882938385 809
1764107852324 0.5343683287501335 810
1764107860711 0.49713412672281265 811
1764107869082 0.5043679103255272 812
1764107877496 0.5234782174229622 813
1764107885879 0.5639946311712265 814
1764107894241 0.5187901332974434 815
1764107902632 0.5834866017103195 816
1764107910995 0.5509873926639557 817
1764107919409 0.5680266916751862 818
1764107927775 0.5012136399745941 819
1764107936120 0.4882437437772751 820
1764107944519 0.516090415418148 821
1764107952937 0.5245776772499084 822
1764107961325 0.49299491196870804 823
1764107969727 0.4996004030108452 824
1764107978113 0.4626486822962761 825
1764107986612 0.5831295996904373 826
1764107995018 0.5249932184815407 827
1764108003396 0.5639126226305962 828
1764108011789 0.533779114484787 829
1764108020164 0.4982071742415428 830
1764108028527 0.5398584604263306 831
1764108036987 0.49871475249528885 832
1764108045385 0.48546481132507324 833
1764108053756 0.4861889183521271 834
1764108062108 0.5038998425006866 835
1764108070635 0.4562240242958069 836
1764108079061 0.5731979161500931 837
1764108087452 0.5842201262712479 838
1764108095831 0.4640221744775772 839
1764108104220 0.5738738775253296 840
1764108112599 0.5171855762600899 841
1764108121005 0.47169746458530426 842
1764108129389 0.5343685746192932 843
1764108137801 0.4694330170750618 844
1764108146167 0.5432879254221916 845
1764108154696 0.4757286161184311 846
1764108163074 0.49997910112142563 847
1764108171454 0.5180032551288605 848
1764108179876 0.5490441173315048 849
1764108188260 0.5187679454684258 850
1764108196634 0.5084307417273521 851
1764108205005 0.4996395781636238 852
1764108213365 0.5755629390478134 853
1764108221809 0.5112354904413223 854
1764108230187 0.5115227550268173 855
1764108238568 0.5031136125326157 856
1764108246962 0.49105288088321686 857
1764108255407 0.48284634202718735 858
1764108263873 0.47202806919813156 859
1764108272259 0.4841272085905075 860
1764108280636 0.4466722384095192 861
1764108289028 0.4868783876299858 862
1764108297416 0.5157459601759911 863
1764108305800 0.5067156404256821 864
1764108314195 0.5013608038425446 865
1764108322596 0.5549040883779526 866
1764108330983 0.5324643179774284 867
1764108339383 0.5202646777033806 868
1764108347761 0.5567247942090034 869
1764108356298 0.5399359241127968 870
1764108364723 0.597112812101841 871
1764108373112 0.5324189066886902 872
1764108381515 0.4772089868783951 873
1764108389901 0.5180619210004807 874
1764108398307 0.5093916803598404 875
1764108406701 0.5104915350675583 876
1764108415070 0.49691496789455414 877
1764108423440 0.524909719824791 878
1764108431963 0.49700023978948593 879
1764108440357 0.5131722167134285 880
1764108448754 0.6029870808124542 881
1764108457155 0.4752442389726639 882
1764108465577 0.5686217322945595 883
1764108473943 0.4750398099422455 884
1764108482344 0.5012889057397842 885
1764108490714 0.4466836452484131 886
1764108499096 0.6316967830061913 887
1764108507495 0.5475960448384285 888
1764108515892 0.5769752562046051 889
1764108524262 0.531535729765892 890
1764108532656 0.5115445107221603 891
1764108541044 0.5121342465281487 892
1764108549444 0.4971345067024231 893
1764108557844 0.4814291447401047 894
1764108566216 0.5146406069397926 895
1764108574591 0.4983132928609848 896
1764108582987 0.4713139533996582 897
1764108591361 0.5283679440617561 898
1764108599797 0.4863325133919716 899
1764108608209 0.49959442764520645 900
1764108616590 0.5145667120814323 901
1764108624954 0.5436156019568443 902
1764108633334 0.4900413453578949 903
1764108641700 0.47254975885152817 904
1764108650070 0.5277560874819756 905
1764108658440 0.5466661304235458 906
1764108666799 0.526634581387043 907
1764108675199 0.5977050513029099 908
1764108683556 0.6150014027953148 909
1764108691936 0.5296886414289474 910
1764108700380 0.49764974415302277 911
1764108708758 0.5277986377477646 912
1764108717137 0.5168742388486862 913
1764108725510 0.458732046186924 914
1764108733949 0.4911937788128853 915
1764108742329 0.5538111180067062 916
1764108750727 0.5611453801393509 917
1764108759134 0.4217969700694084 918
1764108767526 0.4737960770726204 919
1764108775924 0.509051539003849 920
1764108784293 0.5166044607758522 921
1764108792679 0.5965134799480438 922
1764108801080 0.4509391337633133 923
1764108809441 0.5012335479259491 924
1764108817834 0.6056483685970306 925
1764108826234 0.4944172129034996 926
1764108834619 0.5258440226316452 927
1764108843000 0.5431626737117767 928
1764108851376 0.5080786272883415 929
1764108859741 0.48447103798389435 930
1764108868127 0.4882243126630783 931
1764108876553 0.4996476322412491 932
1764108884952 0.5231808349490166 933
1764108893328 0.5085553303360939 934
1764108901730 0.5154783651232719 935
1764108910125 0.5190052390098572 936
1764108918539 0.5119439959526062 937
1764108926934 0.55287104845047 938
1764108991809 0.5531096905469894 940
1764109000183 0.5576028823852539 941
1764109008555 0.557920441031456 942
1764109016912 0.4958408996462822 943
1764109025273 0.49946098029613495 944
1764109033682 0.5205894336104393 945
1764109042095 0.49175702035427094 946
1764109050512 0.5266178846359253 947
1764109058933 0.5320013463497162 948
1764109067352 0.5519751161336899 949
1764109075771 0.4906330108642578 950
1764109084199 0.5976039618253708 951
1764109092751 0.4893362522125244 952
1764109101316 0.48071635514497757 953
1764109109707 0.5743064656853676 954
1764109118154 0.5107025057077408 955
1764109126545 0.4819713458418846 956
1764109134940 0.4976310506463051 957
1764109143524 0.49003051221370697 958
1764109151916 0.5820994526147842 959
1764109160333 0.4999152049422264 960
1764109168720 0.5630383417010307 961
1764109177139 0.5441139563918114 962
1764109185553 0.5610887631773949 963
1764109193964 0.48143187910318375 964
1764109202342 0.5695044174790382 965
1764109210715 0.48639341443777084 966
1764109219091 0.5191907286643982 967
1764109227506 0.5459074378013611 968
1764109235915 0.47019318491220474 969
1764109244320 0.5197434648871422 970
1764109252735 0.5217386558651924 971
1764109261121 0.4545339494943619 972
1764109269520 0.5279204100370407 973
1764109277939 0.5078774094581604 974
1764109286334 0.47822368890047073 975
1764109294714 0.4822087287902832 976
1764109303145 0.5011534169316292 977
1764109311531 0.5042959824204445 978
1764109319910 0.5255324020981789 979
1764109328310 0.5210891738533974 980
1764109336687 0.5100978463888168 981
1764109345080 0.423434279859066 982
1764109353441 0.5393698289990425 983
1764109361839 0.4963236525654793 984
1764109370215 0.5263460725545883 985
1764109378632 0.48301608860492706 986
1764109387058 0.47630445659160614 987
1764109395443 0.5348170176148415 988
1764109403848 0.5419988036155701 989
1764109412236 0.5293095484375954 990
1764109420616 0.5454221367835999 991
1764109429037 0.48700302839279175 992
1764109437433 0.4853270724415779 993
1764109445941 0.5385109484195709 994
1764109454292 0.491177536547184 995
1764109462667 0.4371914640069008 996
1764109471056 0.5814599692821503 997
1764109479426 0.4708966910839081 998
1764109487835 0.5601158812642097 999
1764109496412 0.5640159845352173 1000
1764109504806 0.5565030872821808 1001
1764109513193 0.521671250462532 1002
1764109521578 0.5045731142163277 1003
1764109529957 0.50679050385952 1004
1764109538315 0.4847757965326309 1005
1764109546719 0.5248590856790543 1006
1764109555146 0.5099932849407196 1007
1764109563521 0.475160151720047 1008
1764109571891 0.42473558336496353 1009
1764109580264 0.4727034941315651 1010
1764109588637 0.5052488967776299 1011
1764109597056 0.5111168399453163 1012
1764109605454 0.5754144415259361 1013
1764109613855 0.5803830549120903 1014
1764109622265 0.5907525718212128 1015
1764109630668 0.4935179203748703 1016
1764109639031 0.4817242920398712 1017
1764109647445 0.5407988652586937 1018
1764109655852 0.4449212774634361 1019
1764109664236 0.49270783364772797 1020
1764109672645 0.5602845847606659 1021
1764109681030 0.5235600173473358 1022
1764109689414 0.5308310985565186 1023
1764109697806 0.5166906043887138 1024
1764109706212 0.5035577639937401 1025
1764109714607 0.5122582316398621 1026
1764109723005 0.5458777248859406 1027
1764109731489 0.4867767095565796 1028
1764109739877 0.5145144984126091 1029
1764109748248 0.5148379951715469 1030
1764109756641 0.47049254179000854 1031
1764109765044 0.5870157331228256 1032
1764109773433 0.5341408476233482 1033
1764109781944 0.5240587890148163 1034
1764109790312 0.4886072278022766 1035
1764109798681 0.47477424144744873 1036
1764109807043 0.5008040368556976 1037
1764109815431 0.508464977145195 1038
1764109823827 0.5120271444320679 1039
1764109832211 0.5493838340044022 1040
1764109840572 0.6049771010875702 1041
1764109848956 0.47217801958322525 1042
1764109857346 0.5494020059704781 1043
1764109865693 0.49079179018735886 1044
1764109874083 0.5173176601529121 1045
1764109882455 0.4823547974228859 1046
1764109890848 0.4805581718683243 1047
1764109899249 0.45017576217651367 1048
1764109907596 0.4535568729043007 1049
1764109915965 0.5234899446368217 1050
1764109924353 0.5143191665410995 1051
1764109932747 0.48529987037181854 1052
1764109941131 0.48782267421483994 1053
1764109949503 0.49875829368829727 1054
1764109957860 0.5557514578104019 1055
1764109966354 0.46984195709228516 1056
1764109974723 0.482412725687027 1057
1764109983089 0.5066049173474312 1058
1764109991465 0.4816979393362999 1059
1764109999827 0.5715472102165222 1060
1764110008241 0.5495490282773972 1061
1764110016636 0.5319265946745872 1062
1764110025061 0.5327544584870338 1063
1764110033442 0.519079402089119 1064
1764110041792 0.5353511720895767 1065
1764110050156 0.5897619873285294 1066
1764110058529 0.4749481603503227 1067
1764110066913 0.538030356168747 1068
1764110075299 0.5057903230190277 1069
1764110083781 0.493178129196167 1070
1764110092179 0.5326666757464409 1071
1764110100540 0.5154449045658112 1072
1764110108908 0.47862549126148224 1073
1764110117310 0.5036317706108093 1074
1764110125664 0.5311216786503792 1075
1764110134063 0.4942883476614952 1076
1764110142421 0.48612766712903976 1077
1764110150830 0.5569463074207306 1078
1764110159196 0.5432546585798264 1079
1764110167570 0.5146644413471222 1080
1764110175947 0.5148734524846077 1081
1764110184325 0.5137202739715576 1082
1764110192694 0.41254840046167374 1083
1764110201082 0.48995812982320786 1084
1764110209458 0.5757574141025543 1085
1764110217823 0.5073636397719383 1086
1764110226231 0.5169891640543938 1087
1764110234681 0.48795735090970993 1088
1764110243072 0.5097963064908981 1089
1764110251445 0.4728173166513443 1090
1764110259818 0.4848656952381134 1091
1764110268234 0.5390784740447998 1092
1764110276606 0.51502326130867 1093
1764110284970 0.5069037079811096 1094
1764110293342 0.4955902472138405 1095
1764110301726 0.506309948861599 1096
1764110310135 0.47477567195892334 1097
1764110318554 0.4684056416153908 1098
1764110326919 0.5334677919745445 1099
1764110335281 0.5768423527479172 1100
1764110343697 0.5111645460128784 1101
1764110352076 0.5346365794539452 1102
1764110360477 0.5422965064644814 1103
1764110368863 0.5112274438142776 1104
1764110377293 0.517439641058445 1105
1764110385716 0.5291596353054047 1106
1764110394098 0.5220046639442444 1107
1764110402518 0.5105316713452339 1108
1764110410877 0.5296245291829109 1109
1764110419245 0.5647362917661667 1110
1764110427626 0.4656573086977005 1111
1764110436047 0.42386455833911896 1112
1764110444427 0.47412262111902237 1113
1764110452818 0.45996905863285065 1114
1764110461202 0.5289238020777702 1115
1764110469728 0.48470205813646317 1116
1764110478115 0.460284948348999 1117
1764110486502 0.5244098976254463 1118
1764110494872 0.47139371931552887 1119
1764110503243 0.512479342520237 1120
1764110511650 0.6227831840515137 1121
1764110520074 0.4649237245321274 1122
1764110528435 0.4891948103904724 1123
1764110536847 0.5182648748159409 1124
1764110545200 0.4882463365793228 1125
1764110553587 0.47739463299512863 1126
1764110561958 0.517643891274929 1127
1764110570334 0.5259749293327332 1128
1764110578703 0.5167864561080933 1129
1764110587070 0.519912950694561 1130
1764110595572 0.5256823003292084 1131
1764110603959 0.5298264473676682 1132
1764110612370 0.5169814452528954 1133
1764110620749 0.5001918077468872 1134
1764110629134 0.4826824590563774 1135
1764110637515 0.48640622198581696 1136
1764110645906 0.5199006572365761 1137
1764110654329 0.563106432557106 1138
1764110662834 0.5089466124773026 1139
1764110671206 0.48799458891153336 1140
1764110679579 0.4958017095923424 1141
1764110687969 0.5156863406300545 1142
1764110696350 0.4559173136949539 1143
1764110704761 0.4379112645983696 1144
1764110713143 0.4837842583656311 1145
1764110721524 0.5026613101363182 1146
1764110729893 0.5383777990937233 1147
1764110738307 0.470436729490757 1148
1764110746730 0.5532082617282867 1149
1764110755071 0.44185011833906174 1150
1764110763440 0.461326465010643 1151
1764110771834 0.5501711517572403 1152
1764110780210 0.5365556851029396 1153
1764110788606 0.5687570944428444 1154
1764110796966 0.5426310449838638 1155
1764110805394 0.4620167836546898 1156
1764110813804 0.5280417129397392 1157
1764110822335 0.4643060863018036 1158
1764110830740 0.4907611683011055 1159
1764110839126 0.5402373746037483 1160
1764110847520 0.520969033241272 1161
1764110855952 0.5664765015244484 1162
1764110864346 0.5769284814596176 1163
1764110872722 0.471140094101429 1164
1764110881102 0.500837504863739 1165
1764110889452 0.4808023199439049 1166
1764110897844 0.538908526301384 1167
1764110906247 0.502610020339489 1168
1764110914648 0.45455365628004074 1169
1764110923003 0.5159988179802895 1170
1764110931391 0.5148645639419556 1171
1764110939780 0.49331747740507126 1172
1764110948164 0.5164193734526634 1173
1764110956545 0.4631650522351265 1174
1764110964895 0.5092874690890312 1175
1764110973309 0.5075435936450958 1176
1764110981695 0.5349744185805321 1177
1764110990072 0.4594966396689415 1178
1764110998456 0.5422317907214165 1179
1764111006913 0.5492967218160629 1180
1764111015279 0.4668599143624306 1181
1764111023669 0.4955853000283241 1182
1764111032031 0.5007238835096359 1183
1764111040424 0.46103350818157196 1184
1764111048850 0.5202786847949028 1185
1764111057242 0.529143862426281 1186
1764111065634 0.5121431797742844 1187
1764111074043 0.5498946607112885 1188
1764111082421 0.4763125330209732 1189
1764111090928 0.5162276327610016 1190
1764111099287 0.4961702674627304 1191
1764111107790 0.47903579473495483 1192
1764111116184 0.49984174966812134 1193
1764111124551 0.5093425661325455 1194
1764111132948 0.5330254286527634 1195
1764111141330 0.5252378582954407 1196
1764111149714 0.5215517953038216 1197
1764111158085 0.4640952795743942 1198
1764111166643 0.4988115504384041 1199
1764111175027 0.496957503259182 1200
1764111183413 0.5123381465673447 1201
1764111191798 0.4566248953342438 1202
1764111200196 0.5094689056277275 1203
1764111208602 0.5353357419371605 1204
1764111216988 0.4722318798303604 1205
1764111225351 0.4969625398516655 1206
1764111233786 0.49913668632507324 1207
1764111242167 0.4967673197388649 1208
1764111250577 0.4695206508040428 1209
1764111258955 0.5097712352871895 1210
1764111267372 0.43752866238355637 1211
1764111275753 0.5328902825713158 1212
1764111284138 0.5425887554883957 1213
1764111292558 0.458053283393383 1214
1764111300974 0.5477983057498932 1215
1764111309366 0.4766474738717079 1216
1764111317732 0.4835796132683754 1217
1764111326115 0.46986453980207443 1218
1764111334481 0.4988380968570709 1219
1764111342841 0.45502015948295593 1220
1764111351211 0.5132009983062744 1221
1764111359552 0.4939619302749634 1222
1764111367947 0.48748036473989487 1223
1764111376338 0.49846066534519196 1224
1764111384736 0.5515110045671463 1225
1764111393101 0.5088322460651398 1226
1764111401475 0.5059489384293556 1227
1764111409854 0.5727156102657318 1228
1764111418260 0.5238053798675537 1229
1764111426639 0.5137020722031593 1230
1764111435011 0.4647113308310509 1231
1764111443510 0.5336299315094948 1232
1764111451915 0.5747643411159515 1233
1764111460268 0.4970833286643028 1234
1764111468652 0.5221373811364174 1235
1764111477032 0.5260132178664207 1236
1764111485418 0.4971480220556259 1237
1764111493799 0.4989657923579216 1238
1764111502169 0.5802035927772522 1239
1764111510534 0.5464908853173256 1240
1764111519063 0.5179589986801147 1241
1764111527441 0.4945978447794914 1242
1764111535809 0.5122313722968102 1243
1764111544192 0.5140503793954849 1244
1764111552567 0.5319267511367798 1245
1764111560938 0.5178612321615219 1246
1764111569318 0.50423214584589 1247
1764111577677 0.5061448737978935 1248
1764111586045 0.5108439922332764 1249
1764111594413 0.4755360186100006 1250
1764111602791 0.4477568417787552 1251
1764111671196 0.5039559081196785 1253
1764111679560 0.4709484279155731 1254
1764111687920 0.5035890266299248 1255
1764111696264 0.524760015308857 1256
1764111704610 0.4806777834892273 1257
1764111712988 0.5346406623721123 1258
1764111721356 0.4823116511106491 1259
1764111729736 0.539340615272522 1260
1764111738098 0.5070067867636681 1261
1764111746512 0.555455356836319 1262
1764111754884 0.5386075600981712 1263
1764111763248 0.5153263136744499 1264
1764111771822 0.4927375689148903 1265
1764111780240 0.5631024241447449 1266
1764111788640 0.4710591733455658 1267
1764111797068 0.5055803209543228 1268
1764111805473 0.4878358542919159 1269
1764111813894 0.5058260560035706 1270
1764111822281 0.5405841767787933 1271
1764111830711 0.526179313659668 1272
1764111839094 0.48355236649513245 1273
1764111847504 0.6074663773179054 1274
1764111855893 0.5500410199165344 1275
1764111864287 0.5302551984786987 1276
1764111872673 0.5415454432368279 1277
1764111881042 0.5364553928375244 1278
1764111889456 0.5367644354701042 1279
1764111897819 0.4828300178050995 1280
1764111906262 0.5001604110002518 1281
1764111914670 0.4759543165564537 1282
1764111923060 0.5024562850594521 1283
1764111931476 0.5362583696842194 1284
1764111939926 0.5064801871776581 1285
1764111948332 0.503602460026741 1286
1764111956761 0.5497904717922211 1287
1764111965196 0.5395234227180481 1288
1764111973596 0.4926793575286865 1289
1764111982013 0.515689343214035 1290
1764111990399 0.5463201403617859 1291
1764111998941 0.5511208549141884 1292
1764112007371 0.4095289036631584 1293
1764112015736 0.5832942128181458 1294
1764112024121 0.47969649732112885 1295
1764112032501 0.5258513689041138 1296
1764112040927 0.5853299051523209 1297
1764112049294 0.5620667114853859 1298
1764112057664 0.5706227719783783 1299
1764112066042 0.5232823863625526 1300
1764112074466 0.5564628541469574 1301
1764112082889 0.5518534779548645 1302
1764112091283 0.5319635421037674 1303
1764112099682 0.5074402540922165 1304
1764112108063 0.5009957402944565 1305
1764112116441 0.5220302790403366 1306
1764112124846 0.542302094399929 1307
1764112133211 0.5084808617830276 1308
1764112141570 0.5452694743871689 1309
1764112149936 0.5142658278346062 1310
1764112158355 0.4768368899822235 1311
1764112166775 0.5271072313189507 1312
1764112175153 0.5499765798449516 1313
1764112183545 0.47809310257434845 1314
1764112191925 0.4961833953857422 1315
1764112200319 0.5040158629417419 1316
1764112208701 0.47351815551519394 1317
1764112217139 0.5365902930498123 1318
1764112225532 0.4756092429161072 1319
1764112233923 0.4982891008257866 1320
1764112242305 0.49682580679655075 1321
1764112250865 0.45990122854709625 1322
1764112259234 0.49869562685489655 1323
1764112267621 0.5441305711865425 1324
1764112275968 0.49926844984292984 1325
1764112284353 0.49037277698516846 1326
1764112292743 0.48459698259830475 1327
1764112301099 0.4960131049156189 1328
1764112309478 0.4622129499912262 1329
1764112317844 0.5173346847295761 1330
1764112326212 0.4519227519631386 1331
1764112334576 0.5552801340818405 1332
1764112342997 0.4985510781407356 1333
1764112351394 0.5396293476223946 1334
1764112359771 0.5356444418430328 1335
1764112368180 0.4983789026737213 1336
1764112376555 0.4745069816708565 1337
1764112384948 0.5834551900625229 1338
1764112393346 0.4871356934309006 1339
1764112401731 0.46363676339387894 1340
1764112410109 0.5277552455663681 1341
1764112418515 0.47447869926691055 1342
1764112426880 0.4895654320716858 1343
1764112435261 0.5380019694566727 1344
1764112443677 0.49404820799827576 1345
1764112452033 0.4791867733001709 1346
1764112460419 0.5215269029140472 1347
1764112468811 0.48589858412742615 1348
1764112477192 0.5347050130367279 1349
1764112485565 0.5264871716499329 1350
1764112494078 0.5434625670313835 1351
1764112502481 0.4811052456498146 1352
1764112510886 0.5629039704799652 1353
1764112519227 0.4961821064352989 1354
1764112527580 0.5413404628634453 1355
1764112535948 0.4789646491408348 1356
1764112544333 0.5531935915350914 1357
1764112552698 0.5949487686157227 1358
1764112561070 0.4885161742568016 1359
1764112569455 0.49480294436216354 1360
1764112577852 0.507124774158001 1361
1764112586209 0.5228075608611107 1362
1764112594584 0.49313264340162277 1363
1764112602943 0.5206178799271584 1364
1764112611314 0.5366337075829506 1365
1764112619667 0.5621857270598412 1366
1764112628064 0.5084176808595657 1367
1764112636516 0.5263610258698463 1368
1764112645020 0.5060469135642052 1369
1764112653408 0.504438154399395 1370
1764112661772 0.528288871049881 1371
1764112670159 0.4980950132012367 1372
1764112678544 0.5238758102059364 1373
1764112686940 0.4834698885679245 1374
1764112695317 0.4719325006008148 1375
1764112703715 0.5065132677555084 1376
1764112712096 0.5634271055459976 1377
1764112720482 0.5421302020549774 1378
1764112728835 0.5027106404304504 1379
1764112737223 0.53419329226017 1380
1764112745631 0.47166161984205246 1381
1764112754137 0.512214370071888 1382
1764112762511 0.4880809411406517 1383
1764112770893 0.4556794688105583 1384
1764112779260 0.5392080545425415 1385
1764112787651 0.5122206807136536 1386
1764112796045 0.49640583992004395 1387
1764112804432 0.4933193027973175 1388
1764112812824 0.5360654592514038 1389
1764112821240 0.48850762099027634 1390
1764112829608 0.4629584774374962 1391
1764112837993 0.5183394104242325 1392
1764112846489 0.5037952363491058 1393
1764112854882 0.4894016161561012 1394
1764112863260 0.49142953008413315 1395
1764112871652 0.46043170243501663 1396
1764112880024 0.5273797959089279 1397
1764112888414 0.5430868268013 1398
1764112896825 0.46706322580575943 1399
1764112905245 0.44285669177770615 1400
1764112913632 0.49282100796699524 1401
1764112922015 0.5635675117373466 1402
1764112930400 0.5059223175048828 1403
1764112938778 0.520355299115181 1404
1764112947147 0.5265364944934845 1405
1764112955526 0.5110003724694252 1406
1764112963896 0.46317294239997864 1407
1764112972270 0.4843353107571602 1408
1764112980661 0.4635258689522743 1409
1764112989030 0.4938001409173012 1410
1764112997425 0.4930846840143204 1411
1764113005799 0.4814920872449875 1412
1764113014219 0.5572118908166885 1413
1764113022601 0.58256034553051 1414
1764113030972 0.5588995218276978 1415
1764113039350 0.49691522121429443 1416
1764113047712 0.6085449680685997 1417
1764113056053 0.5372306182980537 1418
1764113064466 0.5001156032085419 1419
1764113072849 0.52533920109272 1420
1764113081279 0.5207882523536682 1421
1764113089656 0.4764337092638016 1422
1764113098035 0.5179123803973198 1423
1764113106564 0.5231111571192741 1424
1764113114927 0.48800186067819595 1425
1764113123506 0.4685031399130821 1426
1764113131903 0.4967777207493782 1427
1764113140281 0.5514535009860992 1428
1764113148788 0.4358398839831352 1429
1764113157169 0.43880409002304077 1430
1764113165577 0.5067865327000618 1431
1764113173966 0.5399562120437622 1432
1764113182370 0.5101914331316948 1433
1764113190781 0.5174605622887611 1434
1764113199164 0.5373749434947968 1435
1764113207538 0.5404649525880814 1436
1764113215902 0.5677599757909775 1437
1764113224353 0.5436303690075874 1438
1764113232757 0.5409284755587578 1439
1764113241122 0.4777054339647293 1440
1764113249503 0.5061903968453407 1441
1764113257915 0.4752519354224205 1442
1764113266309 0.47229503095149994 1443
1764113274720 0.49720755219459534 1444
1764113283095 0.4767247959971428 1445
1764113291446 0.5154375061392784 1446
1764113299814 0.4978935346007347 1447
1764113308215 0.5140264704823494 1448
1764113316596 0.48553597182035446 1449
1764113324972 0.5207008048892021 1450
1764113333376 0.4578453227877617 1451
1764113341787 0.5923958271741867 1452
1764113350167 0.5285534113645554 1453
1764113358581 0.49795184284448624 1454
1764113366977 0.4435591325163841 1455
1764113375396 0.4627663940191269 1456
1764113383790 0.49675600230693817 1457
1764113392288 0.49588190019130707 1458
1764113400651 0.5624653846025467 1459
1764113409034 0.5764949768781662 1460
1764113417375 0.5669517070055008 1461
1764113425787 0.5282158628106117 1462
1764113434172 0.5318824276328087 1463
1764113442552 0.5116898268461227 1464
1764113450915 0.5337851941585541 1465
1764113459319 0.5199403315782547 1466
1764113467700 0.5473298877477646 1467
1764113476103 0.5163475424051285 1468
1764113484495 0.5648979246616364 1469
1764113492914 0.5392011478543282 1470
1764113501396 0.5154309794306755 1471
1764113509780 0.5442439988255501 1472
1764113518147 0.4889737218618393 1473
1764113526511 0.4896748438477516 1474
1764113534880 0.5110220983624458 1475
1764113543242 0.5081701576709747 1476
1764113551611 0.5037171915173531 1477
1764113559977 0.49981483072042465 1478
1764113568361 0.5499999970197678 1479
1764113576756 0.479332372546196 1480
1764113585139 0.5152848064899445 1481
1764113593522 0.536549523472786 1482
1764113601909 0.5851379781961441 1483
1764113610257 0.43648695945739746 1484
1764113618649 0.5272053629159927 1485
1764113627052 0.508078545331955 1486
1764113635453 0.5063497871160507 1487
1764113643839 0.4772336184978485 1488
1764113652222 0.5598946213722229 1489
1764113660575 0.47065021097660065 1490
1764113668924 0.495547890663147 1491
1764113677325 0.5303408429026604 1492
1764113685697 0.5236119851469994 1493
1764113694080 0.4847622811794281 1494
1764113702456 0.49416884034872055 1495
1764113710839 0.5059134587645531 1496
1764113719212 0.4738205522298813 1497
1764113727573 0.4916824921965599 1498
1764113735962 0.48078756779432297 1499
1764113744333 0.5414224490523338 1500
1764113752726 0.49302246421575546 1501
1764113761128 0.47942981123924255 1502
1764113769500 0.4288550764322281 1503
1764113778008 0.45596569031476974 1504
1764113786392 0.48487158864736557 1505
1764113794773 0.5114910379052162 1506
1764113803131 0.5192582979798317 1507
1764113811485 0.5098361819982529 1508
1764113819855 0.5359601452946663 1509
1764113828263 0.4982547014951706 1510
1764113836665 0.41985105723142624 1511
1764113845022 0.5119456499814987 1512
1764113853464 0.5051240250468254 1513
1764113861859 0.5064269006252289 1514
1764113870230 0.5137672945857048 1515
1764113878601 0.50078996270895 1516
1764113886951 0.5308163315057755 1517
1764113895311 0.5004356503486633 1518
1764113903699 0.505437470972538 1519
1764113912114 0.4882712885737419 1520
1764113920516 0.49924136698246 1521
1764113928955 0.5110858455300331 1522
1764113937344 0.4710199758410454 1523
1764113945752 0.48766351491212845 1524
1764113954149 0.5040793195366859 1525
1764113962533 0.5313093662261963 1526
1764113970921 0.5031308382749557 1527
1764113979312 0.4927392303943634 1528
1764113987685 0.5242645591497421 1529
1764113996181 0.49085671454668045 1530
1764114004557 0.4891124814748764 1531
1764114012945 0.4749169945716858 1532
1764114021319 0.5055167749524117 1533
1764114029673 0.5295960754156113 1534
1764114038047 0.42750881612300873 1535
1764114046445 0.46913862228393555 1536
1764114054847 0.4705811142921448 1537
1764114063238 0.5233389139175415 1538
1764114071610 0.5180156528949738 1539
1764114080015 0.4854307845234871 1540
1764114088379 0.5276697650551796 1541
1764114096735 0.41162826865911484 1542
1764114105081 0.4818401411175728 1543
1764114113482 0.5781595259904861 1544
1764114121875 0.5027566775679588 1545
1764114130309 0.5422191470861435 1546
1764114138695 0.4709034338593483 1547
1764114147079 0.48634307086467743 1548
1764114155420 0.5337290540337563 1549
1764114163764 0.49198179692029953 1550
1764114172160 0.5224107652902603 1551
1764114180583 0.46158091723918915 1552
1764114188967 0.508075900375843 1553
1764114197354 0.5023234933614731 1554
1764114205713 0.5424364879727364 1555
1764114214115 0.5257416069507599 1556
1764114222511 0.5319545269012451 1557
1764114230906 0.5049080923199654 1558
1764114239284 0.5390860363841057 1559
1764114247681 0.4704396352171898 1560
1764114256078 0.55372554063797 1561
1764114264441 0.5094986706972122 1562
1764114272940 0.481302373111248 1563
1764114281380 0.47879981994628906 1564
