1764100965620 1.1205092072486877 1
1764100973971 1.0210241079330444 2
1764100982346 0.9919485151767731 3
1764100990721 0.9880279004573822 4
1764100999119 0.9430711567401886 5
1764101007541 0.9406417310237885 6
1764101015993 0.9309113919734955 7
1764101024442 0.9200035780668259 8
1764101032879 0.7620723098516464 9
1764101041338 0.8226123005151749 10
1764101049795 0.8172656893730164 11
1764101058207 0.8977286964654922 12
1764101066647 0.884138360619545 13
1764101075079 0.8350871801376343 14
1764101083534 0.789842039346695 15
1764101091964 0.9405372887849808 16
1764101100429 0.8135509043931961 17
1764101108860 0.8804505616426468 18
1764101117253 0.6984537467360497 19
1764101125677 0.7589561343193054 20
1764101134067 0.8284920454025269 21
1764101142458 0.8211810439825058 22
1764101151059 0.77671679854393 23
1764101159462 0.823018029332161 24
1764101167879 0.7202165722846985 25
1764101176296 0.792648121714592 26
1764101184706 0.6968135833740234 27
1764101193293 0.826369971036911 28
1764101201647 0.835658386349678 29
1764101210047 0.7843603044748306 30
1764101218436 0.8040063828229904 31
1764101226831 0.7298318296670914 32
1764101235237 0.8060161620378494 33
1764101243630 0.740545853972435 34
1764101252036 0.6727893650531769 35
1764101260434 0.743311733007431 36
1764101268832 0.7506273239850998 37
1764101277238 0.705791562795639 38
1764101285640 0.7896563559770584 39
1764101294041 0.7987414300441742 40
1764101302409 0.6691391319036484 41
1764101310769 0.6858437657356262 42
1764101319135 0.7924593538045883 43
1764101327559 0.7802167683839798 44
1764101335944 0.665013000369072 45
1764101344349 0.7037034928798676 46
1764101352729 0.7899589091539383 47
1764101361092 0.7998431324958801 48
1764101369482 0.7709244042634964 49
1764101377835 0.8283920437097549 50
1764101386198 0.7161373943090439 51
1764101394576 0.8127295076847076 52
1764101402982 0.7312620133161545 53
1764101411330 0.6700211614370346 54
1764101419729 0.7007296532392502 55
1764101428206 0.7148212641477585 56
1764101436569 0.807758167386055 57
1764101444989 0.7458482384681702 58
1764101453382 0.7230748385190964 59
1764101461762 0.7803630977869034 60
1764101470141 0.8500135540962219 61
1764101478510 0.7311495393514633 62
1764101486907 0.738690122961998 63
1764101495305 0.7270321547985077 64
1764101503716 0.7560718506574631 65
1764101512078 0.6966691166162491 66
1764101520463 0.7155478447675705 67
1764101528836 0.6229623705148697 68
1764101537219 0.6402942687273026 69
1764101545578 0.7999960780143738 70
1764101553963 0.7482326775789261 71
1764101562333 0.659913495182991 72
1764101570701 0.7349060028791428 73
1764101579130 0.6675124242901802 74
1764101587526 0.7386040240526199 75
1764101595922 0.7266013622283936 76
1764101604291 0.7633182257413864 77
1764101612642 0.6735315471887589 78
1764101621002 0.6985369920730591 79
1764101629369 0.6629593670368195 80
1764101637722 0.7559123337268829 81
1764101646089 0.6843158304691315 82
1764101654487 0.7116641998291016 83
1764101662858 0.7626162320375443 84
1764101671226 0.7613359540700912 85
1764101679614 0.7565757036209106 86
1764101688009 0.714049682021141 87
1764101696359 0.7137046754360199 88
1764101704724 0.6998622864484787 89
1764101713100 0.66895392537117 90
1764101721491 0.7185206115245819 91
1764101729896 0.7782414108514786 92
1764101738283 0.7488831430673599 93
1764101746684 0.7966129928827286 94
1764101755056 0.6376519054174423 95
1764101763442 0.7201305627822876 96
1764101771832 0.7513904720544815 97
1764101780211 0.7681049853563309 98
1764101788621 0.8390149772167206 99
1764101797002 0.7555512338876724 100
1764101805412 0.7699914276599884 101
1764101813784 0.6959807127714157 102
1764101822170 0.7963045835494995 103
1764101830578 0.6886390447616577 104
1764101838965 0.6841587573289871 105
1764101847337 0.7891578078269958 106
1764101855712 0.8147632926702499 107
1764101864105 0.6246919631958008 108
1764101872485 0.6990001350641251 109
1764101880900 0.6446483284235001 110
1764101889262 0.743385836482048 111
1764101897645 0.7038885802030563 112
1764101906057 0.7437413036823273 113
1764101914429 0.7749021500349045 114
1764101922809 0.7255470752716064 115
1764101931183 0.701611340045929 116
1764101939611 0.6325130090117455 117
1764101948013 0.6963839679956436 118
1764101956390 0.7562678456306458 119
1764101964778 0.7136650085449219 120
1764101973131 0.5631843507289886 121
1764101981538 0.5832805931568146 122
1764101989910 0.6538903266191483 123
1764101998294 0.8194167762994766 124
1764102006673 0.7153934836387634 125
1764102015149 0.7387445718050003 126
1764102023512 0.7195838093757629 127
1764102031903 0.6448381841182709 128
1764102040290 0.659404844045639 129
1764102048676 0.6064260303974152 130
1764102057190 0.7091321647167206 131
1764102065543 0.7441536635160446 132
1764102074050 0.7193296104669571 133
1764102082445 0.6719847172498703 134
1764102090812 0.7432377636432648 135
1764102099204 0.7481603622436523 136
1764102107588 0.7945409268140793 137
1764102115955 0.6670133322477341 138
1764102124312 0.6177569627761841 139
1764102132654 0.6773785352706909 140
1764102141046 0.7566322833299637 141
1764102149418 0.6637839376926422 142
1764102157812 0.64950031042099 143
1764102166170 0.7302597910165787 144
1764102174532 0.7522638589143753 145
1764102182917 0.6337682604789734 146
1764102191299 0.6634239107370377 147
1764102199659 0.6416303515434265 148
1764102208054 0.7799195349216461 149
1764102216431 0.6400940120220184 150
1764102224819 0.6847334653139114 151
1764102233212 0.6280082017183304 152
1764102241614 0.6291185617446899 153
1764102250008 0.6450217217206955 154
1764102258394 0.6753791719675064 155
1764102266770 0.586933009326458 156
1764102275167 0.7250678539276123 157
1764102283548 0.6324063241481781 158
1764102291981 0.6911571025848389 159
1764102300373 0.5929169207811356 160
1764102308772 0.6528864502906799 161
1764102317153 0.6930425018072128 162
1764102325534 0.6679938286542892 163
1764102333931 0.7079722583293915 164
1764102342324 0.6710587441921234 165
1764102350721 0.6935924142599106 166
1764102359091 0.7189262956380844 167
1764102367475 0.6615999042987823 168
1764102375891 0.6822668015956879 169
1764102384281 0.6949029862880707 170
1764102392686 0.7124870121479034 171
1764102401081 0.6511892154812813 172
1764102409444 0.7592939883470535 173
1764102417862 0.6537104249000549 174
1764102426252 0.6649498790502548 175
1764102434648 0.6678927391767502 176
1764102443080 0.6143076121807098 177
1764102451454 0.6749238073825836 178
1764102459822 0.693172499537468 179
1764102468204 0.6206937581300735 180
1764102476595 0.6681336015462875 181
1764102484940 0.6681058406829834 182
1764102493306 0.6574156433343887 183
1764102501674 0.6409402638673782 184
1764102510043 0.702657163143158 185
1764102518573 0.647866502404213 186
1764102526972 0.6447251439094543 187
1764102535367 0.6585494726896286 188
1764102543738 0.7314400374889374 189
1764102552253 0.6611057817935944 190
1764102560649 0.6393968313932419 191
1764102569011 0.691275879740715 192
1764102577544 0.66496841609478 193
1764102585943 0.5917985513806343 194
1764102594318 0.6068843528628349 195
1764102602704 0.7054797559976578 196
1764102611106 0.7445178031921387 197
1764102619503 0.6117924079298973 198
1764102627888 0.648196667432785 199
1764102636294 0.6015537232160568 200
1764102644688 0.6907656192779541 201
1764102653060 0.6150237247347832 202
1764102661428 0.5889072492718697 203
1764102669821 0.7358020842075348 204
1764102678238 0.7169197797775269 205
1764102686634 0.6769408136606216 206
1764102695039 0.6844411715865135 207
1764102703392 0.7057516127824783 208
1764102711786 0.6740383356809616 209
1764102720164 0.6304397284984589 210
1764102728493 0.6931012272834778 211
1764102736899 0.6322207897901535 212
1764102745297 0.5904296487569809 213
1764102753690 0.5024316236376762 214
1764102762091 0.6859527081251144 215
1764102770477 0.6588038951158524 216
1764102778858 0.5914592742919922 217
1764102787242 0.5880511999130249 218
1764102795606 0.6914785951375961 219
1764102804034 0.5928810238838196 220
1764102812420 0.6855346709489822 221
1764102820790 0.5653157159686089 222
1764102829178 0.6302486881613731 223
1764102837562 0.6730644255876541 224
1764102845942 0.6376538276672363 225
1764102854332 0.6096122413873672 226
1764102862696 0.6633858233690262 227
1764102871218 0.6459200233221054 228
1764102879602 0.6442629545927048 229
1764102887979 0.6694815754890442 230
1764102896342 0.681181937456131 231
1764102904832 0.6740701794624329 232
1764102913211 0.5722274333238602 233
1764102921582 0.6069292053580284 234
1764102930108 0.7036039978265762 235
1764102938524 0.6761679351329803 236
1764102946889 0.7143520414829254 237
1764102955278 0.700261652469635 238
1764102963639 0.661377489566803 239
1764102972023 0.6955784112215042 240
1764102980401 0.6898818463087082 241
1764102988813 0.5889855697751045 242
1764102997243 0.7392568290233612 243
1764103005613 0.6475888937711716 244
1764103014005 0.6642820090055466 245
1764103022354 0.6910796463489532 246
1764103030713 0.6368692815303802 247
1764103039135 0.6498553156852722 248
1764103047494 0.5869816392660141 249
1764103055871 0.7276843190193176 250
1764103064276 0.6555246114730835 251
1764103072641 0.6466105058789253 252
1764103081090 0.622742623090744 253
1764103089489 0.5975000560283661 254
1764103097869 0.648741826415062 255
1764103106269 0.6852239370346069 256
1764103114670 0.6379453539848328 257
1764103123041 0.682264432311058 258
1764103131429 0.6667681187391281 259
1764103139782 0.6379633992910385 260
1764103148183 0.6254522651433945 261
1764103156693 0.6181540042161942 262
1764103165099 0.6083783730864525 263
1764103173456 0.7711946666240692 264
1764103181977 0.6889107078313828 265
1764103190336 0.6583288460969925 266
1764103198729 0.6539572775363922 267
1764103207247 0.6288933455944061 268
1764103215633 0.6139562875032425 269
1764103224049 0.592107467353344 270
1764103232434 0.7396032363176346 271
1764103240815 0.6570400446653366 272
1764103249157 0.6243573725223541 273
1764103257524 0.579274021089077 274
1764103265888 0.6102050393819809 275
1764103274247 0.701039046049118 276
1764103282628 0.6498978361487389 277
1764103291029 0.6236252635717392 278
1764103299405 0.7188972234725952 279
1764103307775 0.6870723515748978 280
1764103316139 0.5989028736948967 281
1764103324517 0.6152331531047821 282
1764103332875 0.580298125743866 283
1764103341295 0.6690796315670013 284
1764103349649 0.6364810168743134 285
1764103358019 0.5923266261816025 286
1764103366430 0.5908843874931335 287
1764103374843 0.6228844150900841 288
1764103383234 0.6566255688667297 289
1764103391602 0.6911886781454086 290
1764103399986 0.6672378331422806 291
1764103408356 0.6218181997537613 292
1764103416745 0.6683953255414963 293
1764103425111 0.6813237518072128 294
1764103433506 0.6572001129388809 295
1764103441906 0.5949545055627823 296
1764103450277 0.6099644228816032 297
1764103458643 0.6154293119907379 298
1764103467050 0.6016926467418671 299
1764103475443 0.6337303072214127 300
1764103483799 0.6314890161156654 301
1764103492175 0.53244199603796 302
1764103500571 0.6741512417793274 303
1764103508988 0.5883841812610626 304
1764103517420 0.6683084070682526 305
1764103525791 0.6257897764444351 306
1764103534174 0.603039562702179 307
1764103542572 0.6365003287792206 308
1764103550942 0.667119637131691 309
1764103559311 0.6246042102575302 310
1764103567679 0.6114314794540405 311
1764103576068 0.6229528859257698 312
1764103640609 0.5591214224696159 314
1764103648978 0.5756342932581902 315
1764103657363 0.5955246835947037 316
1764103665755 0.6399607211351395 317
1764103674151 0.5624864995479584 318
1764103682576 0.45176275074481964 319
1764103690974 0.5711246579885483 320
1764103699386 0.6115692555904388 321
1764103707790 0.6247112303972244 322
1764103716188 0.6489283442497253 323
1764103724631 0.628108561038971 324
1764103733044 0.555694468319416 325
1764103741476 0.5698125287890434 326
1764103749923 0.5327736958861351 327
1764103758343 0.6178894191980362 328
1764103766934 0.6697792857885361 329
1764103775352 0.6927192658185959 330
1764103783773 0.5737550407648087 331
1764103792173 0.5230775475502014 332
1764103800595 0.5804686397314072 333
1764103808995 0.6521706283092499 334
1764103817419 0.6579452157020569 335
1764103825835 0.6095520257949829 336
1764103834272 0.6331756263971329 337
1764103842653 0.6697215884923935 338
1764103851059 0.5688253715634346 339
1764103859487 0.5590380728244781 340
1764103867882 0.5262664705514908 341
1764103876276 0.6415090709924698 342
1764103884652 0.5868988409638405 343
1764103893050 0.580172561109066 344
1764103901607 0.6100104749202728 345
1764103909975 0.5915741473436356 346
1764103918347 0.6343638002872467 347
1764103926974 0.6296128034591675 348
1764103935364 0.6186248660087585 349
1764103943757 0.5556701347231865 350
1764103952156 0.6116570830345154 351
1764103960575 0.6236865967512131 352
1764103968990 0.5981777161359787 353
1764103977396 0.5350629389286041 354
1764103985818 0.6049508899450302 355
1764103994211 0.5701784417033195 356
1764104002610 0.5656976699829102 357
1764104011006 0.5538298189640045 358
1764104019429 0.5978198498487473 359
1764104027837 0.5306982919573784 360
1764104036213 0.5301048159599304 361
1764104044649 0.6270715147256851 362
1764104053040 0.5751649811863899 363
1764104061464 0.6415529251098633 364
1764104069862 0.6767116338014603 365
1764104078250 0.5659279823303223 366
1764104086655 0.6131842881441116 367
1764104095071 0.5825323015451431 368
1764104103470 0.5570561587810516 369
1764104111850 0.5929379388689995 370
1764104120231 0.575334221124649 371
1764104128637 0.6454703211784363 372
1764104137020 0.6797337383031845 373
1764104145400 0.6662522703409195 374
1764104153798 0.5096900314092636 375
1764104162220 0.44863510876893997 376
1764104170625 0.6019904017448425 377
1764104179007 0.5688564628362656 378
1764104187384 0.530335895717144 379
1764104195760 0.5454446375370026 380
1764104204137 0.571327231824398 381
1764104212558 0.5158045217394829 382
1764104220957 0.615823544561863 383
1764104229336 0.5641472116112709 384
1764104237736 0.4927002564072609 385
1764104246135 0.589890606701374 386
1764104254646 0.5502404347062111 387
1764104263011 0.5565249845385551 388
1764104271407 0.6439639329910278 389
1764104279939 0.6253270506858826 390
1764104288300 0.6285954415798187 391
1764104296710 0.5093500688672066 392
1764104305110 0.5893679112195969 393
1764104313496 0.5205496475100517 394
1764104321859 0.6136579513549805 395
1764104330248 0.5993541777133942 396
1764104338622 0.6373019218444824 397
1764104347038 0.5185784995555878 398
1764104355431 0.5253599733114243 399
1764104363848 0.6352440714836121 400
1764104372226 0.5628983378410339 401
1764104380560 0.5836226344108582 402
1764104388939 0.5929950475692749 403
1764104397310 0.6373730152845383 404
1764104405673 0.49570363759994507 405
1764104414055 0.5454731360077858 406
1764104422445 0.5228528007864952 407
1764104430847 0.5098173171281815 408
1764104439226 0.539682112634182 409
1764104447628 0.5950597822666168 410
1764104456030 0.49218839406967163 411
1764104464403 0.5458529517054558 412
1764104472805 0.618569016456604 413
1764104481181 0.601192906498909 414
1764104489539 0.5530553609132767 415
1764104497938 0.5328212752938271 416
1764104506352 0.6753317266702652 417
1764104514726 0.6491253674030304 418
1764104523101 0.5960807055234909 419
1764104531607 0.6164470463991165 420
1764104540000 0.547446221113205 421
1764104548362 0.5648856312036514 422
1764104556891 0.5719335526227951 423
1764104565250 0.6118919253349304 424
1764104573639 0.5391562432050705 425
1764104582034 0.48032571375370026 426
1764104590459 0.5609903335571289 427
1764104598804 0.5045762658119202 428
1764104607208 0.5429978668689728 429
1764104615629 0.45884303003549576 430
1764104624003 0.5346762537956238 431
1764104632397 0.43078624457120895 432
1764104640884 0.5736249834299088 433
1764104649240 0.620088741183281 434
1764104657614 0.6183275282382965 435
1764104665984 0.6161722838878632 436
1764104674368 0.6523930728435516 437
1764104682733 0.5563811361789703 438
1764104691121 0.5207515582442284 439
1764104699508 0.5320731773972511 440
1764104707855 0.5365821644663811 441
1764104716243 0.4782146289944649 442
1764104724629 0.513390339910984 443
1764104733004 0.5071073621511459 444
1764104741378 0.5042557716369629 445
1764104749740 0.5460550114512444 446
1764104758090 0.3936085179448128 447
1764104766483 0.5328280180692673 448
1764104774843 0.5982325077056885 449
1764104783210 0.5711399465799332 450
1764104791559 0.5932746902108192 451
1764104799953 0.5759178623557091 452
1764104808333 0.6126568168401718 453
1764104816761 0.5582856014370918 454
1764104825164 0.5263069942593575 455
1764104833575 0.5613023638725281 456
1764104841951 0.6199638396501541 457
1764104850333 0.542459025979042 458
1764104858709 0.5697157829999924 459
1764104867077 0.5661812052130699 460
1764104875468 0.564020961523056 461
1764104883900 0.6472824513912201 462
1764104892243 0.5589445382356644 463
1764104900627 0.48909512162208557 464
1764104909040 0.5538221299648285 465
1764104917443 0.580470010638237 466
1764104925840 0.6322833895683289 467
1764104934232 0.40876587480306625 468
1764104942601 0.5459827333688736 469
1764104950971 0.544198527932167 470
1764104959374 0.5524232536554337 471
1764104967782 0.5433803349733353 472
1764104976157 0.5660397708415985 473
1764104984570 0.614019975066185 474
1764104992951 0.6011270135641098 475
1764105001308 0.6538843959569931 476
1764105009688 0.602397546172142 477
1764105018074 0.6975983381271362 478
1764105026428 0.5507830455899239 479
1764105034810 0.5458554327487946 480
1764105043221 0.6273956969380379 481
1764105051622 0.5601930469274521 482
1764105059982 0.5458434447646141 483
1764105068350 0.5171765461564064 484
1764105076713 0.5382918305695057 485
1764105085127 0.5171459540724754 486
1764105093529 0.5232197493314743 487
1764105101922 0.5522683188319206 488
1764105110308 0.5694406256079674 489
1764105118723 0.6099962145090103 490
1764105127098 0.5659636929631233 491
1764105135488 0.646112248301506 492
1764105143994 0.5325952991843224 493
1764105152375 0.5640619844198227 494
1764105160748 0.5080091208219528 495
1764105169139 0.4871400445699692 496
1764105177506 0.6049041524529457 497
1764105185916 0.5187292546033859 498
1764105194318 0.5348767191171646 499
1764105202679 0.600971981883049 500
1764105211074 0.5422253757715225 501
1764105219436 0.5934209749102592 502
1764105227831 0.6134763732552528 503
1764105236218 0.5519283935427666 504
1764105244617 0.4542260393500328 505
1764105253044 0.5661344826221466 506
1764105261452 0.6179749965667725 507
1764105269839 0.6355692744255066 508
1764105278222 0.4868471100926399 509
1764105286640 0.48532845079898834 510
1764105295021 0.5698606818914413 511
1764105303424 0.6210459619760513 512
1764105311820 0.5432596355676651 513
1764105320177 0.5708335936069489 514
1764105328577 0.531889483332634 515
1764105336956 0.6198699623346329 516
1764105345349 0.5706430226564407 517
1764105353724 0.5452033057808876 518
1764105362115 0.5864094197750092 519
1764105370490 0.48896148055791855 520
1764105378872 0.5761912614107132 521
1764105387238 0.595326229929924 522
1764105395628 0.5670074671506882 523
1764105404162 0.5585596114397049 524
1764105412530 0.5286662727594376 525
1764105420920 0.660391554236412 526
1764105429268 0.6443374454975128 527
1764105437831 0.5813463926315308 528
1764105446223 0.5185999944806099 529
1764105454591 0.6179981827735901 530
1764105462959 0.5281559303402901 531
1764105471309 0.6231276243925095 532
1764105479691 0.6261636018753052 533
1764105488079 0.5105475559830666 534
1764105496609 0.4521743580698967 535
1764105505005 0.6545122712850571 536
1764105513387 0.541718490421772 537
1764105521761 0.5878981202840805 538
1764105530154 0.4800051748752594 539
1764105538532 0.5235887914896011 540
1764105546902 0.5104828551411629 541
1764105555353 0.5696316808462143 542
1764105563713 0.568728007376194 543
1764105572066 0.5811825841665268 544
1764105580438 0.5807788968086243 545
1764105588816 0.5183486491441727 546
1764105597199 0.5427991896867752 547
1764105605578 0.5617661625146866 548
1764105613951 0.44846099615097046 549
1764105622348 0.5038097053766251 550
1764105630717 0.48933763802051544 551
1764105639070 0.5423657223582268 552
1764105647451 0.5626702979207039 553
1764105655823 0.5750229731202126 554
1764105664184 0.4868135005235672 555
1764105672548 0.5591017380356789 556
1764105680959 0.4979141280055046 557
1764105689347 0.5536357760429382 558
1764105697720 0.6220598444342613 559
1764105706090 0.548504613339901 560
1764105714456 0.5898550972342491 561
1764105722838 0.5497517138719559 562
1764105731201 0.5314077287912369 563
1764105739587 0.4624171629548073 564
1764105748000 0.4713057056069374 565
1764105756440 0.5553845763206482 566
1764105764821 0.45038066804409027 567
1764105773323 0.5838675424456596 568
1764105781731 0.5076210200786591 569
1764105790131 0.5029404908418655 570
1764105798504 0.5097054019570351 571
1764105806882 0.558850571513176 572
1764105815257 0.5169411674141884 573
1764105823664 0.5022838711738586 574
1764105832107 0.58559150993824 575
1764105840503 0.5574421584606171 576
1764105848878 0.5053531602025032 577
1764105857266 0.606760784983635 578
1764105865650 0.5122910365462303 579
1764105874015 0.5809068977832794 580
1764105882383 0.5213932618498802 581
1764105890881 0.6365229785442352 582
1764105899279 0.4129761606454849 583
1764105907677 0.5160855874419212 584
1764105916112 0.5245055481791496 585
1764105924514 0.59669478982687 586
1764105932890 0.4779021665453911 587
1764105941446 0.5732927024364471 588
1764105949817 0.47651078552007675 589
1764105958224 0.5120672434568405 590
1764105966607 0.5561454594135284 591
1764105975011 0.4720527231693268 592
1764105983375 0.5795317888259888 593
1764105991775 0.4150322824716568 594
1764106000185 0.5194914862513542 595
1764106008566 0.497593492269516 596
1764106016952 0.5078990757465363 597
1764106025311 0.5186498984694481 598
1764106033674 0.5173749029636383 599
1764106042065 0.513833537697792 600
1764106050484 0.49986695498228073 601
1764106058853 0.5261136963963509 602
1764106067270 0.5345091596245766 603
1764106075650 0.530190609395504 604
1764106084020 0.5247264951467514 605
1764106092416 0.4828745201230049 606
1764106100807 0.49476171284914017 607
1764106109194 0.558996245265007 608
1764106117553 0.5188381522893906 609
1764106125950 0.5280512496829033 610
1764106134340 0.5418930649757385 611
1764106142692 0.5564214661717415 612
1764106151053 0.5395223274827003 613
1764106159456 0.5778413414955139 614
1764106167818 0.559889167547226 615
1764106176189 0.4984656795859337 616
1764106184559 0.5937050506472588 617
1764106192929 0.5639293417334557 618
1764106201352 0.5720558315515518 619
1764106209725 0.4667975753545761 620
1764106218099 0.48116643726825714 621
1764106226469 0.5078087523579597 622
1764106234846 0.4385084733366966 623
1764106243331 0.5120575353503227 624
1764106251704 0.6130569875240326 625
1764106316267 0.5405497327446938 627
1764106324681 0.44051700830459595 628
1764106333215 0.3866402730345726 629
1764106341592 0.49568093568086624 630
1764106349943 0.509937696158886 631
1764106358320 0.46026812493801117 632
1764106366714 0.5384045988321304 633
1764106375097 0.47746486216783524 634
1764106383485 0.4993671551346779 635
1764106391893 0.518968015909195 636
1764106400339 0.5463337525725365 637
1764106408770 0.5297224968671799 638
1764106417196 0.5499410480260849 639
1764106425977 0.5406557992100716 640
1764106434366 0.5480710789561272 641
1764106442741 0.5274331644177437 642
1764106451163 0.4909055680036545 643
1764106459605 0.5022738426923752 644
1764106468036 0.54046231508255 645
1764106476448 0.5242072120308876 646
1764106484852 0.5371085926890373 647
1764106493230 0.5301713570952415 648
1764106501650 0.4574502035975456 649
1764106510029 0.47292500734329224 650
1764106518411 0.5598079115152359 651
1764106526828 0.46477875858545303 652
1764106535249 0.5046157762408257 653
1764106543620 0.49271828681230545 654
1764106552039 0.5088872164487839 655
1764106560400 0.506729781627655 656
1764106568817 0.5727866441011429 657
1764106577239 0.4836501181125641 658
1764106585610 0.6313885450363159 659
1764106594013 0.4227921962738037 660
1764106602386 0.49486151337623596 661
1764106610793 0.49296577274799347 662
1764106619174 0.5490064024925232 663
1764106627533 0.5633355528116226 664
1764106635928 0.5030157342553139 665
1764106644305 0.49883392453193665 666
1764106652720 0.4591471701860428 667
1764106661107 0.4390968680381775 668
1764106669471 0.4645019546151161 669
1764106677850 0.48276736587285995 670
1764106686236 0.5414044037461281 671
1764106694617 0.49390920996665955 672
1764106703017 0.5184166803956032 673
1764106711386 0.5461434051394463 674
1764106719757 0.4589175432920456 675
1764106728188 0.5225684568285942 676
1764106736610 0.5299476534128189 677
1764106744982 0.5630388706922531 678
1764106753357 0.5477689951658249 679
1764106761714 0.504546619951725 680
1764106770134 0.4591924697160721 681
1764106778539 0.40426113456487656 682
1764106786908 0.5577006563544273 683
1764106795291 0.5577452108263969 684
1764106803696 0.5346351265907288 685
1764106812057 0.5702944323420525 686
1764106820456 0.5549392849206924 687
1764106828839 0.519792802631855 688
1764106837224 0.47375114262104034 689
1764106845595 0.49372780323028564 690
1764106854015 0.5038226917386055 691
1764106862383 0.4936600476503372 692
1764106870773 0.4273512661457062 693
1764106879154 0.44505035877227783 694
1764106887558 0.45382752269506454 695
1764106895923 0.5367232412099838 696
1764106904334 0.47743234783411026 697
1764106912693 0.5518518015742302 698
1764106921049 0.5636417269706726 699
1764106929411 0.4594383090734482 700
1764106937772 0.548800878226757 701
1764106946157 0.48739030957221985 702
1764106954523 0.5701811835169792 703
1764106962894 0.5101808831095695 704
1764106971287 0.4121197313070297 705
1764106979658 0.4897504970431328 706
1764106988042 0.47167083621025085 707
1764106996442 0.42816051095724106 708
1764107004815 0.4955223575234413 709
1764107013233 0.4515208452939987 710
1764107021609 0.46720971912145615 711
1764107029970 0.49220868200063705 712
1764107038362 0.4092215448617935 713
1764107046753 0.5731976926326752 714
1764107055134 0.5587753653526306 715
1764107063579 0.4795009195804596 716
1764107071967 0.4614271968603134 717
1764107080347 0.5505996868014336 718
1764107088720 0.4868804141879082 719
1764107097091 0.521019272506237 720
1764107105478 0.47871989011764526 721
1764107113861 0.5461117029190063 722
1764107122200 0.5148885026574135 723
1764107130593 0.4793211296200752 724
1764107139115 0.4756147712469101 725
1764107147483 0.4728635251522064 726
1764107155865 0.5634001567959785 727
1764107164239 0.52820685505867 728
1764107172633 0.6146219074726105 729
1764107181011 0.5285927951335907 730
1764107189402 0.4943929389119148 731
1764107197810 0.4767465963959694 732
1764107206168 0.563681073486805 733
1764107214677 0.47105152904987335 734
1764107223087 0.4160621464252472 735
1764107231479 0.5056202635169029 736
1764107239850 0.4031578302383423 737
1764107248218 0.4760132357478142 738
1764107256600 0.48889128118753433 739
1764107264986 0.5092584490776062 740
1764107273351 0.5526847094297409 741
1764107281727 0.6036188676953316 742
1764107290130 0.4702400714159012 743
1764107298623 0.4808574765920639 744
1764107307052 0.4915829822421074 745
1764107315429 0.4728962108492851 746
1764107323795 0.5282035991549492 747
1764107332168 0.47708816081285477 748
1764107340536 0.49815652519464493 749
1764107348928 0.4466615356504917 750
1764107357263 0.514668270945549 751
1764107365622 0.5139433443546295 752
1764107374022 0.5065336152911186 753
1764107382403 0.5087853074073792 754
1764107390792 0.47930651158094406 755
1764107399177 0.48489564657211304 756
1764107407571 0.49507376551628113 757
1764107415961 0.513504184782505 758
1764107424350 0.4592667296528816 759
1764107432743 0.5505994260311127 760
1764107441175 0.4857749342918396 761
1764107449565 0.47341684252023697 762
1764107457958 0.5258172228932381 763
1764107466334 0.49744755029678345 764
1764107474707 0.5208067446947098 765
1764107483133 0.4995770901441574 766
1764107491516 0.5390202701091766 767
1764107499875 0.5168923437595367 768
1764107508271 0.5054404735565186 769
1764107516717 0.5525848567485809 770
1764107525091 0.5480078160762787 771
1764107533487 0.441937156021595 772
1764107541848 0.4681101590394974 773
1764107550245 0.4610917568206787 774
1764107558653 0.4486807584762573 775
1764107566993 0.5122351050376892 776
1764107575383 0.46020710468292236 777
1764107583752 0.4571980908513069 778
1764107592112 0.5517803430557251 779
1764107600528 0.4894510582089424 780
1764107608911 0.44315412640571594 781
1764107617286 0.4465915784239769 782
1764107625665 0.5057810395956039 783
1764107634173 0.50204748660326 784
1764107642565 0.45151274651288986 785
1764107650947 0.37637661024928093 786
1764107659340 0.44363419711589813 787
1764107667720 0.5403525456786156 788
1764107676089 0.49945756793022156 789
1764107684459 0.5048160552978516 790
1764107692837 0.5232690423727036 791
1764107701200 0.4944756105542183 792
1764107709609 0.49625758081674576 793
1764107718110 0.5085354521870613 794
1764107726482 0.5493371188640594 795
1764107734855 0.46786748617887497 796
1764107743254 0.46828100085258484 797
1764107751613 0.4670705646276474 798
1764107759972 0.5413735210895538 799
1764107768329 0.5026017352938652 800
1764107776710 0.5388740673661232 801
1764107785125 0.4057544767856598 802
1764107793511 0.5395647957921028 803
1764107801998 0.4836566746234894 804
1764107810407 0.534081369638443 805
1764107818788 0.5500693097710609 806
1764107827162 0.5714553222060204 807
1764107835542 0.4985303580760956 808
1764107843942 0.5089215636253357 809
1764107852324 0.5174423307180405 810
1764107860711 0.4776400998234749 811
1764107869082 0.4351615831255913 812
1764107877496 0.5019932985305786 813
1764107885879 0.5458818301558495 814
1764107894241 0.5068387612700462 815
1764107902632 0.5250943824648857 816
1764107910995 0.479191817343235 817
1764107919409 0.5250549912452698 818
1764107927775 0.5175928696990013 819
1764107936120 0.4613150283694267 820
1764107944519 0.4771280437707901 821
1764107952937 0.5506650358438492 822
1764107961325 0.4001956805586815 823
1764107969727 0.513008177280426 824
1764107978113 0.40052974596619606 825
1764107986612 0.5596581250429153 826
1764107995018 0.47020018845796585 827
1764108003396 0.5536225289106369 828
1764108011789 0.5266632661223412 829
1764108020164 0.4754197746515274 830
1764108028527 0.505398616194725 831
1764108036987 0.42005083709955215 832
1764108045385 0.42195506766438484 833
1764108053756 0.486776664853096 834
1764108062108 0.4543515294790268 835
1764108070635 0.4309789463877678 836
1764108079061 0.5627739280462265 837
1764108087452 0.5570273324847221 838
1764108095831 0.4312879145145416 839
1764108104220 0.5606572479009628 840
1764108112599 0.5200106427073479 841
1764108121005 0.4403471052646637 842
1764108129389 0.5338497459888458 843
1764108137801 0.5011501535773277 844
1764108146167 0.5014145225286484 845
1764108154696 0.44988442957401276 846
1764108163074 0.5303866341710091 847
1764108171454 0.49393385648727417 848
1764108179876 0.4911375269293785 849
1764108188260 0.4695134460926056 850
1764108196634 0.4913852661848068 851
1764108205005 0.49442416429519653 852
1764108213365 0.5635946989059448 853
1764108221809 0.487653948366642 854
1764108230187 0.5164592415094376 855
1764108238568 0.48842985183000565 856
1764108246962 0.47337812930345535 857
1764108255407 0.4442240297794342 858
1764108263873 0.4561849609017372 859
1764108272259 0.46531322598457336 860
1764108280636 0.41882723569869995 861
1764108289028 0.47385990619659424 862
1764108297416 0.44622356072068214 863
1764108305800 0.5180807113647461 864
1764108314195 0.5205148160457611 865
1764108322596 0.5346721708774567 866
1764108330983 0.5391742661595345 867
1764108339383 0.4819077253341675 868
1764108347761 0.4806326851248741 869
1764108356298 0.4912116304039955 870
1764108364723 0.557581827044487 871
1764108373112 0.5395557209849358 872
1764108381515 0.49247894436120987 873
1764108389901 0.542687177658081 874
1764108398307 0.49675406515598297 875
1764108406701 0.4883427545428276 876
1764108415070 0.4592766985297203 877
1764108423440 0.5252232030034065 878
1764108431963 0.4771585389971733 879
1764108440357 0.5137097090482712 880
1764108448754 0.5445622056722641 881
1764108457155 0.4090554118156433 882
1764108465577 0.554853193461895 883
1764108473943 0.39482785761356354 884
1764108482344 0.454789437353611 885
1764108490714 0.39486052095890045 886
1764108499096 0.5177716314792633 887
1764108507495 0.5229294672608376 888
1764108515892 0.54698096960783 889
1764108524262 0.5474322363734245 890
1764108532656 0.42454755306243896 891
1764108541044 0.4746309965848923 892
1764108549444 0.4637429043650627 893
1764108557844 0.44241341948509216 894
1764108566216 0.47623514384031296 895
1764108574591 0.3581949397921562 896
1764108582987 0.4843601882457733 897
1764108591361 0.4729023203253746 898
1764108599797 0.43321602791547775 899
1764108608209 0.4667604938149452 900
1764108616590 0.5303656086325645 901
1764108624954 0.4477047324180603 902
1764108633334 0.37207747995853424 903
1764108641700 0.455425001680851 904
1764108650070 0.5154352709650993 905
1764108658440 0.4724927842617035 906
1764108666799 0.5234067291021347 907
1764108675199 0.5972847193479538 908
1764108683556 0.5537722483277321 909
1764108691936 0.5202212408185005 910
1764108700380 0.46082910895347595 911
1764108708758 0.49457377940416336 912
1764108717137 0.477811336517334 913
1764108725510 0.4200238846242428 914
1764108733949 0.40139444172382355 915
1764108742329 0.42941563576459885 916
1764108750727 0.5489474311470985 917
1764108759134 0.3826146796345711 918
1764108767526 0.38155896216630936 919
1764108775924 0.4984418749809265 920
1764108784293 0.48190583288669586 921
1764108792679 0.6319625526666641 922
1764108801080 0.42118486762046814 923
1764108809441 0.5258736610412598 924
1764108817834 0.5478297919034958 925
1764108826234 0.4677300751209259 926
1764108834619 0.5253355279564857 927
1764108843000 0.4372440278530121 928
1764108851376 0.47099804133176804 929
1764108859741 0.42910872399806976 930
1764108868127 0.4795832708477974 931
1764108876553 0.522954173386097 932
1764108884952 0.47531159222126007 933
1764108893328 0.45661287009716034 934
1764108901730 0.4854888394474983 935
1764108910125 0.4659358784556389 936
1764108918539 0.4569312110543251 937
1764108926934 0.5409087017178535 938
1764108991809 0.5031668990850449 940
1764109000183 0.46262191236019135 941
1764109008555 0.547138936817646 942
1764109016912 0.44860879331827164 943
1764109025273 0.4709537401795387 944
1764109033682 0.4619196578860283 945
1764109042095 0.39780543744564056 946
1764109050512 0.48602716624736786 947
1764109058933 0.4263281747698784 948
1764109067352 0.5352988243103027 949
1764109075771 0.35510043054819107 950
1764109084199 0.6061769276857376 951
1764109092751 0.43253863602876663 952
1764109101316 0.4588560685515404 953
1764109109707 0.5104193761944771 954
1764109118154 0.4802114814519882 955
1764109126545 0.395428828895092 956
1764109134940 0.4519393667578697 957
1764109143524 0.4275539740920067 958
1764109151916 0.5414963886141777 959
1764109160333 0.4307529479265213 960
1764109168720 0.5502687841653824 961
1764109177139 0.47718245536088943 962
1764109185553 0.5557574406266212 963
1764109193964 0.4708527401089668 964
1764109202342 0.5826296657323837 965
1764109210715 0.43269339948892593 966
1764109219091 0.5184850767254829 967
1764109227506 0.5380346402525902 968
1764109235915 0.40208666771650314 969
1764109244320 0.4541567713022232 970
1764109252735 0.4009901061654091 971
1764109261121 0.42109721153974533 972
1764109269520 0.5208157226443291 973
1764109277939 0.47106507420539856 974
1764109286334 0.43618709594011307 975
1764109294714 0.40614450350403786 976
1764109303145 0.49162720143795013 977
1764109311531 0.4562074989080429 978
1764109319910 0.43310315907001495 979
1764109328310 0.4676344469189644 980
1764109336687 0.46975357830524445 981
1764109345080 0.37926149368286133 982
1764109353441 0.49244585633277893 983
1764109361839 0.4508231058716774 984
1764109370215 0.48271844536066055 985
1764109378632 0.28842299431562424 986
1764109387058 0.4491072967648506 987
1764109395443 0.581426665186882 988
1764109403848 0.5078835785388947 989
1764109412236 0.4441995695233345 990
1764109420616 0.501151479780674 991
1764109429037 0.38972944766283035 992
1764109437433 0.38122178986668587 993
1764109445941 0.47296377271413803 994
1764109454292 0.4403010234236717 995
1764109462667 0.3594059869647026 996
1764109471056 0.5097232311964035 997
1764109479426 0.42050646245479584 998
1764109487835 0.4060480482876301 999
1764109496412 0.47994670271873474 1000
1764109504806 0.527160719037056 1001
1764109513193 0.5265264064073563 1002
1764109521578 0.44946248084306717 1003
1764109529957 0.5143407434225082 1004
1764109538315 0.4534298852086067 1005
1764109546719 0.5303953289985657 1006
1764109555146 0.512442834675312 1007
1764109563521 0.4348013699054718 1008
1764109571891 0.3030022792518139 1009
1764109580264 0.45532483980059624 1010
1764109588637 0.46105097979307175 1011
1764109597056 0.5156309679150581 1012
1764109605454 0.5853356048464775 1013
1764109613855 0.4878823906183243 1014
1764109622265 0.5135631859302521 1015
1764109630668 0.4744778573513031 1016
1764109639031 0.48131973296403885 1017
1764109647445 0.3772273510694504 1018
1764109655852 0.4238242730498314 1019
1764109664236 0.4904397428035736 1020
1764109672645 0.5429175943136215 1021
1764109681030 0.5070170909166336 1022
1764109689414 0.46382104605436325 1023
1764109697806 0.4978101924061775 1024
1764109706212 0.4402083605527878 1025
1764109714607 0.472159668803215 1026
1764109723005 0.442725770175457 1027
1764109731489 0.44076255708932877 1028
1764109739877 0.46032264083623886 1029
1764109748248 0.4739155247807503 1030
1764109756641 0.41675516217947006 1031
1764109765044 0.5423449873924255 1032
1764109773433 0.41285450756549835 1033
1764109781944 0.4875327795743942 1034
1764109790312 0.45104653388261795 1035
1764109798681 0.3383971303701401 1036
1764109807043 0.46506884694099426 1037
1764109815431 0.5096227899193764 1038
1764109823827 0.42940084636211395 1039
1764109832211 0.5195398107171059 1040
1764109840572 0.5633613616228104 1041
1764109848956 0.41979964822530746 1042
1764109857346 0.5281728804111481 1043
1764109865693 0.4786798730492592 1044
1764109874083 0.5009180903434753 1045
1764109882455 0.44116000086069107 1046
1764109890848 0.43174321204423904 1047
1764109899249 0.3898625746369362 1048
1764109907596 0.4083242118358612 1049
1764109915965 0.5191677957773209 1050
1764109924353 0.49862711876630783 1051
1764109932747 0.40734361857175827 1052
1764109941131 0.3606993071734905 1053
1764109949503 0.41816066205501556 1054
1764109957860 0.5059483051300049 1055
1764109966354 0.41700585186481476 1056
1764109974723 0.39558230713009834 1057
1764109983089 0.42543280124664307 1058
1764109991465 0.4136910066008568 1059
1764109999827 0.5079726129770279 1060
1764110008241 0.5314966291189194 1061
1764110016636 0.47662463784217834 1062
1764110025061 0.5308296233415604 1063
1764110033442 0.4933871030807495 1064
1764110041792 0.48571038246154785 1065
1764110050156 0.5627960711717606 1066
1764110058529 0.430560939013958 1067
1764110066913 0.4908609762787819 1068
1764110075299 0.4810899496078491 1069
1764110083781 0.4207015037536621 1070
1764110092179 0.46733883023262024 1071
1764110100540 0.4403410106897354 1072
1764110108908 0.40027763694524765 1073
1764110117310 0.419268473982811 1074
1764110125664 0.44563350826501846 1075
1764110134063 0.4477764144539833 1076
1764110142421 0.4613955244421959 1077
1764110150830 0.5124286338686943 1078
1764110159196 0.4460691884160042 1079
1764110167570 0.5088485404849052 1080
1764110175947 0.434251107275486 1081
1764110184325 0.42151017487049103 1082
1764110192694 0.37099942564964294 1083
1764110201082 0.44173987954854965 1084
1764110209458 0.5048232078552246 1085
1764110217823 0.45442937314510345 1086
1764110226231 0.4595017731189728 1087
1764110234681 0.44732561707496643 1088
1764110243072 0.39601631462574005 1089
1764110251445 0.40558572113513947 1090
1764110259818 0.42229481786489487 1091
1764110268234 0.5002498924732208 1092
1764110276606 0.4323045685887337 1093
1764110284970 0.4879123196005821 1094
1764110293342 0.42101114988327026 1095
1764110301726 0.4792880415916443 1096
1764110310135 0.455186128616333 1097
1764110318554 0.40644872933626175 1098
1764110326919 0.42246824875473976 1099
1764110335281 0.5021936967968941 1100
1764110343697 0.3701922781765461 1101
1764110352076 0.4601961076259613 1102
1764110360477 0.43326156586408615 1103
1764110368863 0.4505254402756691 1104
1764110377293 0.5131173357367516 1105
1764110385716 0.4808463826775551 1106
1764110394098 0.5209836512804031 1107
1764110402518 0.4658501669764519 1108
1764110410877 0.47830669581890106 1109
1764110419245 0.5422493517398834 1110
1764110427626 0.3901373855769634 1111
1764110436047 0.3715611957013607 1112
1764110444427 0.37387391924858093 1113
1764110452818 0.39346253126859665 1114
1764110461202 0.44285308569669724 1115
1764110469728 0.4212510660290718 1116
1764110478115 0.4149421975016594 1117
1764110486502 0.45030059665441513 1118
1764110494872 0.40020033717155457 1119
1764110503243 0.46139535307884216 1120
1764110511650 0.4415116608142853 1121
1764110520074 0.42015519738197327 1122
1764110528435 0.42998987436294556 1123
1764110536847 0.48115377873182297 1124
1764110545200 0.4561762809753418 1125
1764110553587 0.3582959212362766 1126
1764110561958 0.4911581426858902 1127
1764110570334 0.4720533490180969 1128
1764110578703 0.4743741303682327 1129
1764110587070 0.43540024757385254 1130
1764110595572 0.49912144243717194 1131
1764110603959 0.49149373173713684 1132
1764110612370 0.4612404331564903 1133
1764110620749 0.38422978669404984 1134
1764110629134 0.40208183228969574 1135
1764110637515 0.44198230654001236 1136
1764110645906 0.4667940065264702 1137
1764110654329 0.562121257185936 1138
1764110662834 0.45995280146598816 1139
1764110671206 0.46409202367067337 1140
1764110679579 0.5068311169743538 1141
1764110687969 0.514008417725563 1142
1764110696350 0.43004120513796806 1143
1764110704761 0.3152157198637724 1144
1764110713143 0.44728782773017883 1145
1764110721524 0.4468659833073616 1146
1764110729893 0.48647134751081467 1147
1764110738307 0.45581094175577164 1148
1764110746730 0.48676759749650955 1149
1764110755071 0.3882540538907051 1150
1764110763440 0.4140482172369957 1151
1764110771834 0.5041526257991791 1152
1764110780210 0.4855346083641052 1153
1764110788606 0.4936910793185234 1154
1764110796966 0.4893159568309784 1155
1764110805394 0.3997376188635826 1156
1764110813804 0.4872503876686096 1157
1764110822335 0.4513978660106659 1158
1764110830740 0.34209805727005005 1159
1764110839126 0.5477567985653877 1160
1764110847520 0.4880248159170151 1161
1764110855952 0.5256572663784027 1162
1764110864346 0.5892490372061729 1163
1764110872722 0.41319455206394196 1164
1764110881102 0.43140606582164764 1165
1764110889452 0.4799373373389244 1166
1764110897844 0.5487103685736656 1167
1764110906247 0.4702618271112442 1168
1764110914648 0.42619455605745316 1169
1764110923003 0.49272555857896805 1170
1764110931391 0.4575921297073364 1171
1764110939780 0.43315281718969345 1172
1764110948164 0.41235725581645966 1173
1764110956545 0.40023498609662056 1174
1764110964895 0.48417171835899353 1175
1764110973309 0.4935762882232666 1176
1764110981695 0.5422146320343018 1177
1764110990072 0.4384429231286049 1178
1764110998456 0.5321406200528145 1179
1764111006913 0.5259273648262024 1180
1764111015279 0.4083235636353493 1181
1764111023669 0.47488876432180405 1182
1764111032031 0.4805888533592224 1183
1764111040424 0.3762878589332104 1184
1764111048850 0.496150903403759 1185
1764111057242 0.47418203204870224 1186
1764111065634 0.47327182441949844 1187
1764111074043 0.5668380856513977 1188
1764111082421 0.4084170237183571 1189
1764111090928 0.4850848466157913 1190
1764111099287 0.4920988902449608 1191
1764111107790 0.4116075858473778 1192
1764111116184 0.45046814531087875 1193
1764111124551 0.482750341296196 1194
1764111132948 0.5011411756277084 1195
1764111141330 0.4716569408774376 1196
1764111149714 0.4397164508700371 1197
1764111158085 0.43986257910728455 1198
1764111166643 0.47617221623659134 1199
1764111175027 0.41206008195877075 1200
1764111183413 0.5269483998417854 1201
1764111191798 0.3508763499557972 1202
1764111200196 0.451245054602623 1203
1764111208602 0.46549589931964874 1204
1764111216988 0.43623606115579605 1205
1764111225351 0.4484347775578499 1206
1764111233786 0.44164037704467773 1207
1764111242167 0.44881293922662735 1208
1764111250577 0.42822910100221634 1209
1764111258955 0.4890467897057533 1210
1764111267372 0.38421064615249634 1211
1764111275753 0.44501498341560364 1212
1764111284138 0.4573439061641693 1213
1764111292558 0.43250661343336105 1214
1764111300974 0.5076963007450104 1215
1764111309366 0.4347303807735443 1216
1764111317732 0.41451346129179 1217
1764111326115 0.46914511919021606 1218
1764111334481 0.47397705167531967 1219
1764111342841 0.4295811876654625 1220
1764111351211 0.39798102527856827 1221
1764111359552 0.4253055527806282 1222
1764111367947 0.4619652330875397 1223
1764111376338 0.46026327461004257 1224
1764111384736 0.5204160213470459 1225
1764111393101 0.41818955913186073 1226
1764111401475 0.5060137584805489 1227
1764111409854 0.522875115275383 1228
1764111418260 0.4632066860795021 1229
1764111426639 0.42954276502132416 1230
1764111435011 0.3417383059859276 1231
1764111443510 0.48429037630558014 1232
1764111451915 0.48042988777160645 1233
1764111460268 0.5097280144691467 1234
1764111468652 0.48049701750278473 1235
1764111477032 0.47487836331129074 1236
1764111485418 0.38509824872016907 1237
1764111493799 0.4473526105284691 1238
1764111502169 0.4918205291032791 1239
1764111510534 0.4707541987299919 1240
1764111519063 0.5021539777517319 1241
1764111527441 0.5086778253316879 1242
1764111535809 0.45511147379875183 1243
1764111544192 0.43340032547712326 1244
1764111552567 0.4483288750052452 1245
1764111560938 0.47906699776649475 1246
1764111569318 0.47312215715646744 1247
1764111577677 0.5217805057764053 1248
1764111586045 0.5138149783015251 1249
1764111594413 0.4012068137526512 1250
1764111602791 0.38206101208925247 1251
1764111671196 0.4833947569131851 1253
1764111679560 0.4542004019021988 1254
1764111687920 0.45032982528209686 1255
1764111696264 0.4960607662796974 1256
1764111704610 0.4049256630241871 1257
1764111712988 0.495342880487442 1258
1764111721356 0.38258402049541473 1259
1764111729736 0.5171834379434586 1260
1764111738098 0.448986254632473 1261
1764111746512 0.512676477432251 1262
1764111754884 0.516788475215435 1263
1764111763248 0.462242528796196 1264
1764111771822 0.3945903331041336 1265
1764111780240 0.47642143070697784 1266
1764111788640 0.3858879767358303 1267
1764111797068 0.4578370004892349 1268
1764111805473 0.4437052756547928 1269
1764111813894 0.44793298840522766 1270
1764111822281 0.5111495777964592 1271
1764111830711 0.5157689154148102 1272
1764111839094 0.39831918478012085 1273
1764111847504 0.5486184358596802 1274
1764111855893 0.4503173381090164 1275
1764111864287 0.39336770586669445 1276
1764111872673 0.5180788263678551 1277
1764111881042 0.4299335852265358 1278
1764111889456 0.5041001439094543 1279
1764111897819 0.45040323212742805 1280
1764111906262 0.4706271141767502 1281
1764111914670 0.4084527939558029 1282
1764111923060 0.43756401911377907 1283
1764111931476 0.49504174292087555 1284
1764111939926 0.5166601985692978 1285
1764111948332 0.4875514954328537 1286
1764111956761 0.4966927617788315 1287
1764111965196 0.47373680025339127 1288
1764111973596 0.44670114666223526 1289
1764111982013 0.46700742095708847 1290
1764111990399 0.5190763548016548 1291
1764111998941 0.49612168967723846 1292
1764112007371 0.2988000176846981 1293
1764112015736 0.4829938933253288 1294
1764112024121 0.44127558916807175 1295
1764112032501 0.4723845049738884 1296
1764112040927 0.553377278149128 1297
1764112049294 0.5345426201820374 1298
1764112057664 0.5487813130021095 1299
1764112066042 0.5233538448810577 1300
1764112074466 0.4509168267250061 1301
1764112082889 0.4494955614209175 1302
1764112091283 0.4997449740767479 1303
1764112099682 0.41357775032520294 1304
1764112108063 0.4904647618532181 1305
1764112116441 0.41163870692253113 1306
1764112124846 0.5347087755799294 1307
1764112133211 0.4632667675614357 1308
1764112141570 0.4674271047115326 1309
1764112149936 0.4695766195654869 1310
1764112158355 0.40294496715068817 1311
1764112166775 0.45705776661634445 1312
1764112175153 0.532318152487278 1313
1764112183545 0.48358432203531265 1314
1764112191925 0.4158953130245209 1315
1764112200319 0.4440372660756111 1316
1764112208701 0.4607628807425499 1317
1764112217139 0.42583419382572174 1318
1764112225532 0.42232438921928406 1319
1764112233923 0.48195118457078934 1320
1764112242305 0.42360639199614525 1321
1764112250865 0.37836266309022903 1322
1764112259234 0.4364536702632904 1323
1764112267621 0.4528123065829277 1324
1764112275968 0.462424173951149 1325
1764112284353 0.432884581387043 1326
1764112292743 0.45438648760318756 1327
1764112301099 0.4008425548672676 1328
1764112309478 0.3954208418726921 1329
1764112317844 0.49962686747312546 1330
1764112326212 0.34947042167186737 1331
1764112334576 0.474338598549366 1332
1764112342997 0.42178975045681 1333
1764112351394 0.5063340812921524 1334
1764112359771 0.4893612191081047 1335
1764112368180 0.44321537762880325 1336
1764112376555 0.40614472329616547 1337
1764112384948 0.5795158594846725 1338
1764112393346 0.4039485603570938 1339
1764112401731 0.43627042323350906 1340
1764112410109 0.47520316392183304 1341
1764112418515 0.36170847713947296 1342
1764112426880 0.4931630939245224 1343
1764112435261 0.5495386198163033 1344
1764112443677 0.434714674949646 1345
1764112452033 0.4728550761938095 1346
1764112460419 0.4179178811609745 1347
1764112468811 0.39536867290735245 1348
1764112477192 0.4663735330104828 1349
1764112485565 0.5305891335010529 1350
1764112494078 0.47126147896051407 1351
1764112502481 0.4768011122941971 1352
1764112510886 0.49298541247844696 1353
1764112519227 0.44391195476055145 1354
1764112527580 0.4836494028568268 1355
1764112535948 0.44631221890449524 1356
1764112544333 0.5388656556606293 1357
1764112552698 0.5614034682512283 1358
1764112561070 0.42904218286275864 1359
1764112569455 0.45162157714366913 1360
1764112577852 0.46342651546001434 1361
1764112586209 0.46836352348327637 1362
1764112594584 0.4751514717936516 1363
1764112602943 0.5064006894826889 1364
1764112611314 0.5150778740644455 1365
1764112619667 0.5181523859500885 1366
1764112628064 0.44736382365226746 1367
1764112636516 0.4632805362343788 1368
1764112645020 0.46729088574647903 1369
1764112653408 0.44288332015275955 1370
1764112661772 0.4889865443110466 1371
1764112670159 0.45460354536771774 1372
1764112678544 0.5121617391705513 1373
1764112686940 0.34180520474910736 1374
1764112695317 0.4466845914721489 1375
1764112703715 0.44404954463243484 1376
1764112712096 0.5187757983803749 1377
1764112720482 0.5098937675356865 1378
1764112728835 0.4723103195428848 1379
1764112737223 0.4340782091021538 1380
1764112745631 0.38806726783514023 1381
1764112754137 0.45360763370990753 1382
1764112762511 0.4452536851167679 1383
1764112770893 0.4075349345803261 1384
1764112779260 0.5272668749094009 1385
1764112787651 0.5007689297199249 1386
1764112796045 0.4057174548506737 1387
1764112804432 0.43729157000780106 1388
1764112812824 0.5089492648839951 1389
1764112821240 0.4300908297300339 1390
1764112829608 0.3932574987411499 1391
1764112837993 0.45614539831876755 1392
1764112846489 0.39876438677310944 1393
1764112854882 0.49655044823884964 1394
1764112863260 0.43992698192596436 1395
1764112871652 0.3799843341112137 1396
1764112880024 0.49082379043102264 1397
1764112888414 0.46804286539554596 1398
1764112896825 0.40309978276491165 1399
1764112905245 0.4008941501379013 1400
1764112913632 0.47685182839632034 1401
1764112922015 0.5321891158819199 1402
1764112930400 0.4749421924352646 1403
1764112938778 0.5334057807922363 1404
1764112947147 0.5070983096957207 1405
1764112955526 0.4729880839586258 1406
1764112963896 0.4130576476454735 1407
1764112972270 0.37862420827150345 1408
1764112980661 0.3965255692601204 1409
1764112989030 0.45395471155643463 1410
1764112997425 0.41130780428647995 1411
1764113005799 0.46014178544282913 1412
1764113014219 0.48172181844711304 1413
1764113022601 0.5404562875628471 1414
1764113030972 0.5271971002221107 1415
1764113039350 0.46235891431570053 1416
1764113047712 0.44997046142816544 1417
1764113056053 0.4530942589044571 1418
1764113064466 0.4509677290916443 1419
1764113072849 0.45616336911916733 1420
1764113081279 0.49786145240068436 1421
1764113089656 0.41276082396507263 1422
1764113098035 0.4765663519501686 1423
1764113106564 0.50971869379282 1424
1764113114927 0.4458686113357544 1425
1764113123506 0.4216804578900337 1426
1764113131903 0.4533999562263489 1427
1764113140281 0.4400187060236931 1428
1764113148788 0.3544430807232857 1429
1764113157169 0.4063785821199417 1430
1764113165577 0.4542534649372101 1431
1764113173966 0.4041866660118103 1432
1764113182370 0.4803352579474449 1433
1764113190781 0.5363862067461014 1434
1764113199164 0.5118422657251358 1435
1764113207538 0.5717191100120544 1436
1764113215902 0.554102785885334 1437
1764113224353 0.4646548479795456 1438
1764113232757 0.46206479519605637 1439
1764113241122 0.43837299942970276 1440
1764113249503 0.4418821148574352 1441
1764113257915 0.3844209313392639 1442
1764113266309 0.4160933122038841 1443
1764113274720 0.4369349703192711 1444
1764113283095 0.4153609648346901 1445
1764113291446 0.44969938695430756 1446
1764113299814 0.4865112081170082 1447
1764113308215 0.4405992031097412 1448
1764113316596 0.45779117941856384 1449
1764113324972 0.5009268596768379 1450
1764113333376 0.41430308669805527 1451
1764113341787 0.5532071590423584 1452
1764113350167 0.44783612340688705 1453
1764113358581 0.4261634200811386 1454
1764113366977 0.3890935629606247 1455
1764113375396 0.41230011731386185 1456
1764113383790 0.43441042304039 1457
1764113392288 0.4933825731277466 1458
1764113400651 0.46509963274002075 1459
1764113409034 0.5519396066665649 1460
1764113417375 0.5289896577596664 1461
1764113425787 0.5308595970273018 1462
1764113434172 0.4602556824684143 1463
1764113442552 0.46996836364269257 1464
1764113450915 0.5247022584080696 1465
1764113459319 0.43484190851449966 1466
1764113467700 0.5333371609449387 1467
1764113476103 0.4840892180800438 1468
1764113484495 0.45434197783470154 1469
1764113492914 0.4264831617474556 1470
1764113501396 0.4326746165752411 1471
1764113509780 0.5274952203035355 1472
1764113518147 0.41037604212760925 1473
1764113526511 0.42386020720005035 1474
1764113534880 0.46959343552589417 1475
1764113543242 0.4711298272013664 1476
1764113551611 0.45200909674167633 1477
1764113559977 0.42954540252685547 1478
1764113568361 0.46291039884090424 1479
1764113576756 0.4028894156217575 1480
1764113585139 0.42986441403627396 1481
1764113593522 0.521748922765255 1482
1764113601909 0.4412028267979622 1483
1764113610257 0.33852172270417213 1484
1764113618649 0.4787154793739319 1485
1764113627052 0.44933097809553146 1486
1764113635453 0.4718460142612457 1487
1764113643839 0.38201940432190895 1488
1764113652222 0.5085731074213982 1489
1764113660575 0.42182575911283493 1490
1764113668924 0.4354369714856148 1491
1764113677325 0.5131328925490379 1492
1764113685697 0.5354111939668655 1493
1764113694080 0.40358542278409004 1494
1764113702456 0.4758380129933357 1495
1764113710839 0.5066258758306503 1496
1764113719212 0.4003226235508919 1497
1764113727573 0.4574618265032768 1498
1764113735962 0.4130975753068924 1499
1764113744333 0.49133677780628204 1500
1764113752726 0.3781043812632561 1501
1764113761128 0.4597777798771858 1502
1764113769500 0.4203844591975212 1503
1764113778008 0.4647855833172798 1504
1764113786392 0.4368954971432686 1505
1764113794773 0.4810897335410118 1506
1764113803131 0.47737325727939606 1507
1764113811485 0.44882630556821823 1508
1764113819855 0.3799471855163574 1509
1764113828263 0.4364967569708824 1510
1764113836665 0.3396662771701813 1511
1764113845022 0.49371904879808426 1512
1764113853464 0.4290252700448036 1513
1764113861859 0.44551290571689606 1514
1764113870230 0.4514453485608101 1515
1764113878601 0.4346988797187805 1516
1764113886951 0.4561478719115257 1517
1764113895311 0.37767577916383743 1518
1764113903699 0.4993937760591507 1519
1764113912114 0.4139223247766495 1520
1764113920516 0.41632699966430664 1521
1764113928955 0.5151021257042885 1522
1764113937344 0.4351137951016426 1523
1764113945752 0.46809590607881546 1524
1764113954149 0.40570762753486633 1525
1764113962533 0.4748465120792389 1526
1764113970921 0.47678183019161224 1527
1764113979312 0.46365930885076523 1528
1764113987685 0.4490339532494545 1529
1764113996181 0.4562574028968811 1530
1764114004557 0.4415076971054077 1531
1764114012945 0.39795053377747536 1532
1764114021319 0.4394548684358597 1533
1764114029673 0.4568948745727539 1534
1764114038047 0.3972383365035057 1535
1764114046445 0.4528014585375786 1536
1764114054847 0.4266086593270302 1537
1764114063238 0.4932718575000763 1538
1764114071610 0.5043283998966217 1539
1764114080015 0.45526308566331863 1540
1764114088379 0.45543811470270157 1541
1764114096735 0.3428838178515434 1542
1764114105081 0.4638090878725052 1543
1764114113482 0.5138083696365356 1544
1764114121875 0.46930596232414246 1545
1764114130309 0.48935478925704956 1546
1764114138695 0.38969653844833374 1547
1764114147079 0.4597044438123703 1548
1764114155420 0.46682191640138626 1549
1764114163764 0.48270953446626663 1550
1764114172160 0.48159829527139664 1551
1764114180583 0.429249070584774 1552
1764114188967 0.4853241667151451 1553
1764114197354 0.4305350333452225 1554
1764114205713 0.5337891429662704 1555
1764114214115 0.46365100890398026 1556
1764114222511 0.46303195506334305 1557
1764114230906 0.4465780183672905 1558
1764114239284 0.45977164059877396 1559
1764114247681 0.4152446985244751 1560
1764114256078 0.5037698075175285 1561
1764114264441 0.49098043143749237 1562
1764114272940 0.4453827068209648 1563
1764114281380 0.34725693240761757 1564
