1764100965620 1.0869570108695651e-06 1
1764100973971 2.17391352173913e-06 2
1764100982346 3.2608700326086954e-06 3
1764100990721 4.347826543478261e-06 4
1764100999119 5.434783054347825e-06 5
1764101007541 6.521739565217391e-06 6
1764101015993 7.608696076086956e-06 7
1764101024442 8.69565258695652e-06 8
1764101032879 9.782609097826085e-06 9
1764101041338 1.086956560869565e-05 10
1764101049795 1.1956522119565214e-05 11
1764101058207 1.3043478630434779e-05 12
1764101066647 1.4130435141304344e-05 13
1764101075079 1.5217391652173909e-05 14
1764101083534 1.6304348163043475e-05 15
1764101091964 1.739130467391304e-05 16
1764101100429 1.8478261184782608e-05 17
1764101108860 1.9565217695652175e-05 18
1764101117253 2.065217420652174e-05 19
1764101125677 2.1739130717391308e-05 20
1764101134067 2.282608722826087e-05 21
1764101142458 2.3913043739130437e-05 22
1764101151059 2.5000000250000004e-05 23
1764101159462 2.608695676086957e-05 24
1764101167879 2.7173913271739137e-05 25
1764101176296 2.8260869782608706e-05 26
1764101184706 2.9347826293478273e-05 27
1764101193293 3.043478280434784e-05 28
1764101201647 3.15217393152174e-05 29
1764101210047 3.2608695826086966e-05 30
1764101218436 3.3695652336956536e-05 31
1764101226831 3.4782608847826105e-05 32
1764101235237 3.5869565358695675e-05 33
1764101243630 3.695652186956524e-05 34
1764101252036 3.804347838043481e-05 35
1764101260434 3.913043489130438e-05 36
1764101268832 4.021739140217395e-05 37
1764101277238 4.130434791304351e-05 38
1764101285640 4.239130442391308e-05 39
1764101294041 4.3478260934782644e-05 40
1764101302409 4.4565217445652214e-05 41
1764101310769 4.565217395652178e-05 42
1764101319135 4.673913046739134e-05 43
1764101327559 4.78260869782609e-05 44
1764101335944 4.891304348913047e-05 45
1764101344349 5e-05 46
1764101352729 4.999994665895467e-05 47
1764101361092 4.9999786636047445e-05 48
1764101369482 4.9999519931964616e-05 49
1764101377835 4.999914654785001e-05 50
1764101386198 4.999866648530496e-05 51
1764101394576 4.999807974638834e-05 52
1764101402982 4.99973863336165e-05 53
1764101411330 4.9996586249963295e-05 54
1764101419729 4.9995679498860084e-05 55
1764101428206 4.999466608419566e-05 56
1764101436569 4.999354601031628e-05 57
1764101444989 4.999231928202564e-05 58
1764101453382 4.9990985904584854e-05 59
1764101461762 4.99895458837124e-05 60
1764101470141 4.998799922558414e-05 61
1764101478510 4.998634593683326e-05 62
1764101486907 4.9984586024550285e-05 63
1764101495305 4.998271949628298e-05 64
1764101503716 4.9980746360036375e-05 65
1764101512078 4.9978666624272725e-05 66
1764101520463 4.9976480297911446e-05 67
1764101528836 4.9974187390329084e-05 68
1764101537219 4.997178791135931e-05 69
1764101545578 4.996928187129283e-05 70
1764101553963 4.9966669280877364e-05 71
1764101562333 4.99639501513176e-05 72
1764101570701 4.9961124494275144e-05 73
1764101579130 4.9958192321868465e-05 74
1764101587526 4.995515364667286e-05 75
1764101595922 4.995200848172038e-05 76
1764101604291 4.994875684049975e-05 77
1764101612642 4.9945398736956414e-05 78
1764101621002 4.994193418549234e-05 79
1764101629369 4.993836320096604e-05 80
1764101637722 4.9934685798692506e-05 81
1764101646089 4.993090199444311e-05 82
1764101654487 4.992701180444554e-05 83
1764101662858 4.992301524538379e-05 84
1764101671226 4.991891233439798e-05 85
1764101679614 4.9914703089084407e-05 86
1764101688009 4.9910387527495345e-05 87
1764101696359 4.9905965668139084e-05 88
1764101704724 4.9901437529979764e-05 89
1764101713100 4.9896803132437336e-05 90
1764101721491 4.989206249538747e-05 91
1764101729896 4.988721563916145e-05 92
1764101738283 4.988226258454615e-05 93
1764101746684 4.9877203352783834e-05 94
1764101755056 4.98720379655722e-05 95
1764101763442 4.986676644506417e-05 96
1764101771832 4.986138881386785e-05 97
1764101780211 4.985590509504645e-05 98
1764101788621 4.9850315312118136e-05 99
1764101797002 4.984461948905596e-05 100
1764101805412 4.9838817650287754e-05 101
1764101813784 4.983290982069603e-05 102
1764101822170 4.982689602561785e-05 103
1764101830578 4.9820776290844744e-05 104
1764101838965 4.9814550642622585e-05 105
1764101847337 4.980821910765148e-05 106
1764101855712 4.9801781713085654e-05 107
1764101864105 4.979523848653334e-05 108
1764101872485 4.978858945605665e-05 109
1764101880900 4.978183465017146e-05 110
1764101889262 4.97749740978473e-05 111
1764101897645 4.97680078285072e-05 112
1764101906057 4.976093587202759e-05 113
1764101914429 4.975375825873816e-05 114
1764101922809 4.974647501942174e-05 115
1764101931183 4.9739086185314154e-05 116
1764101939611 4.973159178810409e-05 117
1764101948013 4.972399185993299e-05 118
1764101956390 4.971628643339486e-05 119
1764101964778 4.970847554153618e-05 120
1764101973131 4.970055921785573e-05 121
1764101981538 4.969253749630447e-05 122
1764101989910 4.968441041128536e-05 123
1764101998294 4.967617799765327e-05 124
1764102006673 4.966784029071477e-05 125
1764102015149 4.965939732622801e-05 126
1764102023512 4.9650849140402565e-05 127
1764102031903 4.9642195769899264e-05 128
1764102040290 4.963343725183006e-05 129
1764102048676 4.962457362375784e-05 130
1764102057190 4.9615604923696304e-05 131
1764102065543 4.960653119010975e-05 132
1764102074050 4.959735246191294e-05 133
1764102082445 4.958806877847094e-05 134
1764102090812 4.9578680179598956e-05 135
1764102099204 4.9569186705562095e-05 136
1764102107588 4.95595883970753e-05 137
1764102115955 4.9549885295303106e-05 138
1764102124312 4.954007744185945e-05 139
1764102132654 4.953016487880754e-05 140
1764102141046 4.952014764865967e-05 141
1764102149418 4.9510025794376995e-05 142
1764102157812 4.949979935936939e-05 143
1764102166170 4.948946838749525e-05 144
1764102174532 4.94790329230613e-05 145
1764102182917 4.9468493010822394e-05 146
1764102191299 4.9457848695981335e-05 147
1764102199659 4.9447100024188696e-05 148
1764102208054 4.94362470415426e-05 149
1764102216431 4.9425289794588515e-05 150
1764102224819 4.94142283303191e-05 151
1764102233212 4.940306269617395e-05 152
1764102241614 4.939179294003944e-05 153
1764102250008 4.938041911024846e-05 154
1764102258394 4.936894125558028e-05 155
1764102266770 4.935735942526028e-05 156
1764102275167 4.934567366895977e-05 157
1764102283548 4.933388403679577e-05 158
1764102291981 4.932199057933081e-05 159
1764102300373 4.930999334757267e-05 160
1764102308772 4.929789239297421e-05 161
1764102317153 4.9285687767433134e-05 162
1764102325534 4.927337952329173e-05 163
1764102333931 4.926096771333672e-05 164
1764102342324 4.924845239079897e-05 165
1764102350721 4.923583360935327e-05 166
1764102359091 4.922311142311815e-05 167
1764102367475 4.921028588665558e-05 168
1764102375891 4.9197357054970805e-05 169
1764102384281 4.918432498351204e-05 170
1764102392686 4.91711897281703e-05 171
1764102401081 4.915795134527911e-05 172
1764102409444 4.9144609891614285e-05 173
1764102417862 4.9131165424393674e-05 174
1764102426252 4.911761800127693e-05 175
1764102434648 4.9103967680365255e-05 176
1764102443080 4.909021452020117e-05 177
1764102451454 4.90763585797682e-05 178
1764102459822 4.906239991849072e-05 179
1764102468204 4.9048338596233607e-05 180
1764102476595 4.903417467330205e-05 181
1764102484940 4.9019908210441226e-05 182
1764102493306 4.900553926883613e-05 183
1764102501674 4.899106791011122e-05 184
1764102510043 4.8976494196330214e-05 185
1764102518573 4.8961818189995784e-05 186
1764102526972 4.8947039954049323e-05 187
1764102535367 4.893215955187066e-05 188
1764102543738 4.8917177047277785e-05 189
1764102552253 4.890209250452656e-05 190
1764102560649 4.888690598831048e-05 191
1764102569011 4.887161756376038e-05 192
1764102577544 4.885622729644413e-05 193
1764102585943 4.8840735252366396e-05 194
1764102594318 4.882514149796833e-05 195
1764102602704 4.88094461001273e-05 196
1764102611106 4.8793649126156566e-05 197
1764102619503 4.877775064380505e-05 198
1764102627888 4.876175072125702e-05 199
1764102636294 4.874564942713176e-05 200
1764102644688 4.872944683048335e-05 201
1764102653060 4.871314300080029e-05 202
1764102661428 4.8696738008005256e-05 203
1764102669821 4.868023192245481e-05 204
1764102678238 4.866362481493903e-05 205
1764102686634 4.864691675668128e-05 206
1764102695039 4.863010781933787e-05 207
1764102703392 4.861319807499773e-05 208
1764102711786 4.859618759618216e-05 209
1764102720164 4.857907645584446e-05 210
1764102728493 4.856186472736964e-05 211
1764102736899 4.85445524845741e-05 212
1764102745297 4.852713980170535e-05 213
1764102753690 4.8509626753441626e-05 214
1764102762091 4.8492013414891616e-05 215
1764102770477 4.847429986159412e-05 216
1764102778858 4.845648616951774e-05 217
1764102787242 4.843857241506055e-05 218
1764102795606 4.8420558675049745e-05 219
1764102804034 4.840244502674135e-05 220
1764102812420 4.838423154781987e-05 221
1764102820790 4.8365918316397936e-05 222
1764102829178 4.8347505411016e-05 223
1764102837562 4.832899291064201e-05 224
1764102845942 4.831038089467102e-05 225
1764102854332 4.829166944292488e-05 226
1764102862696 4.827285863565192e-05 227
1764102871218 4.825394855352656e-05 228
1764102879602 4.823493927764898e-05 229
1764102887979 4.8215830889544774e-05 230
1764102896342 4.819662347116461e-05 231
1764102904832 4.817731710488387e-05 232
1764102913211 4.815791187350229e-05 233
1764102921582 4.8138407860243624e-05 234
1764102930108 4.811880514875526e-05 235
1764102938524 4.809910382310788e-05 236
1764102946889 4.80793039677951e-05 237
1764102955278 4.8059405667733084e-05 238
1764102963639 4.8039409008260236e-05 239
1764102972023 4.801931407513676e-05 240
1764102980401 4.7999120954544346e-05 241
1764102988813 4.797882973308579e-05 242
1764102997243 4.7958440497784594e-05 243
1764103005613 4.7937953336084634e-05 244
1764103014005 4.791736833584975e-05 245
1764103022354 4.7896685585363406e-05 246
1764103030713 4.7875905173328285e-05 247
1764103039135 4.785502718886588e-05 248
1764103047494 4.783405172151619e-05 249
1764103055871 4.7812978861237274e-05 250
1764103064276 4.779180869840488e-05 251
1764103072641 4.777054132381206e-05 252
1764103081090 4.7749176828668786e-05 253
1764103089489 4.772771530460155e-05 254
1764103097869 4.7706156843652974e-05 255
1764103106269 4.768450153828142e-05 256
1764103114670 4.7662749481360585e-05 257
1764103123041 4.764090076617911e-05 258
1764103131429 4.761895548644017e-05 259
1764103139782 4.7596913736261096e-05 260
1764103148183 4.757477561017293e-05 261
1764103156693 4.755254120312006e-05 262
1764103165099 4.75302106104598e-05 263
1764103173456 4.750778392796196e-05 264
1764103181977 4.748526125180848e-05 265
1764103190336 4.746264267859296e-05 266
1764103198729 4.743992830532031e-05 267
1764103207247 4.741711822940626e-05 268
1764103215633 4.7394212548677024e-05 269
1764103224049 4.73712113613688e-05 270
1764103232434 4.734811476612743e-05 271
1764103240815 4.73249228620079e-05 272
1764103249157 4.730163574847395e-05 273
1764103257524 4.727825352539768e-05 274
1764103265888 4.725477629305905e-05 275
1764103274247 4.7231204152145515e-05 276
1764103282628 4.720753720375155e-05 277
1764103291029 4.7183775549378263e-05 278
1764103299405 4.715991929093289e-05 279
1764103307775 4.713596853072842e-05 280
1764103316139 4.7111923371483126e-05 281
1764103324517 4.7087783916320154e-05 282
1764103332875 4.706355026876703e-05 283
1764103341295 4.7039222532755266e-05 284
1764103349649 4.7014800812619885e-05 285
1764103358019 4.699028521309898e-05 286
1764103366430 4.696567583933327e-05 287
1764103374843 4.694097279686566e-05 288
1764103383234 4.6916176191640755e-05 289
1764103391602 4.689128613000442e-05 290
1764103399986 4.686630271870335e-05 291
1764103408356 4.684122606488458e-05 292
1764103416745 4.6816056276095045e-05 293
1764103425111 4.6790793460281105e-05 294
1764103433506 4.676543772578808e-05 295
1764103441906 4.673998918135981e-05 296
1764103450277 4.671444793613814e-05 297
1764103458643 4.6688814099662524e-05 298
1764103467050 4.66630877818695e-05 299
1764103475443 4.6637269093092204e-05 300
1764103483799 4.661135814405997e-05 301
1764103492175 4.658535504589779e-05 302
1764103500571 4.655925991012586e-05 303
1764103508988 4.653307284865909e-05 304
1764103517420 4.6506793973806655e-05 305
1764103525791 4.6480423398271476e-05 306
1764103534174 4.645396123514976e-05 307
1764103542572 4.642740759793051e-05 308
1764103550942 4.640076260049504e-05 309
1764103559311 4.637402635711646e-05 310
1764103567679 4.634719898245924e-05 311
1764103576068 4.632028059157867e-05 312
1764103640609 4.6266171223319866e-05 314
1764103648978 4.6238980478001964e-05 315
1764103657363 4.621169918058035e-05 316
1764103665755 4.618432744805708e-05 317
1764103674151 4.615686539782205e-05 318
1764103682576 4.61293131476525e-05 319
1764103690974 4.610167081571252e-05 320
1764103699386 4.607393852055253e-05 321
1764103707790 4.604611638110879e-05 322
1764103716188 4.601820451670285e-05 323
1764103724631 4.599020304704109e-05 324
1764103733044 4.5962112092214184e-05 325
1764103741476 4.593393177269658e-05 326
1764103749923 4.590566220934597e-05 327
1764103758343 4.5877303523402804e-05 328
1764103766934 4.584885583648975e-05 329
1764103775352 4.582031927061118e-05 330
1764103783773 4.579169394815265e-05 331
1764103792173 4.576297999188034e-05 332
1764103800595 4.57341775249406e-05 333
1764103808995 4.570528667085935e-05 334
1764103817419 4.5676307553541575e-05 335
1764103825835 4.564724029727081e-05 336
1764103834272 4.5618085026708584e-05 337
1764103842653 4.558884186689392e-05 338
1764103851059 4.555951094324273e-05 339
1764103859487 4.553009238154736e-05 340
1764103867882 4.5500586307975993e-05 341
1764103876276 4.547099284907214e-05 342
1764103884652 4.544131213175406e-05 343
1764103893050 4.541154428331427e-05 344
1764103901607 4.5381689431418935e-05 345
1764103909975 4.535174770410739e-05 346
1764103918347 4.532171922979152e-05 347
1764103926974 4.529160413725528e-05 348
1764103935364 4.526140255565408e-05 349
1764103943757 4.523111461451426e-05 350
1764103952156 4.5200740443732546e-05 351
1764103960575 4.517028017357548e-05 352
1764103968990 4.5139733934678836e-05 353
1764103977396 4.510910185804711e-05 354
1764103985818 4.507838407505292e-05 355
1764103994211 4.504758071743647e-05 356
1764104002610 4.501669191730495e-05 357
1764104011006 4.4985717807132e-05 358
1764104019429 4.495465851975714e-05 359
1764104027837 4.492351418838517e-05 360
1764104036213 4.489228494658563e-05 361
1764104044649 4.486097092829225e-05 362
1764104053040 4.482957226780228e-05 363
1764104061464 4.4798089099776026e-05 364
1764104069862 4.4766521559236214e-05 365
1764104078250 4.47348697815674e-05 366
1764104086655 4.470313390251544e-05 367
1764104095071 4.4671314058186866e-05 368
1764104103470 4.4639410385048295e-05 369
1764104111850 4.4607423019925886e-05 370
1764104120231 4.457535210000473e-05 371
1764104128637 4.454319776282826e-05 372
1764104137020 4.451096014629764e-05 373
1764104145400 4.447863938867123e-05 374
1764104153798 4.444623562856394e-05 375
1764104162220 4.4413749004946664e-05 376
1764104170625 4.438117965714566e-05 377
1764104179007 4.4348527724841985e-05 378
1764104187384 4.431579334807088e-05 379
1764104195760 4.428297666722114e-05 380
1764104204137 4.425007782303457e-05 381
1764104212558 4.4217096956605336e-05 382
1764104220957 4.4184034209379384e-05 383
1764104229336 4.415088972315382e-05 384
1764104237736 4.41176636400763e-05 385
1764104246135 4.4084356102644436e-05 386
1764104254646 4.405096725370517e-05 387
1764104263011 4.401749723645416e-05 388
1764104271407 4.3983946194435203e-05 389
1764104279939 4.395031427153955e-05 390
1764104288300 4.391660161200535e-05 391
1764104296710 4.3882808360417006e-05 392
1764104305110 4.384893466170456e-05 393
1764104313496 4.381498066114306e-05 394
1764104321859 4.378094650435197e-05 395
1764104330248 4.374683233729448e-05 396
1764104338622 4.371263830627697e-05 397
1764104347038 4.367836455794831e-05 398
1764104355431 4.364401123929924e-05 399
1764104363848 4.36095784976618e-05 400
1764104372226 4.3575066480708615e-05 401
1764104380560 4.3540475336452314e-05 402
1764104388939 4.350580521324488e-05 403
1764104397310 4.347105625977703e-05 404
1764104405673 4.343622862507752e-05 405
1764104414055 4.340132245851259e-05 406
1764104422445 4.336633790978528e-05 407
1764104430847 4.333127512893477e-05 408
1764104439226 4.329613426633575e-05 409
1764104447628 4.326091547269781e-05 410
1764104456030 4.322561889906475e-05 411
1764104464403 4.319024469681394e-05 412
1764104472805 4.3154793017655693e-05 413
1764104481181 4.311926401363259e-05 414
1764104489539 4.308365783711884e-05 415
1764104497938 4.304797464081962e-05 416
1764104506352 4.301221457777043e-05 417
1764104514726 4.2976377801336436e-05 418
1764104523101 4.2940464465211774e-05 419
1764104531607 4.290447472341896e-05 420
1764104540000 4.2868408730308195e-05 421
1764104548362 4.2832266640556666e-05 422
1764104556891 4.279604860916795e-05 423
1764104565250 4.27597547914713e-05 424
1764104573639 4.2723385343120996e-05 425
1764104582034 4.2686940420095696e-05 426
1764104590459 4.265042017869774e-05 427
1764104598804 4.2613824775552454e-05 428
1764104607208 4.257715436760757e-05 429
1764104615629 4.254040911213246e-05 430
1764104624003 4.250358916671749e-05 431
1764104632397 4.246669468927338e-05 432
1764104640884 4.242972583803047e-05 433
1764104649240 4.239268277153808e-05 434
1764104657614 4.235556564866383e-05 435
1764104665984 4.231837462859293e-05 436
1764104674368 4.228110987082752e-05 437
1764104682733 4.224377153518599e-05 438
1764104691121 4.220635978180226e-05 439
1764104699508 4.216887477112516e-05 440
1764104707855 4.213131666391767e-05 441
1764104716243 4.209368562125625e-05 442
1764104724629 4.205598180453021e-05 443
1764104733004 4.201820537544091e-05 444
1764104741378 4.198035649600116e-05 445
1764104749740 4.1942435328534484e-05 446
1764104758090 4.190444203567442e-05 447
1764104766483 4.186637678036385e-05 448
1764104774843 4.1828239725854266e-05 449
1764104783210 4.179003103570509e-05 450
1764104791559 4.1751750873782985e-05 451
1764104799953 4.171339940426111e-05 452
1764104808333 4.1674976791618464e-05 453
1764104816761 4.163648320063916e-05 454
1764104825164 4.1597918796411696e-05 455
1764104833575 4.15592837443283e-05 456
1764104841951 4.1520578210084164e-05 457
1764104850333 4.1481802359676765e-05 458
1764104858709 4.144295635940516e-05 459
1764104867077 4.1404040375869245e-05 460
1764104875468 4.136505457596906e-05 461
1764104883900 4.132599912690406e-05 462
1764104892243 4.1286874196172426e-05 463
1764104900627 4.124767995157031e-05 464
1764104909040 4.1208416561191136e-05 465
1764104917443 4.116908419342488e-05 466
1764104925840 4.1129683016957336e-05 467
1764104934232 4.1090213200769405e-05 468
1764104942601 4.1050674914136366e-05 469
1764104950971 4.101106832662714e-05 470
1764104959374 4.0971393608103594e-05 471
1764104967782 4.093165092871976e-05 472
1764104976157 4.0891840458921146e-05 473
1764104984570 4.0851962369444015e-05 474
1764104992951 4.0812016831314616e-05 475
1764105001308 4.0772004015848454e-05 476
1764105009688 4.07319240946496e-05 477
1764105018074 4.0691777239609886e-05 478
1764105026428 4.065156362290823e-05 479
1764105034810 4.0611283417009874e-05 480
1764105043221 4.057093679466562e-05 481
1764105051622 4.053052392891114e-05 482
1764105059982 4.049004499306619e-05 483
1764105068350 4.0449500160733886e-05 484
1764105076713 4.040888960579996e-05 485
1764105085127 4.036821350243199e-05 486
1764105093529 4.032747202507871e-05 487
1764105101922 4.0286665348469184e-05 488
1764105110308 4.024579364761214e-05 489
1764105118723 4.020485709779513e-05 490
1764105127098 4.016385587458389e-05 491
1764105135488 4.012279015382144e-05 492
1764105143994 4.008166011162749e-05 493
1764105152375 4.004046592439755e-05 494
1764105160748 3.9999207768802266e-05 495
1764105169139 3.995788582178661e-05 496
1764105177506 3.991650026056915e-05 497
1764105185916 3.987505126264126e-05 498
1764105194318 3.98335390057664e-05 499
1764105202679 3.979196366797931e-05 500
1764105211074 3.9750325427585274e-05 501
1764105219436 3.970862446315935e-05 502
1764105227831 3.96668609535456e-05 503
1764105236218 3.962503507785633e-05 504
1764105244617 3.9583147015471307e-05 505
1764105253044 3.9541196946037014e-05 506
1764105261452 3.949918504946585e-05 507
1764105269839 3.9457111505935384e-05 508
1764105278222 3.941497649588757e-05 509
1764105286640 3.937278020002797e-05 510
1764105295021 3.9330522799325e-05 511
1764105303424 3.928820447500911e-05 512
1764105311820 3.924582540857207e-05 513
1764105320177 3.920338578176612e-05 514
1764105328577 3.916088577660326e-05 515
1764105336956 3.91183255753544e-05 516
1764105345349 3.907570536054866e-05 517
1764105353724 3.9033025314972514e-05 518
1764105362115 3.8990285621669014e-05 519
1764105370490 3.894748646393706e-05 520
1764105378872 3.8904628025330585e-05 521
1764105387238 3.886171048965772e-05 522
1764105395628 3.881873404098008e-05 523
1764105404162 3.8775698863611926e-05 524
1764105412530 3.87326051421194e-05 525
1764105420920 3.868945306131972e-05 526
1764105429268 3.8646242806280394e-05 527
1764105437831 3.860297456231841e-05 528
1764105446223 3.855964851499949e-05 529
1764105454591 3.8516264850137205e-05 530
1764105462959 3.847282375379227e-05 531
1764105471309 3.8429325412271715e-05 532
1764105479691 3.8385770012128054e-05 533
1764105488079 3.8342157740158514e-05 534
1764105496609 3.829848878340424e-05 535
1764105505005 3.8254763329149465e-05 536
1764105513387 3.8210981564920756e-05 537
1764105521761 3.816714367848615e-05 538
1764105530154 3.8123249857854385e-05 539
1764105538532 3.8079300291274085e-05 540
1764105546902 3.803529516723295e-05 541
1764105555353 3.799123467445697e-05 542
1764105563713 3.794711900190958e-05 543
1764105572066 3.790294833879085e-05 544
1764105580438 3.785872287453671e-05 545
1764105588816 3.7814442798818134e-05 546
1764105597199 3.7770108301540275e-05 547
1764105605578 3.772571957284169e-05 548
1764105613951 3.768127680309356e-05 549
1764105622348 3.763678018289877e-05 550
1764105630717 3.759222990309122e-05 551
1764105639070 3.7547626154734885e-05 552
1764105647451 3.750296912912309e-05 553
1764105655823 3.745825901777763e-05 554
1764105664184 3.741349601244799e-05 555
1764105672548 3.7368680305110475e-05 556
1764105680959 3.732381208796744e-05 557
1764105689347 3.727889155344643e-05 558
1764105697720 3.723391889419937e-05 559
1764105706090 3.7188894303101724e-05 560
1764105714456 3.7143817973251686e-05 561
1764105722838 3.709869009796934e-05 562
1764105731201 3.705351087079584e-05 563
1764105739587 3.7008280485492554e-05 564
1764105748000 3.696299913604029e-05 565
1764105756440 3.6917667016638394e-05 566
1764105764821 3.687228432170395e-05 567
1764105773323 3.682685124587098e-05 568
1764105781731 3.6781367983989545e-05 569
1764105790131 3.673583473112496e-05 570
1764105798504 3.669025168255691e-05 571
1764105806882 3.6644619033778675e-05 572
1764105815257 3.659893698049623e-05 573
1764105823664 3.655320571862744e-05 574
1764105832107 3.6507425444301236e-05 575
1764105840503 3.64615963538567e-05 576
1764105848878 3.641571864384232e-05 577
1764105857266 3.6369792511015075e-05 578
1764105865650 3.632381815233963e-05 579
1764105874015 3.627779576498746e-05 580
1764105882383 3.623172554633603e-05 581
1764105890881 3.618560769396796e-05 582
1764105899279 3.613944240567013e-05 583
1764105907677 3.609322987943287e-05 584
1764105916112 3.6046970313449096e-05 585
1764105924514 3.600066390611348e-05 586
1764105932890 3.595431085602157e-05 587
1764105941446 3.590791136196896e-05 588
1764105949817 3.586146562295041e-05 589
1764105958224 3.581497383815904e-05 590
1764105966607 3.576843620698544e-05 591
1764105975011 3.57218529290168e-05 592
1764105983375 3.5675224204036114e-05 593
1764105991775 3.5628550232021247e-05 594
1764106000185 3.558183121314415e-05 595
1764106008566 3.553506734776994e-05 596
1764106016952 3.548825883645609e-05 597
1764106025311 3.5441405879951544e-05 598
1764106033674 3.539450867919584e-05 599
1764106042065 3.534756743531829e-05 600
1764106050484 3.530058234963708e-05 601
1764106058853 3.525355362365844e-05 602
1764106067270 3.5206481459075734e-05 603
1764106075650 3.515936605776866e-05 604
1764106084020 3.51122076218023e-05 605
1764106092416 3.506500635342634e-05 606
1764106100807 3.5017762455074134e-05 607
1764106109194 3.497047612936189e-05 608
1764106117553 3.492314757908775e-05 609
1764106125950 3.4875777007230964e-05 610
1764106134340 3.4828364616951e-05 611
1764106142692 3.478091061158665e-05 612
1764106151053 3.473341519465523e-05 613
1764106159456 3.4685878569851606e-05 614
1764106167818 3.4638300941047394e-05 615
1764106176189 3.4590682512290085e-05 616
1764106184559 3.454302348780213e-05 617
1764106192929 3.4495324071980074e-05 618
1764106201352 3.444758446939371e-05 619
1764106209725 3.439980488478518e-05 620
1764106218099 3.435198552306808e-05 621
1764106226469 3.430412658932661e-05 622
1764106234846 3.425622828881469e-05 623
1764106243331 3.420829082695507e-05 624
1764106251704 3.416031440933844e-05 625
1764106316267 3.406424553003144e-05 627
1764106324681 3.401615348035428e-05 628
1764106333215 3.39680232989448e-05 629
1764106341592 3.391985519222021e-05 630
1764106349943 3.3871649366760384e-05 631
1764106358320 3.382340602930697e-05 632
1764106366714 3.377512538676247e-05 633
1764106375097 3.37268076461894e-05 634
1764106383485 3.3678453014809366e-05 635
1764106391893 3.36300617000022e-05 636
1764106400339 3.3581633909305055e-05 637
1764106408770 3.35331698504115e-05 638
1764106417196 3.348466973117069e-05 639
1764106425977 3.3436133759586384e-05 640
1764106434366 3.338756214381615e-05 641
1764106442741 3.333895509217038e-05 642
1764106451163 3.3290312813111475e-05 643
1764106459605 3.32416355152529e-05 644
1764106468036 3.3192923407358305e-05 645
1764106476448 3.3144176698340645e-05 646
1764106484852 3.309539559726125e-05 647
1764106493230 3.304658031332897e-05 648
1764106501650 3.299773105589923e-05 649
1764106510029 3.2948848034473174e-05 650
1764106518411 3.289993145869676e-05 651
1764106526828 3.285098153835983e-05 652
1764106535249 3.280199848339524e-05 653
1764106543620 3.2752982503877966e-05 654
1764106552039 3.270393381002417e-05 655
1764106560400 3.265485261219031e-05 656
1764106568817 3.260573912087228e-05 657
1764106577239 3.2556593546704426e-05 658
1764106585610 3.250741610045873e-05 659
1764106594013 3.245820699304383e-05 660
1764106602386 3.2408966435504187e-05 661
1764106610793 3.235969463901911e-05 662
1764106619174 3.2310391814901894e-05 663
1764106627533 3.22610581745989e-05 664
1764106635928 3.221169392968867e-05 665
1764106644305 3.216229929188098e-05 666
1764106652720 3.2112874473015965e-05 667
1764106661107 3.206341968506319e-05 668
1764106669471 3.201393514012075e-05 669
1764106677850 3.1964421050414363e-05 670
1764106686236 3.191487762829645e-05 671
1764106694617 3.186530508624525e-05 672
1764106703017 3.181570363686386e-05 673
1764106711386 3.1766073492879385e-05 674
1764106719757 3.1716414867141955e-05 675
1764106728188 3.166672797262389e-05 676
1764106736610 3.161701302241873e-05 677
1764106744982 3.156727022974032e-05 678
1764106753357 3.1517499807921955e-05 679
1764106761714 3.146770197041538e-05 680
1764106770134 3.141787693078995e-05 681
1764106778539 3.136802490273165e-05 682
1764106786908 3.131814610004226e-05 683
1764106795291 3.1268240736638346e-05 684
1764106803696 3.121830902655041e-05 685
1764106812057 3.116835118392192e-05 686
1764106820456 3.1118367423008443e-05 687
1764106828839 3.1068357958176726e-05 688
1764106837224 3.101832300390369e-05 689
1764106845595 3.096826277477562e-05 690
1764106854015 3.0918177485487175e-05 691
1764106862383 3.0868067350840525e-05 692
1764106870773 3.0817932585744346e-05 693
1764106879154 3.0767773405212986e-05 694
1764106887558 3.071759002436548e-05 695
1764106895923 3.066738265842467e-05 696
1764106904334 3.061715152271626e-05 697
1764106912693 3.0566896832667874e-05 698
1764106921049 3.0516618803808176e-05 699
1764106929411 3.0466317651765937e-05 700
1764106937772 3.041599359226906e-05 701
1764106946157 3.0365646841143722e-05 702
1764106954523 3.0315277614313387e-05 703
1764106962894 3.026488612779796e-05 704
1764106971287 3.021447259771277e-05 705
1764106979658 3.0164037240267695e-05 706
1764106988042 3.0113580271766223e-05 707
1764106996442 3.0063101908604534e-05 708
1764107004815 3.0012602367270572e-05 709
1764107013233 2.9962081864343082e-05 710
1764107021609 2.9911540616490738e-05 711
1764107029970 2.9860978840471153e-05 712
1764107038362 2.981039675313e-05 713
1764107046753 2.975979457140005e-05 714
1764107055134 2.970917251230027e-05 715
1764107063579 2.9658530792934853e-05 716
1764107071967 2.960786963049234e-05 717
1764107080347 2.955718924224461e-05 718
1764107088720 2.9506489845546055e-05 719
1764107097091 2.9455771657832557e-05 720
1764107105478 2.940503489662056e-05 721
1764107113861 2.935427977950622e-05 722
1764107122200 2.9303506524164396e-05 723
1764107130593 2.9252715348347727e-05 724
1764107139115 2.9201906469885702e-05 725
1764107147483 2.9151080106683757e-05 726
1764107155865 2.9100236476722297e-05 727
1764107164239 2.904937579805578e-05 728
1764107172633 2.899849828881179e-05 729
1764107181011 2.8947604167190085e-05 730
1764107189402 2.8896693651461678e-05 731
1764107197810 2.884576695996787e-05 732
1764107206168 2.8794824311119372e-05 733
1764107214677 2.8743865923395307e-05 734
1764107223087 2.869289201534229e-05 735
1764107231479 2.8641902805573513e-05 736
1764107239850 2.8590898512767802e-05 737
1764107248218 2.8539879355668647e-05 738
1764107256600 2.8488845553083296e-05 739
1764107264986 2.843779732388181e-05 740
1764107273351 2.8386734886996138e-05 741
1764107281727 2.8335658461419127e-05 742
1764107290130 2.8284568266203637e-05 743
1764107298623 2.8233464520461588e-05 744
1764107307052 2.8182347443363003e-05 745
1764107315429 2.8131217254135088e-05 746
1764107323795 2.808007417206127e-05 747
1764107332168 2.8028918416480297e-05 748
1764107340536 2.797775020678524e-05 749
1764107348928 2.7926569762422596e-05 750
1764107357263 2.7875377302891333e-05 751
1764107365622 2.7824173047741948e-05 752
1764107374022 2.7772957216575526e-05 753
1764107382403 2.7721730029042793e-05 754
1764107390792 2.76704917048432e-05 755
1764107399177 2.7619242463723935e-05 756
1764107407571 2.7567982525479015e-05 757
1764107415961 2.751671210994833e-05 758
1764107424350 2.746543143701672e-05 759
1764107432743 2.7414140726612996e-05 760
1764107441175 2.7362840198709025e-05 761
1764107449565 2.7311530073318796e-05 762
1764107457958 2.7260210570497423e-05 763
1764107466334 2.7208881910340272e-05 764
1764107474707 2.7157544312981953e-05 765
1764107483133 2.7106197998595426e-05 766
1764107491516 2.7054843187391035e-05 767
1764107499875 2.7003480099615552e-05 768
1764107508271 2.6952108955551245e-05 769
1764107516717 2.6900729975514958e-05 770
1764107525091 2.684934337985711e-05 771
1764107533487 2.6797949388960793e-05 772
1764107541848 2.6746548223240832e-05 773
1764107550245 2.6695140103142793e-05 774
1764107558653 2.6643725249142092e-05 775
1764107566993 2.6592303881743e-05 776
1764107575383 2.6540876221477753e-05 777
1764107583752 2.648944248890556e-05 778
1764107592112 2.643800290461166e-05 779
1764107600528 2.6386557689206408e-05 780
1764107608911 2.6335107063324302e-05 781
1764107617286 2.628365124762304e-05 782
1764107625665 2.6232190462782582e-05 783
1764107634173 2.618072492950421e-05 784
1764107642565 2.612925486850955e-05 785
1764107650947 2.607778050053965e-05 786
1764107659340 2.6026302046354045e-05 787
1764107667720 2.5974819726729785e-05 788
1764107676089 2.5923333762460492e-05 789
1764107684459 2.587184437435543e-05 790
1764107692837 2.5820351783238526e-05 791
1764107701200 2.5768856209947487e-05 792
1764107709609 2.571735787533276e-05 793
1764107718110 2.566585700025666e-05 794
1764107726482 2.5614353805592407e-05 795
1764107734855 2.5562848512223144e-05 796
1764107743254 2.551134134104103e-05 797
1764107751613 2.5459832512946264e-05 798
1764107759972 2.5408322248846186e-05 799
1764107768329 2.535681076965425e-05 800
1764107776710 2.5305298296289148e-05 801
1764107785125 2.525378504967382e-05 802
1764107793511 2.520227125073454e-05 803
1764107801998 2.5150757120399945e-05 804
1764107810407 2.509924287960008e-05 805
1764107818788 2.5047728749265488e-05 806
1764107827162 2.499621495032621e-05 807
1764107835542 2.494470170371089e-05 808
1764107843942 2.4893189230345783e-05 809
1764107852324 2.4841677751153846e-05 810
1764107860711 2.4790167487053762e-05 811
1764107869082 2.4738658658959008e-05 812
1764107877496 2.4687151487776885e-05 813
1764107885879 2.463564619440762e-05 814
1764107894241 2.458414299974337e-05 815
1764107902632 2.4532642124667273e-05 816
1764107910995 2.4481143790052546e-05 817
1764107919409 2.44296482167615e-05 818
1764107927775 2.437815562564461e-05 819
1764107936120 2.4326666237539537e-05 820
1764107944519 2.4275180273270243e-05 821
1764107952937 2.4223697953645987e-05 822
1764107961325 2.4172219499460385e-05 823
1764107969727 2.4120745131490478e-05 824
1764107978113 2.4069275070495816e-05 825
1764107986612 2.4017809537217444e-05 826
1764107995018 2.3966348752376984e-05 827
1764108003396 2.3914892936675723e-05 828
1764108011789 2.386344231079362e-05 829
1764108020164 2.381199709538837e-05 830
1764108028527 2.3760557511094466e-05 831
1764108036987 2.370912377852227e-05 832
1764108045385 2.365769611825703e-05 833
1764108053756 2.3606274750857943e-05 834
1764108062108 2.3554859896857233e-05 835
1764108070635 2.35034517767592e-05 836
1764108079061 2.3452050611039233e-05 837
1764108087452 2.3400656620142915e-05 838
1764108095831 2.334927002448507e-05 839
1764108104220 2.329789104444878e-05 840
1764108112599 2.324651990038448e-05 841
1764108121005 2.319515681260899e-05 842
1764108129389 2.31438020014046e-05 843
1764108137801 2.3092455687018076e-05 844
1764108146167 2.3041118089659757e-05 845
1764108154696 2.29897894295026e-05 846
1764108163074 2.293846992668123e-05 847
1764108171454 2.2887159801290998e-05 848
1764108179876 2.2835859273387026e-05 849
1764108188260 2.2784568562983313e-05 850
1764108196634 2.27332878900517e-05 851
1764108205005 2.2682017474521024e-05 852
1764108213365 2.2630757536276098e-05 853
1764108221809 2.2579508295156828e-05 854
1764108230187 2.252826997095723e-05 855
1764108238568 2.247704278342451e-05 856
1764108246962 2.2425826952258084e-05 857
1764108255407 2.23746226971087e-05 858
1764108263873 2.2323430237577443e-05 859
1764108272259 2.2272249793214795e-05 860
1764108280636 2.2221081583519735e-05 861
1764108289028 2.216992582793876e-05 862
1764108297416 2.211878274586495e-05 863
1764108305800 2.2067652556637033e-05 864
1764108314195 2.2016535479538447e-05 865
1764108322596 2.1965431733796402e-05 866
1764108330983 2.1914341538580916e-05 867
1764108339383 2.1863265113003898e-05 868
1764108347761 2.1812202676118215e-05 869
1764108356298 2.1761154446916743e-05 870
1764108364723 2.1710120644331385e-05 871
1764108373112 2.1659101487232227e-05 872
1764108381515 2.160809719442652e-05 873
1764108389901 2.1557107984657746e-05 874
1764108398307 2.1506134076604725e-05 875
1764108406701 2.1455175688880653e-05 876
1764108415070 2.1404233040032157e-05 877
1764108423440 2.1353306348538355e-05 878
1764108431963 2.1302395832809947e-05 879
1764108440357 2.125150171118825e-05 880
1764108448754 2.120062420194426e-05 881
1764108457155 2.1149763523277738e-05 882
1764108465577 2.109891989331628e-05 883
1764108473943 2.1048093530114337e-05 884
1764108482344 2.0997284651652315e-05 885
1764108490714 2.0946493475835636e-05 886
1764108499096 2.0895720220493818e-05 887
1764108507495 2.0844965103379486e-05 888
1764108515892 2.0794228342167492e-05 889
1764108524262 2.0743510154453988e-05 890
1764108532656 2.0692810757755427e-05 891
1764108541044 2.064213036950771e-05 892
1764108549444 2.0591469207065182e-05 893
1764108557844 2.0540827487699777e-05 894
1764108566216 2.0490205428599995e-05 895
1764108574591 2.0439603246870044e-05 896
1764108582987 2.0389021159528893e-05 897
1764108591361 2.0338459383509308e-05 898
1764108599797 2.028791813565696e-05 899
1764108608209 2.0237397632729467e-05 900
1764108616590 2.0186898091395505e-05 901
1764108624954 2.0136419728233823e-05 902
1764108633334 2.008596275973236e-05 903
1764108641700 2.003552740228728e-05 904
1764108650070 1.9985113872202082e-05 905
1764108658440 1.993472238568665e-05 906
1764108666799 1.9884353158856334e-05 907
1764108675199 1.983400640773098e-05 908
1764108683556 1.9783682348234102e-05 909
1764108691936 1.9733381196191863e-05 910
1764108700380 1.9683103167332165e-05 911
1764108708758 1.963284847728378e-05 912
1764108717137 1.958261734157536e-05 913
1764108725510 1.953240997563456e-05 914
1764108733949 1.9482226594787053e-05 915
1764108742329 1.943206741425569e-05 916
1764108750727 1.9381932649159518e-05 917
1764108759134 1.9331822514512858e-05 918
1764108767526 1.9281737225224417e-05 919
1764108775924 1.9231676996096345e-05 920
1764108784293 1.918164204182331e-05 921
1764108792679 1.9131632576991575e-05 922
1764108801080 1.908164881607811e-05 923
1764108809441 1.903169097344963e-05 924
1764108817834 1.8981759263361682e-05 925
1764108826234 1.8931853899957764e-05 926
1764108834619 1.888197509726837e-05 927
1764108843000 1.883212306921008e-05 928
1764108851376 1.8782298029584648e-05 929
1764108859741 1.8732500192078067e-05 930
1764108868127 1.86827297702597e-05 931
1764108876553 1.863298697758129e-05 932
1764108884952 1.8583272027376124e-05 933
1764108893328 1.853358513285806e-05 934
1764108901730 1.848392650712064e-05 935
1764108910125 1.8434296363136163e-05 936
1764108918539 1.8384694913754773e-05 937
1764108926934 1.8335122371703573e-05 938
1764108991809 1.8236064859879274e-05 940
1764109000183 1.8186580314936833e-05 941
1764109008555 1.813712552698405e-05 942
1764109016912 1.8087700708119032e-05 943
1764109025273 1.803830607031134e-05 944
1764109033682 1.7988941825401117e-05 945
1764109042095 1.793960818509813e-05 946
1764109050512 1.7890305360980916e-05 947
1764109058933 1.7841033564495832e-05 948
1764109067352 1.7791793006956182e-05 949
1764109075771 1.7742583899541287e-05 950
1764109084199 1.7693406453295593e-05 951
1764109092751 1.764426087912774e-05 952
1764109101316 1.7595147387809707e-05 953
1764109109707 1.7546066189975858e-05 954
1764109118154 1.7497017496122053e-05 955
1764109126545 1.7448001516604774e-05 956
1764109134940 1.739901846164019e-05 957
1764109143524 1.7350068541303267e-05 958
1764109151916 1.730115196552684e-05 959
1764109160333 1.725226894410079e-05 960
1764109168720 1.7203419686671054e-05 961
1764109177139 1.7154604402738767e-05 962
1764109185553 1.7105823301659367e-05 963
1764109193964 1.7057076592641703e-05 964
1764109202342 1.7008364484747116e-05 965
1764109210715 1.695968718688854e-05 966
1764109219091 1.6911044907829633e-05 967
1764109227506 1.6862437856183872e-05 968
1764109235915 1.6813866240413635e-05 969
1764109244320 1.6765330268829327e-05 970
1764109252735 1.671683014958851e-05 971
1764109261121 1.6668366090694967e-05 972
1764109269520 1.6619938299997813e-05 973
1764109277939 1.657154698519064e-05 974
1764109286334 1.652319235381061e-05 975
1764109294714 1.6474874613237545e-05 976
1764109303145 1.6426593970693036e-05 977
1764109311531 1.6378350633239618e-05 978
1764109319910 1.63301448077798e-05 979
1764109328310 1.6281976701055213e-05 980
1764109336687 1.623384651964573e-05 981
1764109345080 1.618575446996858e-05 982
1764109353441 1.613770075827744e-05 983
1764109361839 1.608968559066158e-05 984
1764109370215 1.6041709173044945e-05 985
1764109378632 1.599377171118533e-05 986
1764109387058 1.5945873410673413e-05 987
1764109395443 1.5898014476931937e-05 988
1764109403848 1.5850195115214844e-05 989
1764109412236 1.5802415530606308e-05 990
1764109420616 1.5754675928019948e-05 991
1764109429037 1.5706976512197894e-05 992
1764109437433 1.5659317487709937e-05 993
1764109445941 1.5611699058952628e-05 994
1764109454292 1.556412143014843e-05 995
1764109462667 1.55165848053448e-05 996
1764109471056 1.546908938841337e-05 997
1764109479426 1.5421635383049035e-05 998
1764109487835 1.537422299276906e-05 999
1764109496412 1.5326852420912273e-05 1000
1764109504806 1.5279523870638137e-05 1001
1764109513193 1.5232237544925893e-05 1002
1764109521578 1.5184993646573686e-05 1003
1764109529957 1.5137792378197723e-05 1004
1764109538315 1.5090633942231373e-05 1005
1764109546719 1.504351854092429e-05 1006
1764109555146 1.4996446376341585e-05 1007
1764109563521 1.4949417650362943e-05 1008
1764109571891 1.4902432564681744e-05 1009
1764109580264 1.4855491320804192e-05 1010
1764109588637 1.4808594120048492e-05 1011
1764109597056 1.476174116354394e-05 1012
1764109605454 1.4714932652230095e-05 1013
1764109613855 1.4668168786855888e-05 1014
1764109622265 1.462144976797879e-05 1015
1764109630668 1.4574775795963926e-05 1016
1764109639031 1.4528147070983232e-05 1017
1764109647445 1.4481563793014598e-05 1018
1764109655852 1.443502616184099e-05 1019
1764109664236 1.438853437704962e-05 1020
1764109672645 1.4342088638031074e-05 1021
1764109681030 1.4295689143978458e-05 1022
1764109689414 1.4249336093886548e-05 1023
1764109697806 1.4203029686550941e-05 1024
1764109706212 1.415677012056716e-05 1025
1764109714607 1.4110557594329897e-05 1026
1764109723005 1.4064392306032072e-05 1027
1764109731489 1.4018274453663989e-05 1028
1764109739877 1.3972204235012567e-05 1029
1764109748248 1.3926181847660394e-05 1030
1764109756641 1.3880207488984957e-05 1031
1764109765044 1.3834281356157704e-05 1032
1764109773433 1.3788403646143322e-05 1033
1764109781944 1.3742574555698801e-05 1034
1764109790312 1.369679428137259e-05 1035
1764109798681 1.3651063019503799e-05 1036
1764109807043 1.3605380966221356e-05 1037
1764109815431 1.3559748317443132e-05 1038
1764109823827 1.3514165268875076e-05 1039
1764109832211 1.3468632016010484e-05 1040
1764109840572 1.3423148754129062e-05 1041
1764109848956 1.3377715678296093e-05 1042
1764109857346 1.3332332983361647e-05 1043
1764109865693 1.3287000863959747e-05 1044
1764109874083 1.3241719514507488e-05 1045
1764109882455 1.3196489129204207e-05 1046
1764109890848 1.3151309902030688e-05 1047
1764109899249 1.3106182026748354e-05 1048
1764109907596 1.3061105696898312e-05 1049
1764109915965 1.301608110580066e-05 1050
1764109924353 1.2971108446553597e-05 1051
1764109932747 1.2926187912032597e-05 1052
1764109941131 1.2881319694889564e-05 1053
1764109949503 1.283650398755204e-05 1054
1764109957860 1.27917409822224e-05 1055
1764109966354 1.2747030870876942e-05 1056
1764109974723 1.2702373845265149e-05 1057
1764109983089 1.2657770096908805e-05 1058
1764109991465 1.261321981710126e-05 1059
1764109999827 1.256872319690648e-05 1060
1764110008241 1.2524280427158332e-05 1061
1764110016636 1.247989169845977e-05 1062
1764110025061 1.243555720118191e-05 1063
1764110033442 1.2391277125463328e-05 1064
1764110041792 1.2347051661209186e-05 1065
1764110050156 1.2302880998090466e-05 1066
1764110058529 1.2258765325543066e-05 1067
1764110066913 1.2214704832767084e-05 1068
1764110075299 1.2170699708725954e-05 1069
1764110083781 1.2126750142145653e-05 1070
1764110092179 1.2082856321513885e-05 1071
1764110100540 1.2039018435079278e-05 1072
1764110108908 1.1995236670850567e-05 1073
1764110117310 1.1951511216595797e-05 1074
1764110125664 1.1907842259841519e-05 1075
1764110134063 1.1864229987871978e-05 1076
1764110142421 1.1820674587728314e-05 1077
1764110150830 1.1777176246207757e-05 1078
1764110159196 1.1733735149862829e-05 1079
1764110167570 1.1690351485000549e-05 1080
1764110175947 1.1647025437681621e-05 1081
1764110184325 1.1603757193719643e-05 1082
1764110192694 1.1560546938680318e-05 1083
1764110201082 1.1517394857880637e-05 1084
1764110209458 1.1474301136388112e-05 1085
1764110217823 1.1431265959019959e-05 1086
1764110226231 1.1388289510342317e-05 1087
1764110234681 1.134537197466945e-05 1088
1764110243072 1.1302513536062969e-05 1089
1764110251445 1.1259714378331023e-05 1090
1764110259818 1.1216974685027528e-05 1091
1764110268234 1.1174294639451375e-05 1092
1764110276606 1.1131674424645632e-05 1093
1764110284970 1.1089114223396785e-05 1094
1764110293342 1.1046614218233922e-05 1095
1764110301726 1.1004174591427976e-05 1096
1764110310135 1.0961795524990933e-05 1097
1764110318554 1.0919477200675048e-05 1098
1764110326919 1.0877219799972078e-05 1099
1764110335281 1.083502350411248e-05 1100
1764110343697 1.0792888494064669e-05 1101
1764110352076 1.0750814950534202e-05 1102
1764110360477 1.0708803053963037e-05 1103
1764110368863 1.0666852984528741e-05 1104
1764110377293 1.0624964922143722e-05 1105
1764110385716 1.0583139046454448e-05 1106
1764110394098 1.0541375536840699e-05 1107
1764110402518 1.0499674572414774e-05 1108
1764110410877 1.0458036332020736e-05 1109
1764110419245 1.0416460994233643e-05 1110
1764110427626 1.0374948737358778e-05 1111
1764110436047 1.0333499739430902e-05 1112
1764110444427 1.029211417821343e-05 1113
1764110452818 1.0250792231197775e-05 1114
1764110461202 1.020953407560249e-05 1115
1764110469728 1.0168339888372553e-05 1116
1764110478115 1.0127209846178597e-05 1117
1764110486502 1.0086144125416152e-05 1118
1764110494872 1.0045142902204907e-05 1119
1764110503243 1.00042063523879e-05 1120
1764110511650 9.963334651530848e-06 1121
1764110520074 9.922527974921327e-06 1122
1764110528435 9.881786497568052e-06 1123
1764110536847 9.841110394200076e-06 1124
1764110545200 9.800499839266144e-06 1125
1764110553587 9.759955006933847e-06 1126
1764110561958 9.719476071088888e-06 1127
1764110570334 9.679063205334409e-06 1128
1764110578703 9.63871658299017e-06 1129
1764110587070 9.598436377091809e-06 1130
1764110595572 9.558222760390145e-06 1131
1764110603959 9.51807590535043e-06 1132
1764110612370 9.477995984151577e-06 1133
1764110620749 9.43798316868541e-06 1134
1764110629134 9.398037630556007e-06 1135
1764110637515 9.358159541078888e-06 1136
1764110645906 9.31834907128028e-06 1137
1764110654329 9.278606391896438e-06 1138
1764110662834 9.238931673372886e-06 1139
1764110671206 9.199325085863672e-06 1140
1764110679579 9.159786799230633e-06 1141
1764110687969 9.120316983042695e-06 1142
1764110696350 9.080915806575161e-06 1143
1764110704761 9.041583438808903e-06 1144
1764110713143 9.002320048429722e-06 1145
1764110721524 8.963125803827605e-06 1146
1764110729893 8.924000873095978e-06 1147
1764110738307 8.884945424030982e-06 1148
1764110746730 8.845959624130787e-06 1149
1764110755071 8.80704364059488e-06 1150
1764110763440 8.768197640323276e-06 1151
1764110771834 8.729421789915885e-06 1152
1764110780210 8.69071625567174e-06 1153
1764110788606 8.65208120358835e-06 1154
1764110796966 8.613516799360891e-06 1155
1764110805394 8.575023208381575e-06 1156
1764110813804 8.536600595738942e-06 1157
1764110822335 8.498249126217067e-06 1158
1764110830740 8.459968964294958e-06 1159
1764110839126 8.421760274145778e-06 1160
1764110847520 8.383623219636202e-06 1161
1764110855952 8.34555796432563e-06 1162
1764110864346 8.307564671465572e-06 1163
1764110872722 8.269643503998899e-06 1164
1764110881102 8.23179462455915e-06 1165
1764110889452 8.194018195469852e-06 1166
1764110897844 8.156314378743803e-06 1167
1764110906247 8.118683336082391e-06 1168
1764110914648 8.081125228874894e-06 1169
1764110923003 8.043640218197793e-06 1170
1764110931391 8.006228464814073e-06 1171
1764110939780 7.968890129172538e-06 1172
1764110948164 7.931625371407127e-06 1173
1764110956545 7.894434351336229e-06 1174
1764110964895 7.857317228461977e-06 1175
1764110973309 7.820274161969594e-06 1176
1764110981695 7.783305310726684e-06 1177
1764110990072 7.746410833282572e-06 1178
1764110998456 7.709590887867607e-06 1179
1764111006913 7.672845632392495e-06 1180
1764111015279 7.63617522444761e-06 1181
1764111023669 7.599579821302336e-06 1182
1764111032031 7.563059579904369e-06 1183
1764111040424 7.526614656879073e-06 1184
1764111048850 7.490245208528775e-06 1185
1764111057242 7.453951390832126e-06 1186
1764111065634 7.417733359443406e-06 1187
1764111074043 7.381591269691878e-06 1188
1764111082421 7.345525276581105e-06 1189
1764111090928 7.309535534788295e-06 1190
1764111099287 7.273622198663636e-06 1191
1764111107790 7.2377854222296326e-06 1192
1764111116184 7.202025359180442e-06 1193
1764111124551 7.1663421628812215e-06 1194
1764111132948 7.130735986367472e-06 1195
1764111141330 7.095206982344367e-06 1196
1764111149714 7.059755303186122e-06 1197
1764111158085 7.0243811009353155e-06 1198
1764111166643 6.989084527302252e-06 1199
1764111175027 6.953865733664313e-06 1200
1764111183413 6.9187248710652965e-06 1201
1764111191798 6.883662090214776e-06 1202
1764111200196 6.848677541487462e-06 1203
1764111208602 6.813771374922538e-06 1204
1764111216988 6.778943740223031e-06 1205
1764111225351 6.744194786755171e-06 1206
1764111233786 6.709524663547745e-06 1207
1764111242167 6.674933519291438e-06 1208
1764111250577 6.640421502338254e-06 1209
1764111258955 6.605988760700814e-06 1210
1764111267372 6.571635442051754e-06 1211
1764111275753 6.537361693723088e-06 1212
1764111284138 6.503167662705578e-06 1213
1764111292558 6.4690534956481005e-06 1214
1764111300974 6.4350193388569965e-06 1215
1764111309366 6.4010653382955e-06 1216
1764111317732 6.3671916395830505e-06 1217
1764111326115 6.333398387994716e-06 1218
1764111334481 6.299685728460511e-06 1219
1764111342841 6.2660538055648575e-06 1220
1764111351211 6.232502763545904e-06 1221
1764111359552 6.199032746294895e-06 1222
1764111367947 6.165643897355625e-06 1223
1764111376338 6.132336359923761e-06 1224
1764111384736 6.099110276846245e-06 1225
1764111393101 6.065965790620672e-06 1226
1764111401475 6.032903043394721e-06 1227
1764111409854 5.999922176965496e-06 1228
1764111418260 5.967023332778926e-06 1229
1764111426639 5.934206651929182e-06 1230
1764111435011 5.901472275158077e-06 1231
1764111443510 5.868820342854402e-06 1232
1764111451915 5.836250995053396e-06 1233
1764111460268 5.803764371436116e-06 1234
1764111468652 5.771360611328835e-06 1235
1764111477032 5.739039853702424e-06 1236
1764111485418 5.7068022371718025e-06 1237
1764111493799 5.674647899995334e-06 1238
1764111502169 5.642576980074179e-06 1239
1764111510534 5.610589614951774e-06 1240
1764111519063 5.578685941813196e-06 1241
1764111527441 5.5468660974846176e-06 1242
1764111535809 5.515130218432658e-06 1243
1764111544192 5.48347844076384e-06 1244
1764111552567 5.451910900224028e-06 1245
1764111560938 5.4204277321977754e-06 1246
1764111569318 5.389029071707808e-06 1247
1764111577677 5.357715053414409e-06 1248
1764111586045 5.326485811614886e-06 1249
1764111594413 5.295341480242915e-06 1250
1764111602791 5.264282192868052e-06 1251
1764111671196 5.202419282563585e-06 1253
1764111679560 5.171615924947134e-06 1254
1764111687920 5.1408981419529435e-06 1255
1764111696264 5.110266065321223e-06 1256
1764111704610 5.07971982642458e-06 1257
1764111712988 5.049259556267508e-06 1258
1764111721356 5.018885385485795e-06 1259
1764111729736 4.988597444345979e-06 1260
1764111738098 4.958395862744775e-06 1261
1764111746512 4.92828077020853e-06 1262
1764111754884 4.898252295892668e-06 1263
1764111763248 4.868310568581118e-06 1264
1764111771822 4.838455716685786e-06 1265
1764111780240 4.80868786824599e-06 1266
1764111788640 4.7790071509279096e-06 1267
1764111797068 4.74941369202405e-06 1268
1764111805473 4.719907618452683e-06 1269
1764111813894 4.690489056757314e-06 1270
1764111822281 4.6611581331061265e-06 1271
1764111830711 4.631914973291455e-06 1272
1764111839094 4.602759702729233e-06 1273
1764111847504 4.5736924464584674e-06 1274
1764111855893 4.544713329140692e-06 1275
1764111864287 4.5158224750594375e-06 1276
1764111872673 4.487020008119697e-06 1277
1764111881042 4.458306051847393e-06 1278
1764111889456 4.4296807293888576e-06 1279
1764111897819 4.401144163510289e-06 1280
1764111906262 4.372696476597236e-06 1281
1764111914670 4.34433779065407e-06 1282
1764111923060 4.3160682273034564e-06 1283
1764111931476 4.287887907785846e-06 1284
1764111939926 4.259796952958941e-06 1285
1764111948332 4.231795483297189e-06 1286
1764111956761 4.2038836188912525e-06 1287
1764111965196 4.176061479447506e-06 1288
1764111973596 4.14832918428752e-06 1289
1764111982013 4.120686852347542e-06 1290
1764111990399 4.0931346021779944e-06 1291
1764111998941 4.065672551942968e-06 1292
1764112007371 4.038300819419698e-06 1293
1764112015736 4.011019521998087e-06 1294
1764112024121 3.9838287766801785e-06 1295
1764112032501 3.95672870007966e-06 1296
1764112040927 3.9297194084213726e-06 1297
1764112049294 3.902801017540797e-06 1298
1764112057664 3.875973642883576e-06 1299
1764112066042 3.849237399504999e-06 1300
1764112074466 3.822592402069521e-06 1301
1764112082889 3.7960387648502747e-06 1302
1764112091283 3.7695766017285547e-06 1303
1764112099682 3.743206026193376e-06 1304
1764112108063 3.7169271513409387e-06 1305
1764112116441 3.6907400898741707e-06 1306
1764112124846 3.664644954102237e-06 1307
1764112133211 3.6386418559400538e-06 1308
1764112141570 3.6127309069078264e-06 1309
1764112149936 3.5869122181305316e-06 1310
1764112158355 3.561185900337501e-06 1311
1764112166775 3.535552063861888e-06 1312
1764112175153 3.5100108186402293e-06 1313
1764112183545 3.484562274211949e-06 1314
1764112191925 3.4592065397189243e-06 1315
1764112200319 3.4339437239049863e-06 1316
1764112208701 3.4087739351154496e-06 1317
1764112217139 3.383697281296683e-06 1318
1764112225532 3.358713869995617e-06 1319
1764112233923 3.333823808359289e-06 1320
1764112242305 3.30902720313437e-06 1321
1764112250865 3.2843241606667543e-06 1322
1764112259234 3.2597147869010537e-06 1323
1764112267621 3.235199187380149e-06 1324
1764112275968 3.2107774672447577e-06 1325
1764112284353 3.186449731232999e-06 1326
1764112292743 3.1622160836798756e-06 1327
1764112301099 3.138076628516892e-06 1328
1764112309478 3.1140314692716044e-06 1329
1764112317844 3.090080709067138e-06 1330
1764112326212 3.0662244506217607e-06 1331
1764112334576 3.0424627962484617e-06 1332
1764112342997 3.018795847854509e-06 1333
1764112351394 2.9952237069409714e-06 1334
1764112359771 2.971746474602343e-06 1335
1764112368180 2.9483642515260613e-06 1336
1764112376555 2.9250771379921205e-06 1337
1764112384948 2.901885233872585e-06 1338
1764112393346 2.878788638631203e-06 1339
1764112401731 2.8557874513229895e-06 1340
1764112410109 2.832881770593749e-06 1341
1764112418515 2.810071694679704e-06 1342
1764112426880 2.7873573214070415e-06 1343
1764112435261 2.76473874819153e-06 1344
1764112443677 2.7422160720380475e-06 1345
1764112452033 2.7197893895402123e-06 1346
1764112460419 2.6974587968799495e-06 1347
1764112468811 2.675224389827083e-06 1348
1764112477192 2.653086263738916e-06 1349
1764112485565 2.6310445135598366e-06 1350
1764112494078 2.609099233820899e-06 1351
1764112502481 2.5872505186394168e-06 1352
1764112510886 2.5654984617185864e-06 1353
1764112519227 2.543843156347033e-06 1354
1764112527580 2.522284695398457e-06 1355
1764112535948 2.5008231713312214e-06 1356
1764112544333 2.479458676187945e-06 1357
1764112552698 2.4581913015951314e-06 1358
1764112561070 2.437021138762735e-06 1359
1764112569455 2.4159482784838164e-06 1360
1764112577852 2.394972811134134e-06 1361
1764112586209 2.3740948266717364e-06 1362
1764112594584 2.353314414636603e-06 1363
1764112602943 2.332631664150266e-06 1364
1764112611314 2.3120466639153902e-06 1365
1764112619667 2.291559502215434e-06 1366
1764112628064 2.2711702669142343e-06 1367
1764112636516 2.250879045455672e-06 1368
1764112645020 2.23068592486326e-06 1369
1764112653408 2.2105909917397843e-06 1370
1764112661772 2.1905943322669314e-06 1371
1764112670159 2.170696032204922e-06 1372
1764112678544 2.1508961768921355e-06 1373
1764112686940 2.1311948512447456e-06 1374
1764112695317 2.1115921397563837e-06 1375
1764112703715 2.0920881264977134e-06 1376
1764112712096 2.0726828951161405e-06 1377
1764112720482 2.0533765288353986e-06 1378
1764112728835 2.0341691104552344e-06 1379
1764112737223 2.015060722351032e-06 1380
1764112745631 1.9960514464734407e-06 1381
1764112754137 1.977141364348073e-06 1382
1764112762511 1.9583305570751104e-06 1383
1764112770893 1.939619105328977e-06 1384
1764112779260 1.9210070893579816e-06 1385
1764112787651 1.9024945889839866e-06 1386
1764112796045 1.8840816836020575e-06 1387
1764112804432 1.8657684521801244e-06 1388
1764112812824 1.8475549732586368e-06 1389
1764112821240 1.8294413249502458e-06 1390
1764112829608 1.8114275849394462e-06 1391
1764112837993 1.7935138304822491e-06 1392
1764112846489 1.7757001384058716e-06 1393
1764112854882 1.7579865851083816e-06 1394
1764112863260 1.7403732465583646e-06 1395
1764112871652 1.722860198294636e-06 1396
1764112880024 1.7054475154258885e-06 1397
1764112888414 1.688135272630354e-06 1398
1764112896825 1.6709235441555358e-06 1399
1764112905245 1.6538124038178293e-06 1400
1764112913632 1.6368019250022572e-06 1401
1764112922015 1.6198921806621286e-06 1402
1764112930400 1.6030832433187095e-06 1403
1764112938778 1.5863751850609612e-06 1404
1764112947147 1.5697680775451889e-06 1405
1764112955526 1.553261991994733e-06 1406
1764112963896 1.5368569991997063e-06 1407
1764112972270 1.5205531695166488e-06 1408
1764112980661 1.5043505728682297e-06 1409
1764112989030 1.4882492787429769e-06 1410
1764112997425 1.4722493561949446e-06 1411
1764113005799 1.4563508738434298e-06 1412
1764113014219 1.4405538998727048e-06 1413
1764113022601 1.4248585020316652e-06 1414
1764113030972 1.4092647476336013e-06 1415
1764113039350 1.3937727035558729e-06 1416
1764113047712 1.3783824362396235e-06 1417
1764113056053 1.3630940116895218e-06 1418
1764113064466 1.3479074954734487e-06 1419
1764113072849 1.3328229527222222e-06 1420
1764113081279 1.3178404481293458e-06 1421
1764113089656 1.3029600459506842e-06 1422
1764113098035 1.2881818100042247e-06 1423
1764113106564 1.2735058036698e-06 1424
1764113114927 1.2589320898887872e-06 1425
1764113123506 1.2444607311638743e-06 1426
1764113131903 1.2300917895587792e-06 1427
1764113140281 1.2158253266979615e-06 1428
1764113148788 1.2016614037663928e-06 1429
1764113157169 1.187600081509285e-06 1430
1764113165577 1.173641420231799e-06 1431
1764113173966 1.1597854797988423e-06 1432
1764113182370 1.1460323196347518e-06 1433
1764113190781 1.1323819987230808e-06 1434
1764113199164 1.1188345756063425e-06 1435
1764113207538 1.105390108385731e-06 1436
1764113215902 1.092048654720897e-06 1437
1764113224353 1.0788102718297118e-06 1438
1764113232757 1.0656750164879725e-06 1439
1764113241122 1.052642945029213e-06 1440
1764113249503 1.0397141133444384e-06 1441
1764113257915 1.0268885768818735e-06 1442
1764113266309 1.014166390646748e-06 1443
1764113274720 1.0015476092010525e-06 1444
1764113283095 9.890322866632935e-07 1445
1764113291446 9.766204767082862e-07 1446
1764113299814 9.643122325668892e-07 1447
1764113308215 9.521076070258026e-07 1448
1764113316596 9.400066524273473e-07 1449
1764113324972 9.280094206692058e-07 1450
1764113333376 9.161159632042396e-07 1451
1764113341787 9.04326331040246e-07 1452
1764113350167 8.926405747397347e-07 1453
1764113358581 8.810587444197341e-07 1454
1764113366977 8.69580889751549e-07 1455
1764113375396 8.582070599605745e-07 1456
1764113383790 8.469373038260598e-07 1457
1764113392288 8.357716696809162e-07 1458
1764113400651 8.247102054115002e-07 1459
1764113409034 8.137529584574278e-07 1460
1764113417375 8.028999758113288e-07 1461
1764113425787 7.921513040186893e-07 1462
1764113434172 7.815069891776339e-07 1463
1764113442552 7.709670769387265e-07 1464
1764113450915 7.605316125047687e-07 1465
1764113459319 7.502006406306317e-07 1466
1764113467700 7.39974205623032e-07 1467
1764113476103 7.298523513403582e-07 1468
1764113484495 7.198351211924797e-07 1469
1764113492914 7.099225581405703e-07 1470
1764113501396 7.001147046969095e-07 1471
1764113509780 6.904116029247055e-07 1472
1764113518147 6.8081329443791e-07 1473
1764113526511 6.713198204010557e-07 1474
1764113534880 6.61931221529063e-07 1475
1764113543242 6.526475380870682e-07 1476
1764113551611 6.434688098902667e-07 1477
1764113559977 6.34395076303708e-07 1478
1764113568361 6.254263762421724e-07 1479
1764113576756 6.165627481699545e-07 1480
1764113585139 6.078042301007508e-07 1481
1764113593522 5.991508595974519e-07 1482
1764113601909 5.906026737719996e-07 1483
1764113610257 5.821597092852398e-07 1484
1764113618649 5.738220023467381e-07 1485
1764113627052 5.655895887146468e-07 1486
1764113635453 5.574625036955424e-07 1487
1764113643839 5.494407821442786e-07 1488
1764113652222 5.415244584638295e-07 1489
1764113660575 5.337135666051484e-07 1490
1764113668924 5.260081400670188e-07 1491
1764113677325 5.184082118959163e-07 1492
1764113685697 5.109138146858595e-07 1493
1764113694080 5.035249805782716e-07 1494
1764113702456 4.962417412618486e-07 1495
1764113710839 4.890641279724175e-07 1496
1764113719212 4.819921714928045e-07 1497
1764113727573 4.7502590215269923e-07 1498
1764113735962 4.681653498285362e-07 1499
1764113744333 4.614105439433484e-07 1500
1764113752726 4.547615134666595e-07 1501
1764113761128 4.482182869143459e-07 1502
1764113769500 4.4178089234852074e-07 1503
1764113778008 4.3544935737741776e-07 1504
1764113786392 4.2922370915525604e-07 1505
1764113794773 4.231039743821518e-07 1506
1764113803131 4.170901793039718e-07 1507
1764113811485 4.1118234971224497e-07 1508
1764113819855 4.053805109440411e-07 1509
1764113828263 3.9968468788186845e-07 1510
1764113836665 3.940949049535497e-07 1511
1764113845022 3.8861118613214984e-07 1512
1764113853464 3.832335549358328e-07 1513
1764113861859 3.779620344277979e-07 1514
1764113870230 3.7279664721616097e-07 1515
1764113878601 3.6773741545385235e-07 1516
1764113886951 3.6278436083854495e-07 1517
1764113895311 3.579375046125327e-07 1518
1764113903699 3.531968675626618e-07 1519
1764113912114 3.4856247002023356e-07 1520
1764113920516 3.440343318609166e-07 1521
1764113928955 3.3961247250465246e-07 1522
1764113937344 3.352969109155979e-07 1523
1764113945752 3.3108766560201706e-07 1524
1764113954149 3.2698475461621257e-07 1525
1764113962533 3.229881955544563e-07 1526
1764113970921 3.1909800555689553e-07 1527
1764113979312 3.1531420130749236e-07 1528
1764113987685 3.116367990339572e-07 1529
1764113996181 3.080658145076633e-07 1530
1764114004557 3.046012630435859e-07 1531
1764114012945 3.0124315950024436e-07 1532
1764114021319 2.979915182796275e-07 1533
1764114029673 2.94846353327141e-07 1534
1764114038047 2.9180767813153597e-07 1535
1764114046445 2.8887550572486166e-07 1536
1764114054847 2.8604984868240757e-07 1537
1764114063238 2.833307191226455e-07 1538
1764114071610 2.807181287071798e-07 1539
1764114080015 2.7821208864070033e-07 1540
1764114088379 2.7581260967092746e-07 1541
1764114096735 2.735197020885732e-07 1542
1764114105081 2.713333757272888e-07 1543
1764114113482 2.692536399636399e-07 1544
1764114121875 2.672805037170375e-07 1545
1764114130309 2.654139754497296e-07 1546
1764114138695 2.636540631667433e-07 1547
1764114147079 2.6200077441586813e-07 1548
1764114155420 2.604541162876037e-07 1549
1764114163764 2.590140954151486e-07 1550
1764114172160 2.5768071797435616e-07 1551
1764114180583 2.564539896837179e-07 1552
1764114188967 2.5533391580434155e-07 1553
1764114197354 2.5432050113991495e-07 1554
1764114205713 2.5341375003669796e-07 1555
1764114214115 2.526136663834975e-07 1556
1764114222511 2.5192025361165923e-07 1557
1764114230906 2.513335146950345e-07 1558
1764114239284 2.508534521499913e-07 1559
1764114247681 2.504800680353841e-07 1560
1764114256078 2.502133639525563e-07 1561
1764114264441 2.5005334104532933e-07 1562
1764114272940 2.5000000000000004e-07 1563
1764114281380 2.5005334104532933e-07 1564
