1764100965620 0.6999660080434567 1
1764100973971 0.7000382658566902 2
1764100982346 0.699984725741784 3
1764100990721 0.6999187248690356 4
1764100999119 0.7001147011825812 5
1764101007541 0.6999791944797504 6
1764101015993 0.7000870289390925 7
1764101024442 0.6999484826101541 8
1764101032879 0.6999922724124976 9
1764101041338 0.7001572597322229 10
1764101049795 0.7000191263027715 11
1764101058207 0.7001099790978786 12
1764101066647 0.7001618935833211 13
1764101075079 0.7000474222895184 14
1764101083534 0.700045404227176 15
1764101091964 0.7002957425117988 16
1764101100429 0.7000070068556835 17
1764101108860 0.6999921767832896 18
1764101117253 0.6999833249996564 19
1764101125677 0.6999463965701773 20
1764101134067 0.6999540201635038 21
1764101142458 0.700036090865416 22
1764101151059 0.6999778256514332 23
1764101159462 0.6999596628303562 24
1764101167879 0.7003399847582901 25
1764101176296 0.7000989939138732 26
1764101184706 0.7000288837417907 27
1764101193293 0.699927382193514 28
1764101201647 0.6999788567008297 29
1764101210047 0.7001390021438394 30
1764101218436 0.6999464783639948 31
1764101226831 0.7000450500463662 32
1764101235237 0.7000988550024052 33
1764101243630 0.6999255074502388 34
1764101252036 0.7001665983530017 35
1764101260434 0.7000597297814085 36
1764101268832 0.7000122177844785 37
1764101277238 0.7000190720923976 38
1764101285640 0.7000197170151611 39
1764101294041 0.6999574588787988 40
1764101302409 0.6999336176613231 41
1764101310769 0.7003804253848481 42
1764101319135 0.7001215199120663 43
1764101327559 0.7000729310097691 44
1764101335944 0.7000252767200908 45
1764101344349 0.7000798520681155 46
1764101352729 0.6999643067687155 47
1764101361092 0.7000491095114889 48
1764101369482 0.7000966216280887 49
1764101377835 0.7001027702891836 50
1764101386198 0.7000335618162437 51
1764101394576 0.7001089917718506 52
1764101402982 0.7000131764823688 53
1764101411330 0.7005248189738631 54
1764101419729 0.7000160616869813 55
1764101428206 0.6999396854241355 56
1764101436569 0.7000392811720291 57
1764101444989 0.700079219679993 58
1764101453382 0.6999223854598855 59
1764101461762 0.6999150190220957 60
1764101470141 0.6999441374411107 61
1764101478510 0.699942893163142 62
1764101486907 0.7000191415773434 63
1764101495305 0.700161122659509 64
1764101503716 0.7000107061756087 65
1764101512078 0.6998952497926197 66
1764101520463 0.7000424190023175 67
1764101528836 0.6999821184985051 68
1764101537219 0.7000223054001937 69
1764101545578 0.7000668068555083 70
1764101553963 0.7000916434187869 71
1764101562333 0.7000843557638301 72
1764101570701 0.6999399048284392 73
1764101579130 0.7000220538486387 74
1764101587526 0.6999517554142461 75
1764101595922 0.6999704219489272 76
1764101604291 0.6999266044150172 77
1764101612642 0.7002022888432327 78
1764101621002 0.7000228658424924 79
1764101629369 0.700257627566403 80
1764101637722 0.7001275696354265 81
1764101646089 0.7001860277067563 82
1764101654487 0.6999750467812573 83
1764101662858 0.7000459826535785 84
1764101671226 0.7001795493900048 85
1764101679614 0.7003500004956832 86
1764101688009 0.7000580308554887 87
1764101696359 0.6999398822873802 88
1764101704724 0.6999156761779597 89
1764101713100 0.6999216365691686 90
1764101721491 0.7001878369119772 91
1764101729896 0.7000632783248066 92
1764101738283 0.6999611438491569 93
1764101746684 0.7001044770907494 94
1764101755056 0.7000548705124996 95
1764101763442 0.7001163748731278 96
1764101771832 0.7001102881192185 97
1764101780211 0.7000744667184111 98
1764101788621 0.6999515892830103 99
1764101797002 0.7001027530987709 100
1764101805412 0.70017477833028 101
1764101813784 0.7001040350493375 102
1764101822170 0.7000734714899501 103
1764101830578 0.6998776085441261 104
1764101838965 0.699993033683517 105
1764101847337 0.7002063396983274 106
1764101855712 0.7004521941253404 107
1764101864105 0.7000615096593644 108
1764101872485 0.7000310290459045 109
1764101880900 0.7000976752979321 110
1764101889262 0.7000527397769257 111
1764101897645 0.6999305875652302 112
1764101906057 0.7002095245084932 113
1764101914429 0.699945876961275 114
1764101922809 0.7000210126763803 115
1764101931183 0.6999938613559602 116
1764101939611 0.7000741045083941 117
1764101948013 0.7000675420900595 118
1764101956390 0.7000879359546063 119
1764101964778 0.7000269719636004 120
1764101973131 0.7000162501451681 121
1764101981538 0.7002543016280274 122
1764101989910 0.6999365999944218 123
1764101998294 0.700026683951682 124
1764102006673 0.6999512009072628 125
1764102015149 0.7000750678404575 126
1764102023512 0.7000586588677042 127
1764102031903 0.7002182275714531 128
1764102040290 0.6999656716396537 129
1764102048676 0.7001115422830161 130
1764102057190 0.6999488745385412 131
1764102065543 0.7001021042119444 132
1764102074050 0.7002150474627937 133
1764102082445 0.7000913180848947 134
1764102090812 0.7000575853158082 135
1764102099204 0.6999373432923172 136
1764102107588 0.6999644392584893 137
1764102115955 0.7000862700201882 138
1764102124312 0.6999747940557571 139
1764102132654 0.7002545111966513 140
1764102141046 0.700027141807867 141
1764102149418 0.7000719849339594 142
1764102157812 0.699881292096896 143
1764102166170 0.6999432093638432 144
1764102174532 0.7002277393002305 145
1764102182917 0.7000974041025876 146
1764102191299 0.7000429796639315 147
1764102199659 0.7001146515684034 148
1764102208054 0.7000092549533435 149
1764102216431 0.7000693909428399 150
1764102224819 0.7000260910471854 151
1764102233212 0.7000221278444457 152
1764102241614 0.6999579192443992 153
1764102250008 0.7001160542923718 154
1764102258394 0.7001545103847561 155
1764102266770 0.6999063201978629 156
1764102275167 0.699878033225005 157
1764102283548 0.700267987890432 158
1764102291981 0.7001418697776878 159
1764102300373 0.6999833063118078 160
1764102308772 0.7000259955507419 161
1764102317153 0.7000897171386868 162
1764102325534 0.7001404635531128 163
1764102333931 0.7000068360864969 164
1764102342324 0.7000606237591313 165
1764102350721 0.7000294355577931 166
1764102359091 0.7001268463336002 167
1764102367475 0.7001604808686024 168
1764102375891 0.7000346038593029 169
1764102384281 0.7000071372130098 170
1764102392686 0.6999388348955881 171
1764102401081 0.7000695710220871 172
1764102409444 0.700018038793623 173
1764102417862 0.6999516039816079 174
1764102426252 0.7000642987060455 175
1764102434648 0.7000742916549254 176
1764102443080 0.6999496806484744 177
1764102451454 0.7002330334625958 178
1764102459822 0.7000060344926404 179
1764102468204 0.7000393671654878 180
1764102476595 0.6999233650286173 181
1764102484940 0.7000499380898593 182
1764102493306 0.7000634260088996 183
1764102501674 0.7001321807498735 184
1764102510043 0.7001067760146478 185
1764102518573 0.7000558493857074 186
1764102526972 0.6999733775374524 187
1764102535367 0.7001357425489956 188
1764102543738 0.7001723424607872 189
1764102552253 0.6999557029793155 190
1764102560649 0.7001472219758124 191
1764102569011 0.7000753880296102 192
1764102577544 0.7001181964019176 193
1764102585943 0.7000581524512882 194
1764102594318 0.7000590949324255 195
1764102602704 0.7001644668832611 196
1764102611106 0.6999741261460385 197
1764102619503 0.7000653985801704 198
1764102627888 0.7000771047942116 199
1764102636294 0.6999366169587353 200
1764102644688 0.7000725297449847 201
1764102653060 0.7001296532721825 202
1764102661428 0.7001344568244606 203
1764102669821 0.7001642489308684 204
1764102678238 0.7002086329769837 205
1764102686634 0.6998971289272845 206
1764102695039 0.7000015375724274 207
1764102703392 0.699988977281295 208
1764102711786 0.7001518209242226 209
1764102720164 0.6999689181269834 210
1764102728493 0.7002141984017938 211
1764102736899 0.700112815624159 212
1764102745297 0.7000123458600069 213
1764102753690 0.6999877898818776 214
1764102762091 0.7000303220193348 215
1764102770477 0.7000959540774481 216
1764102778858 0.700311665649497 217
1764102787242 0.7000653783611425 218
1764102795606 0.7001495278250356 219
1764102804034 0.7002546525033411 220
1764102812420 0.7000088801930737 221
1764102820790 0.7001657974718828 222
1764102829178 0.6999919963351644 223
1764102837562 0.6998763630910725 224
1764102845942 0.700000865068705 225
1764102854332 0.7000203196959971 226
1764102862696 0.7001010097580248 227
1764102871218 0.7000558789518667 228
1764102879602 0.7000987704000666 229
1764102887979 0.7000036361619033 230
1764102896342 0.700142360749152 231
1764102904832 0.7000645241469341 232
1764102913211 0.700058365353486 233
1764102921582 0.6999991041641824 234
1764102930108 0.7000721276765774 235
1764102938524 0.7000587100507636 236
1764102946889 0.6999714055975537 237
1764102955278 0.7002971604122483 238
1764102963639 0.70008561346646 239
1764102972023 0.700054722659235 240
1764102980401 0.6999549490274531 241
1764102988813 0.6999612025160994 242
1764102997243 0.6999670323620446 243
1764103005613 0.699967600068288 244
1764103014005 0.7000556772641177 245
1764103022354 0.7002289146773909 246
1764103030713 0.699977212934996 247
1764103039135 0.7000328628223141 248
1764103047494 0.7001059774006062 249
1764103055871 0.7001475224887019 250
1764103064276 0.7001410137891788 251
1764103072641 0.7001373878845699 252
1764103081090 0.7000170805943273 253
1764103089489 0.6999804271323843 254
1764103097869 0.7000737007587015 255
1764103106269 0.6999526159858851 256
1764103114670 0.7000401941604867 257
1764103123041 0.7000363682184403 258
1764103131429 0.7000005461357943 259
1764103139782 0.7000726478207151 260
1764103148183 0.7001102064588851 261
1764103156693 0.7000624208174634 262
1764103165099 0.6999384115060333 263
1764103173456 0.7001279453398283 264
1764103181977 0.7001110533242592 265
1764103190336 0.7000929778429501 266
1764103198729 0.6999703327596571 267
1764103207247 0.7000251380827474 268
1764103215633 0.7001283425769068 269
1764103224049 0.6999780189078315 270
1764103232434 0.7000779999022959 271
1764103240815 0.7000381617402969 272
1764103249157 0.6999942555845724 273
1764103257524 0.7000697497384345 274
1764103265888 0.6999056247240848 275
1764103274247 0.7001066084242858 276
1764103282628 0.7000190894506261 277
1764103291029 0.7000714214583289 278
1764103299405 0.6999766211767826 279
1764103307775 0.6999550357921804 280
1764103316139 0.7002112168579901 281
1764103324517 0.6999335963236581 282
1764103332875 0.7000097958862095 283
1764103341295 0.6999985098859056 284
1764103349649 0.7001227245389122 285
1764103358019 0.7000237022398803 286
1764103366430 0.6999671231700632 287
1764103374843 0.7001376305117213 288
1764103383234 0.6999443998781926 289
1764103391602 0.6999898873898809 290
1764103399986 0.7000164430856565 291
1764103408356 0.7000224091860916 292
1764103416745 0.7000566111983029 293
1764103425111 0.6999895152049138 294
1764103433506 0.6998780174407123 295
1764103441906 0.7000558546039104 296
1764103450277 0.7000749729152675 297
1764103458643 0.7000182869783893 298
1764103467050 0.6999529136625776 299
1764103475443 0.7001483133507592 300
1764103483799 0.6999883475528046 301
1764103492175 0.7001258195267075 302
1764103500571 0.6999075212845727 303
1764103508988 0.6999184935902374 304
1764103517420 0.6999351783408694 305
1764103525791 0.7001459885121932 306
1764103534174 0.7000383911707251 307
1764103542572 0.6999356958639851 308
1764103550942 0.6999076754780144 309
1764103559311 0.6999915207600388 310
1764103567679 0.6999373830992478 311
1764103576068 0.6999540019434136 312
1764103640609 0.700020353752183 314
1764103648978 0.699973250001376 315
1764103657363 0.6999464691215618 316
1764103665755 0.7000998327269142 317
1764103674151 0.7000331951130107 318
1764103682576 0.7000883717658677 319
1764103690974 0.7000417948296567 320
1764103699386 0.7001416652150264 321
1764103707790 0.700149902465856 322
1764103716188 0.699961064699718 323
1764103724631 0.7001500048119277 324
1764103733044 0.700114265171473 325
1764103741476 0.6999921794813866 326
1764103749923 0.7002140630099893 327
1764103758343 0.7000610642081123 328
1764103766934 0.6999858023517518 329
1764103775352 0.7000814831196621 330
1764103783773 0.7000403786638484 331
1764103792173 0.7000166892272895 332
1764103800595 0.7000042289492171 333
1764103808995 0.7002495400141227 334
1764103817419 0.7000937751674292 335
1764103825835 0.6999924569949695 336
1764103834272 0.6999598190188376 337
1764103842653 0.6999836002758837 338
1764103851059 0.6999234486335355 339
1764103859487 0.700098334834278 340
1764103867882 0.6999221352286141 341
1764103876276 0.7000769415193235 342
1764103884652 0.7000861027378927 343
1764103893050 0.6999615457323333 344
1764103901607 0.6998636684914854 345
1764103909975 0.6999833672826404 346
1764103918347 0.6999994072165285 347
1764103926974 0.7001579833328769 348
1764103935364 0.7002553541672892 349
1764103943757 0.7000643153802593 350
1764103952156 0.7001322122146513 351
1764103960575 0.7001046671698353 352
1764103968990 0.7001271335261406 353
1764103977396 0.7000161230105583 354
1764103985818 0.700206003815812 355
1764103994211 0.7000597655739009 356
1764104002610 0.7001296402512193 357
1764104011006 0.7002640096249397 358
1764104019429 0.6999767912688941 359
1764104027837 0.7001306151170423 360
1764104036213 0.6998866737164248 361
1764104044649 0.7000264867742281 362
1764104053040 0.7000486522389393 363
1764104061464 0.6999614984354658 364
1764104069862 0.6998475817130151 365
1764104078250 0.7000028260894103 366
1764104086655 0.7000385631988741 367
1764104095071 0.7001109388836984 368
1764104103470 0.7000300829647393 369
1764104111850 0.69996354591396 370
1764104120231 0.7001383134691723 371
1764104128637 0.7000234607390532 372
1764104137020 0.7002399264040283 373
1764104145400 0.700050721650297 374
1764104153798 0.7000714507784171 375
1764104162220 0.7000485693041707 376
1764104170625 0.6999263471830507 377
1764104179007 0.6998967487259072 378
1764104187384 0.6999882660541256 379
1764104195760 0.7000924926691154 380
1764104204137 0.6999622466780392 381
1764104212558 0.6998713353042116 382
1764104220957 0.700125701520837 383
1764104229336 0.6999661161831506 384
1764104237736 0.700026342339501 385
1764104246135 0.7001793888729642 386
1764104254646 0.7000859721676936 387
1764104263011 0.6999953519451455 388
1764104271407 0.6999287106860809 389
1764104279939 0.7000952568246648 390
1764104288300 0.7000848206414512 391
1764104296710 0.7000038381232656 392
1764104305110 0.7000550907796366 393
1764104313496 0.7001423690430759 394
1764104321859 0.7001459581175953 395
1764104330248 0.7000222743744922 396
1764104338622 0.700166484327938 397
1764104347038 0.6998916560931955 398
1764104355431 0.7000243065157818 399
1764104363848 0.7000938307990897 400
1764104372226 0.6999187992147524 401
1764104380560 0.6999506117063998 402
1764104388939 0.699995943556226 403
1764104397310 0.6998832403378777 404
1764104405673 0.6999106751108439 405
1764104414055 0.7001668352120076 406
1764104422445 0.7000328501819745 407
1764104430847 0.6999181951912524 408
1764104439226 0.699975560283232 409
1764104447628 0.7002240798866899 410
1764104456030 0.7000838267987944 411
1764104464403 0.7002387557001395 412
1764104472805 0.7000087658594117 413
1764104481181 0.6999940820288255 414
1764104489539 0.699965117767753 415
1764104497938 0.6999939429062751 416
1764104506352 0.7000619626128637 417
1764104514726 0.7001068455152759 418
1764104523101 0.7000770339620997 419
1764104531607 0.7002321881554643 420
1764104540000 0.7002367853323306 421
1764104548362 0.7000149382663211 422
1764104556891 0.7001421931885832 423
1764104565250 0.7000450065488357 424
1764104573639 0.6999837839784 425
1764104582034 0.6999675285683771 426
1764104590459 0.7003378352140668 427
1764104598804 0.6999609764493215 428
1764104607208 0.7000634786649197 429
1764104615629 0.7001023362754475 430
1764104624003 0.7000722709453617 431
1764104632397 0.7000272339338581 432
1764104640884 0.7000130363494336 433
1764104649240 0.7002805177847626 434
1764104657614 0.7002730654068452 435
1764104665984 0.7000358747348205 436
1764104674368 0.7000174254455301 437
1764104682733 0.6999589564305508 438
1764104691121 0.7000017606253113 439
1764104699508 0.7002439355266818 440
1764104707855 0.699965488550357 441
1764104716243 0.7000482370358807 442
1764104724629 0.7000538610248752 443
1764104733004 0.7000759516670931 444
1764104741378 0.7001767885392624 445
1764104749740 0.7002841805758562 446
1764104758090 0.7000217244898612 447
1764104766483 0.7001642455552876 448
1764104774843 0.7006020877610049 449
1764104783210 0.6998679996423162 450
1764104791559 0.6998911369810549 451
1764104799953 0.6999900483693551 452
1764104808333 0.7001134218845386 453
1764104816761 0.6999145887463715 454
1764104825164 0.700038258906898 455
1764104833575 0.7000925079256318 456
1764104841951 0.7000147399680927 457
1764104850333 0.7002105953276865 458
1764104858709 0.7001048432158155 459
1764104867077 0.7001327091760298 460
1764104875468 0.7000226136134035 461
1764104883900 0.6999645664033245 462
1764104892243 0.7003271955768192 463
1764104900627 0.7000254208765134 464
1764104909040 0.7000685128381222 465
1764104917443 0.7000301354550614 466
1764104925840 0.700105951422708 467
1764104934232 0.7000553798516662 468
1764104942601 0.7000138592909588 469
1764104950971 0.7001168500202766 470
1764104959374 0.7001577138507542 471
1764104967782 0.7000818105073617 472
1764104976157 0.6999170187340844 473
1764104984570 0.6999398849674738 474
1764104992951 0.7001126346857991 475
1764105001308 0.7002514384839735 476
1764105009688 0.6999784335701063 477
1764105018074 0.7001261482624561 478
1764105026428 0.6999465145725209 479
1764105034810 0.7000531966798034 480
1764105043221 0.7001926852981618 481
1764105051622 0.6999607198574164 482
1764105059982 0.7002640783902149 483
1764105068350 0.700152401140808 484
1764105076713 0.7001608966340453 485
1764105085127 0.6998646503827488 486
1764105093529 0.6999883073833679 487
1764105101922 0.7000211072257272 488
1764105110308 0.69992869980346 489
1764105118723 0.7001862601153577 490
1764105127098 0.7000760067969803 491
1764105135488 0.7000252920330229 492
1764105143994 0.7000553635480742 493
1764105152375 0.7000880119105242 494
1764105160748 0.7002509007885266 495
1764105169139 0.7001117009166141 496
1764105177506 0.6999697936323228 497
1764105185916 0.7000725324159859 498
1764105194318 0.6999901691225147 499
1764105202679 0.6999859243159172 500
1764105211074 0.7000614406307049 501
1764105219436 0.6999146368094861 502
1764105227831 0.6999253686842921 503
1764105236218 0.7000061218025395 504
1764105244617 0.7000392379735916 505
1764105253044 0.7001266353431678 506
1764105261452 0.7002243972541116 507
1764105269839 0.7000691277601953 508
1764105278222 0.7000620303331437 509
1764105286640 0.6999620177639342 510
1764105295021 0.7000496624238083 511
1764105303424 0.7000099789907018 512
1764105311820 0.7000455287992833 513
1764105320177 0.7002342726487853 514
1764105328577 0.7000175207468491 515
1764105336956 0.7000235565645239 516
1764105345349 0.700075102594278 517
1764105353724 0.700096634575669 518
1764105362115 0.6999688405467225 519
1764105370490 0.7000711097690164 520
1764105378872 0.7001197595114936 521
1764105387238 0.7001083275335158 522
1764105395628 0.699984499443552 523
1764105404162 0.6999903232407645 524
1764105412530 0.7000887830719635 525
1764105420920 0.7001397041676514 526
1764105429268 0.700173306852612 527
1764105437831 0.7003107527109473 528
1764105446223 0.7000612941659742 529
1764105454591 0.7000972237151541 530
1764105462959 0.7000574431124589 531
1764105471309 0.6999756896249322 532
1764105479691 0.7002423901460992 533
1764105488079 0.6999424682121579 534
1764105496609 0.6999870874782681 535
1764105505005 0.6999618018259264 536
1764105513387 0.7001942961534814 537
1764105521761 0.6999890106414972 538
1764105530154 0.7001515989109511 539
1764105538532 0.7001013901832527 540
1764105546902 0.6999878858415418 541
1764105555353 0.7001295722113281 542
1764105563713 0.6999120402875617 543
1764105572066 0.7000323226602772 544
1764105580438 0.7001194565161677 545
1764105588816 0.7000074577868899 546
1764105597199 0.7001491608021242 547
1764105605578 0.7001232495905139 548
1764105613951 0.6998762579342266 549
1764105622348 0.6999817609298336 550
1764105630717 0.6999667101487976 551
1764105639070 0.6999014460685825 552
1764105647451 0.6998021832996427 553
1764105655823 0.7000149612238284 554
1764105664184 0.6999229017408843 555
1764105672548 0.7001329444304769 556
1764105680959 0.7002436442940486 557
1764105689347 0.7000139738826993 558
1764105697720 0.7001582817448899 559
1764105706090 0.699967391299511 560
1764105714456 0.69999021757149 561
1764105722838 0.6999678581414379 562
1764105731201 0.7000330711955686 563
1764105739587 0.6999138989747651 564
1764105748000 0.7000168290960239 565
1764105756440 0.699843639343595 566
1764105764821 0.6998723682388229 567
1764105773323 0.7002332370779929 568
1764105781731 0.699936772811415 569
1764105790131 0.6999577277378103 570
1764105798504 0.6999623014388586 571
1764105806882 0.7000305232464693 572
1764105815257 0.7001587333354747 573
1764105823664 0.700077825292433 574
1764105832107 0.7000510948511867 575
1764105840503 0.7000885681666302 576
1764105848878 0.7000392240912438 577
1764105857266 0.7000827885999397 578
1764105865650 0.6999192682759878 579
1764105874015 0.7000099899474523 580
1764105882383 0.7000576994686508 581
1764105890881 0.7001103655658054 582
1764105899279 0.7001810137043841 583
1764105907677 0.6998993063686392 584
1764105916112 0.6998981777656929 585
1764105924514 0.6999712271781399 586
1764105932890 0.6999537558784134 587
1764105941446 0.7000781534808465 588
1764105949817 0.7001426775365458 589
1764105958224 0.7000570219796413 590
1764105966607 0.7002009490397431 591
1764105975011 0.7000416994515842 592
1764105983375 0.7000237278959802 593
1764105991775 0.7001762962638284 594
1764106000185 0.6999999838084461 595
1764106008566 0.700049135072805 596
1764106016952 0.6999687308238984 597
1764106025311 0.7000220265458832 598
1764106033674 0.7000163322519313 599
1764106042065 0.6999389043769959 600
1764106050484 0.6999613547091561 601
1764106058853 0.6998901824630436 602
1764106067270 0.7000179377684895 603
1764106075650 0.7000571505612471 604
1764106084020 0.7000267072118672 605
1764106092416 0.6999992698505977 606
1764106100807 0.7001590182555455 607
1764106109194 0.6999834966457088 608
1764106117553 0.7002435486129777 609
1764106125950 0.7001358544435197 610
1764106134340 0.6999388056779827 611
1764106142692 0.7000507290200216 612
1764106151053 0.7001423511018682 613
1764106159456 0.699935660799107 614
1764106167818 0.7002385339596241 615
1764106176189 0.7000707212712939 616
1764106184559 0.7001318335212747 617
1764106192929 0.7000250391333007 618
1764106201352 0.7000827417978965 619
1764106209725 0.7001076834736457 620
1764106218099 0.7001655160010759 621
1764106226469 0.7001817122306754 622
1764106234846 0.6999394413320473 623
1764106243331 0.6999456850021708 624
1764106251704 0.7000302639248785 625
1764106316267 0.7000381664119342 627
1764106324681 0.7000223060377262 628
1764106333215 0.6999548160012168 629
1764106341592 0.7000794563134959 630
1764106349943 0.7002112942255306 631
1764106358320 0.7000059966038085 632
1764106366714 0.700000831546927 633
1764106375097 0.6998831599832199 634
1764106383485 0.6999613583972705 635
1764106391893 0.7001980853223516 636
1764106400339 0.7002381076656401 637
1764106408770 0.6999823384133579 638
1764106417196 0.7001955515845397 639
1764106425977 0.6998236550171193 640
1764106434366 0.7001538078157639 641
1764106442741 0.7000174910865299 642
1764106451163 0.7000757249783719 643
1764106459605 0.6999908505578167 644
1764106468036 0.7002649004046878 645
1764106476448 0.7000718964208145 646
1764106484852 0.7000033045435812 647
1764106493230 0.7000332891938402 648
1764106501650 0.700082604792434 649
1764106510029 0.700075847952709 650
1764106518411 0.7001278362535401 651
1764106526828 0.6998814907391819 652
1764106535249 0.7000323942928228 653
1764106543620 0.6999928247035161 654
1764106552039 0.7001197580288157 655
1764106560400 0.7001685232568349 656
1764106568817 0.700086778086972 657
1764106577239 0.7000031878639019 658
1764106585610 0.7000602047628058 659
1764106594013 0.6999756963356673 660
1764106602386 0.7000143929084832 661
1764106610793 0.7000525646204884 662
1764106619174 0.6999487650508478 663
1764106627533 0.6999837139536732 664
1764106635928 0.7000030453678119 665
1764106644305 0.699990712567246 666
1764106652720 0.7001122200443498 667
1764106661107 0.7000806131838326 668
1764106669471 0.7002286370538567 669
1764106677850 0.7002032006088577 670
1764106686236 0.6999578225533751 671
1764106694617 0.7002070820129518 672
1764106703017 0.7000617903872971 673
1764106711386 0.6999444284966614 674
1764106719757 0.7001885100977371 675
1764106728188 0.700086425710098 676
1764106736610 0.7001857959637625 677
1764106744982 0.700060245122615 678
1764106753357 0.7002164212962891 679
1764106761714 0.6999741102812298 680
1764106770134 0.7000781898295572 681
1764106778539 0.7000362850810259 682
1764106786908 0.7001368191912565 683
1764106795291 0.7000901023834682 684
1764106803696 0.6999659460177897 685
1764106812057 0.7001966212051576 686
1764106820456 0.7000494245674471 687
1764106828839 0.6999625415830644 688
1764106837224 0.7000377512483823 689
1764106845595 0.7000338117175853 690
1764106854015 0.6999508446327891 691
1764106862383 0.7000069876796551 692
1764106870773 0.6999601745745869 693
1764106879154 0.7002066905504284 694
1764106887558 0.6998795642555705 695
1764106895923 0.7000503022274511 696
1764106904334 0.7000547278807521 697
1764106912693 0.7000456848953851 698
1764106921049 0.7001864796182807 699
1764106929411 0.7001114914900046 700
1764106937772 0.7000991130325137 701
1764106946157 0.7000390754999418 702
1764106954523 0.700148365945177 703
1764106962894 0.6999764823505497 704
1764106971287 0.7001420317440258 705
1764106979658 0.7000255364258322 706
1764106988042 0.700008872297946 707
1764106996442 0.7000896769353608 708
1764107004815 0.7001447744386788 709
1764107013233 0.7000055562498785 710
1764107021609 0.6998715134952544 711
1764107029970 0.7000389716032092 712
1764107038362 0.6999627487463473 713
1764107046753 0.7001340792529538 714
1764107055134 0.7001071441623116 715
1764107063579 0.7000597776614297 716
1764107071967 0.7000008212578642 717
1764107080347 0.7000072539083741 718
1764107088720 0.6999920582362484 719
1764107097091 0.6999319458027037 720
1764107105478 0.699912376214606 721
1764107113861 0.6998670544069441 722
1764107122200 0.7000424306775891 723
1764107130593 0.7001477769524829 724
1764107139115 0.6999199133519184 725
1764107147483 0.6999538949177341 726
1764107155865 0.7000230832998724 727
1764107164239 0.7001065677822149 728
1764107172633 0.7000808143564898 729
1764107181011 0.7001336643907784 730
1764107189402 0.6998652929119813 731
1764107197810 0.6999555682910859 732
1764107206168 0.6999802015010188 733
1764107214677 0.7000445227636176 734
1764107223087 0.7001210339768416 735
1764107231479 0.700236939384695 736
1764107239850 0.7000009614575511 737
1764107248218 0.6999191032988614 738
1764107256600 0.7002158594511629 739
1764107264986 0.699932002463251 740
1764107273351 0.7001580847420543 741
1764107281727 0.7001175934329721 742
1764107290130 0.7001312152161809 743
1764107298623 0.7000906265615476 744
1764107307052 0.6999945458095629 745
1764107315429 0.7001256647875864 746
1764107323795 0.6999740746150273 747
1764107332168 0.7000890966249242 748
1764107340536 0.700069612445636 749
1764107348928 0.7001547614464696 750
1764107357263 0.7001386113943853 751
1764107365622 0.7001335109375602 752
1764107374022 0.700254821516078 753
1764107382403 0.7000994710980202 754
1764107390792 0.7000419058407801 755
1764107399177 0.7000069445601842 756
1764107407571 0.7001408281408104 757
1764107415961 0.700134724245104 758
1764107424350 0.7000288206178024 759
1764107432743 0.6999358675018189 760
1764107441175 0.7000502429526158 761
1764107449565 0.7001007530833201 762
1764107457958 0.7003045463081601 763
1764107466334 0.700037714185807 764
1764107474707 0.7000175267963042 765
1764107483133 0.700286197569272 766
1764107491516 0.7000112655785137 767
1764107499875 0.700199213180463 768
1764107508271 0.7000949504980902 769
1764107516717 0.7000417778237743 770
1764107525091 0.6999133244685587 771
1764107533487 0.7001416557952151 772
1764107541848 0.7001885941855853 773
1764107550245 0.7002005739281445 774
1764107558653 0.6999798702341471 775
1764107566993 0.7001408272995248 776
1764107575383 0.7001639776560802 777
1764107583752 0.7000822009016103 778
1764107592112 0.6999894656639645 779
1764107600528 0.700074301736124 780
1764107608911 0.7002300015651979 781
1764107617286 0.7000905031741035 782
1764107625665 0.6999672809654819 783
1764107634173 0.7000413667365442 784
1764107642565 0.7000943863483697 785
1764107650947 0.7000554432390367 786
1764107659340 0.7000928892000866 787
1764107667720 0.7000449182856038 788
1764107676089 0.7001583388975061 789
1764107684459 0.7000776866979401 790
1764107692837 0.699999380166868 791
1764107701200 0.6999162020070284 792
1764107709609 0.7001169639106333 793
1764107718110 0.6998979085180246 794
1764107726482 0.7002869383570409 795
1764107734855 0.7001714020559775 796
1764107743254 0.7000323487809307 797
1764107751613 0.6999058053311504 798
1764107759972 0.7001444224848914 799
1764107768329 0.700199207020097 800
1764107776710 0.7001408919363765 801
1764107785125 0.6998601623976772 802
1764107793511 0.7000554112092228 803
1764107801998 0.6999832279963436 804
1764107810407 0.6999582934447663 805
1764107818788 0.7000891079778552 806
1764107827162 0.7001086515887545 807
1764107835542 0.6999635549698352 808
1764107843942 0.7000462945614607 809
1764107852324 0.7000936924033268 810
1764107860711 0.6999720851306093 811
1764107869082 0.7001930493996332 812
1764107877496 0.7001367203582636 813
1764107885879 0.6999442134791135 814
1764107894241 0.7001246975657702 815
1764107902632 0.7000575289143256 816
1764107910995 0.7000988389598071 817
1764107919409 0.7000016484118058 818
1764107927775 0.7000833482541022 819
1764107936120 0.6999784674488907 820
1764107944519 0.70016258053851 821
1764107952937 0.6999951079075187 822
1764107961325 0.7002061643620685 823
1764107969727 0.70019312184665 824
1764107978113 0.7000196372951911 825
1764107986612 0.7000147961192085 826
1764107995018 0.6999961055591973 827
1764108003396 0.7000640015656736 828
1764108011789 0.7001437122917509 829
1764108020164 0.6999212847565537 830
1764108028527 0.6999859845926035 831
1764108036987 0.7003084936281873 832
1764108045385 0.7000113500478582 833
1764108053756 0.6999592403874273 834
1764108062108 0.6999925860477034 835
1764108070635 0.6999297668055346 836
1764108079061 0.7001119653998615 837
1764108087452 0.699982847696248 838
1764108095831 0.6999357393373608 839
1764108104220 0.7003644997335956 840
1764108112599 0.6999710240135277 841
1764108121005 0.7000042174864579 842
1764108129389 0.7000491763455942 843
1764108137801 0.7003688955734511 844
1764108146167 0.7000581289593963 845
1764108154696 0.7001445111537178 846
1764108163074 0.7000119456577338 847
1764108171454 0.7000580312893736 848
1764108179876 0.7000000890907374 849
1764108188260 0.7001984907122722 850
1764108196634 0.6999770549599476 851
1764108205005 0.700181823065354 852
1764108213365 0.7000811607191293 853
1764108221809 0.699952307638634 854
1764108230187 0.7001069327188374 855
1764108238568 0.6999184443855245 856
1764108246962 0.7001471932421076 857
1764108255407 0.7000841435154012 858
1764108263873 0.7000712868004926 859
1764108272259 0.7002443127396483 860
1764108280636 0.6999759302861766 861
1764108289028 0.699965703484503 862
1764108297416 0.7001343219729695 863
1764108305800 0.7000497918892467 864
1764108314195 0.7000330221344051 865
1764108322596 0.6999961252064046 866
1764108330983 0.7001947925751876 867
1764108339383 0.7000982718035197 868
1764108347761 0.6998702957102388 869
1764108356298 0.7001364181371044 870
1764108364723 0.7000833490097361 871
1764108373112 0.7000063640716896 872
1764108381515 0.7000658816640987 873
1764108389901 0.6999221181896952 874
1764108398307 0.6999835854326183 875
1764108406701 0.7000898448007036 876
1764108415070 0.7000103509709387 877
1764108423440 0.7001334862736798 878
1764108431963 0.6999927973986548 879
1764108440357 0.7001620867631126 880
1764108448754 0.7001000937607113 881
1764108457155 0.69996851938647 882
1764108465577 0.7000521951367835 883
1764108473943 0.7000344300196739 884
1764108482344 0.6999354308454032 885
1764108490714 0.70009051546211 886
1764108499096 0.7000027013886829 887
1764108507495 0.7001677230314698 888
1764108515892 0.700114158575427 889
1764108524262 0.6999997351172365 890
1764108532656 0.7000039354555861 891
1764108541044 0.6999511855334402 892
1764108549444 0.7000194319433375 893
1764108557844 0.6999449776431987 894
1764108566216 0.6999928819682575 895
1764108574591 0.700003658329329 896
1764108582987 0.7000167249563387 897
1764108591361 0.7000062458570933 898
1764108599797 0.6999325143789029 899
1764108608209 0.7000956809769247 900
1764108616590 0.7000236361479981 901
1764108624954 0.7000870384615124 902
1764108633334 0.6999961819094299 903
1764108641700 0.6999570747462336 904
1764108650070 0.7001005936124549 905
1764108658440 0.6999372544371247 906
1764108666799 0.7001511796027802 907
1764108675199 0.7000611066601168 908
1764108683556 0.6999374222670038 909
1764108691936 0.7001173976814403 910
1764108700380 0.700137528716987 911
1764108708758 0.6999822248679692 912
1764108717137 0.7000232429333579 913
1764108725510 0.7000335169073701 914
1764108733949 0.7000652116884434 915
1764108742329 0.7001259663108748 916
1764108750727 0.7000454313945403 917
1764108759134 0.6999173344473557 918
1764108767526 0.7001127185756509 919
1764108775924 0.7000577812442436 920
1764108784293 0.7000503584194955 921
1764108792679 0.7001020017715402 922
1764108801080 0.6999942885176951 923
1764108809441 0.6999696309831983 924
1764108817834 0.6999996000824454 925
1764108826234 0.6999377998600221 926
1764108834619 0.7001163637382364 927
1764108843000 0.6998962234584163 928
1764108851376 0.6999988944985333 929
1764108859741 0.7000180437724335 930
1764108868127 0.6999507889148159 931
1764108876553 0.7000301236605975 932
1764108884952 0.6999565749489958 933
1764108893328 0.7000609468625181 934
1764108901730 0.7000925937219553 935
1764108910125 0.6999204232326275 936
1764108918539 0.6999408457048157 937
1764108926934 0.7000796656207018 938
1764108991809 0.6998873417768842 940
1764109000183 0.7000833556976753 941
1764109008555 0.7000304215105696 942
1764109016912 0.6998980805582374 943
1764109025273 0.6999834143478016 944
1764109033682 0.7000839857305327 945
1764109042095 0.6999431033916191 946
1764109050512 0.7000153649843264 947
1764109058933 0.7001073467973531 948
1764109067352 0.7000579590750258 949
1764109075771 0.7000079397863667 950
1764109084199 0.7003272842381686 951
1764109092751 0.6999755500716855 952
1764109101316 0.6999435440931344 953
1764109109707 0.6999846276298072 954
1764109118154 0.7001921422011621 955
1764109126545 0.7000077292135981 956
1764109134940 0.6998421794960674 957
1764109143524 0.699976192665299 958
1764109151916 0.7000852589977332 959
1764109160333 0.700111285449432 960
1764109168720 0.700275907661279 961
1764109177139 0.699949670617663 962
1764109185553 0.699883113277078 963
1764109193964 0.6998949103746113 964
1764109202342 0.7000535842221149 965
1764109210715 0.699977275064145 966
1764109219091 0.7000949976408389 967
1764109227506 0.7001101558119005 968
1764109235915 0.700041031542063 969
1764109244320 0.6999869395700493 970
1764109252735 0.6999565814941002 971
1764109261121 0.6999691223289164 972
1764109269520 0.7001066065692529 973
1764109277939 0.7002033403164063 974
1764109286334 0.6999531263322292 975
1764109294714 0.6999550693195167 976
1764109303145 0.7000850994363886 977
1764109311531 0.7001649626993843 978
1764109319910 0.7000990629136695 979
1764109328310 0.7002253101552831 980
1764109336687 0.6999708793699461 981
1764109345080 0.699963985082459 982
1764109353441 0.7000870914977081 983
1764109361839 0.7000508911027244 984
1764109370215 0.7002273346629488 985
1764109378632 0.7000898545484097 986
1764109387058 0.7000496783881729 987
1764109395443 0.7000130903560484 988
1764109403848 0.700058602235959 989
1764109412236 0.7000643718435634 990
1764109420616 0.7000489270113017 991
1764109429037 0.7000499104348964 992
1764109437433 0.7001060019995097 993
1764109445941 0.6999293420206513 994
1764109454292 0.7000958176425105 995
1764109462667 0.7000142812357452 996
1764109471056 0.7005419261638037 997
1764109479426 0.7001705391353608 998
1764109487835 0.6999911823705425 999
1764109496412 0.6999729360201181 1000
1764109504806 0.7000070692274717 1001
1764109513193 0.6999963725604471 1002
1764109521578 0.7000103585612392 1003
1764109529957 0.7000659537236269 1004
1764109538315 0.700055641132478 1005
1764109546719 0.7002903464182306 1006
1764109555146 0.7000784206680701 1007
1764109563521 0.7000255548305913 1008
1764109571891 0.7000145282585273 1009
1764109580264 0.7001532313153047 1010
1764109588637 0.7000034345304954 1011
1764109597056 0.7001590493920529 1012
1764109605454 0.7000002736188309 1013
1764109613855 0.7000413692354881 1014
1764109622265 0.6999798898440208 1015
1764109630668 0.7000917422382189 1016
1764109639031 0.7000348805772711 1017
1764109647445 0.6999821570361034 1018
1764109655852 0.700057800577855 1019
1764109664236 0.7000318415711403 1020
1764109672645 0.7001196422691244 1021
1764109681030 0.7002474798186205 1022
1764109689414 0.7000130892085116 1023
1764109697806 0.7000263526086328 1024
1764109706212 0.6999390874103608 1025
1764109714607 0.6999919133146776 1026
1764109723005 0.7001458318453151 1027
1764109731489 0.6999541253928501 1028
1764109739877 0.6998743662102208 1029
1764109748248 0.7000050307864782 1030
1764109756641 0.699887554842749 1031
1764109765044 0.7000187393058868 1032
1764109773433 0.6999435056979811 1033
1764109781944 0.6999581651971729 1034
1764109790312 0.6999714752797928 1035
1764109798681 0.7000038353649664 1036
1764109807043 0.7000074162484622 1037
1764109815431 0.7002373906635271 1038
1764109823827 0.6999328431039368 1039
1764109832211 0.6998588828667301 1040
1764109840572 0.7000574848017992 1041
1764109848956 0.7000518384203845 1042
1764109857346 0.6999461091040222 1043
1764109865693 0.6999581891961253 1044
1764109874083 0.7001563014352259 1045
1764109882455 0.7000905466820012 1046
1764109890848 0.6998737922405301 1047
1764109899249 0.700025369342627 1048
1764109907596 0.6999711944190194 1049
1764109915965 0.699982612438494 1050
1764109924353 0.7001064816274396 1051
1764109932747 0.7001371808466319 1052
1764109941131 0.699986578910166 1053
1764109949503 0.7000037210235333 1054
1764109957860 0.7001654719632547 1055
1764109966354 0.7000258919963598 1056
1764109974723 0.7000314874875575 1057
1764109983089 0.7000894327932357 1058
1764109991465 0.7000128766224433 1059
1764109999827 0.7000471992833256 1060
1764110008241 0.700134939500893 1061
1764110016636 0.7001355147230048 1062
1764110025061 0.7000354557430685 1063
1764110033442 0.7000316346738357 1064
1764110041792 0.6999912632178771 1065
1764110050156 0.6999680737618089 1066
1764110058529 0.7000341594974782 1067
1764110066913 0.7005623125019734 1068
1764110075299 0.6999628684999432 1069
1764110083781 0.700108260118412 1070
1764110092179 0.7001106294127308 1071
1764110100540 0.7001675162566007 1072
1764110108908 0.700121593955545 1073
1764110117310 0.6999997791565796 1074
1764110125664 0.7001627721677455 1075
1764110134063 0.7001612891111719 1076
1764110142421 0.7000323587809566 1077
1764110150830 0.7000217710874902 1078
1764110159196 0.7000695489091199 1079
1764110167570 0.7001832486927635 1080
1764110175947 0.7002122935293336 1081
1764110184325 0.7000861415422086 1082
1764110192694 0.7000677557214119 1083
1764110201082 0.7001075681099107 1084
1764110209458 0.7000071388071423 1085
1764110217823 0.7000003149291887 1086
1764110226231 0.7000717260723968 1087
1764110234681 0.6999847379613571 1088
1764110243072 0.7000526823643366 1089
1764110251445 0.7001937205805349 1090
1764110259818 0.7000486036902072 1091
1764110268234 0.6999199181964647 1092
1764110276606 0.6998596246902917 1093
1764110284970 0.7000841823194299 1094
1764110293342 0.700145566223826 1095
1764110301726 0.699866106127926 1096
1764110310135 0.7000706469233849 1097
1764110318554 0.7000093721550131 1098
1764110326919 0.7000482139705704 1099
1764110335281 0.6999293167404081 1100
1764110343697 0.7002104476277666 1101
1764110352076 0.7000230695228356 1102
1764110360477 0.6999842783507302 1103
1764110368863 0.7001523783974395 1104
1764110377293 0.7000067787237294 1105
1764110385716 0.699904557674605 1106
1764110394098 0.7000780980873866 1107
1764110402518 0.6999290165709785 1108
1764110410877 0.7001597779079589 1109
1764110419245 0.7000799433657822 1110
1764110427626 0.6999574922886996 1111
1764110436047 0.7000310636179282 1112
1764110444427 0.6999140608845706 1113
1764110452818 0.6999301224545426 1114
1764110461202 0.7000701941373157 1115
1764110469728 0.6999291604265533 1116
1764110478115 0.7001256286889045 1117
1764110486502 0.7000538880465961 1118
1764110494872 0.7001483784946325 1119
1764110503243 0.7000273798180642 1120
1764110511650 0.6999766300944266 1121
1764110520074 0.6998518914392425 1122
1764110528435 0.699982931346854 1123
1764110536847 0.6999950591663462 1124
1764110545200 0.7000103618633793 1125
1764110553587 0.7000289982551186 1126
1764110561958 0.6998638664432778 1127
1764110570334 0.7000663140400976 1128
1764110578703 0.7001774312115739 1129
1764110587070 0.6999488833805156 1130
1764110595572 0.699948417995521 1131
1764110603959 0.6999426672308823 1132
1764110612370 0.7000872075695437 1133
1764110620749 0.7000744177866316 1134
1764110629134 0.7000309187313352 1135
1764110637515 0.699855051282037 1136
1764110645906 0.7000362358907394 1137
1764110654329 0.700120161060291 1138
1764110662834 0.6999744406670745 1139
1764110671206 0.7000767379046884 1140
1764110679579 0.7000797681225077 1141
1764110687969 0.700018177934858 1142
1764110696350 0.6999725974899669 1143
1764110704761 0.7000898338850425 1144
1764110713143 0.700048121554991 1145
1764110721524 0.7001501767054722 1146
1764110729893 0.7000753175381912 1147
1764110738307 0.6999912688725186 1148
1764110746730 0.7000529383180931 1149
1764110755071 0.7000417128814652 1150
1764110763440 0.7000496415858237 1151
1764110771834 0.700105154052626 1152
1764110780210 0.6999975862004878 1153
1764110788606 0.7000552162375678 1154
1764110796966 0.7000374285656745 1155
1764110805394 0.6999918155454316 1156
1764110813804 0.7002493138232386 1157
1764110822335 0.6999946004947609 1158
1764110830740 0.6999805996220966 1159
1764110839126 0.6999339735195481 1160
1764110847520 0.7000319119218431 1161
1764110855952 0.6999166166454338 1162
1764110864346 0.7001871610464648 1163
1764110872722 0.7001110156406168 1164
1764110881102 0.7000488825208397 1165
1764110889452 0.7001641903170971 1166
1764110897844 0.7000049445657437 1167
1764110906247 0.6998850153076464 1168
1764110914648 0.7000270896206214 1169
1764110923003 0.7000901861579223 1170
1764110931391 0.7000239659100822 1171
1764110939780 0.6999702414517049 1172
1764110948164 0.6999593243314819 1173
1764110956545 0.7000735763785059 1174
1764110964895 0.7000030728399015 1175
1764110973309 0.7000597833340874 1176
1764110981695 0.7001938245632384 1177
1764110990072 0.6998958634003845 1178
1764110998456 0.700067368961198 1179
1764111006913 0.700021861126559 1180
1764111015279 0.7001091172022844 1181
1764111023669 0.7001843989820272 1182
1764111032031 0.7001475268881763 1183
1764111040424 0.6999916437713803 1184
1764111048850 0.7000670706056971 1185
1764111057242 0.6999333824448408 1186
1764111065634 0.7000861537452457 1187
1764111074043 0.7000119802967648 1188
1764111082421 0.7000449835410385 1189
1764111090928 0.7000962620658817 1190
1764111099287 0.6999071946708012 1191
1764111107790 0.7000408716136581 1192
1764111116184 0.7001072797612977 1193
1764111124551 0.7000565569424957 1194
1764111132948 0.6999993154965256 1195
1764111141330 0.7000500721123101 1196
1764111149714 0.7000264981215132 1197
1764111158085 0.7000740519227928 1198
1764111166643 0.6999762162752107 1199
1764111175027 0.7000268759757116 1200
1764111183413 0.7000021655373637 1201
1764111191798 0.7001114382808625 1202
1764111200196 0.7000077451397099 1203
1764111208602 0.7000638269543953 1204
1764111216988 0.700135776350073 1205
1764111225351 0.7007419004609012 1206
1764111233786 0.6999922012365047 1207
1764111242167 0.7000306986322926 1208
1764111250577 0.6999891655349948 1209
1764111258955 0.700079398145677 1210
1764111267372 0.6999226441732838 1211
1764111275753 0.7000914307633271 1212
1764111284138 0.7001032645833464 1213
1764111292558 0.7000589739606109 1214
1764111300974 0.7001023964029938 1215
1764111309366 0.7000595156566516 1216
1764111317732 0.7002045440760629 1217
1764111326115 0.7001084020992476 1218
1764111334481 0.7002444278838909 1219
1764111342841 0.6999932906840812 1220
1764111351211 0.6999184921096986 1221
1764111359552 0.7000292888985917 1222
1764111367947 0.700010407127284 1223
1764111376338 0.7001002353369119 1224
1764111384736 0.6999249535810834 1225
1764111393101 0.7000289195003795 1226
1764111401475 0.6999630383850644 1227
1764111409854 0.700217716582459 1228
1764111418260 0.6999489403731065 1229
1764111426639 0.6999497134064072 1230
1764111435011 0.7000934012987738 1231
1764111443510 0.7001485948953886 1232
1764111451915 0.7004654298420447 1233
1764111460268 0.7000129998045423 1234
1764111468652 0.7003738702686986 1235
1764111477032 0.7000622119805682 1236
1764111485418 0.7000271607658788 1237
1764111493799 0.7000700700446489 1238
1764111502169 0.7003852947515106 1239
1764111510534 0.7000243450378754 1240
1764111519063 0.6999963741719291 1241
1764111527441 0.7000959043082505 1242
1764111535809 0.7000291192416568 1243
1764111544192 0.6999262747260142 1244
1764111552567 0.700289920618504 1245
1764111560938 0.7001540262257769 1246
1764111569318 0.7000612278735396 1247
1764111577677 0.7001137616849912 1248
1764111586045 0.7000216479735872 1249
1764111594413 0.7001443088242011 1250
1764111602791 0.7000488930206519 1251
1764111671196 0.7002320356364444 1253
1764111679560 0.7000222402637964 1254
1764111687920 0.7000530934788247 1255
1764111696264 0.7002062756918017 1256
1764111704610 0.7001186524649841 1257
1764111712988 0.7003004201002418 1258
1764111721356 0.7001529859182547 1259
1764111729736 0.7000339192502819 1260
1764111738098 0.7001895726707514 1261
1764111746512 0.7000413897014388 1262
1764111754884 0.7002026488995743 1263
1764111763248 0.6999941363973678 1264
1764111771822 0.6999893778093189 1265
1764111780240 0.7003091668546211 1266
1764111788640 0.699965781102545 1267
1764111797068 0.6999525439483592 1268
1764111805473 0.7000046718994343 1269
1764111813894 0.7000269627676143 1270
1764111822281 0.7000157554907933 1271
1764111830711 0.7001307236618823 1272
1764111839094 0.7000280545816232 1273
1764111847504 0.7001893441772378 1274
1764111855893 0.7000992039496083 1275
1764111864287 0.7000655213594713 1276
1764111872673 0.7001231352262919 1277
1764111881042 0.7002421645146131 1278
1764111889456 0.7001668825697104 1279
1764111897819 0.7000227660954799 1280
1764111906262 0.7000918752589208 1281
1764111914670 0.7001539650961768 1282
1764111923060 0.7000541292235128 1283
1764111931476 0.7000869604459827 1284
1764111939926 0.700040445478821 1285
1764111948332 0.6999557199430594 1286
1764111956761 0.7001480526360419 1287
1764111965196 0.7001861249359919 1288
1764111973596 0.7002071993885882 1289
1764111982013 0.7002244732306211 1290
1764111990399 0.7000487927344977 1291
1764111998941 0.699936936838516 1292
1764112007371 0.7000298514371104 1293
1764112015736 0.7001189069656337 1294
1764112024121 0.7001752119245023 1295
1764112032501 0.6999201920340212 1296
1764112040927 0.7000335050827822 1297
1764112049294 0.6999564628322716 1298
1764112057664 0.7000074446909974 1299
1764112066042 0.6999259015338368 1300
1764112074466 0.7000498195576651 1301
1764112082889 0.7000340774573635 1302
1764112091283 0.7001184607458882 1303
1764112099682 0.7001340907325634 1304
1764112108063 0.6999280502658042 1305
1764112116441 0.7007245991726871 1306
1764112124846 0.7002765334263213 1307
1764112133211 0.7001234704513158 1308
1764112141570 0.6999981538590339 1309
1764112149936 0.7001705422959179 1310
1764112158355 0.7001024687976827 1311
1764112166775 0.6999079624999426 1312
1764112175153 0.7000254640950778 1313
1764112183545 0.7000000030330467 1314
1764112191925 0.700051892016109 1315
1764112200319 0.6999331043089887 1316
1764112208701 0.7000560560067494 1317
1764112217139 0.7001992032277767 1318
1764112225532 0.7000066778567231 1319
1764112233923 0.700019114476554 1320
1764112242305 0.7001733910788716 1321
1764112250865 0.7000611755722705 1322
1764112259234 0.6999596621270294 1323
1764112267621 0.7000409618073643 1324
1764112275968 0.7000409926385458 1325
1764112284353 0.6998719356312512 1326
1764112292743 0.7001071991583584 1327
1764112301099 0.7000606319061571 1328
1764112309478 0.7000121472298562 1329
1764112317844 0.700098578555137 1330
1764112326212 0.7000933832946914 1331
1764112334576 0.7000521960213374 1332
1764112342997 0.7000131083206806 1333
1764112351394 0.6999801225632387 1334
1764112359771 0.6999036696586031 1335
1764112368180 0.7000257233460578 1336
1764112376555 0.6999755792973531 1337
1764112384948 0.6999218168016886 1338
1764112393346 0.7001152991013802 1339
1764112401731 0.7002005057569054 1340
1764112410109 0.700178887657629 1341
1764112418515 0.700108871803283 1342
1764112426880 0.7001529929271154 1343
1764112435261 0.7000708888941081 1344
1764112443677 0.7000378384680501 1345
1764112452033 0.7000327292285804 1346
1764112460419 0.700062269564216 1347
1764112468811 0.7000121494334537 1348
1764112477192 0.7000960066033363 1349
1764112485565 0.700098333264809 1350
1764112494078 0.6999603065371047 1351
1764112502481 0.70022019975939 1352
1764112510886 0.7002509479240323 1353
1764112519227 0.700102674862422 1354
1764112527580 0.6998940348460133 1355
1764112535948 0.7000786733780949 1356
1764112544333 0.6999449221854125 1357
1764112552698 0.7003152544589869 1358
1764112561070 0.7000368923295691 1359
1764112569455 0.6999718783496923 1360
1764112577852 0.7001908505791093 1361
1764112586209 0.7000405202672313 1362
1764112594584 0.7001401763320747 1363
1764112602943 0.7000880707891808 1364
1764112611314 0.6998588304920221 1365
1764112619667 0.7001055082265357 1366
1764112628064 0.7001446286308466 1367
1764112636516 0.7000757106360602 1368
1764112645020 0.7001045377843951 1369
1764112653408 0.7000312532217441 1370
1764112661772 0.7002480993705679 1371
1764112670159 0.6999492361143467 1372
1764112678544 0.6999760621402409 1373
1764112686940 0.7001022629173893 1374
1764112695317 0.6999824126744196 1375
1764112703715 0.7000012251058314 1376
1764112712096 0.6999367141019822 1377
1764112720482 0.7001916801879569 1378
1764112728835 0.7000074376449402 1379
1764112737223 0.6999716882514357 1380
1764112745631 0.6999870440886851 1381
1764112754137 0.7000837282139634 1382
1764112762511 0.7000140287372778 1383
1764112770893 0.7000511850689219 1384
1764112779260 0.7000762294329335 1385
1764112787651 0.6998939570426287 1386
1764112796045 0.7001107588823849 1387
1764112804432 0.6999239315214638 1388
1764112812824 0.6999642876322231 1389
1764112821240 0.7001524132196584 1390
1764112829608 0.6998596766664629 1391
1764112837993 0.7000547420875152 1392
1764112846489 0.7000466620563247 1393
1764112854882 0.700211477382185 1394
1764112863260 0.7001941955865801 1395
1764112871652 0.7002127098086381 1396
1764112880024 0.7000838703319163 1397
1764112888414 0.7000052069647201 1398
1764112896825 0.7000381090509542 1399
1764112905245 0.7002186565361506 1400
1764112913632 0.6999976683135934 1401
1764112922015 0.7000246015935201 1402
1764112930400 0.6999747858047977 1403
1764112938778 0.6999421306206577 1404
1764112947147 0.7000055195803235 1405
1764112955526 0.7000803846638566 1406
1764112963896 0.7001040011914644 1407
1764112972270 0.7000761762042178 1408
1764112980661 0.7001268184700233 1409
1764112989030 0.7000527239126461 1410
1764112997425 0.7002206791634972 1411
1764113005799 0.7000199977578767 1412
1764113014219 0.7000544179177577 1413
1764113022601 0.6999713874696791 1414
1764113030972 0.6999908478872549 1415
1764113039350 0.7001087416099931 1416
1764113047712 0.7002385752393603 1417
1764113056053 0.6999139088404441 1418
1764113064466 0.6999422816959009 1419
1764113072849 0.6999275309230149 1420
1764113081279 0.6999687722699901 1421
1764113089656 0.7000441762080729 1422
1764113098035 0.7000946797066249 1423
1764113106564 0.7000745984401531 1424
1764113114927 0.6999800158528675 1425
1764113123506 0.7001043766796474 1426
1764113131903 0.7001408687193729 1427
1764113140281 0.700115530930787 1428
1764113148788 0.6999927041529881 1429
1764113157169 0.700088919000561 1430
1764113165577 0.7000859642138723 1431
1764113173966 0.6999667781557954 1432
1764113182370 0.7000641730932909 1433
1764113190781 0.7000277340672898 1434
1764113199164 0.700053162904291 1435
1764113207538 0.6999728360081718 1436
1764113215902 0.6999641441153789 1437
1764113224353 0.7002962201293539 1438
1764113232757 0.7002705408168881 1439
1764113241122 0.6999744944698547 1440
1764113249503 0.7000130574442975 1441
1764113257915 0.7000201359262396 1442
1764113266309 0.7000541752368667 1443
1764113274720 0.7000915583772356 1444
1764113283095 0.7001767275308466 1445
1764113291446 0.699994337647845 1446
1764113299814 0.7000468509290472 1447
1764113308215 0.6999296457586233 1448
1764113316596 0.6999610656255334 1449
1764113324972 0.699974204738284 1450
1764113333376 0.700028479422403 1451
1764113341787 0.7000718671009483 1452
1764113350167 0.6999613656698279 1453
1764113358581 0.6999750434250047 1454
1764113366977 0.7001150747528765 1455
1764113375396 0.7001064757535289 1456
1764113383790 0.7000899878076667 1457
1764113392288 0.6999706597146393 1458
1764113400651 0.7001696226507692 1459
1764113409034 0.7000054933133824 1460
1764113417375 0.7002079992434406 1461
1764113425787 0.7000047295170454 1462
1764113434172 0.6999255787844089 1463
1764113442552 0.7001312638678825 1464
1764113450915 0.6999547004243669 1465
1764113459319 0.7001082458386351 1466
1764113467700 0.700064735049577 1467
1764113476103 0.6998777299452477 1468
1764113484495 0.7000193947436546 1469
1764113492914 0.7000548074881181 1470
1764113501396 0.7000468588035026 1471
1764113509780 0.7000420613372988 1472
1764113518147 0.6999983038198132 1473
1764113526511 0.7000480925636815 1474
1764113534880 0.7000840623648437 1475
1764113543242 0.6998763823434012 1476
1764113551611 0.6998846328435355 1477
1764113559977 0.7000783475969142 1478
1764113568361 0.7001906799352031 1479
1764113576756 0.7000209290141175 1480
1764113585139 0.6999718422090232 1481
1764113593522 0.6999145810774887 1482
1764113601909 0.6999615972551076 1483
1764113610257 0.6999717792519292 1484
1764113618649 0.6998386385624884 1485
1764113627052 0.7002141467178399 1486
1764113635453 0.700034773740387 1487
1764113643839 0.6999692438057161 1488
1764113652222 0.7000659836322279 1489
1764113660575 0.6999056702400632 1490
1764113668924 0.6999643465403059 1491
1764113677325 0.7000156602344435 1492
1764113685697 0.7000982747683766 1493
1764113694080 0.699898373313607 1494
1764113702456 0.7001432405445389 1495
1764113710839 0.7000501380504107 1496
1764113719212 0.6999750760279937 1497
1764113727573 0.6999533119597809 1498
1764113735962 0.7001555969179536 1499
1764113744333 0.7000945588223664 1500
1764113752726 0.7002231938679254 1501
1764113761128 0.6999131273343532 1502
1764113769500 0.6998839337645909 1503
1764113778008 0.6999163422669575 1504
1764113786392 0.699973476192033 1505
1764113794773 0.6999814214722402 1506
1764113803131 0.700126241256325 1507
1764113811485 0.7000459091604505 1508
1764113819855 0.7000632717495265 1509
1764113828263 0.6999722810654991 1510
1764113836665 0.7000589613030777 1511
1764113845022 0.6999980579265881 1512
1764113853464 0.700179809305102 1513
1764113861859 0.7000298994139363 1514
1764113870230 0.7000148254518113 1515
1764113878601 0.7001652805492986 1516
1764113886951 0.6999324177660259 1517
1764113895311 0.700192245669029 1518
1764113903699 0.7001636387623935 1519
1764113912114 0.6999351827058565 1520
1764113920516 0.7000102112881157 1521
1764113928955 0.70014396682027 1522
1764113937344 0.7001149700216678 1523
1764113945752 0.7002464413933228 1524
1764113954149 0.7001473514300468 1525
1764113962533 0.6999778038313355 1526
1764113970921 0.6998781131355549 1527
1764113979312 0.7001059038027642 1528
1764113987685 0.7000378224820174 1529
1764113996181 0.7000127725380778 1530
1764114004557 0.7000127077255954 1531
1764114012945 0.6999407715444561 1532
1764114021319 0.7001508638303647 1533
1764114029673 0.7001618752546108 1534
1764114038047 0.7000017394896687 1535
1764114046445 0.7000101197555926 1536
1764114054847 0.7000404740293331 1537
1764114063238 0.7000680380518723 1538
1764114071610 0.7000237644497271 1539
1764114080015 0.6999691340624667 1540
1764114088379 0.7000971436862387 1541
1764114096735 0.6999951847732435 1542
1764114105081 0.6999922515730991 1543
1764114113482 0.700037991067668 1544
1764114121875 0.7000818348832689 1545
1764114130309 0.7000126931961431 1546
1764114138695 0.7001711497856205 1547
1764114147079 0.7000607036300586 1548
1764114155420 0.7001159990547184 1549
1764114163764 0.7000380661764212 1550
1764114172160 0.7001254113696178 1551
1764114180583 0.6999768217597565 1552
1764114188967 0.6999795341567866 1553
1764114197354 0.700110652326021 1554
1764114205713 0.6999518408812746 1555
1764114214115 0.7000487035555937 1556
1764114222511 0.6999956881693076 1557
1764114230906 0.6999975636291208 1558
1764114239284 0.7000474619746817 1559
1764114247681 0.7000407919363916 1560
1764114256078 0.7001892860495685 1561
1764114264441 0.7000706448763103 1562
1764114272940 0.7000143060746663 1563
1764114281380 0.7000335976191475 1564
