1764100965620 1.341976135969162 1
1764100973971 1.256379395723343 2
1764100982346 1.2757621109485626 3
1764100990721 1.2545115053653717 4
1764100999119 1.2070410251617432 5
1764101007541 1.2639115303754807 6
1764101015993 1.204723596572876 7
1764101024442 1.1638782620429993 8
1764101032879 1.0534085035324097 9
1764101041338 1.0915371179580688 10
1764101049795 1.0814211964607239 11
1764101058207 1.24027019739151 12
1764101066647 1.179260402917862 13
1764101075079 1.1623429954051971 14
1764101083534 1.037398785352707 15
1764101091964 1.2653340697288513 16
1764101100429 1.1359337866306305 17
1764101108860 1.1732646524906158 18
1764101117253 0.9704657793045044 19
1764101125677 1.059746503829956 20
1764101134067 1.1349904537200928 21
1764101142458 1.1487410962581635 22
1764101151059 1.082379624247551 23
1764101159462 1.1600313484668732 24
1764101167879 1.0027237981557846 25
1764101176296 1.0848810374736786 26
1764101184706 0.9468604475259781 27
1764101193293 1.156626284122467 28
1764101201647 1.2210902869701385 29
1764101210047 1.0564816892147064 30
1764101218436 1.137588232755661 31
1764101226831 1.0654498934745789 32
1764101235237 1.154469758272171 33
1764101243630 1.0485512912273407 34
1764101252036 0.9957006573677063 35
1764101260434 1.0867057144641876 36
1764101268832 1.0397452116012573 37
1764101277238 0.980484813451767 38
1764101285640 1.1110280007123947 39
1764101294041 1.1164188981056213 40
1764101302409 0.924749881029129 41
1764101310769 1.0073744356632233 42
1764101319135 1.0559804290533066 43
1764101327559 1.0966112315654755 44
1764101335944 1.0186335444450378 45
1764101344349 1.0036999434232712 46
1764101352729 1.1154254376888275 47
1764101361092 1.1049243211746216 48
1764101369482 1.1206134259700775 49
1764101377835 1.1776941418647766 50
1764101386198 1.032437026500702 51
1764101394576 1.1251017898321152 52
1764101402982 1.0181126296520233 53
1764101411330 1.013873130083084 54
1764101419729 1.027968019247055 55
1764101428206 1.03491872549057 56
1764101436569 1.1666273325681686 57
1764101444989 1.0797904133796692 58
1764101453382 1.029123678803444 59
1764101461762 1.1173657476902008 60
1764101470141 1.2078683376312256 61
1764101478510 1.0463505238294601 62
1764101486907 1.031942680478096 63
1764101495305 1.0757602453231812 64
1764101503716 1.1708247661590576 65
1764101512078 1.0279321074485779 66
1764101520463 1.0353296101093292 67
1764101528836 0.9234607666730881 68
1764101537219 0.9917604774236679 69
1764101545578 1.1192255020141602 70
1764101553963 1.1028892397880554 71
1764101562333 0.9924123734235764 72
1764101570701 1.0479575395584106 73
1764101579130 0.9933468401432037 74
1764101587526 1.12424236536026 75
1764101595922 1.0608848631381989 76
1764101604291 1.115219384431839 77
1764101612642 1.0350111722946167 78
1764101621002 1.0450260192155838 79
1764101629369 1.0224976241588593 80
1764101637722 1.0522629916667938 81
1764101646089 0.9874007403850555 82
1764101654487 1.0336534082889557 83
1764101662858 1.117364376783371 84
1764101671226 1.1051664352416992 85
1764101679614 1.12332284450531 86
1764101688009 1.0611896216869354 87
1764101696359 1.0335270464420319 88
1764101704724 1.0641708970069885 89
1764101713100 0.9626355022192001 90
1764101721491 1.0639416873455048 91
1764101729896 1.0745490789413452 92
1764101738283 1.0945208668708801 93
1764101746684 1.1224247515201569 94
1764101755056 0.9876741170883179 95
1764101763442 1.0354516059160233 96
1764101771832 1.109908938407898 97
1764101780211 1.1385829150676727 98
1764101788621 1.2246603071689606 99
1764101797002 1.1340567469596863 100
1764101805412 1.155941516160965 101
1764101813784 1.02810400724411 102
1764101822170 1.1698740124702454 103
1764101830578 1.0741195976734161 104
1764101838965 1.055386245250702 105
1764101847337 1.1646638214588165 106
1764101855712 1.1909084916114807 107
1764101864105 0.9646137952804565 108
1764101872485 1.0734772980213165 109
1764101880900 0.9328354895114899 110
1764101889262 1.110876351594925 111
1764101897645 1.049865022301674 112
1764101906057 1.1222229599952698 113
1764101914429 1.142788052558899 114
1764101922809 1.0888466536998749 115
1764101931183 1.044863998889923 116
1764101939611 0.9861916899681091 117
1764101948013 1.0858108699321747 118
1764101956390 1.091423660516739 119
1764101964778 1.0622641146183014 120
1764101973131 0.8343277871608734 121
1764101981538 0.8847929537296295 122
1764101989910 1.0136009752750397 123
1764101998294 1.1803847253322601 124
1764102006673 1.0658848583698273 125
1764102015149 1.0916939973831177 126
1764102023512 1.0682411193847656 127
1764102031903 0.9593886435031891 128
1764102040290 1.0564094185829163 129
1764102048676 0.9176352024078369 130
1764102057190 1.0494869202375412 131
1764102065543 1.158968985080719 132
1764102074050 1.1253571212291718 133
1764102082445 0.9940790385007858 134
1764102090812 1.0495279729366302 135
1764102099204 1.1019017696380615 136
1764102107588 1.1727089881896973 137
1764102115955 1.0423822402954102 138
1764102124312 0.9760996997356415 139
1764102132654 1.0066138952970505 140
1764102141046 1.1152320504188538 141
1764102149418 1.0150006264448166 142
1764102157812 0.9784510582685471 143
1764102166170 1.1173103153705597 144
1764102174532 1.1255585551261902 145
1764102182917 0.9583728611469269 146
1764102191299 1.0525433272123337 147
1764102199659 1.0117719769477844 148
1764102208054 1.1658904254436493 149
1764102216431 0.9784207344055176 150
1764102224819 1.0454342663288116 151
1764102233212 0.9844236671924591 152
1764102241614 0.9421377032995224 153
1764102250008 1.0021401345729828 154
1764102258394 0.9910702705383301 155
1764102266770 0.9910857975482941 156
1764102275167 1.0542219877243042 157
1764102283548 1.0056377053260803 158
1764102291981 1.073150396347046 159
1764102300373 0.949014812707901 160
1764102308772 1.023008406162262 161
1764102317153 1.0646300613880157 162
1764102325534 1.023694470524788 163
1764102333931 1.0925323963165283 164
1764102342324 1.0326659083366394 165
1764102350721 1.0847354531288147 166
1764102359091 1.0755675435066223 167
1764102367475 0.9728792458772659 168
1764102375891 0.9962528944015503 169
1764102384281 1.097615361213684 170
1764102392686 1.0793518275022507 171
1764102401081 0.9769291877746582 172
1764102409444 1.1087274253368378 173
1764102417862 1.008777767419815 174
1764102426252 1.0516688525676727 175
1764102434648 1.0456401705741882 176
1764102443080 0.956902414560318 177
1764102451454 1.042499139904976 178
1764102459822 1.04558564722538 179
1764102468204 1.0145568549633026 180
1764102476595 1.0099686086177826 181
1764102484940 1.0355636775493622 182
1764102493306 1.0173858255147934 183
1764102501674 0.9648298621177673 184
1764102510043 1.0783080458641052 185
1764102518573 0.9909584820270538 186
1764102526972 1.0131251811981201 187
1764102535367 0.9959373027086258 188
1764102543738 1.1390862166881561 189
1764102552253 1.0917700231075287 190
1764102560649 0.9816027879714966 191
1764102569011 1.0598477721214294 192
1764102577544 1.018509030342102 193
1764102585943 0.9303430616855621 194
1764102594318 0.9726824015378952 195
1764102602704 1.0671704411506653 196
1764102611106 1.1210725903511047 197
1764102619503 0.9507866203784943 198
1764102627888 1.0068683326244354 199
1764102636294 0.9490312337875366 200
1764102644688 1.0464758574962616 201
1764102653060 0.945675402879715 202
1764102661428 0.9316355884075165 203
1764102669821 1.1075317859649658 204
1764102678238 1.0952864289283752 205
1764102686634 1.0668708682060242 206
1764102695039 1.0386872291564941 207
1764102703392 1.057487666606903 208
1764102711786 0.9812482595443726 209
1764102720164 0.9902397841215134 210
1764102728493 1.05522058904171 211
1764102736899 0.997475266456604 212
1764102745297 0.9860295355319977 213
1764102753690 0.8318269848823547 214
1764102762091 1.0671670734882355 215
1764102770477 1.0750725865364075 216
1764102778858 0.9440267384052277 217
1764102787242 0.9149820953607559 218
1764102795606 1.014794573187828 219
1764102804034 0.9566265940666199 220
1764102812420 1.0470220744609833 221
1764102820790 0.9910967648029327 222
1764102829178 0.9486844688653946 223
1764102837562 1.0401156544685364 224
1764102845942 0.9949401170015335 225
1764102854332 0.9570994675159454 226
1764102862696 1.0022707730531693 227
1764102871218 1.0604808032512665 228
1764102879602 1.0321743190288544 229
1764102887979 1.0640716254711151 230
1764102896342 1.047188088297844 231
1764102904832 1.0467166751623154 232
1764102913211 0.9303399324417114 233
1764102921582 0.9889869391918182 234
1764102930108 1.099256232380867 235
1764102938524 1.0418598055839539 236
1764102946889 1.0578008890151978 237
1764102955278 1.0641576051712036 238
1764102963639 1.0879152119159698 239
1764102972023 1.0514418631792068 240
1764102980401 1.0610308349132538 241
1764102988813 0.9996383488178253 242
1764102997243 1.1209357976913452 243
1764103005613 1.0589325726032257 244
1764103014005 1.0214645713567734 245
1764103022354 1.0330426394939423 246
1764103030713 0.9837029278278351 247
1764103039135 1.0320575535297394 248
1764103047494 0.9805409461259842 249
1764103055871 1.0830674469470978 250
1764103064276 1.0272555649280548 251
1764103072641 0.9927186965942383 252
1764103081090 1.0343619138002396 253
1764103089489 0.9917712211608887 254
1764103097869 0.99239282310009 255
1764103106269 1.100997418165207 256
1764103114670 1.0210672318935394 257
1764103123041 1.0992009341716766 258
1764103131429 1.0331148207187653 259
1764103139782 1.0194554775953293 260
1764103148183 1.0076798647642136 261
1764103156693 0.9537296146154404 262
1764103165099 0.9755107462406158 263
1764103173456 1.166253238916397 264
1764103181977 1.0732407718896866 265
1764103190336 1.0217862874269485 266
1764103198729 1.008486807346344 267
1764103207247 1.0539377927780151 268
1764103215633 1.000208780169487 269
1764103224049 0.9100004583597183 270
1764103232434 1.0986589193344116 271
1764103240815 1.0359469503164291 272
1764103249157 1.021519511938095 273
1764103257524 0.9452118575572968 274
1764103265888 0.9582055807113647 275
1764103274247 1.0957306921482086 276
1764103282628 1.0226867496967316 277
1764103291029 0.9693252295255661 278
1764103299405 1.093389093875885 279
1764103307775 1.06772843003273 280
1764103316139 0.9724738597869873 281
1764103324517 1.0133997201919556 282
1764103332875 0.9244673103094101 283
1764103341295 1.0063082128763199 284
1764103349649 0.9884722828865051 285
1764103358019 0.955730065703392 286
1764103366430 0.9157429784536362 287
1764103374843 0.9861291944980621 288
1764103383234 1.0863097161054611 289
1764103391602 1.064565271139145 290
1764103399986 1.0700015723705292 291
1764103408356 0.9901234060525894 292
1764103416745 1.0307250320911407 293
1764103425111 1.0539992600679398 294
1764103433506 1.0725789368152618 295
1764103441906 0.9625960290431976 296
1764103450277 0.9772385060787201 297
1764103458643 0.9856382608413696 298
1764103467050 0.9385774284601212 299
1764103475443 0.9740999191999435 300
1764103483799 1.002651870250702 301
1764103492175 0.9179685711860657 302
1764103500571 1.0192201733589172 303
1764103508988 0.9581559002399445 304
1764103517420 1.0994390845298767 305
1764103525791 0.9793586879968643 306
1764103534174 0.9881967604160309 307
1764103542572 1.005889430642128 308
1764103550942 1.0233719050884247 309
1764103559311 0.9581573456525803 310
1764103567679 0.9492452293634415 311
1764103576068 1.0467470586299896 312
1764103640609 0.9693634212017059 314
1764103648978 0.924850344657898 315
1764103657363 0.9694127589464188 316
1764103665755 0.9661824256181717 317
1764103674151 0.8993273377418518 318
1764103682576 0.8048956841230392 319
1764103690974 0.9326638877391815 320
1764103699386 0.9673667848110199 321
1764103707790 0.9997256398200989 322
1764103716188 1.0237769484519958 323
1764103724631 1.0104947537183762 324
1764103733044 0.9187455624341965 325
1764103741476 0.937914252281189 326
1764103749923 0.8910910189151764 327
1764103758343 0.9906277656555176 328
1764103766934 1.0614963918924332 329
1764103775352 1.056884527206421 330
1764103783773 0.941303014755249 331
1764103792173 0.8952837139368057 332
1764103800595 0.9286226034164429 333
1764103808995 1.0155761390924454 334
1764103817419 0.9984181225299835 335
1764103825835 0.9819159805774689 336
1764103834272 1.0496040433645248 337
1764103842653 1.0817042887210846 338
1764103851059 0.9586923122406006 339
1764103859487 0.9160784184932709 340
1764103867882 0.9267639219760895 341
1764103876276 1.0794028043746948 342
1764103884652 0.961625874042511 343
1764103893050 0.9942510277032852 344
1764103901607 1.0070958137512207 345
1764103909975 0.9460508823394775 346
1764103918347 1.0245336592197418 347
1764103926974 0.9854291677474976 348
1764103935364 1.0241917073726654 349
1764103943757 0.9395066648721695 350
1764103952156 0.9567402005195618 351
1764103960575 1.0097666382789612 352
1764103968990 0.9727400839328766 353
1764103977396 0.9256112426519394 354
1764103985818 0.9993287622928619 355
1764103994211 0.9324916452169418 356
1764104002610 0.9222570210695267 357
1764104011006 0.9473588466644287 358
1764104019429 0.9786592870950699 359
1764104027837 0.8827837854623795 360
1764104036213 0.8769766241312027 361
1764104044649 0.9687155932188034 362
1764104053040 0.9436903595924377 363
1764104061464 0.9777392596006393 364
1764104069862 1.0983678102493286 365
1764104078250 0.9387829005718231 366
1764104086655 0.9476855099201202 367
1764104095071 0.9291756004095078 368
1764104103470 0.8908370584249496 369
1764104111850 1.0240483582019806 370
1764104120231 0.9619538635015488 371
1764104128637 1.0282826870679855 372
1764104137020 1.0815624296665192 373
1764104145400 1.058612897992134 374
1764104153798 0.8976701945066452 375
1764104162220 0.845701664686203 376
1764104170625 1.0026679188013077 377
1764104179007 0.9482802450656891 378
1764104187384 0.8995117843151093 379
1764104195760 0.9056122004985809 380
1764104204137 0.9476158916950226 381
1764104212558 0.8221166133880615 382
1764104220957 1.0346464663743973 383
1764104229336 0.9526863694190979 384
1764104237736 0.9150020182132721 385
1764104246135 1.0020494610071182 386
1764104254646 0.9423304051160812 387
1764104263011 0.9475448280572891 388
1764104271407 1.0633894503116608 389
1764104279939 1.0355423986911774 390
1764104288300 1.027002215385437 391
1764104296710 0.8752802759408951 392
1764104305110 0.9565442502498627 393
1764104313496 0.9014880210161209 394
1764104321859 0.9943398088216782 395
1764104330248 0.9464251399040222 396
1764104338622 1.0335686057806015 397
1764104347038 0.866032063961029 398
1764104355431 0.8180970102548599 399
1764104363848 1.0599770098924637 400
1764104372226 0.9526316076517105 401
1764104380560 0.9309843480587006 402
1764104388939 0.9343971759080887 403
1764104397310 1.0207600444555283 404
1764104405673 0.8525731861591339 405
1764104414055 0.9122506678104401 406
1764104422445 0.9194380939006805 407
1764104430847 0.9497116804122925 408
1764104439226 0.8892170041799545 409
1764104447628 0.9964794665575027 410
1764104456030 0.9092015624046326 411
1764104464403 0.9419557899236679 412
1764104472805 0.9954473972320557 413
1764104481181 1.0303340256214142 414
1764104489539 0.9013422876596451 415
1764104497938 0.95710588991642 416
1764104506352 1.092491775751114 417
1764104514726 1.0273260921239853 418
1764104523101 0.9497489482164383 419
1764104531607 1.0176082849502563 420
1764104540000 0.8840263336896896 421
1764104548362 0.9658145159482956 422
1764104556891 0.9135531634092331 423
1764104565250 1.029617041349411 424
1764104573639 0.9488212168216705 425
1764104582034 0.8608496338129044 426
1764104590459 0.9481372386217117 427
1764104598804 0.8925642371177673 428
1764104607208 0.9379900246858597 429
1764104615629 0.8028261214494705 430
1764104624003 0.9795932620763779 431
1764104632397 0.9042427241802216 432
1764104640884 0.9545369148254395 433
1764104649240 1.0525230914354324 434
1764104657614 0.9802695512771606 435
1764104665984 1.002512902021408 436
1764104674368 1.0910364985466003 437
1764104682733 0.9388556629419327 438
1764104691121 0.9277062267065048 439
1764104699508 0.8955782055854797 440
1764104707855 0.9137457609176636 441
1764104716243 0.8812151104211807 442
1764104724629 0.8323476016521454 443
1764104733004 0.8770534545183182 444
1764104741378 0.8771306425333023 445
1764104749740 0.9953044950962067 446
1764104758090 0.7989315986633301 447
1764104766483 0.9003449231386185 448
1764104774843 0.9802331179380417 449
1764104783210 0.9280758798122406 450
1764104791559 0.9959865212440491 451
1764104799953 0.9426374137401581 452
1764104808333 1.0019166618585587 453
1764104816761 0.9796295017004013 454
1764104825164 0.9208690822124481 455
1764104833575 0.9425610601902008 456
1764104841951 1.0230417847633362 457
1764104850333 0.9427588284015656 458
1764104858709 0.8822878003120422 459
1764104867077 0.9478860795497894 460
1764104875468 0.9311714172363281 461
1764104883900 1.0188955962657928 462
1764104892243 0.9367431700229645 463
1764104900627 0.925367683172226 464
1764104909040 0.9027303904294968 465
1764104917443 0.9821743071079254 466
1764104925840 1.0003804117441177 467
1764104934232 0.7629480212926865 468
1764104942601 0.9318513125181198 469
1764104950971 0.9506528079509735 470
1764104959374 0.8885350674390793 471
1764104967782 0.9085448980331421 472
1764104976157 0.913065031170845 473
1764104984570 0.9891219139099121 474
1764104992951 1.03153558075428 475
1764105001308 1.0441708862781525 476
1764105009688 0.9746603071689606 477
1764105018074 1.1455451548099518 478
1764105026428 0.9029265642166138 479
1764105034810 0.9315562397241592 480
1764105043221 1.040112167596817 481
1764105051622 0.9338335990905762 482
1764105059982 1.0178475081920624 483
1764105068350 0.8979341238737106 484
1764105076713 0.9597410708665848 485
1764105085127 0.9052298963069916 486
1764105093529 0.8874631971120834 487
1764105101922 0.8985555320978165 488
1764105110308 0.9591257274150848 489
1764105118723 0.9772597402334213 490
1764105127098 0.9980868846178055 491
1764105135488 1.0272970497608185 492
1764105143994 0.8778297603130341 493
1764105152375 0.9882507175207138 494
1764105160748 0.8837621957063675 495
1764105169139 0.907305508852005 496
1764105177506 0.9847597628831863 497
1764105185916 0.9040718078613281 498
1764105194318 0.8742872178554535 499
1764105202679 1.0097256302833557 500
1764105211074 0.944970428943634 501
1764105219436 0.9615577012300491 502
1764105227831 1.005426824092865 503
1764105236218 0.9584984332323074 504
1764105244617 0.8470572829246521 505
1764105253044 0.9228965789079666 506
1764105261452 1.0030096471309662 507
1764105269839 1.0559223741292953 508
1764105278222 0.9143054932355881 509
1764105286640 0.8799099773168564 510
1764105295021 0.9287194162607193 511
1764105303424 1.012625902891159 512
1764105311820 0.9608223885297775 513
1764105320177 0.9578789919614792 514
1764105328577 0.9189461767673492 515
1764105336956 1.0599274337291718 516
1764105345349 0.9247156083583832 517
1764105353724 0.9355339854955673 518
1764105362115 0.949751541018486 519
1764105370490 0.9224092066287994 520
1764105378872 0.9689825773239136 521
1764105387238 0.9936207830905914 522
1764105395628 0.9356648921966553 523
1764105404162 0.8989112377166748 524
1764105412530 0.8927070051431656 525
1764105420920 1.023886263370514 526
1764105429268 1.0453204214572906 527
1764105437831 0.9518355429172516 528
1764105446223 0.9614784866571426 529
1764105454591 1.0225786566734314 530
1764105462959 0.887021005153656 531
1764105471309 0.9863482713699341 532
1764105479691 1.033814698457718 533
1764105488079 0.911125123500824 534
1764105496609 0.8188505619764328 535
1764105505005 1.078038901090622 536
1764105513387 0.8831983953714371 537
1764105521761 0.9571420252323151 538
1764105530154 0.9468061774969101 539
1764105538532 0.9851330816745758 540
1764105546902 0.8879714906215668 541
1764105555353 0.9319754987955093 542
1764105563713 0.9874503314495087 543
1764105572066 0.9958717823028564 544
1764105580438 0.9619455635547638 545
1764105588816 0.9224088042974472 546
1764105597199 0.942096158862114 547
1764105605578 0.9655712246894836 548
1764105613951 0.8308041542768478 549
1764105622348 0.8792696744203568 550
1764105630717 0.8773340433835983 551
1764105639070 0.9736021161079407 552
1764105647451 0.9644477367401123 553
1764105655823 0.9744275212287903 554
1764105664184 0.8750627189874649 555
1764105672548 0.9349779635667801 556
1764105680959 0.8985024839639664 557
1764105689347 0.9230678826570511 558
1764105697720 1.0156841576099396 559
1764105706090 0.9155386388301849 560
1764105714456 1.0106219053268433 561
1764105722838 0.9390405416488647 562
1764105731201 0.8712301105260849 563
1764105739587 0.7926999926567078 564
1764105748000 0.911920428276062 565
1764105756440 0.953016072511673 566
1764105764821 0.8344445824623108 567
1764105773323 1.0132688879966736 568
1764105781731 0.8984294682741165 569
1764105790131 0.8756082206964493 570
1764105798504 0.9307176917791367 571
1764105806882 0.9551858901977539 572
1764105815257 0.8459933251142502 573
1764105823664 0.9373257756233215 574
1764105832107 1.1051582098007202 575
1764105840503 0.9217288941144943 576
1764105848878 0.9267410337924957 577
1764105857266 1.030137836933136 578
1764105865650 0.9058246910572052 579
1764105874015 0.9572737514972687 580
1764105882383 0.8904416710138321 581
1764105890881 1.0706093609333038 582
1764105899279 0.8587304651737213 583
1764105907677 0.8925707042217255 584
1764105916112 0.9117990136146545 585
1764105924514 0.9676035791635513 586
1764105932890 0.907641738653183 587
1764105941446 0.9023322761058807 588
1764105949817 0.8463447540998459 589
1764105958224 0.9221088886260986 590
1764105966607 0.9617442935705185 591
1764105975011 0.8890097737312317 592
1764105983375 0.9921884536743164 593
1764105991775 0.8502087295055389 594
1764106000185 0.8856163322925568 595
1764106008566 0.8665918856859207 596
1764106016952 0.9198800027370453 597
1764106025311 0.9221525639295578 598
1764106033674 0.9088015705347061 599
1764106042065 0.9529529809951782 600
1764106050484 0.8708876669406891 601
1764106058853 0.9155261069536209 602
1764106067270 0.9001937657594681 603
1764106075650 1.0061947107315063 604
1764106084020 0.9272723346948624 605
1764106092416 0.8454726040363312 606
1764106100807 0.8518112450838089 607
1764106109194 0.9919924736022949 608
1764106117553 0.9772103875875473 609
1764106125950 0.9364829808473587 610
1764106134340 0.9416127353906631 611
1764106142692 0.9680229276418686 612
1764106151053 0.9200150072574615 613
1764106159456 0.9682088196277618 614
1764106167818 1.025327444076538 615
1764106176189 0.8762699663639069 616
1764106184559 1.0439416468143463 617
1764106192929 1.0029860138893127 618
1764106201352 0.9233389794826508 619
1764106209725 0.8384377360343933 620
1764106218099 0.8858340531587601 621
1764106226469 0.9171320796012878 622
1764106234846 0.8253556787967682 623
1764106243331 0.8904261142015457 624
1764106251704 1.0229390263557434 625
1764106316267 0.9247937798500061 627
1764106324681 0.8157857954502106 628
1764106333215 0.8050763756036758 629
1764106341592 0.8425806164741516 630
1764106349943 0.9268807172775269 631
1764106358320 0.8452292680740356 632
1764106366714 1.0076552331447601 633
1764106375097 0.8687370717525482 634
1764106383485 0.9180439710617065 635
1764106391893 0.9097292721271515 636
1764106400339 0.9546618461608887 637
1764106408770 0.9550991654396057 638
1764106417196 0.9167450070381165 639
1764106425977 0.919765517115593 640
1764106434366 0.8947705328464508 641
1764106442741 0.8825360536575317 642
1764106451163 0.9252585172653198 643
1764106459605 0.8473141044378281 644
1764106468036 0.9581111967563629 645
1764106476448 0.9584220498800278 646
1764106484852 0.955158069729805 647
1764106493230 0.9236892312765121 648
1764106501650 0.8463234603404999 649
1764106510029 0.9252296388149261 650
1764106518411 0.9434969425201416 651
1764106526828 0.8498176634311676 652
1764106535249 0.8707561939954758 653
1764106543620 0.9330895841121674 654
1764106552039 0.8945945203304291 655
1764106560400 0.9144813716411591 656
1764106568817 1.0252915024757385 657
1764106577239 0.8602552711963654 658
1764106585610 1.0552058517932892 659
1764106594013 0.8204645812511444 660
1764106602386 0.8648280650377274 661
1764106610793 0.9352330714464188 662
1764106619174 0.9370771795511246 663
1764106627533 1.0080818235874176 664
1764106635928 0.89449542760849 665
1764106644305 0.8659146428108215 666
1764106652720 0.8670769184827805 667
1764106661107 0.8413273692131042 668
1764106669471 0.8543381094932556 669
1764106677850 0.8982381075620651 670
1764106686236 0.9307557344436646 671
1764106694617 0.8621838688850403 672
1764106703017 0.9004612118005753 673
1764106711386 0.9405671507120132 674
1764106719757 0.8307976275682449 675
1764106728188 0.9949375540018082 676
1764106736610 0.943816065788269 677
1764106744982 0.9968563318252563 678
1764106753357 0.9611084163188934 679
1764106761714 0.9193069934844971 680
1764106770134 0.8252113461494446 681
1764106778539 0.8183356523513794 682
1764106786908 0.9514081627130508 683
1764106795291 0.9545654207468033 684
1764106803696 0.941706046462059 685
1764106812057 1.016161322593689 686
1764106820456 0.9492210447788239 687
1764106828839 0.9463597238063812 688
1764106837224 0.904350072145462 689
1764106845595 0.8856061398983002 690
1764106854015 0.9166535139083862 691
1764106862383 0.9343227595090866 692
1764106870773 0.8225131779909134 693
1764106879154 0.9040832221508026 694
1764106887558 0.8695356696844101 695
1764106895923 0.9673177152872086 696
1764106904334 0.8798171579837799 697
1764106912693 1.0078246742486954 698
1764106921049 1.01180000603199 699
1764106929411 0.8655786365270615 700
1764106937772 1.0062369108200073 701
1764106946157 0.8985426127910614 702
1764106954523 0.985731229186058 703
1764106962894 0.936794251203537 704
1764106971287 0.8218282163143158 705
1764106979658 0.8726659417152405 706
1764106988042 0.8721998184919357 707
1764106996442 0.9171394258737564 708
1764107004815 0.8741936981678009 709
1764107013233 0.857578456401825 710
1764107021609 0.8867579400539398 711
1764107029970 0.9208235740661621 712
1764107038362 0.8119197934865952 713
1764107046753 0.9443492740392685 714
1764107055134 0.9573386460542679 715
1764107063579 0.9157034456729889 716
1764107071967 0.9136420339345932 717
1764107080347 1.0473397970199585 718
1764107088720 0.9279624819755554 719
1764107097091 0.912676215171814 720
1764107105478 0.8556414097547531 721
1764107113861 0.9345788061618805 722
1764107122200 0.9190011918544769 723
1764107130593 0.8559171706438065 724
1764107139115 0.8926058113574982 725
1764107147483 0.9265674650669098 726
1764107155865 0.9648438692092896 727
1764107164239 0.9191809296607971 728
1764107172633 1.0490214079618454 729
1764107181011 0.9245488494634628 730
1764107189402 0.895899772644043 731
1764107197810 0.8569042235612869 732
1764107206168 0.9751264452934265 733
1764107214677 0.8444180935621262 734
1764107223087 0.8678599447011948 735
1764107231479 0.9269167184829712 736
1764107239850 0.8310009986162186 737
1764107248218 0.9034676253795624 738
1764107256600 0.8789849728345871 739
1764107264986 0.8911167830228806 740
1764107273351 0.9826358407735825 741
1764107281727 1.1133829355239868 742
1764107290130 0.8610573410987854 743
1764107298623 0.8602609187364578 744
1764107307052 0.9010933935642242 745
1764107315429 0.8624774813652039 746
1764107323795 0.9290398806333542 747
1764107332168 0.8450977653264999 748
1764107340536 0.8561394065618515 749
1764107348928 0.8748540282249451 750
1764107357263 0.9223826080560684 751
1764107365622 0.9539606869220734 752
1764107374022 0.9223823845386505 753
1764107382403 0.8947101980447769 754
1764107390792 0.8808958232402802 755
1764107399177 0.905426025390625 756
1764107407571 0.9403402507305145 757
1764107415961 0.9436917454004288 758
1764107424350 0.8970160186290741 759
1764107432743 1.0114257037639618 760
1764107441175 0.9005471915006638 761
1764107449565 0.9332025945186615 762
1764107457958 0.8966229557991028 763
1764107466334 0.8980797082185745 764
1764107474707 0.8999747633934021 765
1764107483133 0.9428246319293976 766
1764107491516 0.9186416566371918 767
1764107499875 0.941085085272789 768
1764107508271 0.9064125567674637 769
1764107516717 1.0152065455913544 770
1764107525091 0.9713748544454575 771
1764107533487 0.840791717171669 772
1764107541848 0.8971284627914429 773
1764107550245 0.9651925414800644 774
1764107558653 0.8031935840845108 775
1764107566993 0.9491563737392426 776
1764107575383 0.8874319046735764 777
1764107583752 0.8323918581008911 778
1764107592112 1.0154891312122345 779
1764107600528 0.9044144749641418 780
1764107608911 0.8589432388544083 781
1764107617286 0.8668721467256546 782
1764107625665 0.9104944318532944 783
1764107634173 0.9206711500883102 784
1764107642565 0.8726963698863983 785
1764107650947 0.7627368867397308 786
1764107659340 0.8394006341695786 787
1764107667720 1.015890508890152 788
1764107676089 0.9086762070655823 789
1764107684459 0.8791636377573013 790
1764107692837 0.862627387046814 791
1764107701200 0.9353833645582199 792
1764107709609 0.8731477111577988 793
1764107718110 0.9154544770717621 794
1764107726482 0.9569636583328247 795
1764107734855 0.8992201685905457 796
1764107743254 0.9386482238769531 797
1764107751613 0.8390979915857315 798
1764107759972 1.0057095140218735 799
1764107768329 0.8980329483747482 800
1764107776710 0.9749557673931122 801
1764107785125 0.8307500928640366 802
1764107793511 0.954034149646759 803
1764107801998 0.92054183781147 804
1764107810407 0.9513536989688873 805
1764107818788 0.994856521487236 806
1764107827162 0.9861958622932434 807
1764107835542 0.9300759583711624 808
1764107843942 0.8678333163261414 809
1764107852324 0.9232225865125656 810
1764107860711 0.8698923289775848 811
1764107869082 0.8595060408115387 812
1764107877496 0.9178095459938049 813
1764107885879 0.9713072627782822 814
1764107894241 0.9054735153913498 815
1764107902632 0.9848971217870712 816
1764107910995 0.9473645389080048 817
1764107919409 0.9854092597961426 818
1764107927775 0.8883919417858124 819
1764107936120 0.8495131283998489 820
1764107944519 0.890130952000618 821
1764107952937 0.921330526471138 822
1764107961325 0.8415236324071884 823
1764107969727 0.8751822263002396 824
1764107978113 0.8099754452705383 825
1764107986612 1.0105077624320984 826
1764107995018 0.903345912694931 827
1764108003396 0.9716260135173798 828
1764108011789 0.9401572942733765 829
1764108020164 0.8641563206911087 830
1764108028527 0.9308556467294693 831
1764108036987 0.8564505577087402 832
1764108045385 0.8491643816232681 833
1764108053756 0.8535774946212769 834
1764108062108 0.8692526519298553 835
1764108070635 0.7989651709794998 836
1764108079061 0.9900991022586823 837
1764108087452 1.0288053750991821 838
1764108095831 0.8097832947969437 839
1764108104220 0.9957428872585297 840
1764108112599 0.9156376719474792 841
1764108121005 0.8223495036363602 842
1764108129389 0.9355859756469727 843
1764108137801 0.8352209180593491 844
1764108146167 0.9315070360898972 845
1764108154696 0.836223229765892 846
1764108163074 0.8910035938024521 847
1764108171454 0.8938665091991425 848
1764108179876 0.9533492922782898 849
1764108188260 0.896071583032608 850
1764108196634 0.8859148472547531 851
1764108205005 0.876916915178299 852
1764108213365 0.9915400147438049 853
1764108221809 0.8943198323249817 854
1764108230187 0.8930021971464157 855
1764108238568 0.8777917921543121 856
1764108246962 0.8609296679496765 857
1764108255407 0.8398571014404297 858
1764108263873 0.820391058921814 859
1764108272259 0.8381412774324417 860
1764108280636 0.779497042298317 861
1764108289028 0.8572430312633514 862
1764108297416 0.9033611863851547 863
1764108305800 0.8948138505220413 864
1764108314195 0.8854311555624008 865
1764108322596 0.9714976251125336 866
1764108330983 0.9293534457683563 867
1764108339383 0.899895429611206 868
1764108347761 0.9437278658151627 869
1764108356298 0.9283623844385147 870
1764108364723 1.0224166214466095 871
1764108373112 0.9349323958158493 872
1764108381515 0.8366278260946274 873
1764108389901 0.9158143848180771 874
1764108398307 0.8951067626476288 875
1764108406701 0.894587516784668 876
1764108415070 0.8540496230125427 877
1764108423440 0.9193950295448303 878
1764108431963 0.8658439815044403 879
1764108440357 0.9094320237636566 880
1764108448754 1.0380896031856537 881
1764108457155 0.8197978436946869 882
1764108465577 0.9886002242565155 883
1764108473943 0.821130633354187 884
1764108482344 0.8739958554506302 885
1764108490714 0.7773744910955429 886
1764108499096 1.0483962148427963 887
1764108507495 0.9529925882816315 888
1764108515892 0.9840779155492783 889
1764108524262 0.9377813339233398 890
1764108532656 0.8754504024982452 891
1764108541044 0.895906925201416 892
1764108549444 0.8665852397680283 893
1764108557844 0.8371510058641434 894
1764108566216 0.8975340127944946 895
1764108574591 0.8499226719141006 896
1764108582987 0.8331242054700851 897
1764108591361 0.9016988128423691 898
1764108599797 0.8440946340560913 899
1764108608209 0.8845509439706802 900
1764108616590 0.9094753712415695 901
1764108624954 0.9181391894817352 902
1764108633334 0.8222060650587082 903
1764108641700 0.8373692780733109 904
1764108650070 0.9253672957420349 905
1764108658440 0.9368262887001038 906
1764108666799 0.9219007194042206 907
1764108675199 1.0464238375425339 908
1764108683556 1.0378381609916687 909
1764108691936 0.9241936951875687 910
1764108700380 0.8616451621055603 911
1764108708758 0.9136570543050766 912
1764108717137 0.8816306293010712 913
1764108725510 0.7910279035568237 914
1764108733949 0.8579947501420975 915
1764108742329 0.9406448304653168 916
1764108750727 0.9824213832616806 917
1764108759134 0.7443930208683014 918
1764108767526 0.8183830231428146 919
1764108775924 0.894606277346611 920
1764108784293 0.8986724615097046 921
1764108792679 1.0536474138498306 922
1764108801080 0.7837462872266769 923
1764108809441 0.8915775269269943 924
1764108817834 1.0124930441379547 925
1764108826234 0.8658977746963501 926
1764108834619 0.9138828814029694 927
1764108843000 0.9221242964267731 928
1764108851376 0.8914337456226349 929
1764108859741 0.8310036808252335 930
1764108868127 0.8668040186166763 931
1764108876553 0.8871523290872574 932
1764108884952 0.9014642238616943 933
1764108893328 0.8725450783967972 934
1764108901730 0.8968318998813629 935
1764108910125 0.892718181014061 936
1764108918539 0.8847141861915588 937
1764108926934 0.9677765220403671 938
1764108991809 0.93937548995018 940
1764109000183 0.955892413854599 941
1764109008555 0.975377082824707 942
1764109016912 0.8514625728130341 943
1764109025273 0.8700324445962906 944
1764109033682 0.9014376848936081 945
1764109042095 0.8320837169885635 946
1764109050512 0.9163071364164352 947
1764109058933 0.8870787620544434 948
1764109067352 0.9699525535106659 949
1764109075771 0.8387577682733536 950
1764109084199 1.048212468624115 951
1764109092751 0.839988499879837 952
1764109101316 0.84358349442482 953
1764109109707 0.9780571013689041 954
1764109118154 0.8876867294311523 955
1764109126545 0.820707306265831 956
1764109134940 0.8705547899007797 957
1764109143524 0.8464581966400146 958
1764109151916 0.9952158480882645 959
1764109160333 0.8611462563276291 960
1764109168720 0.9771726727485657 961
1764109177139 0.9296072274446487 962
1764109185553 0.9798827767372131 963
1764109193964 0.8416216522455215 964
1764109202342 0.9934721291065216 965
1764109210715 0.8363538086414337 966
1764109219091 0.9169751107692719 967
1764109227506 0.9599766284227371 968
1764109235915 0.8037306070327759 969
1764109244320 0.8765306174755096 970
1764109252735 0.8823749721050262 971
1764109261121 0.7964309006929398 972
1764109269520 0.9178188443183899 973
1764109277939 0.8865716755390167 974
1764109286334 0.8267062604427338 975
1764109294714 0.8276724517345428 976
1764109303145 0.875812754034996 977
1764109311531 0.878987044095993 978
1764109319910 0.9040356278419495 979
1764109328310 0.905102550983429 980
1764109336687 0.8795817196369171 981
1764109345080 0.7346821278333664 982
1764109353441 0.9309325665235519 983
1764109361839 0.853408694267273 984
1764109370215 0.9161622673273087 985
1764109378632 0.8042755275964737 986
1764109387058 0.8445380926132202 987
1764109395443 0.9537784457206726 988
1764109403848 0.9457704573869705 989
1764109412236 0.9088460952043533 990
1764109420616 0.9307136237621307 991
1764109429037 0.8270334601402283 992
1764109437433 0.8228578567504883 993
1764109445941 0.9206741005182266 994
1764109454292 0.849845752120018 995
1764109462667 0.755481094121933 996
1764109471056 0.9807493835687637 997
1764109479426 0.8154488801956177 998
1764109487835 0.897027000784874 999
1764109496412 0.976100891828537 1000
1764109504806 0.9625413715839386 1001
1764109513193 0.9177411496639252 1002
1764109521578 0.8656941205263138 1003
1764109529957 0.8996723890304565 1004
1764109538315 0.84256212413311 1005
1764109546719 0.9266858994960785 1006
1764109555146 0.8988537341356277 1007
1764109563521 0.8400209844112396 1008
1764109571891 0.7330658584833145 1009
1764109580264 0.8247418105602264 1010
1764109588637 0.8740846812725067 1011
1764109597056 0.8843259215354919 1012
1764109605454 1.009202480316162 1013
1764109613855 0.9633410573005676 1014
1764109622265 1.0106255114078522 1015
1764109630668 0.8582638204097748 1016
1764109639031 0.8485647141933441 1017
1764109647445 0.9036187678575516 1018
1764109655852 0.7764738947153091 1019
1764109664236 0.8704948872327805 1020
1764109672645 0.9837727546691895 1021
1764109681030 0.9154212772846222 1022
1764109689414 0.9130002111196518 1023
1764109697806 0.8899622559547424 1024
1764109706212 0.8737681210041046 1025
1764109714607 0.887858048081398 1026
1764109723005 0.9441657066345215 1027
1764109731489 0.8308850824832916 1028
1764109739877 0.8835179358720779 1029
1764109748248 0.9015970677137375 1030
1764109756641 0.8172277361154556 1031
1764109765044 0.9991351217031479 1032
1764109773433 0.8987266272306442 1033
1764109781944 0.9089650511741638 1034
1764109790312 0.8442492932081223 1035
1764109798681 0.7993445247411728 1036
1764109807043 0.8659067302942276 1037
1764109815431 0.889313668012619 1038
1764109823827 0.881060928106308 1039
1764109832211 0.9536113291978836 1040
1764109840572 1.0436529219150543 1041
1764109848956 0.8202226310968399 1042
1764109857346 0.9620301723480225 1043
1764109865693 0.8621190637350082 1044
1764109874083 0.8946395963430405 1045
1764109882455 0.8359451144933701 1046
1764109890848 0.8465177714824677 1047
1764109899249 0.770563006401062 1048
1764109907596 0.7855917662382126 1049
1764109915965 0.9160939753055573 1050
1764109924353 0.9083322733640671 1051
1764109932747 0.8309969305992126 1052
1764109941131 0.8218891322612762 1053
1764109949503 0.8573464751243591 1054
1764109957860 0.9477685838937759 1055
1764109966354 0.8209885060787201 1056
1764109974723 0.8339719772338867 1057
1764109983089 0.8656609952449799 1058
1764109991465 0.8408281058073044 1059
1764109999827 0.9794820845127106 1060
1764110008241 0.9618783593177795 1061
1764110016636 0.9187192767858505 1062
1764110025061 0.9388507008552551 1063
1764110033442 0.899628758430481 1064
1764110041792 0.9245533794164658 1065
1764110050156 1.0162640511989594 1066
1764110058529 0.8305456638336182 1067
1764110066913 0.9144504517316818 1068
1764110075299 0.8836522847414017 1069
1764110083781 0.8542572259902954 1070
1764110092179 0.9192674309015274 1071
1764110100540 0.8912599086761475 1072
1764110108908 0.8257049322128296 1073
1764110117310 0.870165228843689 1074
1764110125664 0.9202616214752197 1075
1764110134063 0.8516547679901123 1076
1764110142421 0.844087228178978 1077
1764110150830 0.9655148983001709 1078
1764110159196 0.9193659722805023 1079
1764110167570 0.9044163078069687 1080
1764110175947 0.8913462460041046 1081
1764110184325 0.8697859644889832 1082
1764110192694 0.7187341898679733 1083
1764110201082 0.8588569015264511 1084
1764110209458 0.9790608882904053 1085
1764110217823 0.8728343546390533 1086
1764110226231 0.890553429722786 1087
1764110234681 0.8617696017026901 1088
1764110243072 0.8591881096363068 1089
1764110251445 0.8232037127017975 1090
1764110259818 0.8320059180259705 1091
1764110268234 0.9250682294368744 1092
1764110276606 0.8751816004514694 1093
1764110284970 0.8904954493045807 1094
1764110293342 0.8480269759893417 1095
1764110301726 0.8926507383584976 1096
1764110310135 0.8376856446266174 1097
1764110318554 0.809053972363472 1098
1764110326919 0.9034675508737564 1099
1764110335281 0.9836658090353012 1100
1764110343697 0.8636610358953476 1101
1764110352076 0.9177433401346207 1102
1764110360477 0.9260347783565521 1103
1764110368863 0.8797001838684082 1104
1764110377293 0.9070377945899963 1105
1764110385716 0.9154039174318314 1106
1764110394098 0.9048924297094345 1107
1764110402518 0.8893455564975739 1108
1764110410877 0.9099253565073013 1109
1764110419245 0.9790480136871338 1110
1764110427626 0.7952808886766434 1111
1764110436047 0.7358120977878571 1112
1764110444427 0.8075075298547745 1113
1764110452818 0.8029610812664032 1114
1764110461202 0.9075436890125275 1115
1764110469728 0.8325371742248535 1116
1764110478115 0.7996323108673096 1117
1764110486502 0.8923593163490295 1118
1764110494872 0.8194340169429779 1119
1764110503243 0.872426450252533 1120
1764110511650 0.9921066910028458 1121
1764110520074 0.806647926568985 1122
1764110528435 0.8463823348283768 1123
1764110536847 0.901083379983902 1124
1764110545200 0.844911128282547 1125
1764110553587 0.7822669297456741 1126
1764110561958 0.9040932953357697 1127
1764110570334 0.8993777483701706 1128
1764110578703 0.8959043025970459 1129
1764110587070 0.8860476762056351 1130
1764110595572 0.9082641154527664 1131
1764110603959 0.9217504411935806 1132
1764110612370 0.8981201499700546 1133
1764110620749 0.8467501699924469 1134
1764110629134 0.8134171366691589 1135
1764110637515 0.8430554568767548 1136
1764110645906 0.9015234708786011 1137
1764110654329 0.9855569005012512 1138
1764110662834 0.8961687237024307 1139
1764110671206 0.8519621640443802 1140
1764110679579 0.8744689971208572 1141
1764110687969 0.9034302532672882 1142
1764110696350 0.8007154762744904 1143
1764110704761 0.7456495016813278 1144
1764110713143 0.8397698700428009 1145
1764110721524 0.8680054545402527 1146
1764110729893 0.9301291555166245 1147
1764110738307 0.8239402770996094 1148
1764110746730 0.9457350075244904 1149
1764110755071 0.7697137743234634 1150
1764110763440 0.8058724850416183 1151
1764110771834 0.9433337599039078 1152
1764110780210 0.9340904057025909 1153
1764110788606 0.9709637761116028 1154
1764110796966 0.9385861754417419 1155
1764110805394 0.7984325289726257 1156
1764110813804 0.9088129848241806 1157
1764110822335 0.810177356004715 1158
1764110830740 0.8150628507137299 1159
1764110839126 0.9526340663433075 1160
1764110847520 0.9091695100069046 1161
1764110855952 0.9849554002285004 1162
1764110864346 1.0070596635341644 1163
1764110872722 0.8164306133985519 1164
1764110881102 0.8717850893735886 1165
1764110889452 0.8509133458137512 1166
1764110897844 0.9458646178245544 1167
1764110906247 0.8717910200357437 1168
1764110914648 0.804940789937973 1169
1764110923003 0.8990320265293121 1170
1764110931391 0.8800676763057709 1171
1764110939780 0.8567796796560287 1172
1764110948164 0.8811179101467133 1173
1764110956545 0.806293860077858 1174
1764110964895 0.8875953257083893 1175
1764110973309 0.8809323012828827 1176
1764110981695 0.9608141779899597 1177
1764110990072 0.8029980957508087 1178
1764110998456 0.9500127583742142 1179
1764111006913 0.9518928825855255 1180
1764111015279 0.7957796901464462 1181
1764111023669 0.8637452870607376 1182
1764111032031 0.8685126751661301 1183
1764111040424 0.7935465425252914 1184
1764111048850 0.8999046981334686 1185
1764111057242 0.9080334007740021 1186
1764111065634 0.8857727199792862 1187
1764111074043 0.9665806740522385 1188
1764111082421 0.818453922867775 1189
1764111090928 0.9006592631340027 1190
1764111099287 0.8678995072841644 1191
1764111107790 0.8237051218748093 1192
1764111116184 0.863484799861908 1193
1764111124551 0.9066909402608871 1194
1764111132948 0.9178560823202133 1195
1764111141330 0.9207789897918701 1196
1764111149714 0.9050074219703674 1197
1764111158085 0.8132679015398026 1198
1764111166643 0.8761475831270218 1199
1764111175027 0.8477713018655777 1200
1764111183413 0.909890204668045 1201
1764111191798 0.7950717210769653 1202
1764111200196 0.876126155257225 1203
1764111208602 0.9308824241161346 1204
1764111216988 0.8273003548383713 1205
1764111225351 0.8398160487413406 1206
1764111233786 0.8593128174543381 1207
1764111242167 0.853446289896965 1208
1764111250577 0.8146199584007263 1209
1764111258955 0.884159192442894 1210
1764111267372 0.7551068067550659 1211
1764111275753 0.9135761260986328 1212
1764111284138 0.9326328933238983 1213
1764111292558 0.7924338132143021 1214
1764111300974 0.9482319355010986 1215
1764111309366 0.8235989660024643 1216
1764111317732 0.8402001112699509 1217
1764111326115 0.8114742189645767 1218
1764111334481 0.8658720105886459 1219
1764111342841 0.783236101269722 1220
1764111351211 0.8699985593557358 1221
1764111359552 0.8480124175548553 1222
1764111367947 0.8507127016782761 1223
1764111376338 0.8721321225166321 1224
1764111384736 0.9516587406396866 1225
1764111393101 0.8627390116453171 1226
1764111401475 0.8879955261945724 1227
1764111409854 0.9757448583841324 1228
1764111418260 0.9080047309398651 1229
1764111426639 0.8684791177511215 1230
1764111435011 0.7940845787525177 1231
1764111443510 0.9083968698978424 1232
1764111451915 0.9753940850496292 1233
1764111460268 0.8779189586639404 1234
1764111468652 0.8965167254209518 1235
1764111477032 0.8885452300310135 1236
1764111485418 0.8568800687789917 1237
1764111493799 0.8738144934177399 1238
1764111502169 0.9787159264087677 1239
1764111510534 0.9438159465789795 1240
1764111519063 0.8917196094989777 1241
1764111527441 0.870906263589859 1242
1764111535809 0.8777155727148056 1243
1764111544192 0.887241005897522 1244
1764111552567 0.9131085872650146 1245
1764111560938 0.8915280103683472 1246
1764111569318 0.8694025874137878 1247
1764111577677 0.9007185846567154 1248
1764111586045 0.8880724757909775 1249
1764111594413 0.8332178741693497 1250
1764111602791 0.7605071663856506 1251
1764111671196 0.8850550502538681 1253
1764111679560 0.822226956486702 1254
1764111687920 0.8697695285081863 1255
1764111696264 0.8974993526935577 1256
1764111704610 0.8335376977920532 1257
1764111712988 0.9188143014907837 1258
1764111721356 0.823925793170929 1259
1764111729736 0.9369023740291595 1260
1764111738098 0.8718819618225098 1261
1764111746512 0.9672038555145264 1262
1764111754884 0.926350399851799 1263
1764111763248 0.881804883480072 1264
1764111771822 0.8365315198898315 1265
1764111780240 0.9660438299179077 1266
1764111788640 0.8149691224098206 1267
1764111797068 0.8784287124872208 1268
1764111805473 0.839579313993454 1269
1764111813894 0.8630298674106598 1270
1764111822281 0.9330105483531952 1271
1764111830711 0.9209074974060059 1272
1764111839094 0.8372046798467636 1273
1764111847504 1.0417704582214355 1274
1764111855893 0.9380232244729996 1275
1764111864287 0.8864452093839645 1276
1764111872673 0.9437955617904663 1277
1764111881042 0.9163106381893158 1278
1764111889456 0.9363026320934296 1279
1764111897819 0.842922642827034 1280
1764111906262 0.8593485504388809 1281
1764111914670 0.8213015049695969 1282
1764111923060 0.8707681745290756 1283
1764111931476 0.920655831694603 1284
1764111939926 0.8857291787862778 1285
1764111948332 0.8824273645877838 1286
1764111956761 0.9482066482305527 1287
1764111965196 0.9272612929344177 1288
1764111973596 0.8501652479171753 1289
1764111982013 0.886533111333847 1290
1764111990399 0.9369173943996429 1291
1764111998941 0.9468501657247543 1292
1764112007371 0.7015580385923386 1293
1764112015736 0.9680639654397964 1294
1764112024121 0.8422109484672546 1295
1764112032501 0.8962192386388779 1296
1764112040927 1.007153481245041 1297
1764112049294 0.9797198474407196 1298
1764112057664 0.9930291175842285 1299
1764112066042 0.9122997671365738 1300
1764112074466 0.9347219318151474 1301
1764112082889 0.9340907633304596 1302
1764112091283 0.9087025821208954 1303
1764112099682 0.8675564080476761 1304
1764112108063 0.8711104691028595 1305
1764112116441 0.8636928051710129 1306
1764112124846 0.9416258186101913 1307
1764112133211 0.8907218277454376 1308
1764112141570 0.9114146828651428 1309
1764112149936 0.8967163264751434 1310
1764112158355 0.8241177648305893 1311
1764112166775 0.9078613817691803 1312
1764112175153 0.9610872864723206 1313
1764112183545 0.8439266532659531 1314
1764112191925 0.8527539521455765 1315
1764112200319 0.8513379693031311 1316
1764112208701 0.8288274705410004 1317
1764112217139 0.9008238464593887 1318
1764112225532 0.8344235867261887 1319
1764112233923 0.8796548396348953 1320
1764112242305 0.859172448515892 1321
1764112250865 0.7915952950716019 1322
1764112259234 0.8603549599647522 1323
1764112267621 0.9327573925256729 1324
1764112275968 0.8592250943183899 1325
1764112284353 0.8453766852617264 1326
1764112292743 0.8368700295686722 1327
1764112301099 0.8500209301710129 1328
1764112309478 0.790244996547699 1329
1764112317844 0.9042825549840927 1330
1764112326212 0.7704365849494934 1331
1764112334576 0.9466416537761688 1332
1764112342997 0.8480426520109177 1333
1764112351394 0.9450276643037796 1334
1764112359771 0.9234820753335953 1335
1764112368180 0.8664748966693878 1336
1764112376555 0.816481426358223 1337
1764112384948 1.0311877727508545 1338
1764112393346 0.8364278078079224 1339
1764112401731 0.8096460700035095 1340
1764112410109 0.9015303701162338 1341
1764112418515 0.8123429864645004 1342
1764112426880 0.8592439144849777 1343
1764112435261 0.9436399042606354 1344
1764112443677 0.8549187332391739 1345
1764112452033 0.8398724645376205 1346
1764112460419 0.8860319256782532 1347
1764112468811 0.83404840528965 1348
1764112477192 0.9228669703006744 1349
1764112485565 0.9212130755186081 1350
1764112494078 0.9279657602310181 1351
1764112502481 0.8569596856832504 1352
1764112510886 0.9743233323097229 1353
1764112519227 0.8611022979021072 1354
1764112527580 0.9332363158464432 1355
1764112535948 0.8372624963521957 1356
1764112544333 0.968916118144989 1357
1764112552698 1.0371864438056946 1358
1764112561070 0.8445901572704315 1359
1764112569455 0.8623433262109756 1360
1764112577852 0.8833928257226944 1361
1764112586209 0.9041778445243835 1362
1764112594584 0.8625974208116531 1363
1764112602943 0.8918364495038986 1364
1764112611314 0.9297088533639908 1365
1764112619667 0.9698967039585114 1366
1764112628064 0.8821300268173218 1367
1764112636516 0.9003135114908218 1368
1764112645020 0.8744179010391235 1369
1764112653408 0.8704690337181091 1370
1764112661772 0.9310743808746338 1371
1764112670159 0.8714654594659805 1372
1764112678544 0.9115148782730103 1373
1764112686940 0.8054841309785843 1374
1764112695317 0.8163821399211884 1375
1764112703715 0.8671268075704575 1376
1764112712096 0.9629153609275818 1377
1764112720482 0.9421065449714661 1378
1764112728835 0.8702069222927094 1379
1764112737223 0.9103950411081314 1380
1764112745631 0.8102118968963623 1381
1764112754137 0.8773061484098434 1382
1764112762511 0.8424485176801682 1383
1764112770893 0.7937963753938675 1384
1764112779260 0.9453743994235992 1385
1764112787651 0.8952253311872482 1386
1764112796045 0.8484246581792831 1387
1764112804432 0.8541697114706039 1388
1764112812824 0.9186203330755234 1389
1764112821240 0.8419408649206161 1390
1764112829608 0.7980306446552277 1391
1764112837993 0.8892748653888702 1392
1764112846489 0.8548438251018524 1393
1764112854882 0.8709093481302261 1394
1764112863260 0.8513255268335342 1395
1764112871652 0.7895861864089966 1396
1764112880024 0.9138367772102356 1397
1764112888414 0.945233553647995 1398
1764112896825 0.7990775853395462 1399
1764112905245 0.7675857394933701 1400
1764112913632 0.8745469152927399 1401
1764112922015 0.9685694575309753 1402
1764112930400 0.8710188567638397 1403
1764112938778 0.9170930087566376 1404
1764112947147 0.9193854629993439 1405
1764112955526 0.8900512307882309 1406
1764112963896 0.8070347905158997 1407
1764112972270 0.8153053671121597 1408
1764112980661 0.8024278730154037 1409
1764112989030 0.8616763800382614 1410
1764112997425 0.8419288694858551 1411
1764113005799 0.8402458280324936 1412
1764113014219 0.94924496114254 1413
1764113022601 1.0076756924390793 1414
1764113030972 0.9709238857030869 1415
1764113039350 0.8650636672973633 1416
1764113047712 1.0024287849664688 1417
1764113056053 0.9220518618822098 1418
1764113064466 0.8573313504457474 1419
1764113072849 0.8854798078536987 1420
1764113081279 0.9070082753896713 1421
1764113089656 0.8179212808609009 1422
1764113098035 0.9015122354030609 1423
1764113106564 0.9084509909152985 1424
1764113114927 0.8506921082735062 1425
1764113123506 0.815659686923027 1426
1764113131903 0.8596935123205185 1427
1764113140281 0.9362981021404266 1428
1764113148788 0.7587310969829559 1429
1764113157169 0.7656286209821701 1430
1764113165577 0.8772657066583633 1431
1764113173966 0.902686282992363 1432
1764113182370 0.8876733928918839 1433
1764113190781 0.9126359522342682 1434
1764113199164 0.9307836592197418 1435
1764113207538 0.9644389748573303 1436
1764113215902 0.977263942360878 1437
1764113224353 0.925870954990387 1438
1764113232757 0.9217581748962402 1439
1764113241122 0.8315779268741608 1440
1764113249503 0.8747750669717789 1441
1764113257915 0.8144380152225494 1442
1764113266309 0.8149595111608505 1443
1764113274720 0.8541272431612015 1444
1764113283095 0.8201015144586563 1445
1764113291446 0.8925176560878754 1446
1764113299814 0.8637383282184601 1447
1764113308215 0.8953078240156174 1448
1764113316596 0.8499996066093445 1449
1764113324972 0.9011176526546478 1450
1764113333376 0.7970426082611084 1451
1764113341787 1.0217588394880295 1452
1764113350167 0.9187959879636765 1453
1764113358581 0.8606642037630081 1454
1764113366977 0.7744471430778503 1455
1764113375396 0.8008693605661392 1456
1764113383790 0.8532622009515762 1457
1764113392288 0.8587618321180344 1458
1764113400651 0.9521917551755905 1459
1764113409034 0.9845132380723953 1460
1764113417375 0.9702619314193726 1461
1764113425787 0.9328487664461136 1462
1764113434172 0.910711407661438 1463
1764113442552 0.8876469880342484 1464
1764113450915 0.9294891506433487 1465
1764113459319 0.8838635087013245 1466
1764113467700 0.9562849551439285 1467
1764113476103 0.8906430602073669 1468
1764113484495 0.9566299766302109 1469
1764113492914 0.9157566428184509 1470
1764113501396 0.8784301578998566 1471
1764113509780 0.9505262970924377 1472
1764113518147 0.8358471393585205 1473
1764113526511 0.8332765698432922 1474
1764113534880 0.8810608237981796 1475
1764113543242 0.8782512247562408 1476
1764113551611 0.8727479726076126 1477
1764113559977 0.8637331128120422 1478
1764113568361 0.9339154064655304 1479
1764113576756 0.8232696801424026 1480
1764113585139 0.8899610191583633 1481
1764113593522 0.9245259314775467 1482
1764113601909 0.9711049199104309 1483
1764113610257 0.7508563846349716 1484
1764113618649 0.9090273827314377 1485
1764113627052 0.876572996377945 1486
1764113635453 0.8817351758480072 1487
1764113643839 0.8330618441104889 1488
1764113652222 0.9637289792299271 1489
1764113660575 0.8072752952575684 1490
1764113668924 0.8545749485492706 1491
1764113677325 0.9269088506698608 1492
1764113685697 0.9128546565771103 1493
1764113694080 0.8281603753566742 1494
1764113702456 0.8677082806825638 1495
1764113710839 0.894097700715065 1496
1764113719212 0.8102097362279892 1497
1764113727573 0.8521829098463058 1498
1764113735962 0.8464526236057281 1499
1764113744333 0.9388824105262756 1500
1764113752726 0.8457316160202026 1501
1764113761128 0.8462102115154266 1502
1764113769500 0.7588053792715073 1503
1764113778008 0.8099447935819626 1504
1764113786392 0.8451494425535202 1505
1764113794773 0.8974997699260712 1506
1764113803131 0.8988027721643448 1507
1764113811485 0.8867238909006119 1508
1764113819855 0.8891160488128662 1509
1764113828263 0.8684412389993668 1510
1764113836665 0.7261347770690918 1511
1764113845022 0.8920173645019531 1512
1764113853464 0.8622759431600571 1513
1764113861859 0.866906002163887 1514
1764113870230 0.8905138224363327 1515
1764113878601 0.8626254349946976 1516
1764113886951 0.9121052175760269 1517
1764113895311 0.8511333912611008 1518
1764113903699 0.8831118196249008 1519
1764113912114 0.8309661597013474 1520
1764113920516 0.8546761721372604 1521
1764113928955 0.8953159600496292 1522
1764113937344 0.8292190730571747 1523
1764113945752 0.8518324345350266 1524
1764113954149 0.8589818179607391 1525
1764113962533 0.9110484570264816 1526
1764113970921 0.8777806311845779 1527
1764113979312 0.8609171062707901 1528
1764113987685 0.9000480473041534 1529
1764113996181 0.8523498922586441 1530
1764114004557 0.8499512374401093 1531
1764114012945 0.8142648935317993 1532
1764114021319 0.8750187009572983 1533
1764114029673 0.9061095118522644 1534
1764114038047 0.7547324746847153 1535
1764114046445 0.8268597275018692 1536
1764114054847 0.8125120103359222 1537
1764114063238 0.9022625088691711 1538
1764114071610 0.90179742872715 1539
1764114080015 0.8452073335647583 1540
1764114088379 0.9124920517206192 1541
1764114096735 0.7084343135356903 1542
1764114105081 0.8441400974988937 1543
1764114113482 0.9825935363769531 1544
1764114121875 0.8817969560623169 1545
1764114130309 0.9281401187181473 1546
1764114138695 0.8133736103773117 1547
1764114147079 0.8557094186544418 1548
1764114155420 0.9145891666412354 1549
1764114163764 0.8581719845533371 1550
1764114172160 0.9027654230594635 1551
1764114180583 0.8086685836315155 1552
1764114188967 0.8827504515647888 1553
1764114197354 0.869084820151329 1554
1764114205713 0.9494888186454773 1555
1764114214115 0.9041436612606049 1556
1764114222511 0.9295121133327484 1557
1764114230906 0.8753202110528946 1558
1764114239284 0.9119985103607178 1559
1764114247681 0.8137923032045364 1560
1764114256078 0.9620386213064194 1561
1764114264441 0.8940579742193222 1562
1764114272940 0.8300957232713699 1563
1764114281380 0.8154807537794113 1564
