1764100965620 1.5634928941726685 1
1764100973971 1.4506737291812897 2
1764100982346 1.4863950610160828 3
1764100990721 1.4525206983089447 4
1764100999119 1.389566332101822 5
1764101007541 1.4349654614925385 6
1764101015993 1.3846632838249207 7
1764101024442 1.3420839309692383 8
1764101032879 1.211175799369812 9
1764101041338 1.2155501544475555 10
1764101049795 1.2239356338977814 11
1764101058207 1.374097764492035 12
1764101066647 1.3291841447353363 13
1764101075079 1.2748547494411469 14
1764101083534 1.1573642790317535 15
1764101091964 1.4085640907287598 16
1764101100429 1.2546974122524261 17
1764101108860 1.3181859850883484 18
1764101117253 1.0775586664676666 19
1764101125677 1.1592017263174057 20
1764101134067 1.237826257944107 21
1764101142458 1.2500040233135223 22
1764101151059 1.1874009370803833 23
1764101159462 1.2779540419578552 24
1764101167879 1.0869342684745789 25
1764101176296 1.1902443766593933 26
1764101184706 1.040441408753395 27
1764101193293 1.2453255653381348 28
1764101201647 1.3229103684425354 29
1764101210047 1.1604161262512207 30
1764101218436 1.2303653955459595 31
1764101226831 1.1390565037727356 32
1764101235237 1.253935992717743 33
1764101243630 1.1474438309669495 34
1764101252036 1.074014961719513 35
1764101260434 1.1777476072311401 36
1764101268832 1.1217718422412872 37
1764101277238 1.0724736899137497 38
1764101285640 1.2186262905597687 39
1764101294041 1.2137391567230225 40
1764101302409 1.002711370587349 41
1764101310769 1.0742444694042206 42
1764101319135 1.1765675246715546 43
1764101327559 1.185291975736618 44
1764101335944 1.0950744152069092 45
1764101344349 1.0841374397277832 46
1764101352729 1.199068158864975 47
1764101361092 1.2013254910707474 48
1764101369482 1.2134846448898315 49
1764101377835 1.263860821723938 50
1764101386198 1.095959335565567 51
1764101394576 1.2133125960826874 52
1764101402982 1.106929987668991 53
1764101411330 1.0973971784114838 54
1764101419729 1.1099616289138794 55
1764101428206 1.1161665618419647 56
1764101436569 1.2666312158107758 57
1764101444989 1.149775892496109 58
1764101453382 1.105440303683281 59
1764101461762 1.2041794061660767 60
1764101470141 1.3214242160320282 61
1764101478510 1.1333321928977966 62
1764101486907 1.1187823116779327 63
1764101495305 1.153071939945221 64
1764101503716 1.2342363595962524 65
1764101512078 1.0802120119333267 66
1764101520463 1.1119999289512634 67
1764101528836 0.9782719165086746 68
1764101537219 1.061587542295456 69
1764101545578 1.2035068273544312 70
1764101553963 1.1900237798690796 71
1764101562333 1.0454369485378265 72
1764101570701 1.1118145287036896 73
1764101579130 1.0456396341323853 74
1764101587526 1.1802621185779572 75
1764101595922 1.1451543271541595 76
1764101604291 1.195626676082611 77
1764101612642 1.0835906565189362 78
1764101621002 1.1218912303447723 79
1764101629369 1.0814862251281738 80
1764101637722 1.1291873157024384 81
1764101646089 1.0400905013084412 82
1764101654487 1.1106925010681152 83
1764101662858 1.2029617130756378 84
1764101671226 1.1811642348766327 85
1764101679614 1.201220542192459 86
1764101688009 1.1336755752563477 87
1764101696359 1.119176596403122 88
1764101704724 1.126169890165329 89
1764101713100 1.020737200975418 90
1764101721491 1.1437839716672897 91
1764101729896 1.1741394996643066 92
1764101738283 1.1535446643829346 93
1764101746684 1.2043193876743317 94
1764101755056 1.0359221994876862 95
1764101763442 1.0988769233226776 96
1764101771832 1.1768940091133118 97
1764101780211 1.2281979024410248 98
1764101788621 1.3353744149208069 99
1764101797002 1.197067767381668 100
1764101805412 1.230699896812439 101
1764101813784 1.098295658826828 102
1764101822170 1.2526247799396515 103
1764101830578 1.1210533678531647 104
1764101838965 1.1236899644136429 105
1764101847337 1.2619913816452026 106
1764101855712 1.2645665407180786 107
1764101864105 1.0280168950557709 108
1764101872485 1.1255613565444946 109
1764101880900 0.9824055731296539 110
1764101889262 1.1637511849403381 111
1764101897645 1.1198461055755615 112
1764101906057 1.1977661848068237 113
1764101914429 1.2143425643444061 114
1764101922809 1.146608829498291 115
1764101931183 1.110603392124176 116
1764101939611 1.0376551151275635 117
1764101948013 1.1362636983394623 118
1764101956390 1.1560085117816925 119
1764101964778 1.1290504932403564 120
1764101973131 0.8776488900184631 121
1764101981538 0.9166866540908813 122
1764101989910 1.0553444623947144 123
1764101998294 1.2568261623382568 124
1764102006673 1.1489593982696533 125
1764102015149 1.1593466401100159 126
1764102023512 1.1217781603336334 127
1764102031903 1.0089864134788513 128
1764102040290 1.1041128039360046 129
1764102048676 0.9704394191503525 130
1764102057190 1.1142925471067429 131
1764102065543 1.2255207002162933 132
1764102074050 1.176128089427948 133
1764102082445 1.05582195520401 134
1764102090812 1.1140771806240082 135
1764102099204 1.1792502701282501 136
1764102107588 1.2476495504379272 137
1764102115955 1.100990653038025 138
1764102124312 1.0179917961359024 139
1764102132654 1.0603534579277039 140
1764102141046 1.1747905015945435 141
1764102149418 1.061804473400116 142
1764102157812 1.025240033864975 143
1764102166170 1.1848779320716858 144
1764102174532 1.203194111585617 145
1764102182917 1.0111442059278488 146
1764102191299 1.1040226519107819 147
1764102199659 1.0270192921161652 148
1764102208054 1.2347533851861954 149
1764102216431 1.0087779313325882 150
1764102224819 1.0816909074783325 151
1764102233212 1.0244047045707703 152
1764102241614 0.982778936624527 153
1764102250008 1.0432390868663788 154
1764102258394 1.0565690994262695 155
1764102266770 1.0250545740127563 156
1764102275167 1.1257276237010956 157
1764102283548 1.0482044219970703 158
1764102291981 1.1437315344810486 159
1764102300373 0.9885623902082443 160
1764102308772 1.053822934627533 161
1764102317153 1.1110107898712158 162
1764102325534 1.0768296718597412 163
1764102333931 1.1679876148700714 164
1764102342324 1.0915460288524628 165
1764102350721 1.134994626045227 166
1764102359091 1.1251875162124634 167
1764102367475 1.0293400287628174 168
1764102375891 1.0565921813249588 169
1764102384281 1.1599229872226715 170
1764102392686 1.1408097743988037 171
1764102401081 1.002209097146988 172
1764102409444 1.1954735219478607 173
1764102417862 1.0602684915065765 174
1764102426252 1.0923007726669312 175
1764102434648 1.0857626497745514 176
1764102443080 0.9955569058656693 177
1764102451454 1.0824804604053497 178
1764102459822 1.1275256127119064 179
1764102468204 1.0466951131820679 180
1764102476595 1.0651743412017822 181
1764102484940 1.0813604295253754 182
1764102493306 1.0778545439243317 183
1764102501674 1.0118151754140854 184
1764102510043 1.1435387134552002 185
1764102518573 1.037903070449829 186
1764102526972 1.068645641207695 187
1764102535367 1.0311394482851028 188
1764102543738 1.193982481956482 189
1764102552253 1.1177249550819397 190
1764102560649 1.0288954079151154 191
1764102569011 1.1107997596263885 192
1764102577544 1.0658899247646332 193
1764102585943 0.975176215171814 194
1764102594318 1.0154525935649872 195
1764102602704 1.1186626255512238 196
1764102611106 1.1794073581695557 197
1764102619503 0.9877792149782181 198
1764102627888 1.043721228837967 199
1764102636294 0.9847274571657181 200
1764102644688 1.102036476135254 201
1764102653060 0.992379441857338 202
1764102661428 0.9628084301948547 203
1764102669821 1.174208253622055 204
1764102678238 1.1392825841903687 205
1764102686634 1.1225363314151764 206
1764102695039 1.073879525065422 207
1764102703392 1.1043106019496918 208
1764102711786 1.0366058051586151 209
1764102720164 1.0379469096660614 210
1764102728493 1.0999961495399475 211
1764102736899 1.0372481793165207 212
1764102745297 1.0117235481739044 213
1764102753690 0.8466377109289169 214
1764102762091 1.1217249035835266 215
1764102770477 1.12112358212471 216
1764102778858 0.9768778085708618 217
1764102787242 0.9419156759977341 218
1764102795606 1.0642648339271545 219
1764102804034 1.006011962890625 220
1764102812420 1.0950508266687393 221
1764102820790 1.0099971890449524 222
1764102829178 0.9771797060966492 223
1764102837562 1.076749712228775 224
1764102845942 1.034167155623436 225
1764102854332 0.9918619692325592 226
1764102862696 1.0566652119159698 227
1764102871218 1.0972516685724258 228
1764102879602 1.0695223361253738 229
1764102887979 1.1083824038505554 230
1764102896342 1.0930310785770416 231
1764102904832 1.09710331261158 232
1764102913211 0.95478655397892 233
1764102921582 1.0180283188819885 234
1764102930108 1.1443659365177155 235
1764102938524 1.0941226184368134 236
1764102946889 1.1098340153694153 237
1764102955278 1.1262111365795135 238
1764102963639 1.1029157638549805 239
1764102972023 1.1045633256435394 240
1764102980401 1.1129454225301743 241
1764102988813 1.0192517042160034 242
1764102997243 1.1810466945171356 243
1764103005613 1.0763723254203796 244
1764103014005 1.0521200895309448 245
1764103022354 1.0819708108901978 246
1764103030713 1.0388285219669342 247
1764103039135 1.0810488164424896 248
1764103047494 1.0060478448867798 249
1764103055871 1.1487833559513092 250
1764103064276 1.0740847140550613 251
1764103072641 1.0389878451824188 252
1764103081090 1.0626601874828339 253
1764103089489 1.0131106674671173 254
1764103097869 1.0282327234745026 255
1764103106269 1.1458599865436554 256
1764103114670 1.0660747736692429 257
1764103123041 1.1471374034881592 258
1764103131429 1.0766667425632477 259
1764103139782 1.0657159090042114 260
1764103148183 1.0624323785305023 261
1764103156693 0.9943122565746307 262
1764103165099 1.0128355622291565 263
1764103173456 1.2270684838294983 264
1764103181977 1.119088053703308 265
1764103190336 1.0701859593391418 266
1764103198729 1.0460250675678253 267
1764103207247 1.0753673315048218 268
1764103215633 1.0352450162172318 269
1764103224049 0.9455716162919998 270
1764103232434 1.1656985878944397 271
1764103240815 1.0551106929779053 272
1764103249157 1.0482235550880432 273
1764103257524 0.9615622311830521 274
1764103265888 0.9861804693937302 275
1764103274247 1.1404605209827423 276
1764103282628 1.0589611679315567 277
1764103291029 0.9913511574268341 278
1764103299405 1.1208768486976624 279
1764103307775 1.1020690202713013 280
1764103316139 1.0098665803670883 281
1764103324517 1.0253856033086777 282
1764103332875 0.9580392390489578 283
1764103341295 1.0544707030057907 284
1764103349649 1.0146544277668 285
1764103358019 0.9751662462949753 286
1764103366430 0.9413204938173294 287
1764103374843 1.0075042992830276 288
1764103383234 1.1154194474220276 289
1764103391602 1.1210771799087524 290
1764103399986 1.0999469757080078 291
1764103408356 1.0291933715343475 292
1764103416745 1.0753833651542664 293
1764103425111 1.0953286290168762 294
1764103433506 1.1066852807998657 295
1764103441906 0.9789232611656189 296
1764103450277 1.004457876086235 297
1764103458643 1.0048438608646393 298
1764103467050 0.9605859071016312 299
1764103475443 1.0208190828561783 300
1764103483799 1.0424347668886185 301
1764103492175 0.9381657093763351 302
1764103500571 1.085291862487793 303
1764103508988 0.9799003750085831 304
1764103517420 1.1204395443201065 305
1764103525791 1.0216779559850693 306
1764103534174 1.0239083617925644 307
1764103542572 1.0427424609661102 308
1764103550942 1.0747786462306976 309
1764103559311 1.0067637264728546 310
1764103567679 0.9723430126905441 311
1764103576068 1.0660491287708282 312
1764103640609 0.9801600724458694 314
1764103648978 0.9487189799547195 315
1764103657363 0.9964339435100555 316
1764103665755 1.017407774925232 317
1764103674151 0.9165734499692917 318
1764103682576 0.8047114908695221 319
1764103690974 0.9556857943534851 320
1764103699386 1.0018988251686096 321
1764103707790 1.033857136964798 322
1764103716188 1.0639572590589523 323
1764103724631 1.0376541316509247 324
1764103733044 0.9279049038887024 325
1764103741476 0.9570746719837189 326
1764103749923 0.8980759084224701 327
1764103758343 1.0260664820671082 328
1764103766934 1.0806310027837753 329
1764103775352 1.113466888666153 330
1764103783773 0.9528197199106216 331
1764103792173 0.8943770527839661 332
1764103800595 0.9698804914951324 333
1764103808995 1.0466240346431732 334
1764103817419 1.0312986373901367 335
1764103825835 1.002686232328415 336
1764103834272 1.0762875974178314 337
1764103842653 1.1139175295829773 338
1764103851059 0.9626036882400513 339
1764103859487 0.9312987625598907 340
1764103867882 0.9269517511129379 341
1764103876276 1.0944100320339203 342
1764103884652 0.99172542989254 343
1764103893050 1.007974922657013 344
1764103901607 1.0165833979845047 345
1764103909975 0.9829644858837128 346
1764103918347 1.0659854710102081 347
1764103926974 1.013944923877716 348
1764103935364 1.026886224746704 349
1764103943757 0.9443925023078918 350
1764103952156 0.9873993396759033 351
1764103960575 1.0376709699630737 352
1764103968990 1.0037086606025696 353
1764103977396 0.9211421310901642 354
1764103985818 1.0300892144441605 355
1764103994211 0.9589039385318756 356
1764104002610 0.9325793981552124 357
1764104011006 0.962760865688324 358
1764104019429 1.0006089806556702 359
1764104027837 0.8913383483886719 360
1764104036213 0.8710871189832687 361
1764104044649 1.0109112113714218 362
1764104053040 0.9541646093130112 363
1764104061464 1.0155141204595566 364
1764104069862 1.1308702528476715 365
1764104078250 0.9604321122169495 366
1764104086655 0.9875664561986923 367
1764104095071 0.954829752445221 368
1764104103470 0.9245564639568329 369
1764104111850 1.0399962663650513 370
1764104120231 0.9858984351158142 371
1764104128637 1.0598173439502716 372
1764104137020 1.1092132925987244 373
1764104145400 1.0948595106601715 374
1764104153798 0.8934802860021591 375
1764104162220 0.8153491020202637 376
1764104170625 1.0236955434083939 377
1764104179007 0.967192992568016 378
1764104187384 0.9065756946802139 379
1764104195760 0.9218299984931946 380
1764104204137 0.9632387012243271 381
1764104212558 0.8411092907190323 382
1764104220957 1.0581056624650955 383
1764104229336 0.9623261839151382 384
1764104237736 0.9030588865280151 385
1764104246135 1.007419928908348 386
1764104254646 0.9653365164995193 387
1764104263011 0.9476755708456039 388
1764104271407 1.0889073610305786 389
1764104279939 1.059563308954239 390
1764104288300 1.0429567247629166 391
1764104296710 0.8662581294775009 392
1764104305110 0.9637875556945801 393
1764104313496 0.9064487516880035 394
1764104321859 1.0053582787513733 395
1764104330248 0.9696625024080276 396
1764104338622 1.0624874234199524 397
1764104347038 0.8822377473115921 398
1764104355431 0.8377898633480072 399
1764104363848 1.0812759697437286 400
1764104372226 0.9716290235519409 401
1764104380560 0.9448120594024658 402
1764104388939 0.9493052363395691 403
1764104397310 1.0416321754455566 404
1764104405673 0.8557563871145248 405
1764104414055 0.9270627945661545 406
1764104422445 0.9240671098232269 407
1764104430847 0.941511407494545 408
1764104439226 0.8996915519237518 409
1764104447628 1.0219627916812897 410
1764104456030 0.8997439295053482 411
1764104464403 0.9516321271657944 412
1764104472805 1.0244273841381073 413
1764104481181 1.0391528010368347 414
1764104489539 0.9214405715465546 415
1764104497938 0.9566750675439835 416
1764104506352 1.117260366678238 417
1764104514726 1.0613752901554108 418
1764104523101 0.9615898430347443 419
1764104531607 1.044700339436531 420
1764104540000 0.8951070606708527 421
1764104548362 0.9656970500946045 422
1764104556891 0.937431663274765 423
1764104565250 1.0525040924549103 424
1764104573639 0.9471080899238586 425
1764104582034 0.8598781824111938 426
1764104590459 0.9579369425773621 427
1764104598804 0.8872221112251282 428
1764104607208 0.9481987208127975 429
1764104615629 0.8028912246227264 430
1764104624003 0.9562139064073563 431
1764104632397 0.8715164065361023 432
1764104640884 0.9772274196147919 433
1764104649240 1.0757089257240295 434
1764104657614 1.00091452896595 435
1764104665984 1.0349410027265549 436
1764104674368 1.100480705499649 437
1764104682733 0.9341448545455933 438
1764104691121 0.912941187620163 439
1764104699508 0.9158688485622406 440
1764104707855 0.9176558256149292 441
1764104716243 0.8916530460119247 442
1764104724629 0.8321535587310791 443
1764104733004 0.8864193558692932 444
1764104741378 0.8792508542537689 445
1764104749740 0.9883722960948944 446
1764104758090 0.7880796194076538 447
1764104766483 0.8998669385910034 448
1764104774843 1.0125147700309753 449
1764104783210 0.944132074713707 450
1764104791559 1.011557176709175 451
1764104799953 0.9769606739282608 452
1764104808333 1.0217104405164719 453
1764104816761 0.9903112947940826 454
1764104825164 0.915436178445816 455
1764104833575 0.9473495036363602 456
1764104841951 1.0285208821296692 457
1764104850333 0.9518157541751862 458
1764104858709 0.9167281985282898 459
1764104867077 0.9672592133283615 460
1764104875468 0.9519537389278412 461
1764104883900 1.061679631471634 462
1764104892243 0.9543088972568512 463
1764104900627 0.8979032635688782 464
1764104909040 0.9078532159328461 465
1764104917443 0.984875351190567 466
1764104925840 1.036581888794899 467
1764104934232 0.7592353224754333 468
1764104942601 0.9460167288780212 469
1764104950971 0.9561512917280197 470
1764104959374 0.9017933011054993 471
1764104967782 0.9188300967216492 472
1764104976157 0.9190330356359482 473
1764104984570 1.02736234664917 474
1764104992951 1.0293793380260468 475
1764105001308 1.0703438818454742 476
1764105009688 0.9910030961036682 477
1764105018074 1.1690455079078674 478
1764105026428 0.9150686264038086 479
1764105034810 0.9397411197423935 480
1764105043221 1.0617511421442032 481
1764105051622 0.9436448216438293 482
1764105059982 0.9955097883939743 483
1764105068350 0.8805245012044907 484
1764105076713 0.9843409210443497 485
1764105085127 0.9149585068225861 486
1764105093529 0.9096351116895676 487
1764105101922 0.9298924058675766 488
1764105110308 0.9738831520080566 489
1764105118723 0.9867901653051376 490
1764105127098 1.001849815249443 491
1764105135488 1.0403371304273605 492
1764105143994 0.8852728754281998 493
1764105152375 0.9958623200654984 494
1764105160748 0.874324768781662 495
1764105169139 0.8734539747238159 496
1764105177506 1.0097056478261948 497
1764105185916 0.9164591282606125 498
1764105194318 0.9021399617195129 499
1764105202679 1.0153907239437103 500
1764105211074 0.946792870759964 501
1764105219436 0.985499233007431 502
1764105227831 1.027365505695343 503
1764105236218 0.948115885257721 504
1764105244617 0.8353271782398224 505
1764105253044 0.9288053214550018 506
1764105261452 1.0233696699142456 507
1764105269839 1.084111601114273 508
1764105278222 0.8971030712127686 509
1764105286640 0.8636030405759811 510
1764105295021 0.9388812482357025 511
1764105303424 1.0347301959991455 512
1764105311820 0.9557196497917175 513
1764105320177 0.9777025878429413 514
1764105328577 0.9325174540281296 515
1764105336956 1.0781385004520416 516
1764105345349 0.9385813474655151 517
1764105353724 0.9349108636379242 518
1764105362115 0.947578102350235 519
1764105370490 0.9307467192411423 520
1764105378872 0.9890004992485046 521
1764105387238 1.0071327686309814 522
1764105395628 0.9467531889677048 523
1764105404162 0.9136508703231812 524
1764105412530 0.9056198447942734 525
1764105420920 1.0357994139194489 526
1764105429268 1.0757445394992828 527
1764105437831 0.9665724784135818 528
1764105446223 0.943115159869194 529
1764105454591 1.0655833780765533 530
1764105462959 0.8977110236883163 531
1764105471309 1.0077548027038574 532
1764105479691 1.0510642677545547 533
1764105488079 0.8986514508724213 534
1764105496609 0.8021226078271866 535
1764105505005 1.106481283903122 536
1764105513387 0.8889387547969818 537
1764105521761 0.9887048453092575 538
1764105530154 0.9227220714092255 539
1764105538532 0.9899708926677704 540
1764105546902 0.880654826760292 541
1764105555353 0.9439062476158142 542
1764105563713 0.9909435510635376 543
1764105572066 1.0117801874876022 544
1764105580438 0.9737920165061951 545
1764105588816 0.9254624098539352 546
1764105597199 0.9470376223325729 547
1764105605578 0.9624435305595398 548
1764105613951 0.8160474002361298 549
1764105622348 0.8825663328170776 550
1764105630717 0.8783318996429443 551
1764105639070 0.9572603553533554 552
1764105647451 0.970817893743515 553
1764105655823 0.9954421073198318 554
1764105664184 0.8744130879640579 555
1764105672548 0.9538880735635757 556
1764105680959 0.9125818014144897 557
1764105689347 0.920891523361206 558
1764105697720 1.0308493077754974 559
1764105706090 0.9227139353752136 560
1764105714456 1.022800475358963 561
1764105722838 0.9411329627037048 562
1764105731201 0.8748140931129456 563
1764105739587 0.7756876051425934 564
1764105748000 0.8955026417970657 565
1764105756440 0.9626820683479309 566
1764105764821 0.8108963221311569 567
1764105773323 1.0378888547420502 568
1764105781731 0.9017290472984314 569
1764105790131 0.8756785988807678 570
1764105798504 0.9266865849494934 571
1764105806882 0.9445112943649292 572
1764105815257 0.8594482839107513 573
1764105823664 0.9327123612165451 574
1764105832107 1.1048872768878937 575
1764105840503 0.945562869310379 576
1764105848878 0.9313944876194 577
1764105857266 1.0359824895858765 578
1764105865650 0.9101784229278564 579
1764105874015 0.9773689955472946 580
1764105882383 0.8949357569217682 581
1764105890881 1.0896487832069397 582
1764105899279 0.8198199421167374 583
1764105907677 0.8894712179899216 584
1764105916112 0.9024122804403305 585
1764105924514 1.001296579837799 586
1764105932890 0.8927202522754669 587
1764105941446 0.9229748845100403 588
1764105949817 0.8438459932804108 589
1764105958224 0.9262574017047882 590
1764105966607 0.9707391411066055 591
1764105975011 0.8834477663040161 592
1764105983375 0.9928683936595917 593
1764105991775 0.8190922439098358 594
1764106000185 0.8779980391263962 595
1764106008566 0.8666283488273621 596
1764106016952 0.9024003148078918 597
1764106025311 0.9256689697504044 598
1764106033674 0.9083774983882904 599
1764106042065 0.9682691395282745 600
1764106050484 0.8758703023195267 601
1764106058853 0.9217912256717682 602
1764106067270 0.9151756316423416 603
1764106075650 0.9875632673501968 604
1764106084020 0.9254859834909439 605
1764106092416 0.8372281938791275 606
1764106100807 0.8469223976135254 607
1764106109194 0.9990673363208771 608
1764106117553 0.9565825760364532 609
1764106125950 0.942020982503891 610
1764106134340 0.9328723698854446 611
1764106142692 0.9597572684288025 612
1764106151053 0.9290209710597992 613
1764106159456 0.986977219581604 614
1764106167818 1.0058422684669495 615
1764106176189 0.8672410845756531 616
1764106184559 1.044026717543602 617
1764106192929 1.0093868523836136 618
1764106201352 0.9446460008621216 619
1764106209725 0.8330605924129486 620
1764106218099 0.8873931765556335 621
1764106226469 0.925224244594574 622
1764106234846 0.8164176046848297 623
1764106243331 0.8865024894475937 624
1764106251704 1.0306687951087952 625
1764106316267 0.9277120679616928 627
1764106324681 0.7914760708808899 628
1764106333215 0.7765448093414307 629
1764106341592 0.8437319993972778 630
1764106349943 0.9270996153354645 631
1764106358320 0.8212093412876129 632
1764106366714 0.9981703460216522 633
1764106375097 0.8692868649959564 634
1764106383485 0.9037875533103943 635
1764106391893 0.9141629040241241 636
1764106400339 0.9595328718423843 637
1764106408770 0.9490122497081757 638
1764106417196 0.917306587100029 639
1764106425977 0.9089338928461075 640
1764106434366 0.9037560969591141 641
1764106442741 0.8710692673921585 642
1764106451163 0.9243305027484894 643
1764106459605 0.8451320230960846 644
1764106468036 0.9483599215745926 645
1764106476448 0.9490224123001099 646
1764106484852 0.9456710815429688 647
1764106493230 0.9234352558851242 648
1764106501650 0.8353233486413956 649
1764106510029 0.8931884765625 650
1764106518411 0.9495451897382736 651
1764106526828 0.8355614840984344 652
1764106535249 0.8685434460639954 653
1764106543620 0.9085973501205444 654
1764106552039 0.872157096862793 655
1764106560400 0.9198165535926819 656
1764106568817 1.0312355309724808 657
1764106577239 0.8450778126716614 658
1764106585610 1.0787606835365295 659
1764106594013 0.7880293428897858 660
1764106602386 0.8463424295186996 661
1764106610793 0.924034982919693 662
1764106619174 0.9374307245016098 663
1764106627533 1.0136216282844543 664
1764106635928 0.8933134227991104 665
1764106644305 0.8756120800971985 666
1764106652720 0.8619630187749863 667
1764106661107 0.8049012720584869 668
1764106669471 0.8413139581680298 669
1764106677850 0.8673380017280579 670
1764106686236 0.9365309476852417 671
1764106694617 0.8498441129922867 672
1764106703017 0.8972699195146561 673
1764106711386 0.9497234225273132 674
1764106719757 0.8154208660125732 675
1764106728188 0.9963320195674896 676
1764106736610 0.9413532018661499 677
1764106744982 0.9882514327764511 678
1764106753357 0.9442607909440994 679
1764106761714 0.9094453155994415 680
1764106770134 0.8066745102405548 681
1764106778539 0.7846807986497879 682
1764106786908 0.9519452452659607 683
1764106795291 0.9488174319267273 684
1764106803696 0.9172806441783905 685
1764106812057 1.0059025138616562 686
1764106820456 0.9527027159929276 687
1764106828839 0.9378582239151001 688
1764106837224 0.8787176012992859 689
1764106845595 0.877823144197464 690
1764106854015 0.9078228771686554 691
1764106862383 0.8967309594154358 692
1764106870773 0.8134859949350357 693
1764106879154 0.8781099617481232 694
1764106887558 0.8473335206508636 695
1764106895923 0.9472972303628922 696
1764106904334 0.8609379678964615 697
1764106912693 1.0213279575109482 698
1764106921049 0.9885748326778412 699
1764106929411 0.8433013707399368 700
1764106937772 0.9910823255777359 701
1764106946157 0.8836470693349838 702
1764106954523 0.996682345867157 703
1764106962894 0.919491320848465 704
1764106971287 0.7906978577375412 705
1764106979658 0.8565679788589478 706
1764106988042 0.8466032892465591 707
1764106996442 0.8876536786556244 708
1764107004815 0.8686276376247406 709
1764107013233 0.81650809943676 710
1764107021609 0.8576809912919998 711
1764107029970 0.8960221111774445 712
1764107038362 0.7999698966741562 713
1764107046753 0.9587929248809814 714
1764107055134 0.95378777384758 715
1764107063579 0.9025232493877411 716
1764107071967 0.8790276050567627 717
1764107080347 1.053022339940071 718
1764107088720 0.9026393741369247 719
1764107097091 0.9112626016139984 720
1764107105478 0.8666132539510727 721
1764107113861 0.9362523257732391 722
1764107122200 0.9014247357845306 723
1764107130593 0.8415592759847641 724
1764107139115 0.8652046620845795 725
1764107147483 0.9225797206163406 726
1764107155865 0.959288015961647 727
1764107164239 0.9242392033338547 728
1764107172633 1.0711268186569214 729
1764107181011 0.9394724816083908 730
1764107189402 0.8665969222784042 731
1764107197810 0.8485651463270187 732
1764107206168 0.9766727089881897 733
1764107214677 0.8277653604745865 734
1764107223087 0.8389330953359604 735
1764107231479 0.9198070466518402 736
1764107239850 0.8014443814754486 737
1764107248218 0.8937104642391205 738
1764107256600 0.8716415762901306 739
1764107264986 0.8696828335523605 740
1764107273351 0.9822162091732025 741
1764107281727 1.122546061873436 742
1764107290130 0.8356568515300751 743
1764107298623 0.8371510654687881 744
1764107307052 0.8692871034145355 745
1764107315429 0.8459220081567764 746
1764107323795 0.933234304189682 747
1764107332168 0.8551973551511765 748
1764107340536 0.8606867641210556 749
1764107348928 0.8633016347885132 750
1764107357263 0.9186493754386902 751
1764107365622 0.9397173672914505 752
1764107374022 0.9029108881950378 753
1764107382403 0.9129897952079773 754
1764107390792 0.8647191077470779 755
1764107399177 0.8968592584133148 756
1764107407571 0.9277649819850922 757
1764107415961 0.905189573764801 758
1764107424350 0.860278457403183 759
1764107432743 1.0016645044088364 760
1764107441175 0.8758338242769241 761
1764107449565 0.9076447933912277 762
1764107457958 0.8830460011959076 763
1764107466334 0.8841111809015274 764
1764107474707 0.8993847370147705 765
1764107483133 0.9221296310424805 766
1764107491516 0.9277312904596329 767
1764107499875 0.9182913601398468 768
1764107508271 0.8931406736373901 769
1764107516717 1.0063847601413727 770
1764107525091 0.962070643901825 771
1764107533487 0.8366631418466568 772
1764107541848 0.8851737976074219 773
1764107550245 0.9282215386629105 774
1764107558653 0.787533313035965 775
1764107566993 0.9364272356033325 776
1764107575383 0.8455122262239456 777
1764107583752 0.8183454275131226 778
1764107592112 0.9960166811943054 779
1764107600528 0.8866935521364212 780
1764107608911 0.8309932053089142 781
1764107617286 0.8432746976613998 782
1764107625665 0.8900876194238663 783
1764107634173 0.9116792678833008 784
1764107642565 0.8541010767221451 785
1764107650947 0.710708498954773 786
1764107659340 0.8134565204381943 787
1764107667720 1.0206295549869537 788
1764107676089 0.8929453492164612 789
1764107684459 0.8776208460330963 790
1764107692837 0.8700631409883499 791
1764107701200 0.9166849851608276 792
1764107709609 0.8675205558538437 793
1764107718110 0.8938382118940353 794
1764107726482 0.9472229182720184 795
1764107734855 0.8968379944562912 796
1764107743254 0.9032035619020462 797
1764107751613 0.8306741416454315 798
1764107759972 0.9926614463329315 799
1764107768329 0.8786657005548477 800
1764107776710 0.9641503691673279 801
1764107785125 0.790409654378891 802
1764107793511 0.9455161392688751 803
1764107801998 0.9141342341899872 804
1764107810407 0.9423078000545502 805
1764107818788 0.9947889894247055 806
1764107827162 0.9984346628189087 807
1764107835542 0.9198388606309891 808
1764107843942 0.8547794967889786 809
1764107852324 0.9238306134939194 810
1764107860711 0.8591078072786331 811
1764107869082 0.8302738666534424 812
1764107877496 0.9087683409452438 813
1764107885879 0.9872365891933441 814
1764107894241 0.8978793025016785 815
1764107902632 0.9792366623878479 816
1764107910995 0.9145669937133789 817
1764107919409 0.9558619856834412 818
1764107927775 0.8839418292045593 819
1764107936120 0.8406744599342346 820
1764107944519 0.864118680357933 821
1764107952937 0.934896782040596 822
1764107961325 0.8028803020715714 823
1764107969727 0.8717772960662842 824
1764107978113 0.7807548493146896 825
1764107986612 0.9949120879173279 826
1764107995018 0.8782593160867691 827
1764108003396 0.9646211862564087 828
1764108011789 0.9416345953941345 829
1764108020164 0.8333032131195068 830
1764108028527 0.9008761495351791 831
1764108036987 0.8075502216815948 832
1764108045385 0.8420394659042358 833
1764108053756 0.843102216720581 834
1764108062108 0.8360656350851059 835
1764108070635 0.7763685882091522 836
1764108079061 0.9776491820812225 837
1764108087452 1.0360495001077652 838
1764108095831 0.7868677377700806 839
1764108104220 0.9931691735982895 840
1764108112599 0.8973700404167175 841
1764108121005 0.8087007403373718 842
1764108129389 0.9392101764678955 843
1764108137801 0.8314836323261261 844
1764108146167 0.9131692796945572 845
1764108154696 0.8218305706977844 846
1764108163074 0.8934655487537384 847
1764108171454 0.877880722284317 848
1764108179876 0.9166951179504395 849
1764108188260 0.8768511861562729 850
1764108196634 0.8828238993883133 851
1764108205005 0.8585756123065948 852
1764108213365 0.9806676805019379 853
1764108221809 0.8775534182786942 854
1764108230187 0.8775213807821274 855
1764108238568 0.8718167990446091 856
1764108246962 0.8502015322446823 857
1764108255407 0.8159095048904419 858
1764108263873 0.8003118485212326 859
1764108272259 0.8078888058662415 860
1764108280636 0.7529657334089279 861
1764108289028 0.8367354720830917 862
1764108297416 0.8846003711223602 863
1764108305800 0.8906424045562744 864
1764108314195 0.8858322948217392 865
1764108322596 0.9697695523500443 866
1764108330983 0.9286490976810455 867
1764108339383 0.8812099695205688 868
1764108347761 0.9083424657583237 869
1764108356298 0.8983867168426514 870
1764108364723 1.0084973573684692 871
1764108373112 0.9351584166288376 872
1764108381515 0.8202090263366699 873
1764108389901 0.90948186814785 874
1764108398307 0.87421715259552 875
1764108406701 0.8758746236562729 876
1764108415070 0.8358146101236343 877
1764108423440 0.9168187081813812 878
1764108431963 0.8490106463432312 879
1764108440357 0.885381743311882 880
1764108448754 1.0286019891500473 881
1764108457155 0.7966903448104858 882
1764108465577 0.9903655797243118 883
1764108473943 0.7906468957662582 884
1764108482344 0.8676186800003052 885
1764108490714 0.7520371824502945 886
1764108499096 1.0195052027702332 887
1764108507495 0.9228429198265076 888
1764108515892 0.9977485537528992 889
1764108524262 0.9455319195985794 890
1764108532656 0.8420742005109787 891
1764108541044 0.8561672270298004 892
1764108549444 0.8383693695068359 893
1764108557844 0.8036762624979019 894
1764108566216 0.8567806929349899 895
1764108574591 0.8043225705623627 896
1764108582987 0.8245135098695755 897
1764108591361 0.8686871528625488 898
1764108599797 0.8151181787252426 899
1764108608209 0.8685357868671417 900
1764108616590 0.9046975374221802 901
1764108624954 0.8825591951608658 902
1764108633334 0.7861060798168182 903
1764108641700 0.8074368536472321 904
1764108650070 0.9142364263534546 905
1764108658440 0.922593966126442 906
1764108666799 0.8949115723371506 907
1764108675199 1.0660387426614761 908
1764108683556 1.0218478292226791 909
1764108691936 0.9307624399662018 910
1764108700380 0.8450886458158493 911
1764108708758 0.9145005792379379 912
1764108717137 0.8733581006526947 913
1764108725510 0.7593115419149399 914
1764108733949 0.8169979006052017 915
1764108742329 0.8989195823669434 916
1764108750727 0.9777657985687256 917
1764108759134 0.7060854732990265 918
1764108767526 0.7947882264852524 919
1764108775924 0.8888317942619324 920
1764108784293 0.8887857794761658 921
1764108792679 1.076949343085289 922
1764108801080 0.7701319307088852 923
1764108809441 0.8967507779598236 924
1764108817834 1.0091064423322678 925
1764108826234 0.8478685170412064 926
1764108834619 0.9077828526496887 927
1764108843000 0.8679819852113724 928
1764108851376 0.8859671205282211 929
1764108859741 0.8207093775272369 930
1764108868127 0.8494758754968643 931
1764108876553 0.8851119577884674 932
1764108884952 0.8862666040658951 933
1764108893328 0.8502925485372543 934
1764108901730 0.8948048949241638 935
1764108910125 0.8714376091957092 936
1764108918539 0.858405813574791 937
1764108926934 0.9585168063640594 938
1764108991809 0.9114291816949844 940
1764109000183 0.9029556661844254 941
1764109008555 0.9506619572639465 942
1764109016912 0.8172181844711304 943
1764109025273 0.8592298924922943 944
1764109033682 0.8598538041114807 945
1764109042095 0.804979145526886 946
1764109050512 0.8777176737785339 947
1764109058933 0.8690574765205383 948
1764109067352 0.96108478307724 949
1764109075771 0.78642538189888 950
1764109084199 1.0628790706396103 951
1764109092751 0.8176459819078445 952
1764109101316 0.8197654187679291 953
1764109109707 0.9709459543228149 954
1764109118154 0.8770260810852051 955
1764109126545 0.7984825819730759 956
1764109134940 0.8655377328395844 957
1764109143524 0.8065338581800461 958
1764109151916 0.9874460399150848 959
1764109160333 0.8102636635303497 960
1764109168720 0.9612146317958832 961
1764109177139 0.9131399989128113 962
1764109185553 0.9805459827184677 963
1764109193964 0.8294326215982437 964
1764109202342 1.0041848868131638 965
1764109210715 0.8066177368164062 966
1764109219091 0.92709781229496 967
1764109227506 0.9574338793754578 968
1764109235915 0.7735470831394196 969
1764109244320 0.8587620705366135 970
1764109252735 0.8333570957183838 971
1764109261121 0.7669063955545425 972
1764109269520 0.9080268442630768 973
1764109277939 0.8595340549945831 974
1764109286334 0.7949617207050323 975
1764109294714 0.8084682673215866 976
1764109303145 0.8657988607883453 977
1764109311531 0.8512081950902939 978
1764109319910 0.8543873876333237 979
1764109328310 0.8905330300331116 980
1764109336687 0.860917329788208 981
1764109345080 0.7052099704742432 982
1764109353441 0.9152997136116028 983
1764109361839 0.8263068050146103 984
1764109370215 0.8946447223424911 985
1764109378632 0.7244068384170532 986
1764109387058 0.8315237164497375 987
1764109395443 0.9671975076198578 988
1764109403848 0.9226387739181519 989
1764109412236 0.8561229109764099 990
1764109420616 0.9085610657930374 991
1764109429037 0.7835922092199326 992
1764109437433 0.7797340452671051 993
1764109445941 0.8831326812505722 994
1764109454292 0.8327624797821045 995
1764109462667 0.6991702169179916 996
1764109471056 0.9719676822423935 997
1764109479426 0.7969646602869034 998
1764109487835 0.8481892198324203 999
1764109496412 0.9557706117630005 1000
1764109504806 0.9405447840690613 1001
1764109513193 0.9075974375009537 1002
1764109521578 0.8349829316139221 1003
1764109529957 0.9058694839477539 1004
1764109538315 0.8334357291460037 1005
1764109546719 0.9317227602005005 1006
1764109555146 0.8885767906904221 1007
1764109563521 0.8105197846889496 1008
1764109571891 0.6894699782133102 1009
1764109580264 0.8159026056528091 1010
1764109588637 0.8493302166461945 1011
1764109597056 0.8825366199016571 1012
1764109605454 1.0174964517354965 1013
1764109613855 0.9401292651891708 1014
1764109622265 0.9679943472146988 1015
1764109630668 0.8256862908601761 1016
1764109639031 0.8242807686328888 1017
1764109647445 0.8572393357753754 1018
1764109655852 0.7536792606115341 1019
1764109664236 0.8544909507036209 1020
1764109672645 0.9611951410770416 1021
1764109681030 0.9028784334659576 1022
1764109689414 0.8844997435808182 1023
1764109697806 0.8680650293827057 1024
1764109706212 0.8325635641813278 1025
1764109714607 0.8558588027954102 1026
1764109723005 0.8954982310533524 1027
1764109731489 0.8066718652844429 1028
1764109739877 0.8531228303909302 1029
1764109748248 0.8661963045597076 1030
1764109756641 0.7781099826097488 1031
1764109765044 0.9973221272230148 1032
1764109773433 0.8624800145626068 1033
1764109781944 0.8767258822917938 1034
1764109790312 0.8284589350223541 1035
1764109798681 0.7563748955726624 1036
1764109807043 0.8568489253520966 1037
1764109815431 0.858679860830307 1038
1764109823827 0.8427890986204147 1039
1764109832211 0.929751843214035 1040
1764109840572 1.0241608917713165 1041
1764109848956 0.7959319800138474 1042
1764109857346 0.9541994035243988 1043
1764109865693 0.8459368646144867 1044
1764109874083 0.8756211996078491 1045
1764109882455 0.8111850023269653 1046
1764109890848 0.8208683878183365 1047
1764109899249 0.7383430004119873 1048
1764109907596 0.7513720840215683 1049
1764109915965 0.898159995675087 1050
1764109924353 0.898466557264328 1051
1764109932747 0.7946967035531998 1052
1764109941131 0.7958735227584839 1053
1764109949503 0.8117957711219788 1054
1764109957860 0.9214866906404495 1055
1764109966354 0.7862877994775772 1056
1764109974723 0.8120397329330444 1057
1764109983089 0.850409984588623 1058
1764109991465 0.8126443028450012 1059
1764109999827 0.9583041816949844 1060
1764110008241 0.9524368494749069 1061
1764110016636 0.8875544965267181 1062
1764110025061 0.9478923082351685 1063
1764110033442 0.8882379680871964 1064
1764110041792 0.9163990169763565 1065
1764110050156 1.0227554440498352 1066
1764110058529 0.8008704632520676 1067
1764110066913 0.9059943109750748 1068
1764110075299 0.8622785806655884 1069
1764110083781 0.8171683251857758 1070
1764110092179 0.8931397795677185 1071
1764110100540 0.8646635115146637 1072
1764110108908 0.7815647572278976 1073
1764110117310 0.8221481889486313 1074
1764110125664 0.8896099030971527 1075
1764110134063 0.8222801238298416 1076
1764110142421 0.8462146669626236 1077
1764110150830 0.9446209520101547 1078
1764110159196 0.882147952914238 1079
1764110167570 0.8845419138669968 1080
1764110175947 0.8627074360847473 1081
1764110184325 0.8288460671901703 1082
1764110192694 0.6925396770238876 1083
1764110201082 0.8491083979606628 1084
1764110209458 0.9614543318748474 1085
1764110217823 0.8532883673906326 1086
1764110226231 0.8597666472196579 1087
1764110234681 0.8343484848737717 1088
1764110243072 0.8100065141916275 1089
1764110251445 0.7853032350540161 1090
1764110259818 0.803862676024437 1091
1764110268234 0.9102247506380081 1092
1764110276606 0.8296292871236801 1093
1764110284970 0.8813514858484268 1094
1764110293342 0.8062126487493515 1095
1764110301726 0.8751018792390823 1096
1764110310135 0.8285311758518219 1097
1764110318554 0.772632509469986 1098
1764110326919 0.8694256544113159 1099
1764110335281 0.9680566042661667 1100
1764110343697 0.8014660328626633 1101
1764110352076 0.8832674622535706 1102
1764110360477 0.8785304129123688 1103
1764110368863 0.8617607802152634 1104
1764110377293 0.8966377973556519 1105
1764110385716 0.886767253279686 1106
1764110394098 0.9073369204998016 1107
1764110402518 0.8538284599781036 1108
1764110410877 0.8981863260269165 1109
1764110419245 0.9800167381763458 1110
1764110427626 0.7449705898761749 1111
1764110436047 0.6946493238210678 1112
1764110444427 0.7687647342681885 1113
1764110452818 0.7759425193071365 1114
1764110461202 0.8748176395893097 1115
1764110469728 0.8110526651144028 1116
1764110478115 0.7733915746212006 1117
1764110486502 0.8564739376306534 1118
1764110494872 0.789332240819931 1119
1764110503243 0.8436917960643768 1120
1764110511650 0.9289356470108032 1121
1764110520074 0.7669507265090942 1122
1764110528435 0.8181742280721664 1123
1764110536847 0.8792733997106552 1124
1764110545200 0.8174300342798233 1125
1764110553587 0.7589469477534294 1126
1764110561958 0.8870332837104797 1127
1764110570334 0.8696047365665436 1128
1764110578703 0.8686719685792923 1129
1764110587070 0.8625581413507462 1130
1764110595572 0.878099337220192 1131
1764110603959 0.896858811378479 1132
1764110612370 0.8866340070962906 1133
1764110620749 0.7917138338088989 1134
1764110629134 0.7790750712156296 1135
1764110637515 0.8211506456136703 1136
1764110645906 0.8677754551172256 1137
1764110654329 0.9747167080640793 1138
1764110662834 0.8805042952299118 1139
1764110671206 0.8301181048154831 1140
1764110679579 0.8625410497188568 1141
1764110687969 0.8916314542293549 1142
1764110696350 0.772469624876976 1143
1764110704761 0.6939136683940887 1144
1764110713143 0.8110399395227432 1145
1764110721524 0.8464978337287903 1146
1764110729893 0.8946459144353867 1147
1764110738307 0.8028574734926224 1148
1764110746730 0.9201571941375732 1149
1764110755071 0.7439739555120468 1150
1764110763440 0.7771134376525879 1151
1764110771834 0.91655233502388 1152
1764110780210 0.9189645946025848 1153
1764110788606 0.9438593089580536 1154
1764110796966 0.9314929693937302 1155
1764110805394 0.766572892665863 1156
1764110813804 0.8953778296709061 1157
1764110822335 0.7876100540161133 1158
1764110830740 0.7512260675430298 1159
1764110839126 0.9415816962718964 1160
1764110847520 0.9001223742961884 1161
1764110855952 0.9856502264738083 1162
1764110864346 1.0033331215381622 1163
1764110872722 0.7779820263385773 1164
1764110881102 0.8516930043697357 1165
1764110889452 0.8394435793161392 1166
1764110897844 0.9428830444812775 1167
1764110906247 0.8621440082788467 1168
1764110914648 0.7870946526527405 1169
1764110923003 0.8661109358072281 1170
1764110931391 0.8382338881492615 1171
1764110939780 0.8077814877033234 1172
1764110948164 0.8383258283138275 1173
1764110956545 0.7717141211032867 1174
1764110964895 0.8803550601005554 1175
1764110973309 0.8709611743688583 1176
1764110981695 0.9408527761697769 1177
1764110990072 0.7925432920455933 1178
1764110998456 0.9513305425643921 1179
1764111006913 0.9340983182191849 1180
1764111015279 0.7812469154596329 1181
1764111023669 0.8487093895673752 1182
1764111032031 0.8432668894529343 1183
1764111040424 0.7437884360551834 1184
1764111048850 0.8844214379787445 1185
1764111057242 0.8851305991411209 1186
1764111065634 0.8607640266418457 1187
1764111074043 0.9817486703395844 1188
1764111082421 0.7917846739292145 1189
1764111090928 0.884898230433464 1190
1764111099287 0.8572165071964264 1191
1764111107790 0.7892724871635437 1192
1764111116184 0.8368208706378937 1193
1764111124551 0.8854663819074631 1194
1764111132948 0.8902506679296494 1195
1764111141330 0.9089532196521759 1196
1764111149714 0.8729099035263062 1197
1764111158085 0.7970947176218033 1198
1764111166643 0.8649626970291138 1199
1764111175027 0.823381632566452 1200
1764111183413 0.9035959839820862 1201
1764111191798 0.7624471485614777 1202
1764111200196 0.8521774113178253 1203
1764111208602 0.9079519063234329 1204
1764111216988 0.8149517923593521 1205
1764111225351 0.8243850022554398 1206
1764111233786 0.8281538784503937 1207
1764111242167 0.8125734627246857 1208
1764111250577 0.7858503311872482 1209
1764111258955 0.8605711162090302 1210
1764111267372 0.7134093046188354 1211
1764111275753 0.8903681635856628 1212
1764111284138 0.8911517113447189 1213
1764111292558 0.7627459764480591 1214
1764111300974 0.9209097474813461 1215
1764111309366 0.7895854413509369 1216
1764111317732 0.805727019906044 1217
1764111326115 0.804099053144455 1218
1764111334481 0.8352065980434418 1219
1764111342841 0.7531412988901138 1220
1764111351211 0.831171452999115 1221
1764111359552 0.8250773549079895 1222
1764111367947 0.8443830013275146 1223
1764111376338 0.8519696295261383 1224
1764111384736 0.9473429620265961 1225
1764111393101 0.8212871998548508 1226
1764111401475 0.8737208396196365 1227
1764111409854 0.9551957845687866 1228
1764111418260 0.8799871504306793 1229
1764111426639 0.8380710035562515 1230
1764111435011 0.7566166967153549 1231
1764111443510 0.8913047909736633 1232
1764111451915 0.934510663151741 1233
1764111460268 0.8862717002630234 1234
1764111468652 0.8866105377674103 1235
1764111477032 0.852606400847435 1236
1764111485418 0.8057747781276703 1237
1764111493799 0.8501804918050766 1238
1764111502169 0.9446596801280975 1239
1764111510534 0.9189652651548386 1240
1764111519063 0.890421912074089 1241
1764111527441 0.8592532724142075 1242
1764111535809 0.8655787110328674 1243
1764111544192 0.8560870438814163 1244
1764111552567 0.8849097341299057 1245
1764111560938 0.862779900431633 1246
1764111569318 0.854833647608757 1247
1764111577677 0.9082400053739548 1248
1764111586045 0.886483296751976 1249
1764111594413 0.7988896667957306 1250
1764111602791 0.7293515354394913 1251
1764111671196 0.8666975647211075 1253
1764111679560 0.7913050055503845 1254
1764111687920 0.8415791839361191 1255
1764111696264 0.8773089200258255 1256
1764111704610 0.8137582242488861 1257
1764111712988 0.8853058218955994 1258
1764111721356 0.7779599130153656 1259
1764111729736 0.9269101321697235 1260
1764111738098 0.8589940667152405 1261
1764111746512 0.9423676431179047 1262
1764111754884 0.9126230329275131 1263
1764111763248 0.8513112366199493 1264
1764111771822 0.7912410944700241 1265
1764111780240 0.9266097694635391 1266
1764111788640 0.7804016768932343 1267
1764111797068 0.8576009571552277 1268
1764111805473 0.8184859752655029 1269
1764111813894 0.8448260724544525 1270
1764111822281 0.9097730219364166 1271
1764111830711 0.9232365936040878 1272
1764111839094 0.7801174223423004 1273
1764111847504 1.028446152806282 1274
1764111855893 0.8852526545524597 1275
1764111864287 0.8435000032186508 1276
1764111872673 0.9241155534982681 1277
1764111881042 0.8829749673604965 1278
1764111889456 0.9096775352954865 1279
1764111897819 0.8259370028972626 1280
1764111906262 0.8520289659500122 1281
1764111914670 0.7957343757152557 1282
1764111923060 0.8456128686666489 1283
1764111931476 0.9051590710878372 1284
1764111939926 0.8868350684642792 1285
1764111948332 0.8639839738607407 1286
1764111956761 0.9215494245290756 1287
1764111965196 0.9003625214099884 1288
1764111973596 0.8231590241193771 1289
1764111982013 0.8698917627334595 1290
1764111990399 0.9295834600925446 1291
1764111998941 0.9278644323348999 1292
1764112007371 0.6471815854310989 1293
1764112015736 0.951775074005127 1294
1764112024121 0.8285857737064362 1295
1764112032501 0.8746190220117569 1296
1764112040927 0.9876698702573776 1297
1764112049294 0.969394639134407 1298
1764112057664 0.9946774840354919 1299
1764112066042 0.9076002985239029 1300
1764112074466 0.8947709500789642 1301
1764112082889 0.8855563998222351 1302
1764112091283 0.8856865465641022 1303
1764112099682 0.8246411681175232 1304
1764112108063 0.8587117195129395 1305
1764112116441 0.8581525236368179 1306
1764112124846 0.9326334744691849 1307
1764112133211 0.8724518418312073 1308
1764112141570 0.9010176360607147 1309
1764112149936 0.86152184009552 1310
1764112158355 0.7906509935855865 1311
1764112166775 0.8805725127458572 1312
1764112175153 0.9412758499383926 1313
1764112183545 0.8370650857686996 1314
1764112191925 0.8117038756608963 1315
1764112200319 0.8041929304599762 1316
1764112208701 0.8158409297466278 1317
1764112217139 0.8694858402013779 1318
1764112225532 0.7992506772279739 1319
1764112233923 0.8624829202890396 1320
1764112242305 0.8280006498098373 1321
1764112250865 0.7532919496297836 1322
1764112259234 0.8099835813045502 1323
1764112267621 0.898592010140419 1324
1764112275968 0.8260845094919205 1325
1764112284353 0.8164806216955185 1326
1764112292743 0.8108945935964584 1327
1764112301099 0.8140467256307602 1328
1764112309478 0.7527639716863632 1329
1764112317844 0.8975460678339005 1330
1764112326212 0.7198308557271957 1331
1764112334576 0.9035205841064453 1332
1764112342997 0.8147545456886292 1333
1764112351394 0.9122384786605835 1334
1764112359771 0.898100882768631 1335
1764112368180 0.8293843269348145 1336
1764112376555 0.7822141051292419 1337
1764112384948 1.0276009738445282 1338
1764112393346 0.808222234249115 1339
1764112401731 0.7830535769462585 1340
1764112410109 0.8846407234668732 1341
1764112418515 0.7642124742269516 1342
1764112426880 0.8407596349716187 1343
1764112435261 0.9386364668607712 1344
1764112443677 0.8124234676361084 1345
1764112452033 0.8187887072563171 1346
1764112460419 0.8459226042032242 1347
1764112468811 0.797302171587944 1348
1764112477192 0.9013417810201645 1349
1764112485565 0.9084869772195816 1350
1764112494078 0.9021476060152054 1351
1764112502481 0.8354293256998062 1352
1764112510886 0.9477187693119049 1353
1764112519227 0.8371486216783524 1354
1764112527580 0.8927569836378098 1355
1764112535948 0.8146139234304428 1356
1764112544333 0.9434738904237747 1357
1764112552698 1.0248150378465652 1358
1764112561070 0.8058340698480606 1359
1764112569455 0.8328155875205994 1360
1764112577852 0.8430944830179214 1361
1764112586209 0.8720737546682358 1362
1764112594584 0.8410326838493347 1363
1764112602943 0.8780433833599091 1364
1764112611314 0.9266418069601059 1365
1764112619667 0.9393245279788971 1366
1764112628064 0.8557394444942474 1367
1764112636516 0.8929165899753571 1368
1764112645020 0.8739414364099503 1369
1764112653408 0.8345862030982971 1370
1764112661772 0.9118556529283524 1371
1764112670159 0.8403796255588531 1372
1764112678544 0.8903348445892334 1373
1764112686940 0.7459878027439117 1374
1764112695317 0.7949819713830948 1375
1764112703715 0.8331194221973419 1376
1764112712096 0.9313200116157532 1377
1764112720482 0.9252836853265762 1378
1764112728835 0.8678258806467056 1379
1764112737223 0.8533026576042175 1380
1764112745631 0.7756882160902023 1381
1764112754137 0.847511351108551 1382
1764112762511 0.8039253354072571 1383
1764112770893 0.773749515414238 1384
1764112779260 0.9183536022901535 1385
1764112787651 0.8770604431629181 1386
1764112796045 0.8070339113473892 1387
1764112804432 0.8282577991485596 1388
1764112812824 0.9055139720439911 1389
1764112821240 0.8149694204330444 1390
1764112829608 0.7693425267934799 1391
1764112837993 0.8575688451528549 1392
1764112846489 0.8205967396497726 1393
1764112854882 0.8432580828666687 1394
1764112863260 0.8311550915241241 1395
1764112871652 0.7451067417860031 1396
1764112880024 0.8858703523874283 1397
1764112888414 0.9050497114658356 1398
1764112896825 0.7700966745615005 1399
1764112905245 0.7394590824842453 1400
1764112913632 0.8448338210582733 1401
1764112922015 0.954887792468071 1402
1764112930400 0.858431875705719 1403
1764112938778 0.902589961886406 1404
1764112947147 0.9013586044311523 1405
1764112955526 0.862861841917038 1406
1764112963896 0.7783385962247849 1407
1764112972270 0.7544920891523361 1408
1764112980661 0.7654435336589813 1409
1764112989030 0.8270936608314514 1410
1764112997425 0.8182716071605682 1411
1764113005799 0.8211524188518524 1412
1764113014219 0.9141467660665512 1413
1764113022601 0.9849676340818405 1414
1764113030972 0.9572083353996277 1415
1764113039350 0.8397478461265564 1416
1764113047712 0.9384845942258835 1417
1764113056053 0.8874040842056274 1418
1764113064466 0.8299227952957153 1419
1764113072849 0.8619496375322342 1420
1764113081279 0.8803299814462662 1421
1764113089656 0.7847012877464294 1422
1764113098035 0.891820639371872 1423
1764113106564 0.904408723115921 1424
1764113114927 0.8336830288171768 1425
1764113123506 0.7922081500291824 1426
1764113131903 0.8315529674291611 1427
1764113140281 0.8932096660137177 1428
1764113148788 0.721035972237587 1429
1764113157169 0.7409285753965378 1430
1764113165577 0.8611492216587067 1431
1764113173966 0.8635283410549164 1432
1764113182370 0.8540191352367401 1433
1764113190781 0.9123026877641678 1434
1764113199164 0.9143281430006027 1435
1764113207538 0.957763671875 1436
1764113215902 0.9844230711460114 1437
1764113224353 0.9014769792556763 1438
1764113232757 0.8737880140542984 1439
1764113241122 0.8149349838495255 1440
1764113249503 0.8523251712322235 1441
1764113257915 0.7752423286437988 1442
1764113266309 0.7966499179601669 1443
1764113274720 0.8243667185306549 1444
1764113283095 0.788482740521431 1445
1764113291446 0.8775831758975983 1446
1764113299814 0.8495403230190277 1447
1764113308215 0.8604561984539032 1448
1764113316596 0.8235405832529068 1449
1764113324972 0.8920719176530838 1450
1764113333376 0.7713704407215118 1451
1764113341787 0.9941783100366592 1452
1764113350167 0.9002068936824799 1453
1764113358581 0.8308209925889969 1454
1764113366977 0.7426997423171997 1455
1764113375396 0.7630062252283096 1456
1764113383790 0.817904070019722 1457
1764113392288 0.8476686477661133 1458
1764113400651 0.9117442816495895 1459
1764113409034 0.9794282615184784 1460
1764113417375 0.9623635709285736 1461
1764113425787 0.9138642996549606 1462
1764113434172 0.8619344830513 1463
1764113442552 0.8638931959867477 1464
1764113450915 0.9195124506950378 1465
1764113459319 0.8460676074028015 1466
1764113467700 0.9390158951282501 1467
1764113476103 0.8746082931756973 1468
1764113484495 0.9176135957241058 1469
1764113492914 0.8823863118886948 1470
1764113501396 0.8554950654506683 1471
1764113509780 0.942424863576889 1472
1764113518147 0.8053562343120575 1473
1764113526511 0.7949607670307159 1474
1764113534880 0.8472545444965363 1475
1764113543242 0.8532938063144684 1476
1764113551611 0.8385179936885834 1477
1764113559977 0.821366012096405 1478
1764113568361 0.9070378690958023 1479
1764113576756 0.7949516028165817 1480
1764113585139 0.8520426601171494 1481
1764113593522 0.9219478070735931 1482
1764113601909 0.9201836436986923 1483
1764113610257 0.7149921655654907 1484
1764113618649 0.8725754767656326 1485
1764113627052 0.852559506893158 1486
1764113635453 0.8491827249526978 1487
1764113643839 0.7990390658378601 1488
1764113652222 0.9336666613817215 1489
1764113660575 0.7927917689085007 1490
1764113668924 0.8078694194555283 1491
1764113677325 0.9091083109378815 1492
1764113685697 0.9172622114419937 1493
1764113694080 0.7972417026758194 1494
1764113702456 0.8406065404415131 1495
1764113710839 0.8809127509593964 1496
1764113719212 0.7705401480197906 1497
1764113727573 0.8272370249032974 1498
1764113735962 0.8218443989753723 1499
1764113744333 0.9161605089902878 1500
1764113752726 0.7939877212047577 1501
1764113761128 0.8369770050048828 1502
1764113769500 0.748531773686409 1503
1764113778008 0.7963574230670929 1504
1764113786392 0.8069027066230774 1505
1764113794773 0.8674420565366745 1506
1764113803131 0.8877617418766022 1507
1764113811485 0.8667714297771454 1508
1764113819855 0.8190847188234329 1509
1764113828263 0.815904438495636 1510
1764113836665 0.6871635094285011 1511
1764113845022 0.8783862441778183 1512
1764113853464 0.8162662088871002 1513
1764113861859 0.8392715156078339 1514
1764113870230 0.8559111803770065 1515
1764113878601 0.8354788571596146 1516
1764113886951 0.874950721859932 1517
1764113895311 0.8134462982416153 1518
1764113903699 0.8681071400642395 1519
1764113912114 0.7875742614269257 1520
1764113920516 0.8241332322359085 1521
1764113928955 0.9018573462963104 1522
1764113937344 0.7903451472520828 1523
1764113945752 0.8248578906059265 1524
1764113954149 0.806207612156868 1525
1764113962533 0.8856099992990494 1526
1764113970921 0.8412114232778549 1527
1764113979312 0.8387950360774994 1528
1764113987685 0.8587119281291962 1529
1764113996181 0.8280491977930069 1530
1764114004557 0.830455407500267 1531
1764114012945 0.7674655914306641 1532
1764114021319 0.852031797170639 1533
1764114029673 0.8882823139429092 1534
1764114038047 0.7299527674913406 1535
1764114046445 0.8079457134008408 1536
1764114054847 0.7806786149740219 1537
1764114063238 0.8786122500896454 1538
1764114071610 0.8835191279649734 1539
1764114080015 0.825004369020462 1540
1764114088379 0.8680966198444366 1541
1764114096735 0.6691067665815353 1542
1764114105081 0.8172778189182281 1543
1764114113482 0.965172067284584 1544
1764114121875 0.8650865852832794 1545
1764114130309 0.9075718224048615 1546
1764114138695 0.7779294550418854 1547
1764114147079 0.8334296345710754 1548
1764114155420 0.8787475526332855 1549
1764114163764 0.8491579592227936 1550
1764114172160 0.8934597373008728 1551
1764114180583 0.778474822640419 1552
1764114188967 0.8509706258773804 1553
1764114197354 0.8534501492977142 1554
1764114205713 0.9470614343881607 1555
1764114214115 0.8755472600460052 1556
1764114222511 0.9006851613521576 1557
1764114230906 0.8514932096004486 1558
1764114239284 0.8804792016744614 1559
1764114247681 0.7965217530727386 1560
1764114256078 0.9294337034225464 1561
1764114264441 0.8735617399215698 1562
1764114272940 0.7951482385396957 1563
1764114281380 0.7710828632116318 1564
