1764660343598 12.946331024169922 5
1764660377876 12.946331024169922 10
1764660412356 12.946331024169922 15
1764660446905 12.946331024169922 20
1764660481414 12.946331024169922 25
1764660516037 12.946331024169922 30
1764660550342 12.946331024169922 35
1764660584787 12.946331024169922 40
1764660619328 12.946331024169922 45
1764660653616 12.946331024169922 50
1764660688161 12.946331024169922 55
1764660722559 12.946331024169922 60
1764660757015 12.946331024169922 65
1764660791468 12.946331024169922 70
1764660825907 12.946331024169922 75
1764660860400 12.946331024169922 80
1764660895032 12.946331024169922 85
1764660929437 12.946331024169922 90
1764660964071 12.946331024169922 95
1764660998332 12.946331024169922 100
1764661032957 12.946331024169922 105
1764661067473 12.946331024169922 110
1764661101847 12.946331024169922 115
1764661136436 12.946331024169922 120
1764661170969 12.946331024169922 125
1764661205519 12.946331024169922 130
1764661240135 12.946331024169922 135
1764661274582 12.946331024169922 140
1764661309128 12.946331024169922 145
1764661343740 12.946331024169922 150
1764661378231 12.946331024169922 155
1764661412877 12.946331024169922 160
1764661447246 12.946331024169922 165
1764661481936 12.946331024169922 170
1764661516497 12.946331024169922 175
1764661550985 12.946331024169922 180
1764661585720 12.946331024169922 185
1764661620155 12.946331024169922 190
1764661654757 12.946331024169922 195
1764661689379 12.946331024169922 200
1764661723812 12.946331024169922 205
1764661758393 12.946331024169922 210
1764661792890 12.946331024169922 215
1764661827418 12.946331024169922 220
1764661862082 12.946331024169922 225
1764661896369 12.946331024169922 230
1764661930907 12.946331024169922 235
1764661965402 12.946331024169922 240
1764661999818 12.946331024169922 245
1764662034401 12.946331024169922 250
1764662089488 12.946331024169922 255
1764662124695 12.946331024169922 260
1764662159706 12.946331024169922 265
1764662194030 12.946331024169922 270
1764662228636 12.946331024169922 275
1764662263042 12.946331024169922 280
1764662297725 12.946331024169922 285
1764662332541 12.946331024169922 290
1764662366901 12.946331024169922 295
1764662401595 12.946331024169922 300
1764662436179 12.946331024169922 305
1764662470644 12.946331024169922 310
1764662505263 12.946331024169922 315
1764662539577 12.946331024169922 320
1764662574271 12.946331024169922 325
1764662609068 12.946331024169922 330
1764662643512 12.946331024169922 335
1764662678230 12.946331024169922 340
1764662712529 12.946331024169922 345
1764662747112 12.946331024169922 350
1764662781798 12.946331024169922 355
1764662816234 12.946331024169922 360
1764662850892 12.946331024169922 365
1764662885299 12.946331024169922 370
1764662919940 12.946331024169922 375
1764662954688 12.946331024169922 380
1764662988998 12.946331024169922 385
1764663023707 12.946331024169922 390
1764663058262 12.946331024169922 395
1764663092690 12.946331024169922 400
1764663127420 12.946331024169922 405
1764663161913 12.946331024169922 410
1764663196569 12.946331024169922 415
1764663231222 12.946331024169922 420
1764663265656 12.946331024169922 425
1764663300319 12.946331024169922 430
1764663334790 12.946331024169922 435
1764663369249 12.946331024169922 440
1764663403889 12.946331024169922 445
1764663438351 12.946331024169922 450
1764663473244 12.946331024169922 455
1764663507884 12.946331024169922 460
1764663542429 12.946331024169922 465
1764663577114 12.946331024169922 470
1764663611503 12.946331024169922 475
1764663646208 12.946331024169922 480
1764663680864 12.946331024169922 485
1764663715203 12.946331024169922 490
1764663749900 12.946331024169922 495
1764663784466 12.946331024169922 500
1764663839852 12.946331024169922 505
1764663875128 12.946331024169922 510
1764663910042 12.946331024169922 515
1764663944787 12.946331024169922 520
1764663979258 12.946331024169922 525
1764664013922 12.946331024169922 530
1764664048622 12.946331024169922 535
1764664083016 12.946331024169922 540
1764664117673 12.946331024169922 545
1764664152162 12.946331024169922 550
1764664186674 12.946331024169922 555
1764664221374 12.946331024169922 560
1764664255905 12.946331024169922 565
1764664290379 12.946331024169922 570
1764664325000 12.946331024169922 575
1764664359436 12.946331024169922 580
1764664394181 12.946331024169922 585
1764664428715 12.946331024169922 590
1764664463277 12.946331024169922 595
1764664498046 12.946331024169922 600
1764664532448 12.946331024169922 605
1764664567189 12.946331024169922 610
1764664601723 12.946331024169922 615
1764664636217 12.946331024169922 620
1764664670840 12.946331024169922 625
1764664705250 12.946331024169922 630
1764664739842 12.946331024169922 635
1764664774454 12.946331024169922 640
1764664808912 12.946331024169922 645
1764664843592 12.946331024169922 650
1764664877943 12.946331024169922 655
1764664912631 12.946331024169922 660
1764664947199 12.946331024169922 665
1764664981782 12.946331024169922 670
1764665016565 12.946331024169922 675
1764665051177 12.946331024169922 680
1764665085802 12.946331024169922 685
1764665120300 12.946331024169922 690
1764665154848 12.946331024169922 695
1764665189344 12.946331024169922 700
1764665223852 12.946331024169922 705
1764665258431 12.946331024169922 710
1764665293074 12.946331024169922 715
1764665327718 12.946331024169922 720
1764665362291 12.946331024169922 725
1764665396652 12.946331024169922 730
1764665431207 12.946331024169922 735
1764665465859 12.946331024169922 740
1764665500487 12.946331024169922 745
1764665535016 12.946331024169922 750
1764665590589 12.946331024169922 755
1764665625795 12.946331024169922 760
1764665661024 12.946331024169922 765
1764665695609 12.946331024169922 770
1764665730203 12.946331024169922 775
1764665764842 12.946331024169922 780
1764665799515 12.946331024169922 785
1764665834035 12.946331024169922 790
1764665868635 12.946331024169922 795
1764665903142 12.946331024169922 800
1764665937783 12.946331024169922 805
1764665972450 12.946331024169922 810
1764666006946 12.946331024169922 815
1764666041471 12.946331024169922 820
1764666076061 12.946331024169922 825
1764666110823 12.946331024169922 830
1764666145402 12.946331024169922 835
1764666179937 12.946331024169922 840
1764666214583 12.946331024169922 845
1764666249133 12.946331024169922 850
1764666283814 12.946331024169922 855
1764666318333 12.946331024169922 860
1764666352949 12.946331024169922 865
1764666387760 12.946331024169922 870
1764666422299 12.946331024169922 875
1764666456918 12.946331024169922 880
1764666491389 12.946331024169922 885
1764666525951 12.946331024169922 890
1764666560648 12.946331024169922 895
1764666595155 12.946331024169922 900
1764666629855 12.946331024169922 905
1764666664415 12.946331024169922 910
1764666699239 12.946331024169922 915
1764666733803 12.946331024169922 920
1764666768338 12.946331024169922 925
1764666802918 12.946331024169922 930
1764666837757 12.946331024169922 935
1764666872351 12.946331024169922 940
1764666906863 12.946331024169922 945
1764666941323 12.946331024169922 950
1764666976018 12.946331024169922 955
1764667010605 12.946331024169922 960
1764667045154 12.946331024169922 965
1764667079581 12.946331024169922 970
1764667114209 12.946331024169922 975
1764667148863 12.946331024169922 980
1764667183370 12.946331024169922 985
1764667217781 12.946331024169922 990
1764667252367 12.946331024169922 995
1764667286845 12.946331024169922 1000
1764667342141 12.946331024169922 1005
1764667377317 12.946331024169922 1010
1764667412342 12.946331024169922 1015
1764667446860 12.946331024169922 1020
1764667481474 12.946331024169922 1025
1764667515931 12.946331024169922 1030
1764667550530 12.946331024169922 1035
1764667585340 12.946331024169922 1040
1764667619870 12.946331024169922 1045
1764667654412 12.946331024169922 1050
1764667688964 12.946331024169922 1055
1764667723572 12.946331024169922 1060
1764667758217 12.946331024169922 1065
1764667792651 12.946331024169922 1070
1764667827196 12.946331024169922 1075
1764667861669 12.946331024169922 1080
1764667896348 12.946331024169922 1085
1764667930877 12.946331024169922 1090
1764667965333 12.946331024169922 1095
1764667999922 12.946331024169922 1100
1764668034505 12.946331024169922 1105
1764668069036 12.946331024169922 1110
1764668103585 12.946331024169922 1115
1764668138029 12.946331024169922 1120
1764668172675 12.946331024169922 1125
1764668207223 12.946331024169922 1130
1764668241682 12.946331024169922 1135
1764668276293 12.946331024169922 1140
1764668311088 12.946331024169922 1145
1764668345583 12.946331024169922 1150
1764668380158 12.946331024169922 1155
1764668414806 12.946331024169922 1160
1764668449272 12.946331024169922 1165
1764668483961 12.946331024169922 1170
1764668518555 12.946331024169922 1175
1764668553030 12.946331024169922 1180
1764668587499 12.946331024169922 1185
1764668622048 12.946331024169922 1190
1764668656685 12.946331024169922 1195
1764668691215 12.946331024169922 1200
1764668725719 12.946331024169922 1205
1764668760253 12.946331024169922 1210
1764668794988 12.946331024169922 1215
1764668829571 12.946331024169922 1220
1764668864105 12.946331024169922 1225
1764668898693 12.946331024169922 1230
1764668933357 12.946331024169922 1235
1764668968123 12.946331024169922 1240
1764669002660 12.946331024169922 1245
1764669037273 12.946331024169922 1250
1764669092721 12.946331024169922 1255
1764669127942 12.946331024169922 1260
1764669163017 12.946331024169922 1265
1764669197599 12.946331024169922 1270
1764669232083 12.946331024169922 1275
1764669266866 12.946331024169922 1280
1764669301334 12.946331024169922 1285
1764669335892 12.946331024169922 1290
1764669370532 12.946331024169922 1295
1764669405037 12.946331024169922 1300
1764669439794 12.946331024169922 1305
1764669474343 12.946331024169922 1310
1764669508869 12.946331024169922 1315
1764669543565 12.946331024169922 1320
1764669578113 12.946331024169922 1325
1764669612844 12.946331024169922 1330
1764669647439 12.946331024169922 1335
1764669682018 12.946331024169922 1340
1764669716696 12.946331024169922 1345
1764669751175 12.946331024169922 1350
1764669785785 12.946331024169922 1355
1764669820386 12.946331024169922 1360
1764669854850 12.946331024169922 1365
1764669889662 12.946331024169922 1370
1764669924348 12.946331024169922 1375
1764669958928 12.946331024169922 1380
1764669993551 12.946331024169922 1385
1764670028227 12.946331024169922 1390
1764670062957 12.946331024169922 1395
1764670097523 12.946331024169922 1400
1764670132045 12.946331024169922 1405
1764670166757 12.946331024169922 1410
1764670201192 12.946331024169922 1415
1764670235983 12.946331024169922 1420
1764670270517 12.946331024169922 1425
1764670305216 12.946331024169922 1430
1764670339981 12.946331024169922 1435
1764670374618 12.946331024169922 1440
1764670409324 12.946331024169922 1445
1764670444011 12.946331024169922 1450
1764670478423 12.946331024169922 1455
1764670513200 12.946331024169922 1460
1764670547833 12.946331024169922 1465
1764670582373 12.946331024169922 1470
1764670617021 12.946331024169922 1475
1764670651528 12.946331024169922 1480
1764670686227 12.946331024169922 1485
1764670720977 12.946331024169922 1490
1764670755578 12.946331024169922 1495
1764670790200 12.946331024169922 1500
1764670845831 12.946331024169922 1505
1764670880989 12.946331024169922 1510
1764670916012 12.946331024169922 1515
1764670950483 12.946331024169922 1520
1764670985215 12.946331024169922 1525
1764671019949 12.946331024169922 1530
1764671054435 12.946331024169922 1535
1764671089007 12.946331024169922 1540
1764671123584 12.946331024169922 1545
1764671158365 12.946331024169922 1550
1764671192930 12.946331024169922 1555
1764671227480 12.946331024169922 1560
1764671262131 12.946331024169922 1565
1764671296607 12.946331024169922 1570
1764671331420 12.946331024169922 1575
1764671366036 12.946331024169922 1580
1764671400608 12.946331024169922 1585
1764671435294 12.946331024169922 1590
1764671469830 12.946331024169922 1595
1764671504514 12.946331024169922 1600
1764671539037 12.946331024169922 1605
1764671573595 12.946331024169922 1610
1764671608515 12.946331024169922 1615
1764671643028 12.946331024169922 1620
1764671677653 12.946331024169922 1625
1764671712309 12.946331024169922 1630
1764671746782 12.946331024169922 1635
1764671781499 12.946331024169922 1640
1764671815928 12.946331024169922 1645
1764671850522 12.946331024169922 1650
1764671885167 12.946331024169922 1655
1764671919680 12.946331024169922 1660
1764671954477 12.946331024169922 1665
1764671989164 12.946331024169922 1670
1764672023634 12.946331024169922 1675
1764672058244 12.946331024169922 1680
1764672092753 12.946331024169922 1685
1764672127364 12.946331024169922 1690
1764672162006 12.946331024169922 1695
1764672196420 12.946331024169922 1700
1764672231138 12.946331024169922 1705
1764672265655 12.946331024169922 1710
1764672300294 12.946331024169922 1715
1764672335007 12.946331024169922 1720
1764672369454 12.946331024169922 1725
1764672404213 12.946331024169922 1730
1764672438854 12.946331024169922 1735
1764672473397 12.946331024169922 1740
1764672508070 12.946331024169922 1745
1764672542654 12.946331024169922 1750
1764672598114 12.946331024169922 1755
1764672633526 12.946331024169922 1760
1764672668505 12.946331024169922 1765
1764672703198 12.946331024169922 1770
1764672737906 12.946331024169922 1775
1764672772520 12.946331024169922 1780
1764672807297 12.946331024169922 1785
1764672841841 12.946331024169922 1790
1764672876550 12.946331024169922 1795
1764672911115 12.946331024169922 1800
1764672945602 12.946331024169922 1805
1764672980252 12.946331024169922 1810
1764673015049 12.946331024169922 1815
1764673049569 12.946331024169922 1820
1764673084242 12.946331024169922 1825
1764673118741 12.946331024169922 1830
1764673153505 12.946331024169922 1835
1764673188141 12.946331024169922 1840
1764673222688 12.946331024169922 1845
1764673257445 12.946331024169922 1850
1764673292114 12.946331024169922 1855
1764673326800 12.946331024169922 1860
1764673361492 12.946331024169922 1865
1764673396061 12.946331024169922 1870
1764673430753 12.946331024169922 1875
1764673465434 12.946331024169922 1880
1764673500046 12.946331024169922 1885
1764673534609 12.946331024169922 1890
1764673569190 12.946331024169922 1895
1764673603847 12.946331024169922 1900
1764673638445 12.946331024169922 1905
1764673673045 12.946331024169922 1910
1764673707783 12.946331024169922 1915
1764673742370 12.946331024169922 1920
1764673777036 12.946331024169922 1925
1764673811940 12.946331024169922 1930
1764673846575 12.946331024169922 1935
1764673881512 12.946331024169922 1940
1764673916163 12.946331024169922 1945
1764673950722 12.946331024169922 1950
1764673985639 12.946331024169922 1955
1764674020137 12.946331024169922 1960
1764674054882 12.946331024169922 1965
1764674089677 12.946331024169922 1970
1764674124361 12.946331024169922 1975
1764674159181 12.946331024169922 1980
1764674193903 12.946331024169922 1985
1764674228621 12.946331024169922 1990
1764674263489 12.946331024169922 1995
1764674350831 12.946331024169922 2005
1764674386156 12.946331024169922 2010
1764674421275 12.946331024169922 2015
1764674455891 12.946331024169922 2020
1764674490668 12.946331024169922 2025
1764674525479 12.946331024169922 2030
1764674560220 12.946331024169922 2035
1764674594901 12.946331024169922 2040
1764674629611 12.946331024169922 2045
1764674664261 12.946331024169922 2050
1764674699103 12.946331024169922 2055
1764674733801 12.946331024169922 2060
1764674768593 12.946331024169922 2065
1764674803565 12.946331024169922 2070
1764674838316 12.946331024169922 2075
1764674872897 12.946331024169922 2080
1764674907600 12.946331024169922 2085
1764674942574 12.946331024169922 2090
1764674977232 12.946331024169922 2095
1764675011872 12.946331024169922 2100
1764675046375 12.946331024169922 2105
1764675081265 12.946331024169922 2110
1764675116118 12.946331024169922 2115
1764675150757 12.946331024169922 2120
1764675185455 12.946331024169922 2125
1764675220201 12.946331024169922 2130
1764675255148 12.946331024169922 2135
1764675289832 12.946331024169922 2140
1764675324466 12.946331024169922 2145
1764675359121 12.946331024169922 2150
1764675393810 12.946331024169922 2155
1764675428625 12.946331024169922 2160
1764675463380 12.946331024169922 2165
1764675498001 12.946331024169922 2170
1764675532767 12.946331024169922 2175
1764675567465 12.946331024169922 2180
1764675602270 12.946331024169922 2185
1764675636928 12.946331024169922 2190
1764675671654 12.946331024169922 2195
1764675706470 12.946331024169922 2200
1764675741380 12.946331024169922 2205
1764675776011 12.946331024169922 2210
1764675810687 12.946331024169922 2215
1764675845594 12.946331024169922 2220
1764675880397 12.946331024169922 2225
1764675915165 12.946331024169922 2230
1764675949904 12.946331024169922 2235
1764675984991 12.946331024169922 2240
1764676019714 12.946331024169922 2245
1764676054662 12.946331024169922 2250
1764676107069 12.946331024169922 2255
1764676142592 12.946331024169922 2260
1764676178116 12.946331024169922 2265
1764676212993 12.946331024169922 2270
1764676247625 12.946331024169922 2275
1764676282230 12.946331024169922 2280
1764676317000 12.946331024169922 2285
1764676351987 12.946331024169922 2290
1764676386544 12.946331024169922 2295
1764676421449 12.946331024169922 2300
1764676456069 12.946331024169922 2305
1764676490866 12.946331024169922 2310
1764676525767 12.946331024169922 2315
1764676560362 12.946331024169922 2320
1764676595013 12.946331024169922 2325
1764676629773 12.946331024169922 2330
1764676664436 12.946331024169922 2335
1764676699309 12.946331024169922 2340
1764676734112 12.946331024169922 2345
1764676768789 12.946331024169922 2350
1764676803683 12.946331024169922 2355
1764676838193 12.946331024169922 2360
1764676872949 12.946331024169922 2365
1764676907517 12.946331024169922 2370
1764676942027 12.946331024169922 2375
1764676976923 12.946331024169922 2380
1764677011379 12.946331024169922 2385
1764677046049 12.946331024169922 2390
1764677080835 12.946331024169922 2395
1764677115240 12.946331024169922 2400
1764677149870 12.946331024169922 2405
1764677184360 12.946331024169922 2410
1764677218965 12.946331024169922 2415
1764677253738 12.946331024169922 2420
1764677288283 12.946331024169922 2425
1764677322869 12.946331024169922 2430
1764677357346 12.946331024169922 2435
1764677392046 12.946331024169922 2440
1764677426778 12.946331024169922 2445
1764677461333 12.946331024169922 2450
1764677495930 12.946331024169922 2455
1764677530451 12.946331024169922 2460
1764677564958 12.946331024169922 2465
1764677599672 12.946331024169922 2470
1764677634159 12.946331024169922 2475
1764677668774 12.946331024169922 2480
1764677703616 12.946331024169922 2485
1764677738120 12.946331024169922 2490
1764677772746 12.946331024169922 2495
1764677807321 12.946331024169922 2500
