1764577555366 0.212890625 5
1764577604649 0.21549479166666666 10
1764577653950 0.16764322916666666 15
1764577703064 0.1533203125 20
1764577752144 0.17805989583333331 25
1764577801217 0.162109375 30
1764577850287 0.13606770833333331 35
1764577899397 0.1640625 40
1764577948535 0.15462239583333331 45
1764577997696 0.17154947916666666 50
1764578046866 0.18131510416666666 55
1764578096077 0.17220052083333331 60
1764578145265 0.1728515625 65
1764578194501 0.1708984375 70
1764578243677 0.16243489583333331 75
1764578292934 0.1748046875 80
1764578342001 0.17643229166666666 85
1764578391227 0.2041015625 90
1764578440461 0.1552734375 95
1764578489600 0.17252604166666666 100
1764578538685 0.1650390625 105
1764578587873 0.1826171875 110
1764578637064 0.18196614583333331 115
1764578686298 0.14192708333333331 120
1764578735490 0.16341145833333331 125
1764578784680 0.18294270833333331 130
1764578834047 0.1826171875 135
1764578883260 0.17122395833333331 140
1764578932438 0.2080078125 145
1764578981714 0.20052083333333331 150
1764579030897 0.17513020833333331 155
1764579079992 0.16015625 160
1764579129158 0.19075520833333331 165
1764579178239 0.259765625 170
1764579227473 0.19303385416666666 175
1764579276650 0.17838541666666666 180
1764579325788 0.173828125 185
1764579374967 0.18196614583333331 190
1764579424139 0.1962890625 195
1764579473209 0.16536458333333331 200
1764579522377 0.2001953125 205
1764579571563 0.16341145833333331 210
1764579620793 0.15983072916666666 215
1764579669972 0.18359375 220
1764579719053 0.177734375 225
1764579768211 0.1962890625 230
1764579817408 0.173828125 235
1764579866496 0.21321614583333331 240
1764579915595 0.18326822916666666 245
1764579964739 0.15397135416666666 250
