1764145947302 0.0 1
1764145957081 7.631228982063476e-12 2
1764145966892 2.7894973754882812e-05 3
1764145976663 9.179115295410156e-05 4
1764145986516 0.00013875961303710938 5
1764145996381 0.00026702880859375 6
1764146006220 0.00025010108947753906 7
1764146016086 0.0004010200500488281 8
1764146025943 0.00013953447341918945 9
1764146035830 0.00029754638671875 10
1764146045672 0.0006275177001953125 11
1764146055559 -0.0013148784637451172 12
1764146065403 -0.0016880035400390625 13
1764146075270 -0.0062465667724609375 14
1764146085120 -0.00064849853515625 15
1764146095002 0.0039014816284179688 16
1764146104833 0.02561187744140625 17
1764146114646 0.0264129638671875 18
1764146124490 0.08123779296875 19
1764146134317 0.054443359375 20
1764146144131 -0.04193115234375 21
1764146153974 -0.03636932373046875 22
1764146163798 0.1275177001953125 23
1764146173630 0.220947265625 24
1764146183436 0.44482421875 25
1764146193284 0.96484375 26
1764146203107 1.263671875 27
1764146212894 1.341796875 28
1764146222740 1.064453125 29
1764146232559 0.84033203125 30
1764146242378 0.55078125 31
1764146252171 0.39208984375 32
1764146261978 0.183837890625 33
1764146271790 -0.203033447265625 34
1764146281597 -0.253631591796875 35
1764146291396 -0.34521484375 36
1764146301267 -0.058929443359375 37
1764146311063 -0.03173828125 38
1764146320852 0.2138671875 39
1764146378137 0.376953125 40
1764146388005 0.4833984375 41
1764146397781 0.46630859375 42
1764146407610 0.572265625 43
1764146417397 0.60205078125 44
1764146427202 0.9111328125 45
1764146437004 0.9033203125 46
1764146446836 1.0634765625 47
1764146456653 0.826171875 48
1764146466480 0.6630859375 49
1764146476260 0.8212890625 50
1764146486073 0.90234375 51
1764146495890 1.1884765625 52
1764146505692 1.169921875 53
1764146515502 1.052734375 54
1764146525291 0.97265625 55
1764146535102 0.9677734375 56
1764146544952 0.8779296875 57
1764146555206 0.900390625 58
1764146565025 0.6435546875 59
1764146574871 0.8369140625 60
1764146584677 0.82421875 61
1764146594523 0.759765625 62
1764146604351 0.6201171875 63
1764146614153 0.763671875 64
1764146623939 0.62109375 65
1764146633725 0.505859375 66
1764146643544 0.4365234375 67
1764146653398 0.43896484375 68
1764146663175 0.164764404296875 69
1764146672990 -0.06085205078125 70
1764146682788 -0.306640625 71
1764146692569 -0.4326171875 72
1764146702369 -0.165283203125 73
1764146712143 -0.240020751953125 74
1764146721909 -0.1572265625 75
1764146731709 0.235107421875 76
1764146741474 0.208465576171875 77
1764146751247 0.281982421875 78
1764146810481 0.130126953125 79
1764146820303 0.1954803466796875 80
1764146830547 0.263671875 81
1764146840319 0.49072265625 82
1764146850118 0.53759765625 83
1764146859936 0.50341796875 84
1764146869763 0.54541015625 85
1764146879572 0.52392578125 86
1764146890459 0.53857421875 87
1764146900251 0.57177734375 88
1764146910047 0.353515625 89
1764146919888 0.33984375 90
1764146929699 0.2783203125 91
1764146939521 -0.0252685546875 92
1764146949345 0.277587890625 93
1764146959168 0.15423583984375 94
1764146969002 0.41455078125 95
1764146978809 0.12646484375 96
1764146988627 0.237548828125 97
1764146998455 0.154541015625 98
1764147008236 0.1529541015625 99
1764147018106 0.0921630859375 100
1764147027889 0.14263916015625 101
1764147037686 0.14862060546875 102
1764147047474 0.269287109375 103
1764147057248 0.320068359375 104
1764147067122 0.3857421875 105
1764147076942 0.3193359375 106
1764147086780 0.5322265625 107
1764147096599 0.49365234375 108
1764147106465 0.4873046875 109
1764147116260 0.52001953125 110
1764147126086 0.70947265625 111
1764147135869 0.8486328125 112
1764147145678 0.8203125 113
1764147155486 0.9814453125 114
1764147165315 0.8779296875 115
1764147175190 0.701171875 116
1764147184960 0.6767578125 117
1764147223199 0.6962890625 118
1764147232957 0.7392578125 119
1764147242737 0.9052734375 120
1764147252552 0.9169921875 121
1764147262346 0.794921875 122
1764147272621 0.970703125 123
1764147282430 0.8515625 124
1764147292216 1.1865234375 125
1764147302026 1.1318359375 126
1764147311875 1.0419921875 127
1764147321649 1.212890625 128
1764147331441 1.13671875 129
1764147341294 1.341796875 130
1764147351098 1.365234375 131
1764147360910 1.0576171875 132
1764147370685 1.03125 133
1764147380463 0.9921875 134
1764147390244 0.86328125 135
1764147400026 0.7666015625 136
1764147409764 0.59912109375 137
1764147419574 0.58251953125 138
1764147429347 0.462921142578125 139
1764147439135 0.40234375 140
1764147448919 0.44580078125 141
1764147458719 0.42626953125 142
1764147468506 0.4066162109375 143
1764147478333 0.430419921875 144
1764147488184 0.55419921875 145
1764147497966 0.482421875 146
1764147507758 0.71484375 147
1764147517554 0.6513671875 148
1764147527360 0.685546875 149
1764147537188 0.612060546875 150
1764147547015 0.666015625 151
1764147556790 0.71337890625 152
1764147566623 0.4482421875 153
1764147576438 0.52197265625 154
1764147586206 0.46533203125 155
1764147595998 0.044189453125 156
1764147631763 0.458984375 157
1764147641591 0.294189453125 158
1764147651431 0.51483154296875 159
1764147661204 0.31005859375 160
1764147670996 0.385986328125 161
1764147680789 0.66796875 162
1764147690574 0.60498046875 163
1764147700354 0.4482421875 164
1764147710161 0.69677734375 165
1764147719941 0.7705078125 166
1764147729713 0.748046875 167
1764147739507 0.7900390625 168
1764147749262 1.1025390625 169
1764147759097 0.908203125 170
1764147768872 0.95703125 171
1764147778638 0.79296875 172
1764147788425 0.75 173
1764147798194 0.751953125 174
1764147808054 0.358489990234375 175
1764147817846 0.59912109375 176
1764147827660 0.32568359375 177
1764147837426 0.30615234375 178
1764147847206 0.330078125 179
1764147857035 0.0999755859375 180
1764147866824 0.06243705749511719 181
1764147876643 0.267822265625 182
1764147886439 0.375732421875 183
1764147896276 0.4163818359375 184
1764147906079 0.423828125 185
1764147915877 0.5849609375 186
1764147925693 0.332275390625 187
1764147935489 0.4619140625 188
1764147945311 0.373779296875 189
1764147955089 0.4453125 190
1764147964890 0.376220703125 191
1764147974666 0.33349609375 192
1764147984531 0.564453125 193
1764147994300 0.3251953125 194
1764148004088 0.470703125 195
1764148039748 0.54833984375 196
1764148049545 0.65966796875 197
1764148059398 0.60595703125 198
1764148069196 0.7314453125 199
1764148078970 0.9365234375 200
1764148088755 0.900390625 201
1764148098561 0.68505859375 202
1764148108354 0.9453125 203
1764148118161 0.861328125 204
1764148127944 0.89453125 205
1764148137728 0.7578125 206
1764148147517 0.7490234375 207
1764148157299 0.70654296875 208
1764148167114 0.552734375 209
1764148176885 0.353515625 210
1764148186703 0.2265625 211
1764148196498 0.4085693359375 212
1764148206272 0.3443603515625 213
1764148216124 0.2068328857421875 214
1764148225938 0.182373046875 215
1764148235740 0.256591796875 216
1764148245540 0.170654296875 217
1764148255337 0.338623046875 218
1764148265120 0.358154296875 219
1764148274922 0.288818359375 220
1764148284710 0.3115234375 221
1764148294483 0.6572265625 222
1764148304305 0.50341796875 223
1764148314123 0.77734375 224
1764148323902 0.66015625 225
1764148333771 0.697265625 226
1764148343557 0.6904296875 227
1764148353332 0.70947265625 228
1764148363114 0.69970703125 229
1764148372912 0.9814453125 230
1764148382684 0.71875 231
1764148392483 0.83056640625 232
1764148402262 0.865234375 233
1764148412042 0.67333984375 234
1764148447834 0.86181640625 235
1764148457625 0.7021484375 236
1764148467419 0.732421875 237
1764148477224 0.66552734375 238
1764148487027 0.880859375 239
1764148496839 0.348876953125 240
1764148506615 0.52490234375 241
1764148516402 0.64453125 242
1764148526289 0.496337890625 243
1764148536095 0.51708984375 244
1764148545867 0.873046875 245
1764148555662 0.62060546875 246
1764148565461 0.7099609375 247
1764148575238 0.57568359375 248
1764148585048 0.59375 249
1764148594843 0.48876953125 250
1764148604627 0.455078125 251
1764148614431 0.512939453125 252
1764148624226 0.39404296875 253
1764148634015 0.54541015625 254
1764148643804 0.377685546875 255
1764148653611 0.511962890625 256
1764148663408 0.42529296875 257
1764148673230 0.18853759765625 258
1764148682989 0.52294921875 259
1764148692827 0.1834716796875 260
1764148702614 0.830078125 261
1764148712387 0.51953125 262
1764148722183 0.497314453125 263
1764148731982 0.52490234375 264
1764148741760 0.5224609375 265
1764148751498 0.47021484375 266
1764148761302 0.814453125 267
1764148771070 0.6796875 268
1764148780882 0.87548828125 269
1764148790687 0.7392578125 270
1764148800491 0.7333984375 271
1764148810280 0.79296875 272
1764148820049 0.8916015625 273
1764148855792 0.84375 274
1764148865597 0.9853515625 275
1764148875413 0.740234375 276
1764148885232 0.943359375 277
1764148895060 1.1181640625 278
1764148904883 1.140625 279
1764148914671 1.2626953125 280
1764148924461 1.2373046875 281
1764148934274 1.12109375 282
1764148944078 1.34765625 283
1764148953881 1.291015625 284
1764148963646 1.4453125 285
1764148973425 1.3671875 286
1764148983221 1.3251953125 287
1764148993022 1.2197265625 288
1764149002816 1.5078125 289
1764149012600 1.44140625 290
1764149022396 1.365234375 291
1764149032237 1.23828125 292
1764149042038 1.2001953125 293
1764149051844 1.27734375 294
1764149061607 1.1689453125 295
1764149071374 1.0009765625 296
1764149081174 1.140625 297
1764149090961 1.07421875 298
1764149100714 1.0380859375 299
1764149110503 1.0546875 300
1764149120278 0.984375 301
1764149130093 1.244140625 302
1764149139880 0.8857421875 303
1764149149671 0.8798828125 304
1764149159460 1.1806640625 305
1764149169257 0.732421875 306
1764149179050 0.66015625 307
1764149188873 0.6513671875 308
1764149198650 0.82421875 309
1764149208429 0.635009765625 310
1764149218252 0.8876953125 311
1764149228037 0.9765625 312
1764149263729 0.61181640625 313
1764149273549 0.8876953125 314
1764149283352 0.732421875 315
1764149293123 0.6953125 316
1764149302924 0.9775390625 317
1764149312718 0.64306640625 318
1764149322539 0.8662109375 319
1764149332340 0.7841796875 320
1764149342240 0.576171875 321
1764149352026 0.6962890625 322
1764149361892 0.79296875 323
1764149371700 0.8251953125 324
1764149381554 0.63525390625 325
1764149391333 0.744140625 326
1764149401175 0.87890625 327
1764149410968 0.9423828125 328
1764149420753 0.828125 329
1764149430549 0.83984375 330
1764149440378 0.54736328125 331
1764149450199 0.76513671875 332
1764149460067 0.78125 333
1764149469862 0.6171875 334
1764149479634 0.6982421875 335
1764149489526 0.931640625 336
1764149499334 0.833984375 337
1764149509122 0.93359375 338
1764149518900 0.9462890625 339
1764149528707 0.998046875 340
1764149538503 0.72998046875 341
1764149548339 0.87158203125 342
1764149558145 0.8447265625 343
1764149567996 0.85546875 344
1764149577786 0.6220703125 345
1764149587606 0.916015625 346
1764149597412 1.09716796875 347
1764149607227 1.083984375 348
1764149617016 0.79541015625 349
1764149626831 1.0078125 350
1764149636640 0.763671875 351
1764149672276 1.0927734375 352
1764149682072 0.8271484375 353
1764149691852 0.6865234375 354
1764149701623 1.0322265625 355
1764149711430 0.78564453125 356
1764149721291 0.8466796875 357
1764149731099 0.68798828125 358
1764149740866 1.01171875 359
1764149750646 0.8125 360
1764149760474 0.904296875 361
1764149770237 0.89453125 362
1764149780002 0.65966796875 363
1764149789799 0.9326171875 364
1764149799593 1.0283203125 365
1764149809394 1.05859375 366
1764149819220 1.001953125 367
1764149829015 0.9111328125 368
1764149838795 0.7412109375 369
1764149848591 0.8642578125 370
1764149858390 0.7138671875 371
1764149868160 0.9248046875 372
1764149877941 0.984375 373
1764149887736 1.27734375 374
1764149897505 0.8369140625 375
1764149907349 0.8408203125 376
1764149917126 0.9892578125 377
1764149926910 0.8876953125 378
1764149936703 0.9326171875 379
1764149946509 0.9287109375 380
1764149956373 0.876953125 381
1764149966179 0.9267578125 382
1764149975946 0.779296875 383
1764149985733 0.588592529296875 384
1764149995530 1.2021484375 385
1764150005318 0.890625 386
1764150015139 0.841796875 387
1764150024959 1.080078125 388
1764150034738 1.068359375 389
1764150044515 0.81982421875 390
