1764887105264 100.0 5
1764887127659 100.0 10
1764887150047 100.0 15
1764887172853 100.0 20
1764887195296 100.0 25
1764887217732 100.0 30
1764887240474 100.0 35
1764887262909 100.0 40
1764887285416 100.0 45
1764887308057 100.0 50
1764887330484 100.0 55
1764887353038 100.0 60
1764887375642 100.0 65
1764887398072 100.0 70
1764887420825 100.0 75
1764887443271 100.0 80
1764887465692 100.0 85
1764887488405 100.0 90
1764887510830 100.0 95
1764887533286 100.0 100
1764887556063 100.0 105
1764887578502 100.0 110
1764887600933 100.0 115
1764887623627 100.0 120
1764887646071 100.0 125
1764887668489 100.0 130
1764887691207 100.0 135
1764887713647 100.0 140
1764887736075 100.0 145
1764887758775 100.0 150
1764887781215 100.0 155
1764887803670 100.0 160
1764887826414 100.0 165
1764887848804 100.0 170
1764887871188 100.0 175
1764887893901 100.0 180
1764887916326 100.0 185
1764887938844 100.0 190
1764887961503 100.0 195
1764887983947 100.0 200
1764888006482 100.0 205
1764888029081 100.0 210
1764888051504 100.0 215
1764888074369 100.0 220
1764888096766 100.0 225
1764888119155 100.0 230
1764888141883 99.0 235
1764888164269 100.0 240
1764888186667 100.0 245
1764888209408 100.0 250
1764888231855 100.0 255
1764888254301 100.0 260
1764888277011 100.0 265
1764888299416 100.0 270
1764888321816 100.0 275
1764888344500 100.0 280
1764888366899 100.0 285
1764888389275 100.0 290
1764888411998 100.0 295
1764888434429 100.0 300
1764888456854 100.0 305
1764888479659 100.0 310
1764888502115 100.0 315
1764888524523 100.0 320
1764888547313 100.0 325
1764888569717 100.0 330
1764888592272 100.0 335
1764888614878 100.0 340
1764888637275 100.0 345
1764888659795 100.0 350
1764888682430 100.0 355
1764888704843 100.0 360
1764888727568 100.0 365
1764888750017 100.0 370
1764888772464 100.0 375
1764888795225 100.0 380
1764888817644 100.0 385
1764888840099 100.0 390
1764888862995 100.0 395
1764888885453 100.0 400
1764888907914 100.0 405
1764888930768 100.0 410
1764888953193 100.0 415
1764888975588 100.0 420
1764888998417 100.0 425
1764889020848 100.0 430
1764889043286 100.0 435
1764889066113 100.0 440
1764889088574 100.0 445
1764889111002 100.0 450
1764889133768 100.0 455
1764889156230 100.0 460
1764889178669 100.0 465
1764889201491 100.0 470
1764889223980 100.0 475
1764889246550 100.0 480
1764889269213 100.0 485
1764889291647 100.0 490
1764889314226 100.0 495
1764889336901 100.0 500
1764889359371 100.0 505
1764889382052 100.0 510
1764889404624 100.0 515
1764889427072 100.0 520
1764889449871 100.0 525
1764889472294 100.0 530
1764889494743 100.0 535
1764889517499 100.0 540
1764889539932 100.0 545
1764889562411 100.0 550
1764889585192 100.0 555
1764889607640 95.0 560
1764889630101 100.0 565
1764889652831 100.0 570
1764889675241 100.0 575
1764889697642 100.0 580
1764889720399 100.0 585
1764889742800 100.0 590
1764889765218 100.0 595
1764889787969 100.0 600
1764889810383 100.0 605
1764889832795 100.0 610
1764889855613 100.0 615
1764889878127 100.0 620
1764889900683 100.0 625
1764889923363 100.0 630
1764889945795 100.0 635
1764889968351 100.0 640
1764889991092 100.0 645
1764890013530 100.0 650
1764890036217 100.0 655
1764890058772 100.0 660
1764890081223 100.0 665
1764890103989 100.0 670
1764890126421 100.0 675
1764890148849 100.0 680
1764890171616 100.0 685
1764890194036 100.0 690
1764890216483 100.0 695
1764890239268 100.0 700
1764890261715 100.0 705
1764890284160 100.0 710
1764890306979 100.0 715
1764890329451 100.0 720
1764890351914 100.0 725
1764890374710 100.0 730
1764890397148 100.0 735
1764890419612 100.0 740
1764890442370 100.0 745
1764890464812 100.0 750
1764890487229 100.0 755
1764890510000 100.0 760
1764890532447 100.0 765
1764890555037 100.0 770
1764890577657 100.0 775
1764890600105 100.0 780
1764890622678 100.0 785
1764890645351 100.0 790
1764890667791 100.0 795
1764890690491 100.0 800
1764890713052 100.0 805
1764890735496 100.0 810
1764890758283 100.0 815
1764890780696 100.0 820
1764890803112 100.0 825
1764890825905 100.0 830
1764890858795 100.0 835
1764890881720 100.0 840
1764890904729 100.0 845
1764890927675 100.0 850
1764890950613 100.0 855
1764890973611 100.0 860
1764890996104 100.0 865
1764891018519 100.0 870
1764891041130 100.0 875
1764891063534 100.0 880
1764891085944 100.0 885
1764891108873 100.0 890
1764891131284 100.0 895
1764891153689 100.0 900
1764891176436 100.0 905
1764891198846 100.0 910
1764891221403 100.0 915
1764891244256 100.0 920
1764891266702 100.0 925
1764891289371 100.0 930
1764891311932 100.0 935
1764891334417 100.0 940
1764891357072 100.0 945
1764891379749 100.0 950
1764891402161 100.0 955
1764891424814 100.0 960
1764891447257 100.0 965
1764891469663 100.0 970
1764891492478 100.0 975
1764891514886 100.0 980
1764891537283 100.0 985
1764891559964 100.0 990
1764891582405 100.0 995
1764891604857 100.0 1000
1764891627785 100.0 1005
1764891650226 100.0 1010
1764891672648 100.0 1015
1764891695385 100.0 1020
1764891717823 100.0 1025
1764891740249 100.0 1030
1764891763186 100.0 1035
1764891785617 100.0 1040
1764891808030 100.0 1045
1764891830758 100.0 1050
1764891853207 100.0 1055
1764891875736 100.0 1060
1764891898571 100.0 1065
1764891921019 100.0 1070
1764891943591 100.0 1075
1764891966155 100.0 1080
1764891988610 100.0 1085
1764892011267 100.0 1090
1764892034065 100.0 1095
1764892056504 100.0 1100
1764892079112 100.0 1105
1764892101671 100.0 1110
1764892124122 100.0 1115
1764892147145 100.0 1120
1764892169603 100.0 1125
1764892192036 100.0 1130
1764892214791 100.0 1135
1764892237289 100.0 1140
1764892259747 100.0 1145
1764892282618 100.0 1150
1764892305032 100.0 1155
1764892327445 100.0 1160
1764892350113 100.0 1165
1764892372513 100.0 1170
1764892394927 100.0 1175
1764892417833 100.0 1180
1764892440294 100.0 1185
1764892462740 100.0 1190
1764892485471 100.0 1195
1764892507943 100.0 1200
1764892530527 100.0 1205
1764892553353 100.0 1210
1764892575752 100.0 1215
1764892598366 100.0 1220
1764892620934 100.0 1225
1764892643363 100.0 1230
1764892666005 100.0 1235
1764892688670 100.0 1240
1764892711053 100.0 1245
1764892733644 100.0 1250
1764892756254 100.0 1255
1764892778717 100.0 1260
1764892801480 100.0 1265
1764892824030 100.0 1270
1764892846471 100.0 1275
1764892869082 100.0 1280
1764892891727 100.0 1285
1764892914139 100.0 1290
1764892937016 100.0 1295
1764892959482 100.0 1300
1764892981951 100.0 1305
1764893004721 100.0 1310
1764893027172 100.0 1315
1764893049590 100.0 1320
1764893072396 100.0 1325
1764893094790 100.0 1330
1764893117194 100.0 1335
1764893139924 100.0 1340
1764893162404 100.0 1345
1764893184970 100.0 1350
1764893207737 100.0 1355
1764893230178 100.0 1360
1764893252800 100.0 1365
1764893275417 100.0 1370
1764893297895 100.0 1375
1764893320562 100.0 1380
1764893343249 100.0 1385
1764893365689 100.0 1390
1764893388272 100.0 1395
1764893410829 100.0 1400
1764893433265 100.0 1405
1764893456044 100.0 1410
1764893478578 100.0 1415
1764893501027 100.0 1420
1764893523640 100.0 1425
1764893546231 100.0 1430
1764893568703 100.0 1435
1764893591470 100.0 1440
1764893614003 100.0 1445
1764893636402 100.0 1450
1764893659056 100.0 1455
1764893681467 100.0 1460
1764893703901 100.0 1465
1764893726721 100.0 1470
1764893749189 100.0 1475
1764893771698 100.0 1480
1764893794438 100.0 1485
1764893816896 100.0 1490
1764893839436 100.0 1495
1764893862265 100.0 1500
1764893884712 100.0 1505
1764893907275 100.0 1510
1764893929831 100.0 1515
1764893952265 100.0 1520
1764893974936 100.0 1525
1764893997650 100.0 1530
1764894020087 100.0 1535
1764894042999 100.0 1540
1764894065572 100.0 1545
1764894088021 100.0 1550
1764894110746 100.0 1555
1764894133296 100.0 1560
1764894155778 100.0 1565
1764894178372 100.0 1570
1764894200910 100.0 1575
1764894223360 100.0 1580
1764894246102 100.0 1585
1764894268693 100.0 1590
1764894291179 100.0 1595
1764894313922 100.0 1600
1764894336410 100.0 1605
1764894358889 100.0 1610
1764894381759 100.0 1615
1764894404220 100.0 1620
1764894426659 100.0 1625
1764894449443 100.0 1630
1764894471866 100.0 1635
1764894494439 100.0 1640
1764894517184 100.0 1645
1764894539638 100.0 1650
1764894562257 100.0 1655
1764894584925 100.0 1660
1764894607401 100.0 1665
1764894640912 100.0 1670
1764894663844 100.0 1675
1764894686809 100.0 1680
1764894710032 100.0 1685
1764894733007 100.0 1690
1764894755849 100.0 1695
1764894778631 100.0 1700
1764894801171 100.0 1705
1764894823589 100.0 1710
1764894846431 100.0 1715
1764894868984 100.0 1720
1764894891464 100.0 1725
1764894914239 100.0 1730
1764894936782 100.0 1735
1764894959240 100.0 1740
1764894982094 100.0 1745
1764895004613 100.0 1750
1764895027031 100.0 1755
1764895049851 100.0 1760
1764895072423 100.0 1765
1764895094862 100.0 1770
1764895117657 100.0 1775
1764895140297 100.0 1780
1764895162826 100.0 1785
1764895185699 100.0 1790
1764895208163 100.0 1795
1764895230776 100.0 1800
1764895253598 100.0 1805
1764895276058 100.0 1810
1764895298719 100.0 1815
1764895321485 100.0 1820
1764895343934 100.0 1825
1764895366707 100.0 1830
1764895389320 100.0 1835
1764895411730 100.0 1840
1764895434537 100.0 1845
1764895457110 100.0 1850
1764895479551 100.0 1855
1764895502280 100.0 1860
1764895524923 100.0 1865
1764895547399 100.0 1870
1764895570230 100.0 1875
1764895592984 100.0 1880
1764895615440 100.0 1885
1764895638176 100.0 1890
1764895660766 100.0 1895
1764895683306 100.0 1900
1764895706008 100.0 1905
1764895728498 100.0 1910
1764895751028 100.0 1915
1764895773613 100.0 1920
1764895796237 100.0 1925
1764895818827 100.0 1930
1764895841604 100.0 1935
1764895864076 100.0 1940
1764895886618 100.0 1945
1764895909459 100.0 1950
1764895931916 100.0 1955
1764895954606 100.0 1960
1764895977305 100.0 1965
1764895999764 100.0 1970
1764896022500 100.0 1975
1764896045168 100.0 1980
1764896067635 100.0 1985
1764896090493 100.0 1990
1764896113049 100.0 1995
1764896135487 100.0 2000
1764896158224 100.0 2005
1764896180876 100.0 2010
1764896203325 100.0 2015
1764896226163 100.0 2020
1764896248699 100.0 2025
1764896271176 100.0 2030
1764896293876 100.0 2035
1764896316501 100.0 2040
1764896339028 100.0 2045
1764896361780 100.0 2050
1764896384345 100.0 2055
1764896406905 100.0 2060
1764896429475 100.0 2065
1764896452097 100.0 2070
1764896474626 100.0 2075
1764896497448 100.0 2080
1764896519893 100.0 2085
1764896542444 100.0 2090
1764896565269 100.0 2095
1764896587730 100.0 2100
1764896610381 100.0 2105
1764896633092 100.0 2110
1764896655510 100.0 2115
1764896678228 100.0 2120
1764896700849 100.0 2125
1764896723294 100.0 2130
1764896746174 100.0 2135
1764896768765 100.0 2140
1764896791209 100.0 2145
1764896813975 100.0 2150
1764896836598 100.0 2155
1764896858997 100.0 2160
1764896881845 100.0 2165
1764896904396 100.0 2170
1764896926840 100.0 2175
1764896949555 100.0 2180
1764896972161 100.0 2185
1764896994701 100.0 2190
1764897017452 100.0 2195
1764897040015 100.0 2200
1764897062551 100.0 2205
1764897085183 100.0 2210
1764897107804 100.0 2215
1764897130373 100.0 2220
1764897153238 100.0 2225
1764897175714 100.0 2230
1764897198291 100.0 2235
1764897221103 100.0 2240
1764897243547 100.0 2245
1764897266183 100.0 2250
1764897288911 100.0 2255
1764897311325 100.0 2260
1764897334072 100.0 2265
1764897356657 100.0 2270
1764897379151 100.0 2275
1764897401994 100.0 2280
1764897424550 100.0 2285
1764897447023 100.0 2290
1764897469767 100.0 2295
1764897492418 100.0 2300
1764897514875 100.0 2305
1764897537706 100.0 2310
1764897560240 100.0 2315
1764897582723 100.0 2320
1764897605570 100.0 2325
1764897628212 100.0 2330
1764897650774 100.0 2335
1764897673517 100.0 2340
1764897696063 100.0 2345
1764897718617 100.0 2350
1764897741265 100.0 2355
1764897763926 100.0 2360
1764897786460 100.0 2365
1764897809301 100.0 2370
1764897831804 100.0 2375
1764897854384 100.0 2380
1764897877236 100.0 2385
1764897899715 100.0 2390
1764897922387 100.0 2395
1764897945109 100.0 2400
1764897967581 100.0 2405
1764897990312 100.0 2410
1764898012902 100.0 2415
1764898035361 100.0 2420
1764898058201 100.0 2425
1764898080832 100.0 2430
1764898103288 100.0 2435
1764898126024 100.0 2440
1764898148636 100.0 2445
1764898171091 100.0 2450
1764898193962 100.0 2455
1764898216497 100.0 2460
1764898238905 100.0 2465
1764898261609 100.0 2470
1764898284190 100.0 2475
1764898306687 100.0 2480
1764898329396 100.0 2485
1764898351928 100.0 2490
1764898374475 100.0 2495
1764898407430 100.0 2500
1764898430322 100.0 2505
1764898453278 100.0 2510
1764898476353 100.0 2515
1764898499277 100.0 2520
1764898522265 100.0 2525
1764898545050 100.0 2530
1764898567504 100.0 2535
1764898590057 100.0 2540
1764898612807 100.0 2545
1764898635240 100.0 2550
1764898657948 100.0 2555
1764898680468 100.0 2560
1764898702878 100.0 2565
1764898725588 100.0 2570
1764898748153 100.0 2575
1764898770576 100.0 2580
1764898793313 100.0 2585
1764898815879 100.0 2590
1764898838339 100.0 2595
1764898861105 100.0 2600
1764898883655 100.0 2605
1764898906079 100.0 2610
1764898928812 100.0 2615
1764898951341 100.0 2620
1764898973800 100.0 2625
1764898996588 100.0 2630
1764899019115 100.0 2635
1764899041635 100.0 2640
1764899064376 100.0 2645
1764899086821 100.0 2650
1764899109390 100.0 2655
1764899132134 100.0 2660
1764899154543 100.0 2665
1764899177149 100.0 2670
1764899199784 100.0 2675
