1764573606749 0.53515625 5
1764573656082 0.5 10
1764573705427 0.3046875 15
1764573754619 0.2333984375 20
1764573803881 0.259765625 25
1764573853070 0.2255859375 30
1764573902166 0.1767578125 35
1764573951437 0.2060546875 40
1764574000701 0.1865234375 45
1764574049790 0.1884765625 50
1764574098846 0.19921875 55
1764574147920 0.2119140625 60
1764574196988 0.1845703125 65
1764574245981 0.19140625 70
1764574294950 0.193359375 75
1764574344102 0.1904296875 80
1764574393157 0.1953125 85
1764574442339 0.1875 90
1764574491463 0.1904296875 95
1764574540540 0.1806640625 100
1764574589693 0.185546875 105
1764574638880 0.197265625 110
1764574688063 0.1865234375 115
1764574737290 0.185546875 120
1764574786468 0.1943359375 125
1764574835664 0.1689453125 130
1764574884887 0.1806640625 135
1764574934080 0.18359375 140
1764574983317 0.1669921875 145
1764575032615 0.16796875 150
1764575081810 0.181640625 155
1764575130969 0.177734375 160
1764575180120 0.1845703125 165
1764575229301 0.181640625 170
1764575278549 0.1884765625 175
1764575327714 0.1748046875 180
1764575376808 0.1787109375 185
1764575425949 0.1953125 190
1764575475115 0.1796875 195
1764575524171 0.1748046875 200
1764575573302 0.1982421875 205
1764575622335 0.1806640625 210
1764575671406 0.1875 215
1764575720698 0.1767578125 220
1764575769790 0.1943359375 225
1764575818924 0.2109375 230
1764575868081 0.17578125 235
1764575917284 0.171875 240
1764575966348 0.1796875 245
1764576015451 0.185546875 250
