1764573606749 6.666667599999999e-06 5
1764573656082 1.3333334199999998e-05 10
1764573705427 2.000000079999999e-05 15
1764573754619 2.666666739999999e-05 20
1764573803881 3.3333333999999994e-05 25
1764573853070 4.000000059999998e-05 30
1764573902166 4.666666719999998e-05 35
1764573951437 5.333333379999998e-05 40
1764574000701 6.000000039999999e-05 45
1764574049790 6.666666699999998e-05 50
1764574098846 7.333333359999997e-05 55
1764574147920 8.000000019999998e-05 60
1764574196988 8.666666679999995e-05 65
1764574245981 9.333333339999997e-05 70
1764574294950 0.0001 75
1764574344102 9.99989562948196e-05 80
1764574393157 9.999582522307016e-05 85
1764574442339 9.999060691612515e-05 90
1764574491463 9.998330159293432e-05 95
1764574540540 9.997390956001438e-05 100
1764574589693 9.996243121143623e-05 105
1764574638880 9.994886702880838e-05 110
1764574688063 9.993321758125674e-05 115
1764574737290 9.991548352540084e-05 120
1764574786468 9.989566560532614e-05 125
1764574835664 9.987376465255283e-05 130
1764574884887 9.984978158600106e-05 135
1764574934080 9.982371741195228e-05 140
1764574983317 9.979557322400701e-05 145
1764575032615 9.976535020303902e-05 150
1764575081810 9.973304961714572e-05 155
1764575130969 9.969867282159503e-05 160
1764575180120 9.966222125876842e-05 165
1764575229301 9.962369645810048e-05 170
1764575278549 9.958310003601464e-05 175
1764575327714 9.954043369585553e-05 180
1764575376808 9.94956992278173e-05 185
1764575425949 9.944889850886861e-05 190
1764575475115 9.940003350267393e-05 195
1764575524171 9.934910625951105e-05 200
1764575573302 9.92961189161851e-05 205
1764575622335 9.924107369593887e-05 210
1764575671406 9.918397290835958e-05 215
1764575720698 9.912481894928185e-05 220
1764575769790 9.90636143006874e-05 225
1764575818924 9.900036153060066e-05 230
1764575868081 9.893506329298121e-05 235
1764575917284 9.88677223276123e-05 240
1764575966348 9.879834145998599e-05 245
1764576015451 9.872692360118452e-05 250
