1764573606749 1.2057291666666665 5
1764573656082 1.109375 10
1764573705427 1.1875 15
1764573754619 1.1901041666666665 20
1764573803881 1.140625 25
1764573853070 1.2161458333333333 30
1764573902166 1.0260416666666665 35
1764573951437 1.125 40
1764574000701 1.1223958333333333 45
1764574049790 1.0703125 50
1764574098846 1.1171875 55
1764574147920 1.125 60
1764574196988 1.1510416666666665 65
1764574245981 1.2057291666666665 70
1764574294950 1.1041666666666665 75
1764574344102 1.0416666666666665 80
1764574393157 1.0859375 85
1764574442339 1.02734375 90
1764574491463 1.0260416666666665 95
1764574540540 1.1484375 100
1764574589693 1.1744791666666665 105
1764574638880 1.078125 110
1764574688063 1.1119791666666665 115
1764574737290 1.0572916666666665 120
1764574786468 1.1197916666666665 125
1764574835664 1.0885416666666665 130
1764574884887 1.1223958333333333 135
1764574934080 1.1223958333333333 140
1764574983317 1.2239583333333333 145
1764575032615 1.0846354166666665 150
1764575081810 1.03125 155
1764575130969 1.0338541666666665 160
1764575180120 1.0807291666666665 165
1764575229301 1.0299479166666665 170
1764575278549 1.0364583333333333 175
1764575327714 1.0260416666666665 180
1764575376808 1.0729166666666665 185
1764575425949 1.0208333333333333 190
1764575475115 1.0716145833333333 195
1764575524171 1.0130208333333333 200
1764575573302 1.0625 205
1764575622335 1.1067708333333333 210
1764575671406 1.0833333333333333 215
1764575720698 1.0963541666666665 220
1764575769790 1.0625 225
1764575818924 1.0807291666666665 230
1764575868081 0.953125 235
1764575917284 1.0260416666666665 240
1764575966348 1.0260416666666665 245
1764576015451 0.984375 250
