1764573606749 1.4334144592285156 5
1764573656082 1.3475805521011353 10
1764573705427 1.4161652326583862 15
1764573754619 1.4150218168894448 20
1764573803881 1.366013487180074 25
1764573853070 1.4639712572097778 30
1764573902166 1.1883833010991414 35
1764573951437 1.321557323137919 40
1764574000701 1.324777364730835 45
1764574049790 1.2837584416071572 50
1764574098846 1.3385020891825357 55
1764574147920 1.3367323875427246 60
1764574196988 1.3546109994252522 65
1764574245981 1.443487008412679 70
1764574294950 1.2930442492167153 75
1764574344102 1.2227224906285603 80
1764574393157 1.2950859069824219 85
1764574442339 1.1981333494186401 90
1764574491463 1.211702823638916 95
1764574540540 1.3194984594980874 100
1764574589693 1.3832389513651528 105
1764574638880 1.2638322114944458 110
1764574688063 1.2854400078455606 115
1764574737290 1.2559350331624348 120
1764574786468 1.2934123675028482 125
1764574835664 1.2504032055536904 130
1764574884887 1.2992369731267293 135
1764574934080 1.2881420850753784 140
1764574983317 1.3986378908157349 145
1764575032615 1.2497682571411133 150
1764575081810 1.2037876447041829 155
1764575130969 1.204615592956543 160
1764575180120 1.2539235353469849 165
1764575229301 1.1611135005950928 170
1764575278549 1.1983717282613118 175
1764575327714 1.1732709010442097 180
1764575376808 1.2422882318496704 185
1764575425949 1.191620389620463 190
1764575475115 1.2238065004348755 195
1764575524171 1.1627712647120156 200
1764575573302 1.2377215226491292 205
1764575622335 1.2548511823018391 210
1764575671406 1.2661284605662027 215
1764575720698 1.2449065446853638 220
1764575769790 1.2436943054199219 225
1764575818924 1.2495777209599812 230
1764575868081 1.1069395939509072 235
1764575917284 1.184380054473877 240
1764575966348 1.1963972647984822 245
1764576015451 1.1326487859090169 250
