1764069765579 37.41456699371338 1
1764069773928 37.41456699371338 2
1764069782318 37.41456699371338 3
1764069790713 37.41456699371338 4
1764069799141 37.41456699371338 5
1764069807557 37.41456699371338 6
1764069816020 37.41456699371338 7
1764069824475 37.41456699371338 8
1764069832904 37.41456699371338 9
1764069841375 37.41456699371338 10
1764069849849 37.41456699371338 11
1764069858253 37.41456699371338 12
1764069866692 37.41456699371338 13
1764069875136 37.41456699371338 14
1764069883583 37.41456699371338 15
1764069892027 37.41456699371338 16
1764069900487 37.41456699371338 17
1764069908926 37.41456699371338 18
1764069917327 37.41456699371338 19
1764069925752 37.41456699371338 20
1764069934143 37.41456699371338 21
1764069942545 37.41456699371338 22
1764069950973 37.41456699371338 23
1764069959392 37.41456699371338 24
1764069967800 37.41456699371338 25
1764069976399 37.41456699371338 26
1764069984762 37.41456699371338 27
1764069993141 37.41456699371338 28
1764070001489 37.41456699371338 29
1764070009903 37.41456699371338 30
1764070018282 37.41456699371338 31
1764070026683 37.41456699371338 32
1764070035066 37.41456699371338 33
1764070043429 37.41456699371338 34
1764070051841 37.41456699371338 35
1764070060240 37.41456699371338 36
1764070068634 37.41456699371338 37
1764070077014 37.41456699371338 38
1764070085404 37.41456699371338 39
1764070093793 37.41456699371338 40
1764070102160 37.41456699371338 41
1764070110565 37.41456699371338 42
1764070118931 37.41456699371338 43
1764070127339 37.41456699371338 44
1764070135717 37.41456699371338 45
1764070144155 37.41456699371338 46
1764070152544 37.41456699371338 47
1764070160910 37.41456699371338 48
1764070169302 37.41456699371338 49
1764070177665 37.41456699371338 50
1764070186039 37.41456699371338 51
1764070194424 37.41456699371338 52
1764070202832 37.41456699371338 53
1764070211184 37.41456699371338 54
1764070219587 37.41456699371338 55
1764070228010 37.41456699371338 56
1764070236387 37.41456699371338 57
1764070244793 37.41456699371338 58
1764070253189 37.41456699371338 59
1764070261571 37.41456699371338 60
1764070269961 37.41456699371338 61
1764070278328 37.41456699371338 62
1764070286727 37.41456699371338 63
1764070295147 37.41456699371338 64
1764070303530 37.41456699371338 65
1764070311916 37.41456699371338 66
1764070320311 37.41456699371338 67
1764070328708 37.41456699371338 68
1764070337100 37.41456699371338 69
1764070345461 37.41456699371338 70
1764070353890 37.41456699371338 71
1764070362458 37.41456699371338 72
1764070370822 37.41456699371338 73
1764070379196 37.41456699371338 74
1764070387640 37.41456699371338 75
1764070396019 37.41456699371338 76
1764070404388 37.41456699371338 77
1764070412735 37.41456699371338 78
1764070421112 37.41456699371338 79
1764070429467 37.41456699371338 80
1764070437811 37.41456699371338 81
1764070446183 37.41456699371338 82
1764070454578 37.41456699371338 83
1764070462947 37.41456699371338 84
1764070471312 37.41456699371338 85
1764070479696 37.41456699371338 86
1764070488111 37.41456699371338 87
1764070496486 37.41456699371338 88
1764070504871 37.41456699371338 89
1764070513241 37.41456699371338 90
1764070521617 37.41456699371338 91
1764070529962 37.41456699371338 92
1764070538343 37.41456699371338 93
1764070546730 37.41456699371338 94
1764070555101 37.41456699371338 95
1764070563490 37.41456699371338 96
1764070571870 37.41456699371338 97
1764070580247 37.41456699371338 98
1764070588610 37.41456699371338 99
1764070597001 37.41456699371338 100
1764070605388 37.41456699371338 101
1764070613772 37.41456699371338 102
1764070622140 37.41456699371338 103
1764070630600 37.41456699371338 104
1764070639020 37.41456699371338 105
1764070647413 37.41456699371338 106
1764070655799 37.41456699371338 107
1764070664195 37.41456699371338 108
1764070672575 37.41456699371338 109
1764070680982 37.41456699371338 110
1764070689341 37.41456699371338 111
1764070697721 37.41456699371338 112
1764070706137 37.41456699371338 113
1764070714514 37.41456699371338 114
1764070722902 37.41456699371338 115
1764070731276 37.41456699371338 116
1764070739649 37.41456699371338 117
1764070748049 37.41456699371338 118
1764070756439 37.41456699371338 119
1764070764833 37.41456699371338 120
1764070773195 37.41456699371338 121
1764070781586 37.41456699371338 122
1764070789964 37.41456699371338 123
1764070798357 37.41456699371338 124
1764070806760 37.41456699371338 125
1764070815147 37.41456699371338 126
1764070823508 37.41456699371338 127
1764070831909 37.41456699371338 128
1764070840284 37.41456699371338 129
1764070848773 37.41456699371338 130
1764070857299 37.41456699371338 131
1764070865765 37.41456699371338 132
1764070874139 37.41456699371338 133
1764070882519 37.41456699371338 134
1764070890879 37.41456699371338 135
1764070899258 37.41456699371338 136
1764070907626 37.41456699371338 137
1764070915995 37.41456699371338 138
1764070924351 37.41456699371338 139
1764070932694 37.41456699371338 140
1764070941101 37.41456699371338 141
1764070949473 37.41456699371338 142
1764070957854 37.41456699371338 143
1764070966213 37.41456699371338 144
1764070974581 37.41456699371338 145
1764070982964 37.41456699371338 146
1764070991352 37.41456699371338 147
1764070999722 37.41456699371338 148
1764071008106 37.41456699371338 149
1764071016474 37.41456699371338 150
1764071024865 37.41456699371338 151
1764071033246 37.41456699371338 152
1764071041623 37.41456699371338 153
1764071050045 37.41456699371338 154
1764071058436 37.41456699371338 155
1764071066811 37.41456699371338 156
1764071075192 37.41456699371338 157
1764071083586 37.41456699371338 158
1764071091962 37.41456699371338 159
1764071100335 37.41456699371338 160
1764071108706 37.41456699371338 161
1764071117088 37.41456699371338 162
1764071125467 37.41456699371338 163
1764071133891 37.41456699371338 164
1764071142263 37.41456699371338 165
1764071150617 37.41456699371338 166
1764071158991 37.41456699371338 167
1764071167375 37.41456699371338 168
1764071175781 37.41456699371338 169
1764071184162 37.41456699371338 170
1764071192561 37.41456699371338 171
1764071200935 37.41456699371338 172
1764071209315 37.41456699371338 173
1764071217903 37.41456699371338 174
1764071226281 37.41456699371338 175
1764071234684 37.41456699371338 176
1764071243066 37.41456699371338 177
1764071251441 37.41456699371338 178
1764071259806 37.41456699371338 179
1764071268191 37.41456699371338 180
1764071276575 37.41456699371338 181
1764071284947 37.41456699371338 182
1764071293323 37.41456699371338 183
1764071301699 37.41456699371338 184
1764071310072 37.41456699371338 185
1764071318460 37.41456699371338 186
1764071326860 37.41456699371338 187
1764071335372 37.41456699371338 188
1764071343740 37.41456699371338 189
1764071352115 37.41456699371338 190
1764071360660 37.41456699371338 191
1764071369020 37.41456699371338 192
1764071377376 37.41456699371338 193
1764071385740 37.41456699371338 194
1764071394124 37.41456699371338 195
1764071402511 37.41456699371338 196
1764071410899 37.41456699371338 197
1764071419292 37.41456699371338 198
1764071427663 37.41456699371338 199
1764071436070 37.41456699371338 200
1764071444458 37.41456699371338 201
1764071452842 37.41456699371338 202
1764071461219 37.41456699371338 203
1764071469601 37.41456699371338 204
1764071478005 37.41456699371338 205
1764071486385 37.41456699371338 206
1764071494749 37.41456699371338 207
1764071503206 37.41456699371338 208
1764071511614 37.41456699371338 209
1764071520044 37.41456699371338 210
1764071528424 37.41456699371338 211
1764071536821 37.41456699371338 212
1764071545206 37.41456699371338 213
1764071553584 37.41456699371338 214
1764071562018 37.41456699371338 215
1764071570401 37.41456699371338 216
1764071578773 37.41456699371338 217
1764071587145 37.41456699371338 218
1764071595491 37.41456699371338 219
1764071603902 37.41456699371338 220
1764071612279 37.41456699371338 221
1764071620652 37.41456699371338 222
1764071629032 37.41456699371338 223
1764071637465 37.41456699371338 224
1764071645840 37.41456699371338 225
1764071654241 37.41456699371338 226
1764071662635 37.41456699371338 227
1764071671020 37.41456699371338 228
1764071679401 37.41456699371338 229
1764071687882 37.41456699371338 230
1764071696245 37.41456699371338 231
1764071704617 37.41456699371338 232
1764071713159 37.41456699371338 233
1764071721530 37.41456699371338 234
1764071729901 37.41456699371338 235
1764071738278 37.41456699371338 236
1764071746663 37.41456699371338 237
1764071755039 37.41456699371338 238
1764071763397 37.41456699371338 239
1764071771762 37.41456699371338 240
1764071780118 37.41456699371338 241
1764071788534 37.41456699371338 242
1764071796908 37.41456699371338 243
1764071805277 37.41456699371338 244
1764071813666 37.41456699371338 245
1764071822016 37.41456699371338 246
1764071830374 37.41456699371338 247
1764071838818 37.41456699371338 248
1764071847163 37.41456699371338 249
1764071855529 37.41456699371338 250
1764071863925 37.41456699371338 251
1764071872294 37.41456699371338 252
1764071880687 37.41456699371338 253
1764071889119 37.41456699371338 254
1764071897505 37.41456699371338 255
1764071905897 37.41456699371338 256
1764071914301 37.41456699371338 257
1764071922683 37.41456699371338 258
1764071931063 37.41456699371338 259
1764071939404 37.41456699371338 260
1764071947772 37.41456699371338 261
1764071956205 37.41456699371338 262
1764071964592 37.41456699371338 263
1764071973064 37.41456699371338 264
1764071981429 37.41456699371338 265
1764071989793 37.41456699371338 266
1764071998314 37.41456699371338 267
1764072006684 37.41456699371338 268
1764072015066 37.41456699371338 269
1764072023481 37.41456699371338 270
1764072031887 37.41456699371338 271
1764072040258 37.41456699371338 272
1764072048594 37.41456699371338 273
1764072056961 37.41456699371338 274
1764072065338 37.41456699371338 275
1764072073699 37.41456699371338 276
1764072082074 37.41456699371338 277
1764072090466 37.41456699371338 278
1764072098869 37.41456699371338 279
1764072107277 37.41456699371338 280
1764072115674 37.41456699371338 281
1764072124051 37.41456699371338 282
1764072132405 37.41456699371338 283
1764072140835 37.41456699371338 284
1764072149195 37.41456699371338 285
1764072157554 37.41456699371338 286
1764072165962 37.41456699371338 287
1764072174347 37.41456699371338 288
1764072182753 37.41456699371338 289
1764072191133 37.41456699371338 290
1764072199519 37.41456699371338 291
1764072207895 37.41456699371338 292
1764072216260 37.41456699371338 293
1764072224636 37.41456699371338 294
1764072233025 37.41456699371338 295
1764072241453 37.41456699371338 296
1764072249869 37.41456699371338 297
1764072258230 37.41456699371338 298
1764072266623 37.41456699371338 299
1764072274998 37.41456699371338 300
1764072283350 37.41456699371338 301
1764072291712 37.41456699371338 302
1764072300104 37.41456699371338 303
1764072308539 37.41456699371338 304
1764072316937 37.41456699371338 305
1764072325296 37.41456699371338 306
1764072333659 37.41456699371338 307
1764072342059 37.41456699371338 308
1764072350437 37.41456699371338 309
1764072358824 37.41456699371338 310
1764072367293 37.41456699371338 311
1764072375668 37.41456699371338 312
1764072440187 37.41456747055054 314
1764072448601 37.41456747055054 315
1764072456985 37.41456747055054 316
1764072465366 37.41456747055054 317
1764072473753 37.41456747055054 318
1764072482157 37.41456747055054 319
1764072490529 37.41456747055054 320
1764072498917 37.41456747055054 321
1764072507306 37.41456747055054 322
1764072515755 37.41456747055054 323
1764072524175 37.41456747055054 324
1764072532559 37.41456747055054 325
1764072540962 37.41456747055054 326
1764072549348 37.41456747055054 327
1764072557752 37.41456747055054 328
1764072566186 37.41456747055054 329
1764072574569 37.41456747055054 330
1764072582961 37.41456747055054 331
1764072591391 37.41456747055054 332
1764072599836 37.41456747055054 333
1764072608217 37.41456747055054 334
1764072616572 37.41456747055054 335
1764072624970 37.41456747055054 336
1764072633342 37.41456747055054 337
1764072641714 37.41456747055054 338
1764072650116 37.41456747055054 339
1764072658515 37.41456747055054 340
1764072666902 37.41456747055054 341
1764072675282 37.41456747055054 342
1764072683645 37.41456747055054 343
1764072692179 37.41456747055054 344
1764072700553 37.41456747055054 345
1764072708917 37.41456747055054 346
1764072717289 37.41456747055054 347
1764072725697 37.41456747055054 348
1764072734057 37.41456747055054 349
1764072742412 37.41456747055054 350
1764072750760 37.41456747055054 351
1764072759150 37.41456747055054 352
1764072767561 37.41456747055054 353
1764072775960 37.41456747055054 354
1764072784368 37.41456747055054 355
1764072792749 37.41456747055054 356
1764072801138 37.41456747055054 357
1764072809512 37.41456747055054 358
1764072817936 37.41456747055054 359
1764072826318 37.41456747055054 360
1764072834679 37.41456747055054 361
1764072843104 37.41456747055054 362
1764072851483 37.41456747055054 363
1764072859881 37.41456747055054 364
1764072868272 37.41456747055054 365
1764072876648 37.41456747055054 366
1764072885174 37.41456747055054 367
1764072893558 37.41456747055054 368
1764072901949 37.41456747055054 369
1764072910324 37.41456747055054 370
1764072918693 37.41456747055054 371
1764072927258 37.41456747055054 372
1764072935616 37.41456747055054 373
1764072943996 37.41456747055054 374
1764072952425 37.41456747055054 375
1764072960819 37.41456747055054 376
1764072969227 37.41456747055054 377
1764072977622 37.41456747055054 378
1764072986000 37.41456747055054 379
1764072994376 37.41456747055054 380
1764073002746 37.41456747055054 381
1764073011150 37.41456747055054 382
1764073019528 37.41456747055054 383
1764073027928 37.41456747055054 384
1764073036334 37.41456747055054 385
1764073044716 37.41456747055054 386
1764073053157 37.41456747055054 387
1764073061522 37.41456747055054 388
1764073069925 37.41456747055054 389
1764073078327 37.41456747055054 390
1764073086694 37.41456747055054 391
1764073095111 37.41456747055054 392
1764073103493 37.41456747055054 393
1764073111878 37.41456747055054 394
1764073120238 37.41456747055054 395
1764073128621 37.41456747055054 396
1764073137013 37.41456747055054 397
1764073145432 37.41456747055054 398
1764073153833 37.41456747055054 399
1764073162242 37.41456747055054 400
1764073170621 37.41456747055054 401
1764073178962 37.41456747055054 402
1764073187327 37.41456747055054 403
1764073195727 37.41456747055054 404
1764073204099 37.41456747055054 405
1764073212480 37.41456747055054 406
1764073220868 37.41456747055054 407
1764073229250 37.41456747055054 408
1764073237646 37.41456747055054 409
1764073246050 37.41456747055054 410
1764073254443 37.41456747055054 411
1764073262841 37.41456747055054 412
1764073271246 37.41456747055054 413
1764073279608 37.41456747055054 414
1764073287973 37.41456747055054 415
1764073296443 37.41456747055054 416
1764073304810 37.41456747055054 417
1764073313182 37.41456747055054 418
1764073321547 37.41456747055054 419
1764073329930 37.41456747055054 420
1764073338317 37.41456747055054 421
1764073346683 37.41456747055054 422
1764073355060 37.41456747055054 423
1764073363415 37.41456747055054 424
1764073371781 37.41456747055054 425
1764073380334 37.41456747055054 426
1764073388732 37.41456747055054 427
1764073397091 37.41456747055054 428
1764073405495 37.41456747055054 429
1764073413935 37.41456747055054 430
1764073422366 37.41456747055054 431
1764073430918 37.41456747055054 432
1764073439307 37.41456747055054 433
1764073447675 37.41456747055054 434
1764073456041 37.41456747055054 435
1764073464405 37.41456747055054 436
1764073472787 37.41456747055054 437
1764073481159 37.41456747055054 438
1764073489575 37.41456747055054 439
1764073497956 37.41456747055054 440
1764073506319 37.41456747055054 441
1764073514717 37.41456747055054 442
1764073523098 37.41456747055054 443
1764073531499 37.41456747055054 444
1764073539887 37.41456747055054 445
1764073548265 37.41456747055054 446
1764073556622 37.41456747055054 447
1764073565129 37.41456747055054 448
1764073573504 37.41456747055054 449
1764073581876 37.41456747055054 450
1764073590236 37.41456747055054 451
1764073598639 37.41456747055054 452
1764073607035 37.41456747055054 453
1764073615417 37.41456747055054 454
1764073623831 37.41456747055054 455
1764073632248 37.41456747055054 456
1764073640632 37.41456747055054 457
1764073649028 37.41456747055054 458
1764073657411 37.41456747055054 459
1764073665793 37.41456747055054 460
1764073674197 37.41456747055054 461
1764073682618 37.41456747055054 462
1764073690982 37.41456747055054 463
1764073699377 37.41456747055054 464
1764073707780 37.41456747055054 465
1764073716185 37.41456747055054 466
1764073724544 37.41456747055054 467
1764073733053 37.41456747055054 468
1764073741431 37.41456747055054 469
1764073749806 37.41456747055054 470
1764073758211 37.41456747055054 471
1764073766574 37.41456747055054 472
1764073774952 37.41456747055054 473
1764073783524 37.41456747055054 474
1764073791892 37.41456747055054 475
1764073800232 37.41456747055054 476
1764073808628 37.41456747055054 477
1764073817001 37.41456747055054 478
1764073825364 37.41456747055054 479
1764073833746 37.41456747055054 480
1764073842171 37.41456747055054 481
1764073850562 37.41456747055054 482
1764073858921 37.41456747055054 483
1764073867272 37.41456747055054 484
1764073875637 37.41456747055054 485
1764073884041 37.41456747055054 486
1764073892454 37.41456747055054 487
1764073900829 37.41456747055054 488
1764073909205 37.41456747055054 489
1764073917619 37.41456747055054 490
1764073925976 37.41456747055054 491
1764073934346 37.41456747055054 492
1764073942715 37.41456747055054 493
1764073951105 37.41456747055054 494
1764073959467 37.41456747055054 495
1764073967855 37.41456747055054 496
1764073976192 37.41456747055054 497
1764073984592 37.41456747055054 498
1764073992983 37.41456747055054 499
1764074001331 37.41456747055054 500
1764074009838 37.41456747055054 501
1764074018189 37.41456747055054 502
1764074026571 37.41456747055054 503
1764074034976 37.41456747055054 504
1764074043357 37.41456747055054 505
1764074051731 37.41456747055054 506
1764074060284 37.41456747055054 507
1764074068795 37.41456747055054 508
1764074077164 37.41456747055054 509
1764074085583 37.41456747055054 510
1764074093958 37.41456747055054 511
1764074102397 37.41456747055054 512
1764074110803 37.41456747055054 513
1764074119192 37.41456747055054 514
1764074127565 37.41456747055054 515
1764074135960 37.41456747055054 516
1764074144355 37.41456747055054 517
1764074152753 37.41456747055054 518
1764074161163 37.41456747055054 519
1764074169537 37.41456747055054 520
1764074177932 37.41456747055054 521
1764074186307 37.41456747055054 522
1764074194708 37.41456747055054 523
1764074203108 37.41456747055054 524
1764074211484 37.41456747055054 525
1764074219876 37.41456747055054 526
1764074228229 37.41456747055054 527
1764074236662 37.41456747055054 528
1764074245041 37.41456747055054 529
1764074253413 37.41456747055054 530
1764074261822 37.41456747055054 531
1764074270194 37.41456747055054 532
1764074278579 37.41456747055054 533
1764074286976 37.41456747055054 534
1764074295362 37.41456747055054 535
1764074303744 37.41456747055054 536
1764074312146 37.41456747055054 537
1764074320521 37.41456747055054 538
1764074328927 37.41456747055054 539
1764074337333 37.41456747055054 540
1764074345700 37.41456747055054 541
1764074354100 37.41456747055054 542
1764074362466 37.41456747055054 543
1764074370832 37.41456747055054 544
1764074379198 37.41456747055054 545
1764074387591 37.41456747055054 546
1764074395972 37.41456747055054 547
1764074404342 37.41456747055054 548
1764074412718 37.41456747055054 549
1764074421262 37.41456747055054 550
1764074429650 37.41456747055054 551
1764074438029 37.41456747055054 552
1764074446425 37.41456747055054 553
1764074454801 37.41456747055054 554
1764074463169 37.41456747055054 555
1764074471556 37.41456747055054 556
1764074479935 37.41456747055054 557
1764074488343 37.41456747055054 558
1764074496741 37.41456747055054 559
1764074505132 37.41456747055054 560
1764074513510 37.41456747055054 561
1764074521894 37.41456747055054 562
1764074530256 37.41456747055054 563
1764074538644 37.41456747055054 564
1764074547029 37.41456747055054 565
1764074555438 37.41456747055054 566
1764074563819 37.41456747055054 567
1764074572195 37.41456747055054 568
1764074580613 37.41456747055054 569
1764074589005 37.41456747055054 570
1764074597394 37.41456747055054 571
1764074605775 37.41456747055054 572
1764074614151 37.41456747055054 573
1764074622559 37.41456747055054 574
1764074630949 37.41456747055054 575
1764074639348 37.41456747055054 576
1764074647746 37.41456747055054 577
1764074656156 37.41456747055054 578
1764074664545 37.41456747055054 579
1764074672917 37.41456747055054 580
1764074681316 37.41456747055054 581
1764074689706 37.41456747055054 582
1764074698197 37.41456747055054 583
1764074706601 37.41456747055054 584
1764074715030 37.41456747055054 585
1764074723431 37.41456747055054 586
1764074731814 37.41456747055054 587
1764074740240 37.41456747055054 588
1764074748612 37.41456747055054 589
1764074757017 37.41456747055054 590
1764074765385 37.41456747055054 591
1764074773768 37.41456747055054 592
1764074782157 37.41456747055054 593
1764074790547 37.41456747055054 594
1764074798959 37.41456747055054 595
1764074807394 37.41456747055054 596
1764074815801 37.41456747055054 597
1764074824166 37.41456747055054 598
1764074832531 37.41456747055054 599
1764074840932 37.41456747055054 600
1764074849341 37.41456747055054 601
1764074857701 37.41456747055054 602
1764074866127 37.41456747055054 603
1764074874512 37.41456747055054 604
1764074882968 37.41456747055054 605
1764074891341 37.41456747055054 606
1764074899732 37.41456747055054 607
1764074908138 37.41456747055054 608
1764074916513 37.41456747055054 609
1764074924906 37.41456747055054 610
1764074933318 37.41456747055054 611
1764074941813 37.41456747055054 612
1764074950168 37.41456747055054 613
1764074958600 37.41456747055054 614
1764074966956 37.41456747055054 615
1764074975326 37.41456747055054 616
1764074983706 37.41456747055054 617
1764074992075 37.41456747055054 618
1764075000463 37.41456747055054 619
1764075008848 37.41456747055054 620
1764075017236 37.41456747055054 621
1764075025610 37.41456747055054 622
1764075034044 37.41456747055054 623
1764075042400 37.41456747055054 624
1764075050764 37.41456747055054 625
1764075115339 37.41456747055054 627
1764075123707 37.41456747055054 628
1764075132045 37.41456747055054 629
1764075140422 37.41456747055054 630
1764075148775 37.41456747055054 631
1764075157132 37.41456747055054 632
1764075165510 37.41456747055054 633
1764075173867 37.41456747055054 634
1764075182262 37.41456747055054 635
1764075190659 37.41456747055054 636
1764075199066 37.41456747055054 637
1764075207527 37.41456747055054 638
1764075215939 37.41456747055054 639
1764075224317 37.41456747055054 640
1764075232709 37.41456747055054 641
1764075241072 37.41456747055054 642
1764075249483 37.41456747055054 643
1764075257925 37.41456747055054 644
1764075266672 37.41456747055054 645
1764075275058 37.41456747055054 646
1764075283422 37.41456747055054 647
1764075291783 37.41456747055054 648
1764075300183 37.41456747055054 649
1764075308601 37.41456747055054 650
1764075316965 37.41456747055054 651
1764075325361 37.41456747055054 652
1764075333915 37.41456747055054 653
1764075342264 37.41456747055054 654
1764075350671 37.41456747055054 655
1764075359038 37.41456747055054 656
1764075367632 37.41456747055054 657
1764075375980 37.41456747055054 658
1764075384339 37.41456747055054 659
1764075392725 37.41456747055054 660
1764075401094 37.41456747055054 661
1764075409502 37.41456747055054 662
1764075417871 37.41456747055054 663
1764075426291 37.41456747055054 664
1764075434671 37.41456747055054 665
1764075443103 37.41456747055054 666
1764075451522 37.41456747055054 667
1764075459920 37.41456747055054 668
1764075468299 37.41456747055054 669
1764075476695 37.41456747055054 670
1764075485088 37.41456747055054 671
1764075493495 37.41456747055054 672
1764075501876 37.41456747055054 673
1764075510254 37.41456747055054 674
1764075518618 37.41456747055054 675
1764075526983 37.41456747055054 676
1764075535406 37.41456747055054 677
1764075543786 37.41456747055054 678
1764075552211 37.41456747055054 679
1764075560571 37.41456747055054 680
1764075568997 37.41456747055054 681
1764075577390 37.41456747055054 682
1764075585758 37.41456747055054 683
1764075594142 37.41456747055054 684
1764075602550 37.41456747055054 685
1764075611023 37.41456747055054 686
1764075619420 37.41456747055054 687
1764075627795 37.41456747055054 688
1764075636172 37.41456747055054 689
1764075644548 37.41456747055054 690
1764075653059 37.41456747055054 691
1764075661436 37.41456747055054 692
1764075669824 37.41456747055054 693
1764075678222 37.41456747055054 694
1764075686627 37.41456747055054 695
1764075695005 37.41456747055054 696
1764075703461 37.41456747055054 697
1764075711817 37.41456747055054 698
1764075720177 37.41456747055054 699
1764075728535 37.41456747055054 700
1764075736896 37.41456747055054 701
1764075745265 37.41456747055054 702
1764075753619 37.41456747055054 703
1764075761981 37.41456747055054 704
1764075770371 37.41456747055054 705
1764075778753 37.41456747055054 706
1764075787134 37.41456747055054 707
1764075795528 37.41456747055054 708
1764075803915 37.41456747055054 709
1764075812324 37.41456747055054 710
1764075820689 37.41456747055054 711
1764075829047 37.41456747055054 712
1764075837452 37.41456747055054 713
1764075845854 37.41456747055054 714
1764075854233 37.41456747055054 715
1764075862628 37.41456747055054 716
1764075871007 37.41456747055054 717
1764075879394 37.41456747055054 718
1764075887779 37.41456747055054 719
1764075896171 37.41456747055054 720
1764075904560 37.41456747055054 721
1764075912941 37.41456747055054 722
1764075921290 37.41456747055054 723
1764075929678 37.41456747055054 724
1764075938063 37.41456747055054 725
1764075946430 37.41456747055054 726
1764075954869 37.41456747055054 727
1764075963228 37.41456747055054 728
1764075971630 37.41456747055054 729
1764075980016 37.41456747055054 730
1764075988384 37.41456747055054 731
1764075996789 37.41456747055054 732
1764076005140 37.41456747055054 733
1764076013540 37.41456747055054 734
1764076021953 37.41456747055054 735
1764076030364 37.41456747055054 736
1764076038748 37.41456747055054 737
1764076047132 37.41456747055054 738
1764076055521 37.41456747055054 739
1764076063907 37.41456747055054 740
1764076072271 37.41456747055054 741
1764076080641 37.41456747055054 742
1764076089062 37.41456747055054 743
1764076097441 37.41456747055054 744
1764076105835 37.41456747055054 745
1764076114222 37.41456747055054 746
1764076122606 37.41456747055054 747
1764076131095 37.41456747055054 748
1764076139466 37.41456747055054 749
1764076147852 37.41456747055054 750
1764076156217 37.41456747055054 751
1764076164570 37.41456747055054 752
1764076172947 37.41456747055054 753
1764076181318 37.41456747055054 754
1764076189700 37.41456747055054 755
1764076198092 37.41456747055054 756
1764076206467 37.41456747055054 757
1764076214841 37.41456747055054 758
1764076223227 37.41456747055054 759
1764076231615 37.41456747055054 760
1764076239999 37.41456747055054 761
1764076248363 37.41456747055054 762
1764076256740 37.41456747055054 763
1764076265124 37.41456747055054 764
1764076273497 37.41456747055054 765
1764076281940 37.41456747055054 766
1764076290322 37.41456747055054 767
1764076298665 37.41456747055054 768
1764076307056 37.41456747055054 769
1764076315459 37.41456747055054 770
1764076323831 37.41456747055054 771
1764076332246 37.41456747055054 772
1764076340608 37.41456747055054 773
1764076349007 37.41456747055054 774
1764076357419 37.41456747055054 775
1764076365780 37.41456747055054 776
1764076374172 37.41456747055054 777
1764076382560 37.41456747055054 778
1764076390933 37.41456747055054 779
1764076399329 37.41456747055054 780
1764076407699 37.41456747055054 781
1764076416072 37.41456747055054 782
1764076424451 37.41456747055054 783
1764076432843 37.41456747055054 784
1764076441242 37.41456747055054 785
1764076449624 37.41456747055054 786
1764076458012 37.41456747055054 787
1764076466394 37.41456747055054 788
1764076474775 37.41456747055054 789
1764076483257 37.41456747055054 790
1764076491636 37.41456747055054 791
1764076499995 37.41456747055054 792
1764076508455 37.41456747055054 793
1764076516824 37.41456747055054 794
1764076525203 37.41456747055054 795
1764076533705 37.41456747055054 796
1764076542089 37.41456747055054 797
1764076550442 37.41456747055054 798
1764076558795 37.41456747055054 799
1764076567144 37.41456747055054 800
1764076575513 37.41456747055054 801
1764076583968 37.41456747055054 802
1764076592343 37.41456747055054 803
1764076600709 37.41456747055054 804
1764076609063 37.41456747055054 805
1764076617438 37.41456747055054 806
1764076625812 37.41456747055054 807
1764076634321 37.41456747055054 808
1764076642712 37.41456747055054 809
1764076651094 37.41456747055054 810
1764076659463 37.41456747055054 811
1764076667844 37.41456747055054 812
1764076676256 37.41456747055054 813
1764076684649 37.41456747055054 814
1764076693004 37.41456747055054 815
1764076701385 37.41456747055054 816
1764076709741 37.41456747055054 817
1764076718135 37.41456747055054 818
1764076726476 37.41456747055054 819
1764076734831 37.41456747055054 820
1764076743216 37.41456747055054 821
1764076751624 37.41456747055054 822
1764076760010 37.41456747055054 823
1764076768376 37.41456747055054 824
1764076776797 37.41456747055054 825
1764076785170 37.41456747055054 826
1764076793575 37.41456747055054 827
1764076801980 37.41456747055054 828
1764076810360 37.41456747055054 829
1764076818735 37.41456747055054 830
1764076827093 37.41456747055054 831
1764076835538 37.41456747055054 832
1764076843921 37.41456747055054 833
1764076852336 37.41456747055054 834
1764076860677 37.41456747055054 835
1764076869033 37.41456747055054 836
1764076877393 37.41456747055054 837
1764076885771 37.41456747055054 838
1764076894189 37.41456747055054 839
1764076902552 37.41456747055054 840
1764076910931 37.41456747055054 841
1764076919333 37.41456747055054 842
1764076927723 37.41456747055054 843
1764076936135 37.41456747055054 844
1764076944503 37.41456747055054 845
1764076952908 37.41456747055054 846
1764076961286 37.41456747055054 847
1764076969785 37.41456747055054 848
1764076978189 37.41456747055054 849
1764076986696 37.41456747055054 850
1764076995063 37.41456747055054 851
1764077003419 37.41456747055054 852
1764077011791 37.41456747055054 853
1764077020175 37.41456747055054 854
1764077028573 37.41456747055054 855
1764077037110 37.41456747055054 856
1764077045504 37.41456747055054 857
1764077053885 37.41456747055054 858
1764077062239 37.41456747055054 859
1764077070628 37.41456747055054 860
1764077078999 37.41456747055054 861
1764077087376 37.41456747055054 862
1764077095769 37.41456747055054 863
1764077104148 37.41456747055054 864
1764077112557 37.41456747055054 865
1764077120961 37.41456747055054 866
1764077129339 37.41456747055054 867
1764077137729 37.41456747055054 868
1764077146090 37.41456747055054 869
1764077154482 37.41456747055054 870
1764077162859 37.41456747055054 871
1764077171247 37.41456747055054 872
1764077179653 37.41456747055054 873
1764077188044 37.41456747055054 874
1764077196455 37.41456747055054 875
1764077204835 37.41456747055054 876
1764077213190 37.41456747055054 877
1764077221548 37.41456747055054 878
1764077229956 37.41456747055054 879
1764077238348 37.41456747055054 880
1764077246752 37.41456747055054 881
1764077255142 37.41456747055054 882
1764077263553 37.41456747055054 883
1764077272012 37.41456747055054 884
1764077280390 37.41456747055054 885
1764077288761 37.41456747055054 886
1764077297175 37.41456747055054 887
1764077305539 37.41456747055054 888
1764077313940 37.41456747055054 889
1764077322445 37.41456747055054 890
1764077330882 37.41456747055054 891
1764077339267 37.41456747055054 892
1764077347650 37.41456747055054 893
1764077356051 37.41456747055054 894
1764077364423 37.41456747055054 895
1764077372789 37.41456747055054 896
1764077381164 37.41456747055054 897
1764077389688 37.41456747055054 898
1764077398113 37.41456747055054 899
1764077406526 37.41456747055054 900
1764077414895 37.41456747055054 901
1764077423255 37.41456747055054 902
1764077431639 37.41456747055054 903
1764077440025 37.41456747055054 904
1764077448391 37.41456747055054 905
1764077456767 37.41456747055054 906
1764077465138 37.41456747055054 907
1764077473538 37.41456747055054 908
1764077481919 37.41456747055054 909
1764077490301 37.41456747055054 910
1764077498736 37.41456747055054 911
1764077507107 37.41456747055054 912
1764077515515 37.41456747055054 913
1764077523868 37.41456747055054 914
1764077532311 37.41456747055054 915
1764077540726 37.41456747055054 916
1764077549141 37.41456747055054 917
1764077557535 37.41456747055054 918
1764077565926 37.41456747055054 919
1764077574312 37.41456747055054 920
1764077582680 37.41456747055054 921
1764077591059 37.41456747055054 922
1764077599449 37.41456747055054 923
1764077607939 37.41456747055054 924
1764077616328 37.41456747055054 925
1764077624725 37.41456747055054 926
1764077633112 37.41456747055054 927
1764077641504 37.41456747055054 928
1764077649883 37.41456747055054 929
1764077658239 37.41456747055054 930
1764077666765 37.41456747055054 931
1764077675181 37.41456747055054 932
1764077683614 37.41456747055054 933
1764077691982 37.41456747055054 934
1764077700373 37.41456747055054 935
1764077708766 37.41456747055054 936
1764077717162 37.41456747055054 937
1764077725525 37.41456747055054 938
1764077790154 37.41456747055054 940
1764077798561 37.41456747055054 941
1764077806921 37.41456747055054 942
1764077815279 37.41456747055054 943
1764077823712 37.41456747055054 944
1764077832108 37.41456747055054 945
1764077840509 37.41456747055054 946
1764077848907 37.41456747055054 947
1764077857310 37.41456747055054 948
1764077865711 37.41456747055054 949
1764077874115 37.41456747055054 950
1764077882560 37.41456747055054 951
1764077890953 37.41456747055054 952
1764077899377 37.41456747055054 953
1764077907924 37.41456747055054 954
1764077916374 37.41456747055054 955
1764077924755 37.41456747055054 956
1764077933157 37.41456747055054 957
1764077941544 37.41456747055054 958
1764077949934 37.41456747055054 959
1764077958345 37.41456747055054 960
1764077966735 37.41456747055054 961
1764077975141 37.41456747055054 962
1764077983539 37.41456747055054 963
1764077991994 37.41456747055054 964
1764078000354 37.41456747055054 965
1764078008721 37.41456747055054 966
1764078017090 37.41456747055054 967
1764078025466 37.41456747055054 968
1764078033869 37.41456747055054 969
1764078042255 37.41456747055054 970
1764078050700 37.41456747055054 971
1764078059082 37.41456747055054 972
1764078067465 37.41456747055054 973
1764078075882 37.41456747055054 974
1764078084282 37.41456747055054 975
1764078092656 37.41456747055054 976
1764078101062 37.41456747055054 977
1764078109460 37.41456747055054 978
1764078117847 37.41456747055054 979
1764078126246 37.41456747055054 980
1764078134663 37.41456747055054 981
1764078143066 37.41456747055054 982
1764078151425 37.41456747055054 983
1764078159803 37.41456747055054 984
1764078168169 37.41456747055054 985
1764078176569 37.41456747055054 986
1764078184979 37.41456747055054 987
1764078193525 37.41456747055054 988
1764078201939 37.41456747055054 989
1764078210334 37.41456747055054 990
1764078218732 37.41456747055054 991
1764078227163 37.41456747055054 992
1764078235553 37.41456747055054 993
1764078243941 37.41456747055054 994
1764078252288 37.41456747055054 995
1764078260655 37.41456747055054 996
1764078269053 37.41456747055054 997
1764078277439 37.41456747055054 998
1764078285849 37.41456747055054 999
1764078294263 37.41456747055054 1000
1764078302660 37.41456747055054 1001
1764078311055 37.41456747055054 1002
1764078319440 37.41456747055054 1003
1764078327821 37.41456747055054 1004
1764078336170 37.41456747055054 1005
1764078344566 37.41456747055054 1006
1764078353019 37.41456747055054 1007
1764078361407 37.41456747055054 1008
1764078369779 37.41456747055054 1009
1764078378149 37.41456747055054 1010
1764078386530 37.41456747055054 1011
1764078394944 37.41456747055054 1012
1764078403333 37.41456747055054 1013
1764078411738 37.41456747055054 1014
1764078420136 37.41456747055054 1015
1764078428534 37.41456747055054 1016
1764078436887 37.41456747055054 1017
1764078445292 37.41456747055054 1018
1764078453681 37.41456747055054 1019
1764078462053 37.41456747055054 1020
1764078470465 37.41456747055054 1021
1764078478861 37.41456747055054 1022
1764078487242 37.41456747055054 1023
1764078495650 37.41456747055054 1024
1764078504071 37.41456747055054 1025
1764078512435 37.41456747055054 1026
1764078520815 37.41456747055054 1027
1764078529195 37.41456747055054 1028
1764078537575 37.41456747055054 1029
1764078546066 37.41456747055054 1030
1764078554457 37.41456747055054 1031
1764078562864 37.41456747055054 1032
1764078571254 37.41456747055054 1033
1764078579656 37.41456747055054 1034
1764078588248 37.41456747055054 1035
1764078596604 37.41456747055054 1036
1764078604967 37.41456747055054 1037
1764078613346 37.41456747055054 1038
1764078621757 37.41456747055054 1039
1764078630144 37.41456747055054 1040
1764078638526 37.41456747055054 1041
1764078646905 37.41456747055054 1042
1764078655334 37.41456747055054 1043
1764078663684 37.41456747055054 1044
1764078672067 37.41456747055054 1045
1764078680437 37.41456747055054 1046
1764078688837 37.41456747055054 1047
1764078697261 37.41456747055054 1048
1764078705595 37.41456747055054 1049
1764078713974 37.41456747055054 1050
1764078722395 37.41456747055054 1051
1764078730775 37.41456747055054 1052
1764078739138 37.41456747055054 1053
1764078747535 37.41456747055054 1054
1764078755916 37.41456747055054 1055
1764078764302 37.41456747055054 1056
1764078772680 37.41456747055054 1057
1764078781172 37.41456747055054 1058
1764078789572 37.41456747055054 1059
1764078797939 37.41456747055054 1060
1764078806345 37.41456747055054 1061
1764078814740 37.41456747055054 1062
1764078823173 37.41456747055054 1063
1764078831665 37.41456747055054 1064
1764078840038 37.41456747055054 1065
1764078848416 37.41456747055054 1066
1764078856787 37.41456747055054 1067
1764078865160 37.41456747055054 1068
1764078873557 37.41456747055054 1069
1764078881922 37.41456747055054 1070
1764078890306 37.41456747055054 1071
1764078898676 37.41456747055054 1072
1764078907061 37.41456747055054 1073
1764078915416 37.41456747055054 1074
1764078923771 37.41456747055054 1075
1764078932161 37.41456747055054 1076
1764078940539 37.41456747055054 1077
1764078948968 37.41456747055054 1078
1764078957349 37.41456747055054 1079
1764078965747 37.41456747055054 1080
1764078974133 37.41456747055054 1081
1764078982524 37.41456747055054 1082
1764078990925 37.41456747055054 1083
1764078999343 37.41456747055054 1084
1764079007742 37.41456747055054 1085
1764079016171 37.41456747055054 1086
1764079024581 37.41456747055054 1087
1764079032973 37.41456747055054 1088
1764079041369 37.41456747055054 1089
1764079049742 37.41456747055054 1090
1764079058124 37.41456747055054 1091
1764079066542 37.41456747055054 1092
1764079074932 37.41456747055054 1093
1764079083317 37.41456747055054 1094
1764079091923 37.41456747055054 1095
1764079100299 37.41456747055054 1096
1764079108694 37.41456747055054 1097
1764079117106 37.41456747055054 1098
1764079125485 37.41456747055054 1099
1764079133861 37.41456747055054 1100
1764079142264 37.41456747055054 1101
1764079150648 37.41456747055054 1102
1764079159046 37.41456747055054 1103
1764079167443 37.41456747055054 1104
1764079175826 37.41456747055054 1105
1764079184263 37.41456747055054 1106
1764079192642 37.41456747055054 1107
1764079201076 37.41456747055054 1108
1764079209446 37.41456747055054 1109
1764079217835 37.41456747055054 1110
1764079226218 37.41456747055054 1111
1764079234631 37.41456747055054 1112
1764079243002 37.41456747055054 1113
1764079251388 37.41456747055054 1114
1764079259781 37.41456747055054 1115
1764079268181 37.41456747055054 1116
1764079276559 37.41456747055054 1117
1764079285073 37.41456747055054 1118
1764079293448 37.41456747055054 1119
1764079301820 37.41456747055054 1120
1764079310228 37.41456747055054 1121
1764079318618 37.41456747055054 1122
1764079327036 37.41456747055054 1123
1764079335443 37.41456747055054 1124
1764079343802 37.41456747055054 1125
1764079352187 37.41456747055054 1126
1764079360548 37.41456747055054 1127
1764079368922 37.41456747055054 1128
1764079377303 37.41456747055054 1129
1764079385676 37.41456747055054 1130
1764079394040 37.41456747055054 1131
1764079402468 37.41456747055054 1132
1764079410861 37.41456747055054 1133
1764079419242 37.41456747055054 1134
1764079427608 37.41456747055054 1135
1764079435988 37.41456747055054 1136
1764079444524 37.41456747055054 1137
1764079452935 37.41456747055054 1138
1764079461316 37.41456747055054 1139
1764079469682 37.41456747055054 1140
1764079478044 37.41456747055054 1141
1764079486446 37.41456747055054 1142
1764079494814 37.41456747055054 1143
1764079503226 37.41456747055054 1144
1764079511601 37.41456747055054 1145
1764079519979 37.41456747055054 1146
1764079528380 37.41456747055054 1147
1764079536786 37.41456747055054 1148
1764079545185 37.41456747055054 1149
1764079553540 37.41456747055054 1150
1764079561896 37.41456747055054 1151
1764079570274 37.41456747055054 1152
1764079578628 37.41456747055054 1153
1764079587021 37.41456747055054 1154
1764079595388 37.41456747055054 1155
1764079603807 37.41456747055054 1156
1764079612197 37.41456747055054 1157
1764079620537 37.41456747055054 1158
1764079628896 37.41456747055054 1159
1764079637400 37.41456747055054 1160
1764079645777 37.41456747055054 1161
1764079654168 37.41456747055054 1162
1764079662557 37.41456747055054 1163
1764079670920 37.41456747055054 1164
1764079679283 37.41456747055054 1165
1764079687640 37.41456747055054 1166
1764079696121 37.41456747055054 1167
1764079704504 37.41456747055054 1168
1764079712886 37.41456747055054 1169
1764079721364 37.41456747055054 1170
1764079729736 37.41456747055054 1171
1764079738118 37.41456747055054 1172
1764079746488 37.41456747055054 1173
1764079754867 37.41456747055054 1174
1764079763229 37.41456747055054 1175
1764079771650 37.41456747055054 1176
1764079780041 37.41456747055054 1177
1764079788423 37.41456747055054 1178
1764079796813 37.41456747055054 1179
1764079805215 37.41456747055054 1180
1764079813582 37.41456747055054 1181
1764079821983 37.41456747055054 1182
1764079830343 37.41456747055054 1183
1764079838733 37.41456747055054 1184
1764079847124 37.41456747055054 1185
1764079855526 37.41456747055054 1186
1764079863903 37.41456747055054 1187
1764079872292 37.41456747055054 1188
1764079880670 37.41456747055054 1189
1764079889046 37.41456747055054 1190
1764079897421 37.41456747055054 1191
1764079905811 37.41456747055054 1192
1764079914314 37.41456747055054 1193
1764079922684 37.41456747055054 1194
1764079931069 37.41456747055054 1195
1764079939462 37.41456747055054 1196
1764079947825 37.41456747055054 1197
1764079956192 37.41456747055054 1198
1764079964592 37.41456747055054 1199
1764079972968 37.41456747055054 1200
1764079981361 37.41456747055054 1201
1764079989744 37.41456747055054 1202
1764079998131 37.41456747055054 1203
1764080006535 37.41456747055054 1204
1764080014929 37.41456747055054 1205
1764080023302 37.41456747055054 1206
1764080031683 37.41456747055054 1207
1764080040062 37.41456747055054 1208
1764080048466 37.41456747055054 1209
1764080056840 37.41456747055054 1210
1764080065247 37.41456747055054 1211
1764080073646 37.41456747055054 1212
1764080082028 37.41456747055054 1213
1764080090444 37.41456747055054 1214
1764080098838 37.41456747055054 1215
1764080107216 37.41456747055054 1216
1764080115585 37.41456747055054 1217
1764080123966 37.41456747055054 1218
1764080132349 37.41456747055054 1219
1764080140703 37.41456747055054 1220
1764080149074 37.41456747055054 1221
1764080157421 37.41456747055054 1222
1764080165809 37.41456747055054 1223
1764080174200 37.41456747055054 1224
1764080182575 37.41456747055054 1225
1764080191073 37.41456747055054 1226
1764080199447 37.41456747055054 1227
1764080207849 37.41456747055054 1228
1764080216275 37.41456747055054 1229
1764080224640 37.41456747055054 1230
1764080233001 37.41456747055054 1231
1764080241343 37.41456747055054 1232
1764080249776 37.41456747055054 1233
1764080258110 37.41456747055054 1234
1764080266525 37.41456747055054 1235
1764080274888 37.41456747055054 1236
1764080283270 37.41456747055054 1237
1764080291630 37.41456747055054 1238
1764080300022 37.41456747055054 1239
1764080308396 37.41456747055054 1240
1764080316788 37.41456747055054 1241
1764080325184 37.41456747055054 1242
1764080333552 37.41456747055054 1243
1764080341947 37.41456747055054 1244
1764080350350 37.41456747055054 1245
1764080358737 37.41456747055054 1246
1764080367127 37.41456747055054 1247
1764080375507 37.41456747055054 1248
1764080383883 37.41456747055054 1249
1764080392288 37.41456747055054 1250
1764080400724 37.41456747055054 1251
1764080467129 37.41456747055054 1253
1764080475496 37.41456747055054 1254
1764080483861 37.41456747055054 1255
1764080492280 37.41456747055054 1256
1764080500648 37.41456747055054 1257
1764080509060 37.41456747055054 1258
1764080517458 37.41456747055054 1259
1764080525852 37.41456747055054 1260
1764080534261 37.41456747055054 1261
1764080542672 37.41456747055054 1262
1764080551075 37.41456747055054 1263
1764080559458 37.41456747055054 1264
1764080567900 37.41456747055054 1265
1764080576322 37.41456747055054 1266
1764080584869 37.41456747055054 1267
1764080593496 37.41456747055054 1268
1764080601876 37.41456747055054 1269
1764080610291 37.41456747055054 1270
1764080618671 37.41456747055054 1271
1764080627068 37.41456747055054 1272
1764080635452 37.41456747055054 1273
1764080644045 37.41456747055054 1274
1764080652437 37.41456747055054 1275
1764080660844 37.41456747055054 1276
1764080669245 37.41456747055054 1277
1764080677603 37.41456747055054 1278
1764080686000 37.41456747055054 1279
1764080694366 37.41456747055054 1280
1764080702770 37.41456747055054 1281
1764080711172 37.41456747055054 1282
1764080719539 37.41456747055054 1283
1764080727941 37.41456747055054 1284
1764080736340 37.41456747055054 1285
1764080744755 37.41456747055054 1286
1764080753177 37.41456747055054 1287
1764080761591 37.41456747055054 1288
1764080769995 37.41456747055054 1289
1764080778405 37.41456747055054 1290
1764080786803 37.41456747055054 1291
1764080795179 37.41456747055054 1292
1764080803572 37.41456747055054 1293
1764080811938 37.41456747055054 1294
1764080820317 37.41456747055054 1295
1764080828746 37.41456747055054 1296
1764080837112 37.41456747055054 1297
1764080845456 37.41456747055054 1298
1764080853817 37.41456747055054 1299
1764080862183 37.41456747055054 1300
1764080870655 37.41456747055054 1301
1764080879023 37.41456747055054 1302
1764080887416 37.41456747055054 1303
1764080895792 37.41456747055054 1304
1764080904165 37.41456747055054 1305
1764080912534 37.41456747055054 1306
1764080920929 37.41456747055054 1307
1764080929286 37.41456747055054 1308
1764080937635 37.41456747055054 1309
1764080946003 37.41456747055054 1310
1764080954397 37.41456747055054 1311
1764080962800 37.41456747055054 1312
1764080971188 37.41456747055054 1313
1764080979578 37.41456747055054 1314
1764080987950 37.41456747055054 1315
1764080996303 37.41456747055054 1316
1764081004675 37.41456747055054 1317
1764081013083 37.41456747055054 1318
1764081021492 37.41456747055054 1319
1764081029881 37.41456747055054 1320
1764081038274 37.41456747055054 1321
1764081046643 37.41456747055054 1322
1764081054993 37.41456747055054 1323
1764081063426 37.41456747055054 1324
1764081071779 37.41456747055054 1325
1764081080161 37.41456747055054 1326
1764081088529 37.41456747055054 1327
1764081096891 37.41456747055054 1328
1764081105272 37.41456747055054 1329
1764081113632 37.41456747055054 1330
1764081121997 37.41456747055054 1331
1764081130416 37.41456747055054 1332
1764081138834 37.41456747055054 1333
1764081147378 37.41456747055054 1334
1764081155748 37.41456747055054 1335
1764081164112 37.41456747055054 1336
1764081172489 37.41456747055054 1337
1764081180946 37.41456747055054 1338
1764081189333 37.41456747055054 1339
1764081197705 37.41456747055054 1340
1764081206077 37.41456747055054 1341
1764081214546 37.41456747055054 1342
1764081222907 37.41456747055054 1343
1764081231287 37.41456747055054 1344
1764081239646 37.41456747055054 1345
1764081248007 37.41456747055054 1346
1764081256395 37.41456747055054 1347
1764081264772 37.41456747055054 1348
1764081273177 37.41456747055054 1349
1764081281550 37.41456747055054 1350
1764081289931 37.41456747055054 1351
1764081298310 37.41456747055054 1352
1764081306670 37.41456747055054 1353
1764081315015 37.41456747055054 1354
1764081323376 37.41456747055054 1355
1764081331758 37.41456747055054 1356
1764081340148 37.41456747055054 1357
1764081348515 37.41456747055054 1358
1764081356887 37.41456747055054 1359
1764081365263 37.41456747055054 1360
1764081373666 37.41456747055054 1361
1764081382048 37.41456747055054 1362
1764081390431 37.41456747055054 1363
1764081398814 37.41456747055054 1364
1764081407190 37.41456747055054 1365
1764081415554 37.41456747055054 1366
1764081423951 37.41456747055054 1367
1764081432386 37.41456747055054 1368
1764081440789 37.41456747055054 1369
1764081449303 37.41456747055054 1370
1764081457672 37.41456747055054 1371
1764081466055 37.41456747055054 1372
1764081474446 37.41456747055054 1373
1764081482855 37.41456747055054 1374
1764081491218 37.41456747055054 1375
1764081499758 37.41456747055054 1376
1764081508124 37.41456747055054 1377
1764081516479 37.41456747055054 1378
1764081524831 37.41456747055054 1379
1764081533215 37.41456747055054 1380
1764081541644 37.41456747055054 1381
1764081550007 37.41456747055054 1382
1764081558361 37.41456747055054 1383
1764081566728 37.41456747055054 1384
1764081575092 37.41456747055054 1385
1764081583459 37.41456747055054 1386
1764081591832 37.41456747055054 1387
1764081600194 37.41456747055054 1388
1764081608571 37.41456747055054 1389
1764081616978 37.41456747055054 1390
1764081625356 37.41456747055054 1391
1764081633746 37.41456747055054 1392
1764081642117 37.41456747055054 1393
1764081650519 37.41456747055054 1394
1764081658874 37.41456747055054 1395
1764081667256 37.41456747055054 1396
1764081675620 37.41456747055054 1397
1764081683984 37.41456747055054 1398
1764081692402 37.41456747055054 1399
1764081700797 37.41456747055054 1400
1764081709169 37.41456747055054 1401
1764081717542 37.41456747055054 1402
1764081725935 37.41456747055054 1403
1764081734301 37.41456747055054 1404
1764081742813 37.41456747055054 1405
1764081751193 37.41456747055054 1406
1764081759572 37.41456747055054 1407
1764081767972 37.41456747055054 1408
1764081776500 37.41456747055054 1409
1764081784866 37.41456747055054 1410
1764081793271 37.41456747055054 1411
1764081801659 37.41456747055054 1412
1764081810061 37.41456747055054 1413
1764081818453 37.41456747055054 1414
1764081826843 37.41456747055054 1415
1764081835223 37.41456747055054 1416
1764081843641 37.41456747055054 1417
1764081851990 37.41456747055054 1418
1764081860410 37.41456747055054 1419
1764081868793 37.41456747055054 1420
1764081877210 37.41456747055054 1421
1764081885588 37.41456747055054 1422
1764081893949 37.41456747055054 1423
1764081902317 37.41456747055054 1424
1764081910689 37.41456747055054 1425
1764081919087 37.41456747055054 1426
1764081927497 37.41456747055054 1427
1764081935874 37.41456747055054 1428
1764081944254 37.41456747055054 1429
1764081952765 37.41456747055054 1430
1764081961164 37.41456747055054 1431
1764081969552 37.41456747055054 1432
1764081977971 37.41456747055054 1433
1764081986428 37.41456747055054 1434
1764081994814 37.41456747055054 1435
1764082003186 37.41456747055054 1436
1764082011551 37.41456747055054 1437
1764082019933 37.41456747055054 1438
1764082028342 37.41456747055054 1439
1764082036731 37.41456747055054 1440
1764082045123 37.41456747055054 1441
1764082053526 37.41456747055054 1442
1764082061927 37.41456747055054 1443
1764082070343 37.41456747055054 1444
1764082078720 37.41456747055054 1445
1764082087074 37.41456747055054 1446
1764082095451 37.41456747055054 1447
1764082103847 37.41456747055054 1448
1764082112249 37.41456747055054 1449
1764082120616 37.41456747055054 1450
1764082129016 37.41456747055054 1451
1764082137408 37.41456747055054 1452
1764082145778 37.41456747055054 1453
1764082154196 37.41456747055054 1454
1764082162591 37.41456747055054 1455
1764082170958 37.41456747055054 1456
1764082179336 37.41456747055054 1457
1764082187708 37.41456747055054 1458
1764082196064 37.41456747055054 1459
1764082204449 37.41456747055054 1460
1764082212791 37.41456747055054 1461
1764082221188 37.41456747055054 1462
1764082229694 37.41456747055054 1463
1764082238055 37.41456747055054 1464
1764082246412 37.41456747055054 1465
1764082254797 37.41456747055054 1466
1764082263219 37.41456747055054 1467
1764082271619 37.41456747055054 1468
1764082280019 37.41456747055054 1469
1764082288437 37.41456747055054 1470
1764082296806 37.41456747055054 1471
1764082305318 37.41456747055054 1472
1764082313685 37.41456747055054 1473
1764082322046 37.41456747055054 1474
1764082330480 37.41456747055054 1475
1764082338845 37.41456747055054 1476
1764082347263 37.41456747055054 1477
1764082355626 37.41456747055054 1478
1764082364001 37.41456747055054 1479
1764082372380 37.41456747055054 1480
1764082380766 37.41456747055054 1481
1764082389120 37.41456747055054 1482
1764082397488 37.41456747055054 1483
1764082405892 37.41456747055054 1484
1764082414254 37.41456747055054 1485
1764082422655 37.41456747055054 1486
1764082431061 37.41456747055054 1487
1764082439489 37.41456747055054 1488
1764082447875 37.41456747055054 1489
1764082456230 37.41456747055054 1490
1764082464563 37.41456747055054 1491
1764082472978 37.41456747055054 1492
1764082481363 37.41456747055054 1493
1764082489737 37.41456747055054 1494
1764082498132 37.41456747055054 1495
1764082506505 37.41456747055054 1496
1764082514852 37.41456747055054 1497
1764082523209 37.41456747055054 1498
1764082531600 37.41456747055054 1499
1764082539976 37.41456747055054 1500
1764082548364 37.41456747055054 1501
1764082556767 37.41456747055054 1502
1764082565150 37.41456747055054 1503
1764082573507 37.41456747055054 1504
1764082582011 37.41456747055054 1505
1764082590496 37.41456747055054 1506
1764082598839 37.41456747055054 1507
1764082607183 37.41456747055054 1508
1764082615546 37.41456747055054 1509
1764082623958 37.41456747055054 1510
1764082632335 37.41456747055054 1511
1764082640743 37.41456747055054 1512
1764082649159 37.41456747055054 1513
1764082657673 37.41456747055054 1514
1764082666027 37.41456747055054 1515
1764082674397 37.41456747055054 1516
1764082682756 37.41456747055054 1517
1764082691099 37.41456747055054 1518
1764082699494 37.41456747055054 1519
1764082707923 37.41456747055054 1520
1764082716324 37.41456747055054 1521
1764082724736 37.41456747055054 1522
1764082733149 37.41456747055054 1523
1764082741554 37.41456747055054 1524
1764082749952 37.41456747055054 1525
1764082758317 37.41456747055054 1526
1764082766684 37.41456747055054 1527
1764082775066 37.41456747055054 1528
1764082783432 37.41456747055054 1529
1764082791799 37.41456747055054 1530
1764082800177 37.41456747055054 1531
1764082808582 37.41456747055054 1532
1764082816951 37.41456747055054 1533
1764082825303 37.41456747055054 1534
1764082833672 37.41456747055054 1535
1764082842116 37.41456747055054 1536
1764082850540 37.41456747055054 1537
1764082858925 37.41456747055054 1538
1764082867419 37.41456747055054 1539
1764082875809 37.41456747055054 1540
1764082884195 37.41456747055054 1541
1764082892565 37.41456747055054 1542
1764082900936 37.41456747055054 1543
1764082909341 37.41456747055054 1544
1764082917741 37.41456747055054 1545
1764082926121 37.41456747055054 1546
1764082934554 37.41456747055054 1547
1764082942956 37.41456747055054 1548
1764082951320 37.41456747055054 1549
1764082959696 37.41456747055054 1550
1764082968082 37.41456747055054 1551
1764082976492 37.41456747055054 1552
1764082984877 37.41456747055054 1553
1764082993283 37.41456747055054 1554
1764083001655 37.41456747055054 1555
1764083010073 37.41456747055054 1556
1764083018478 37.41456747055054 1557
1764083026882 37.41456747055054 1558
1764083035254 37.41456747055054 1559
1764083043644 37.41456747055054 1560
1764083052038 37.41456747055054 1561
1764083060401 37.41456747055054 1562
1764083068804 37.41456747055054 1563
1764083077232 37.41456747055054 1564
