1764055756079 1.0 1
1764055762605 1.0 2
1764055769082 1.0 3
1764055775575 1.0 4
1764055782079 1.0 5
1764055788733 1.0 6
1764055795082 1.0 7
1764055801676 1.0 8
1764055808220 1.0 9
1764055814848 1.0 10
1764055821488 1.0 11
1764055827962 1.0 12
1764055834545 1.0 13
1764055841039 1.0 14
1764055847684 1.0 15
1764055854243 1.0 16
1764055860755 1.0 17
1764055867373 1.0 18
1764055873896 1.0 19
1764055880295 1.0 20
1764055886850 1.0 21
1764055893495 1.0 22
1764055900175 1.0 23
1764055906681 1.0 24
1764055913300 1.0 25
1764055919822 1.0 26
1764055926538 1.0 27
1764055933007 1.0 28
1764055939714 1.0 29
1764055946222 1.0 30
1764055952856 1.0 31
1764055959477 1.0 32
1764055966103 1.0 33
1764055972578 1.0 34
1764055979171 1.0 35
1764055985966 1.0 36
1764055992441 1.0 37
1764055999027 1.0 38
1764056005759 1.0 39
1764056012186 1.0 40
1764056018682 1.0 41
1764056025084 1.0 42
1764056031695 1.0 43
1764056038433 1.0 44
1764056044817 1.0 45
1764056051383 1.0 46
1764056058052 1.0 47
1764056064792 1.0 48
1764056071261 1.0 49
1764056077739 1.0 50
1764056084365 1.0 51
1764056090869 1.0 52
1764056097350 1.0 53
1764056103727 1.0 54
1764056110210 1.0 55
1764056116903 1.0 56
1764056123447 1.0 57
1764056129940 1.0 58
1764056136568 1.0 59
1764056143186 1.0 60
1764056149707 1.0 61
1764056156258 1.0 62
1764056162873 1.0 63
1764056169375 1.0 64
1764056175906 1.0 65
1764056182416 1.0 66
1764056188895 1.0 67
1764056195559 1.0 68
1764056202014 1.0 69
1764056208564 1.0 70
1764056215154 1.0 71
1764056221738 1.0 72
1764056228198 1.0 73
1764056234604 1.0 74
1764056241126 1.0 75
1764056247692 1.0 76
1764056254106 1.0 77
1764056260640 1.0 78
1764056267269 1.0 79
1764056273897 1.0 80
1764056280264 1.0 81
1764056286720 1.0 82
1764056293499 1.0 83
1764056300019 1.0 84
1764056306666 1.0 85
1764056313142 1.0 86
1764056319677 1.0 87
1764056326186 1.0 88
1764056332769 1.0 89
1764056339311 1.0 90
1764056345857 1.0 91
1764056352253 1.0 92
1764056358724 1.0 93
1764056365156 1.0 94
1764056371735 1.0 95
1764056378210 1.0 96
1764056384755 1.0 97
1764056391391 1.0 98
1764056397954 1.0 99
1764056404492 1.0 100
1764056411010 1.0 101
1764056417379 1.0 102
1764056423871 1.0 103
1764056430425 1.0 104
1764056437066 1.0 105
1764056443673 1.0 106
1764056450242 1.0 107
1764056456832 1.0 108
1764056463350 1.0 109
1764056470051 1.0 110
1764056476573 1.0 111
1764056483059 1.0 112
1764056489595 1.0 113
1764056496112 1.0 114
1764056502686 1.0 115
1764056509187 1.0 116
1764056515936 1.0 117
1764056522462 1.0 118
1764056529231 1.0 119
1764056535768 1.0 120
1764056542278 1.0 121
1764056548761 1.0 122
1764056555385 1.0 123
1764056561941 1.0 124
1764056568460 1.0 125
1764056628035 1.0 126
1764056634549 1.0 127
1764056641040 1.0 128
1764056647612 1.0 129
1764056654072 1.0 130
1764056660687 1.0 131
1764056667287 1.0 132
1764056673792 1.0 133
1764056680441 1.0 134
1764056687192 1.0 135
1764056693643 1.0 136
1764056700263 1.0 137
1764056706911 1.0 138
1764056713492 1.0 139
1764056720077 1.0 140
1764056726834 1.0 141
1764056733523 1.0 142
1764056740092 1.0 143
1764056746622 1.0 144
1764056753040 1.0 145
1764056759716 1.0 146
1764056766283 1.0 147
1764056772761 1.0 148
1764056779372 1.0 149
1764056785910 1.0 150
1764056792466 1.0 151
1764056799001 1.0 152
1764056805540 1.0 153
1764056812218 1.0 154
1764056818696 1.0 155
1764056825319 1.0 156
1764056831779 1.0 157
1764056838339 1.0 158
1764056845072 1.0 159
1764056851502 1.0 160
1764056858069 1.0 161
1764056864548 1.0 162
1764056871087 1.0 163
1764056877506 1.0 164
1764056884056 1.0 165
1764056890490 1.0 166
1764056897068 1.0 167
1764056903729 1.0 168
1764056910288 1.0 169
1764056917041 1.0 170
1764056923528 1.0 171
1764056929984 1.0 172
1764056936539 1.0 173
1764056943105 1.0 174
1764056949600 1.0 175
1764056956267 1.0 176
1764056962828 1.0 177
1764056969389 1.0 178
1764056975945 1.0 179
1764056982800 1.0 180
1764056989509 1.0 181
1764056996003 1.0 182
1764057002461 1.0 183
1764057008959 1.0 184
1764057015623 1.0 185
1764057022082 1.0 186
1764057028620 1.0 187
1764057035276 1.0 188
1764057041754 1.0 189
1764057048119 1.0 190
1764057054557 1.0 191
1764057061116 1.0 192
1764057067655 1.0 193
1764057074105 1.0 194
1764057080630 1.0 195
1764057087119 1.0 196
1764057093658 1.0 197
1764057100119 1.0 198
1764057106761 1.0 199
1764057113339 1.0 200
1764057119960 1.0 201
1764057126440 1.0 202
1764057132952 1.0 203
1764057139498 1.0 204
1764057146006 1.0 205
1764057152334 1.0 206
1764057158863 1.0 207
1764057165531 1.0 208
1764057171986 1.0 209
1764057178565 1.0 210
1764057185284 1.0 211
1764057191777 1.0 212
1764057198428 1.0 213
1764057205085 1.0 214
1764057211587 1.0 215
1764057218162 1.0 216
1764057224582 1.0 217
1764057231270 1.0 218
1764057237719 1.0 219
1764057244567 1.0 220
1764057251012 1.0 221
1764057257488 1.0 222
1764057263959 1.0 223
1764057270484 1.0 224
1764057277058 1.0 225
1764057283788 1.0 226
1764057290282 1.0 227
1764057296675 1.0 228
1764057303285 1.0 229
1764057309884 1.0 230
1764057316388 1.0 231
1764057322930 1.0 232
1764057329407 1.0 233
1764057335915 1.0 234
1764057342451 1.0 235
1764057349021 1.0 236
1764057355524 1.0 237
1764057361989 1.0 238
1764057368679 1.0 239
1764057375101 1.0 240
1764057381604 1.0 241
1764057388100 1.0 242
1764057394491 1.0 243
1764057401162 1.0 244
1764057407763 1.0 245
1764057414184 1.0 246
1764057420688 1.0 247
1764057427186 1.0 248
1764057433685 1.0 249
1764057440271 1.0 250
1764057479634 1.0 251
1764057485999 1.0 252
1764057492444 1.0 253
1764057499081 1.0 254
1764057505512 1.0 255
1764057512031 1.0 256
1764057518574 1.0 257
1764057524946 1.0 258
1764057531492 1.0 259
1764057538229 1.0 260
1764057544803 1.0 261
1764057551288 1.0 262
1764057557973 1.0 263
1764057564655 1.0 264
1764057571380 1.0 265
1764057577906 1.0 266
1764057584478 1.0 267
1764057591067 1.0 268
1764057597570 1.0 269
1764057604120 1.0 270
1764057610680 1.0 271
1764057617362 1.0 272
1764057623885 1.0 273
1764057630460 1.0 274
1764057637173 1.0 275
1764057643805 1.0 276
1764057650435 1.0 277
1764057656996 1.0 278
1764057663580 1.0 279
1764057670095 1.0 280
1764057676706 1.0 281
1764057683258 1.0 282
1764057689807 1.0 283
1764057696500 1.0 284
1764057703176 1.0 285
1764057709688 1.0 286
1764057716105 1.0 287
1764057722647 1.0 288
1764057729357 1.0 289
1764057735728 1.0 290
1764057742276 1.0 291
1764057748819 1.0 292
1764057755299 1.0 293
1764057761880 1.0 294
1764057768455 1.0 295
1764057775158 1.0 296
1764057781607 1.0 297
1764057788275 1.0 298
1764057794813 1.0 299
1764057801281 1.0 300
1764057807734 1.0 301
1764057814319 1.0 302
1764057820888 1.0 303
1764057827577 1.0 304
1764057834146 1.0 305
1764057840743 1.0 306
1764057847243 1.0 307
1764057853745 1.0 308
1764057860362 1.0 309
1764057866884 1.0 310
1764057873318 1.0 311
1764057879973 1.0 312
1764057886512 1.0 313
1764057892900 1.0 314
1764057899376 1.0 315
1764057905985 1.0 316
1764057912579 1.0 317
1764057919179 1.0 318
1764057925706 1.0 319
1764057932398 1.0 320
1764057939091 1.0 321
1764057945609 1.0 322
1764057952175 1.0 323
1764057958559 1.0 324
1764057964984 1.0 325
1764057971579 1.0 326
1764057977972 1.0 327
1764057984623 1.0 328
1764057991356 1.0 329
1764057997919 1.0 330
1764058004360 1.0 331
1764058010847 1.0 332
1764058017464 1.0 333
1764058024217 1.0 334
1764058030731 1.0 335
1764058037350 1.0 336
1764058044061 1.0 337
1764058050547 1.0 338
1764058057167 1.0 339
1764058063800 1.0 340
1764058070367 1.0 341
1764058077080 1.0 342
1764058083595 1.0 343
1764058090134 1.0 344
1764058096641 1.0 345
1764058103185 1.0 346
1764058109835 1.0 347
1764058116438 1.0 348
1764058122960 1.0 349
1764058129426 1.0 350
1764058135891 1.0 351
1764058142334 1.0 352
1764058148847 1.0 353
1764058155337 1.0 354
1764058162122 1.0 355
1764058168580 1.0 356
1764058175083 1.0 357
1764058181608 1.0 358
1764058188310 1.0 359
1764058194951 1.0 360
1764058201510 1.0 361
1764058207978 1.0 362
1764058214468 1.0 363
1764058220974 1.0 364
1764058227537 1.0 365
1764058234002 1.0 366
1764058240519 1.0 367
1764058247313 1.0 368
1764058253723 1.0 369
1764058260258 1.0 370
1764058266877 1.0 371
1764058273528 1.0 372
1764058280112 1.0 373
1764058286737 1.0 374
1764058293454 1.0 375
1764058332615 1.0 376
1764058339263 1.0 377
1764058345869 1.0 378
1764058352434 1.0 379
1764058358926 1.0 380
1764058365570 1.0 381
1764058372311 1.0 382
1764058379006 1.0 383
1764058385718 1.0 384
1764058392205 1.0 385
1764058398648 1.0 386
1764058405369 1.0 387
1764058411855 1.0 388
1764058418418 1.0 389
1764058424942 1.0 390
1764058431815 1.0 391
1764058438268 1.0 392
1764058444717 1.0 393
1764058451207 1.0 394
1764058457837 1.0 395
1764058464551 1.0 396
1764058471021 1.0 397
1764058477487 1.0 398
1764058483942 1.0 399
1764058490489 1.0 400
1764058497065 1.0 401
1764058503726 1.0 402
1764058510304 1.0 403
1764058516727 1.0 404
1764058523235 1.0 405
1764058529719 1.0 406
1764058536352 1.0 407
1764058542888 1.0 408
1764058549481 1.0 409
1764058556017 1.0 410
1764058562509 1.0 411
1764058569204 1.0 412
1764058575739 1.0 413
1764058582247 1.0 414
1764058588713 1.0 415
1764058595250 1.0 416
1764058601616 1.0 417
1764058608066 1.0 418
1764058614727 1.0 419
1764058621325 1.0 420
1764058627811 1.0 421
1764058634322 1.0 422
1764058640850 1.0 423
1764058647272 1.0 424
1764058653790 1.0 425
1764058660338 1.0 426
1764058666976 1.0 427
1764058673460 1.0 428
1764058680109 1.0 429
1764058686586 1.0 430
1764058693312 1.0 431
1764058699784 1.0 432
1764058706321 1.0 433
1764058712868 1.0 434
1764058719228 1.0 435
1764058725711 1.0 436
1764058732276 1.0 437
1764058738762 1.0 438
1764058745422 1.0 439
1764058751809 1.0 440
1764058758573 1.0 441
1764058765052 1.0 442
1764058771497 1.0 443
1764058778000 1.0 444
1764058784421 1.0 445
1764058790996 1.0 446
1764058797565 1.0 447
1764058804165 1.0 448
1764058810738 1.0 449
1764058817274 1.0 450
1764058823836 1.0 451
1764058830366 1.0 452
1764058836784 1.0 453
1764058843354 1.0 454
1764058849765 1.0 455
1764058856280 1.0 456
1764058862844 1.0 457
1764058869528 1.0 458
1764058876174 1.0 459
1764058882777 1.0 460
1764058889231 1.0 461
1764058895734 1.0 462
1764058902286 1.0 463
1764058908774 1.0 464
1764058915308 1.0 465
1764058921906 1.0 466
1764058928431 1.0 467
1764058935014 1.0 468
1764058941528 1.0 469
1764058948059 1.0 470
1764058954678 1.0 471
1764058961483 1.0 472
1764058968025 1.0 473
1764058974450 1.0 474
1764058981062 1.0 475
1764058987664 1.0 476
1764058994118 1.0 477
1764059000550 1.0 478
1764059007121 1.0 479
1764059013562 1.0 480
1764059020186 1.0 481
1764059026606 1.0 482
1764059033043 1.0 483
1764059039457 1.0 484
1764059046152 1.0 485
1764059052930 1.0 486
1764059059329 1.0 487
1764059066016 1.0 488
1764059072518 1.0 489
1764059079030 1.0 490
1764059085629 1.0 491
1764059092109 1.0 492
1764059098583 1.0 493
1764059105007 1.0 494
1764059111469 1.0 495
1764059117940 1.0 496
1764059124571 1.0 497
1764059131302 1.0 498
1764059137851 1.0 499
1764059144458 1.0 500
1764059204160 1.0 501
1764059210621 1.0 502
1764059217019 1.0 503
1764059223675 1.0 504
1764059230194 1.0 505
1764059236763 1.0 506
1764059243316 1.0 507
1764059249758 1.0 508
1764059256234 1.0 509
1764059262912 1.0 510
1764059269529 1.0 511
1764059276118 1.0 512
1764059282767 1.0 513
1764059289313 1.0 514
1764059295800 1.0 515
1764059302507 1.0 516
1764059308994 1.0 517
1764059315599 1.0 518
1764059322133 1.0 519
1764059328740 1.0 520
1764059335090 1.0 521
1764059341553 1.0 522
1764059348249 1.0 523
1764059354857 1.0 524
1764059361493 1.0 525
1764059368087 1.0 526
1764059374761 1.0 527
1764059381234 1.0 528
1764059387827 1.0 529
1764059394279 1.0 530
1764059400719 1.0 531
1764059407236 1.0 532
1764059413715 1.0 533
1764059420443 1.0 534
1764059427145 1.0 535
1764059433525 1.0 536
1764059440055 1.0 537
1764059446674 1.0 538
1764059453285 1.0 539
1764059460035 1.0 540
1764059466482 1.0 541
1764059473182 1.0 542
1764059479737 1.0 543
1764059486254 1.0 544
1764059492736 1.0 545
1764059499338 1.0 546
1764059505808 1.0 547
1764059512332 1.0 548
1764059518859 1.0 549
1764059525507 1.0 550
1764059531954 1.0 551
1764059538362 1.0 552
1764059545029 1.0 553
1764059551531 1.0 554
1764059558193 1.0 555
1764059564661 1.0 556
1764059571052 1.0 557
1764059577600 1.0 558
1764059584143 1.0 559
1764059590761 1.0 560
1764059597368 1.0 561
1764059603783 1.0 562
1764059610302 1.0 563
1764059616929 1.0 564
1764059623660 1.0 565
1764059630214 1.0 566
1764059636663 1.0 567
1764059643295 1.0 568
1764059650114 1.0 569
1764059656667 1.0 570
1764059663130 1.0 571
1764059669588 1.0 572
1764059676130 1.0 573
1764059682805 1.0 574
1764059689222 1.0 575
1764059695858 1.0 576
1764059702438 1.0 577
1764059709014 1.0 578
1764059715507 1.0 579
1764059722083 1.0 580
1764059728597 1.0 581
1764059735046 1.0 582
1764059741692 1.0 583
1764059748289 1.0 584
1764059754820 1.0 585
1764059761343 1.0 586
1764059767929 1.0 587
1764059774475 1.0 588
1764059781040 1.0 589
1764059787587 1.0 590
1764059794076 1.0 591
1764059800582 1.0 592
1764059807093 1.0 593
1764059813637 1.0 594
1764059820138 1.0 595
1764059826899 1.0 596
1764059833509 1.0 597
1764059840183 1.0 598
1764059846715 1.0 599
1764059853188 1.0 600
1764059859850 1.0 601
1764059866466 1.0 602
1764059873149 1.0 603
1764059879580 1.0 604
1764059886175 1.0 605
1764059892743 1.0 606
1764059899431 1.0 607
1764059906025 1.0 608
1764059912541 1.0 609
1764059919080 1.0 610
1764059925614 1.0 611
1764059932133 1.0 612
1764059938848 1.0 613
1764059945392 1.0 614
1764059951853 1.0 615
1764059958387 1.0 616
1764059964917 1.0 617
1764059971422 1.0 618
1764059977944 1.0 619
1764059984447 1.0 620
1764059990932 1.0 621
1764059997486 1.0 622
1764060004069 1.0 623
1764060010608 1.0 624
1764060017167 1.0 625
