1764055756079 1.6666669499999997e-05 1
1764055762605 3.3333336e-05 2
1764055769082 5.00000025e-05 3
1764055775575 6.666666900000001e-05 4
1764055782079 8.333333550000001e-05 5
1764055788733 0.00010000000200000002 6
1764055795082 0.00011666666850000002 7
1764055801676 0.000133333335 8
1764055808220 0.0001500000015 9
1764055814848 0.000166666668 10
1764055821488 0.0001833333345 11
1764055827962 0.000200000001 12
1764055834545 0.0002166666675 13
1764055841039 0.000233333334 14
1764055847684 0.0002500000005 15
1764055854243 0.000266666667 16
1764055860755 0.0002833333335 17
1764055867373 0.0003 18
1764055873896 0.00029999802447095857 19
1764055880295 0.0002999920979367526 20
1764055886850 0.00029998222055613506 21
1764055893495 0.0002999683925936898 22
1764055900175 0.0002999506144198241 23
1764055906681 0.000299928886510759 24
1764055913300 0.00029990320944851633 25
1764055919822 0.0002998735839209034 26
1764055926538 0.0002998400107214943 27
1764055933007 0.0002998024907496087 28
1764055939714 0.00029976102501028795 29
1764055946222 0.00029971561461426794 30
1764055952856 0.0002996662607779494 31
1764055959477 0.0002996129648233653 32
1764055966103 0.00029955572817814567 33
1764055972578 0.00029949455237547905 34
1764055979171 0.00029942943905407146 35
1764055985966 0.0002993603899581027 36
1764055992441 0.00029928740693717945 37
1764055999027 0.00029921049194628585 38
1764056005759 0.000299129647045731 39
1764056012186 0.0002990448744010939 40
1764056018682 0.0002989561762831653 41
1764056025084 0.0002988635550678871 42
1764056031695 0.00029876701323628833 43
1764056038433 0.0002986665533744191 44
1764056044817 0.0002985621781732812 45
1764056051383 0.0002984538904287557 46
1764056058052 0.0002983416930415286 47
1764056064792 0.00029822558901701273 48
1764056071261 0.00029810558146526727 49
1764056077739 0.00029798167360091474 50
1764056084365 0.0002978538687430546 51
1764056090869 0.0002977221703151744 52
1764056097350 0.00029758658184505805 53
1764056103727 0.0002974471069646916 54
1764056110210 0.0002973037494101655 55
1764056116903 0.0002971565130215748 56
1764056123447 0.0002970054017429163 57
1764056129940 0.0002968504196219828 58
1764056136568 0.0002966915708102547 59
1764056143186 0.00029652885956278895 60
1764056149707 0.0002963622902381046 61
1764056156258 0.0002961918672980667 62
1764056162873 0.00029601759530776633 63
1764056169375 0.0002958394789353984 64
1764056175906 0.00029565752295213673 65
1764056182416 0.00029547173223200615 66
1764056188895 0.0002952821117517518 67
1764056195559 0.00029508866659070624 68
1764056202014 0.00029489140193065286 69
1764056208564 0.0002946903230556875 70
1764056215154 0.00029448543535207675 71
1764056221738 0.0002942767443081135 72
1764056228198 0.00029406425551397036 73
1764056234604 0.00029384797466154935 74
1764056241126 0.00029362790754432986 75
1764056247692 0.00029340406005721336 76
1764056254106 0.00029317643819636545 77
1764056260640 0.00029294504805905524 78
1764056267269 0.000292709895843492 79
1764056273897 0.00029247098784865923 80
1764056280264 0.00029222833047414583 81
1764056286720 0.00029198193021997475 82
1764056293499 0.0002917317936864287 83
1764056300019 0.0002914779275738737 84
1764056306666 0.00029122033868257924 85
1764056313142 0.00029095903391253633 86
1764056319677 0.0002906940202632726 87
1764056326186 0.00029042530483366474 88
1764056332769 0.0002901528948217485 89
1764056339311 0.00028987679752452586 90
1764056345857 0.00028959702033776934 91
1764056352253 0.00028931357075582414 92
1764056358724 0.00028902645637140725 93
1764056365156 0.00028873568487540425 94
1764056371735 0.000288441264056663 95
1764056378210 0.0002881432018017853 96
1764056384755 0.00028784150609491527 97
1764056391391 0.000287536185017526 98
1764056397954 0.0002872272467482027 99
1764056404492 0.00028691469956242354 100
1764056411010 0.00028659855183233823 101
1764056417379 0.00028627881202654377 102
1764056423871 0.00028595548870985737 103
1764056430425 0.0002856285905430871 104
1764056437066 0.0002852981262828002 105
1764056443673 0.000284964104781088 106
1764056450242 0.0002846265349853292 107
1764056456832 0.00028428542593795006 108
1764056463350 0.0002839407867761821 109
1764056470051 0.00028359262673181764 110
1764056476573 0.000283240955130962 111
1764056483059 0.0002828857813937842 112
1764056489595 0.0002825271150342643 113
1764056496112 0.0002821649656599388 114
1764056502686 0.0002817993429716429 115
1764056509187 0.0002814302567632511 116
1764056515936 0.00028105771692141457 117
1764056522462 0.00028068173342529637 118
1764056529231 0.0002803023163463042 119
1764056535768 0.0002799194758478205 120
1764056542278 0.0002795332221849304 121
1764056548761 0.0002791435657041467 122
1764056555385 0.00027875051684313315 123
1764056561941 0.0002783540861304245 124
1764056568460 0.0002779542841851446 125
1764056628035 0.000277551121716722 126
1764056634549 0.000277144609524603 127
1764056641040 0.00027673475849796235 128
1764056647612 0.00027632157961541176 129
1764056654072 0.00027590508394470547 130
1764056660687 0.0002754852826424441 131
1764056667287 0.00027506218695377567 132
1764056673792 0.00027463580821209427 133
1764056680441 0.0002742061578387367 134
1764056687192 0.0002737732473426764 135
1764056693643 0.0002733370883202152 136
1764056700263 0.0002728976924546726 137
1764056706911 0.00027245507151607286 138
1764056713492 0.0002720092373608299 139
1764056720077 0.0002715602019314294 140
1764056726834 0.00027110797725610897 141
1764056733523 0.00027065257544853623 142
1764056740092 0.000270194008707484 143
1764056746622 0.0002697322893165036 144
1764056753040 0.00026926742964359605 145
1764056759716 0.0002687994421408803 146
1764056766283 0.00026832833934426023 147
1764056772761 0.0002678541338730884 148
1764056779372 0.0002673768384298283 149
1764056785910 0.0002668964657997139 150
1764056792466 0.0002664130288504074 151
1764056799001 0.00026592654053165436 152
1764056805540 0.0002654370138749367 153
1764056812218 0.00026494446199312407 154
1764056818696 0.0002644488980801222 155
1764056825319 0.00026395033541051945 156
1764056831779 0.00026344878733923163 157
1764056838339 0.0002629442673011439 158
1764056845072 0.0002624367888107509 159
1764056851502 0.000261926365461795 160
1764056858069 0.000261413010926902 161
1764056864548 0.00026089673895721485 162
1764056871087 0.0002603775633820253 163
1764056877506 0.00025985549810840356 164
1764056884056 0.0002593305571208256 165
1764056890490 0.0002588027544807989 166
1764056897068 0.00025827210432648526 167
1764056903729 0.00025773862087232266 168
1764056910288 0.000257202318408644 169
1764056917041 0.00025666321130129457 170
1764056923528 0.0002561213139912473 171
1764056929984 0.0002555766409942156 172
1764056936539 0.0002550292069002649 173
1764056943105 0.00025447902637342184 174
1764056949600 0.0002539261141512809 175
1764056956267 0.0002533704850446103 176
1764056962828 0.000252812153936955 177
1764056969389 0.0002522511357842379 178
1764056975945 0.0002516874456143594 179
1764056982800 0.0002511210985267948 180
1764056989509 0.0002505521096921897 181
1764056996003 0.00024998049435195387 182
1764057002461 0.00024940626781785283 183
1764057008959 0.0002488294454715976 184
1764057015623 0.000248250042764433 185
1764057022082 0.00024766807521672335 186
1764057028620 0.00024708355841753703 187
1764057035276 0.0002464965080242288 188
1764057041754 0.00024590693976202037 189
1764057048119 0.00024531486942357914 190
1764057054557 0.0002447203128685953 191
1764057061116 0.00024412328602335686 192
1764057067655 0.00024352380488032303 193
1764057074105 0.00024292188549769603 194
1764057080630 0.00024231754399899066 195
1764057087119 0.00024171079657260265 196
1764057093658 0.00024110165947137486 197
1764057100119 0.00024049014901216198 198
1764057106761 0.00023987628157539343 199
1764057113339 0.0002392600736046346 200
1764057119960 0.0002386415416061465 201
1764057126440 0.00023802070214844326 202
1764057132952 0.00023739757186184873 203
1764057139498 0.0002367721674380507 204
1764057146006 0.00023614450562965393 205
1764057152334 0.00023551460324973145 206
1764057158863 0.00023488247717137403 207
1764057165531 0.00023424814432723823 208
1764057171986 0.00023361162170909298 209
1764057178565 0.00023297292636736418 210
1764057185284 0.0002323320754106784 211
1764057191777 0.000231689086005404 212
1764057198428 0.00023104397537519183 213
1764057205085 0.00023039676080051342 214
1764057211587 0.00022974745961819857 215
1764057218162 0.00022909608922097049 216
1764057224582 0.00022844266705698016 217
1764057231270 0.00022778721062933902 218
1764057237719 0.00022712973749564982 219
1764057244567 0.00022647026526753658 220
1764057251012 0.00022580881161017268 221
1764057257488 0.00022514539424180774 222
1764057263959 0.000224480030933293 223
1764057270484 0.0002238127395076053 224
1764057277058 0.00022314353783936953 225
1764057283788 0.00022247244385438 226
1764057290282 0.0002217994755291202 227
1764057296675 0.00022112465089028132 228
1764057303285 0.00022044798801427917 229
1764057309884 0.00021976950502677024 230
1764057316388 0.000219089220102166 231
1764057322930 0.0002184071514631461 232
1764057329407 0.00021772331738017023 233
1764057335915 0.0002170377361709888 234
1764057342451 0.00021635042620015218 235
1764057349021 0.00021566140587851872 236
1764057355524 0.0002149706936627618 237
1764057361989 0.00021427830805487513 238
1764057368679 0.00021358426760167745 239
1764057375101 0.00021288859089431544 240
1764057381604 0.0002121912965677659 241
1764057388100 0.00021149240330033651 242
1764057394491 0.00021079192981316556 243
1764057401162 0.00021008989486972037 244
1764057407763 0.00020938631727529473 245
1764057414184 0.0002086812158765053 246
1764057420688 0.00020797460956078643 247
1764057427186 0.00020726651725588448 248
1764057433685 0.00020655695792935093 249
1764057440271 0.00020584595058803395 250
1764057479634 0.00020513351427756945 251
1764057485999 0.00020441966808187103 252
1764057492444 0.00020370443112261848 253
1764057499081 0.0002029878225587458 254
1764057505512 0.00020226986158592807 255
1764057512031 0.00020155056743606699 256
1764057518574 0.00020082995937677583 257
1764057524946 0.00020010805671086336 258
1764057531492 0.00019938487877581689 259
1764057538229 0.00019866044494328396 260
1764057544803 0.00019793477461855377 261
1764057551288 0.0001972078872400372 262
1764057557973 0.00019647980227874607 263
1764057564655 0.00019575053923777175 264
1764057571380 0.0001950201176517626 265
1764057577906 0.0001942885570864007 266
1764057584478 0.00019355587713787783 267
1764057591067 0.00019282209743237049 268
1764057597570 0.00019208723762551412 269
1764057604120 0.00019135131740187676 270
1764057610680 0.00019061435647443168 271
1764057617362 0.00018987637458402914 272
1764057623885 0.00018913739149886794 273
1764057630460 0.00018839742701396567 274
1764057637173 0.00018765650095062844 275
1764057643805 0.00018691463315592002 276
1764057650435 0.0001861718435021303 277
1764057656996 0.00018542815188624275 278
1764057663580 0.0001846835782294015 279
1764057670095 0.00018393814247637797 280
1764057676706 0.0001831918645950362 281
1764057683258 0.00018244476457579824 282
1764057689807 0.00018169686243110872 283
1764057696500 0.00018094817819489848 284
1764057703176 0.00018019873192204826 285
1764057709688 0.00017944854368785133 286
1764057716105 0.00017869763358747574 287
1764057722647 0.00017794602173542594 288
1764057729357 0.00017719372826500431 289
1764057735728 0.0001764407733277714 290
1764057742276 0.00017568717709300655 291
1764057748819 0.00017493295974716736 292
1764057755299 0.00017417814149334898 293
1764057761880 0.000173422742550743 294
1764057768455 0.00017266678315409586 295
1764057775158 0.00017191028355316684 296
1764057781607 0.00017115326401218544 297
1764057788275 0.00017039574480930887 298
1764057794813 0.00016963774623607853 299
1764057801281 0.0001688792885968767 300
1764057807734 0.0001681203922083827 301
1764057814319 0.00016736107739902844 302
1764057820888 0.000166601364508454 303
1764057827577 0.00016584127388696276 304
1764057834146 0.00016508082589497653 305
1764057840743 0.0001643200409024896 306
1764057847243 0.00016355893928852376 307
1764057853745 0.00016279754144058188 308
1764057860362 0.00016203586775410207 309
1764057866884 0.00016127393863191134 310
1764057873318 0.0001605117744836789 311
1764057879973 0.00015974939572536962 312
1764057886512 0.00015898682277869713 313
1764057892900 0.0001582240760705767 314
1764057899376 0.00015746117603257815 315
1764057905985 0.00015669814310037845 316
1764057912579 0.00015593499771321455 317
1764057919179 0.00015517176031333552 318
1764057925706 0.00015440845134545524 319
1764057932398 0.00015364509125620468 320
1764057939091 0.00015288170049358426 321
1764057945609 0.0001521182995064158 322
1764057952175 0.00015135490874379533 323
1764057958559 0.0001505915486545448 324
1764057964984 0.0001498282396866645 325
1764057971579 0.00014906500228678544 326
1764057977972 0.0001483018568996215 327
1764057984623 0.0001475388239674218 328
1764057991356 0.00014677592392942326 329
1764057997919 0.00014601317722130286 330
1764058004360 0.00014525060427463034 331
1764058010847 0.0001444882255163211 332
1764058017464 0.00014372606136808864 333
1764058024217 0.0001429641322458979 334
1764058030731 0.0001422024585594181 335
1764058037350 0.00014144106071147623 336
1764058044061 0.00014067995909751034 337
1764058050547 0.00013991917410502346 338
1764058057167 0.00013915872611303717 339
1764058063800 0.00013839863549154597 340
1764058070367 0.00013763892260097152 341
1764058077080 0.00013687960779161724 342
1764058083595 0.00013612071140312322 343
1764058090134 0.00013536225376392145 344
1764058096641 0.00013460425519069106 345
1764058103185 0.00013384673598781444 346
1764058109835 0.00013308971644683304 347
1764058116438 0.00013233321684590402 348
1764058122960 0.0001315772574492569 349
1764058129426 0.00013082185850665087 350
1764058135891 0.00013006704025283252 351
1764058142334 0.00012931282290699328 352
1764058148847 0.00012855922667222845 353
1764058155337 0.00012780627173499556 354
1764058162122 0.0001270539782645739 355
1764058168580 0.00012630236641252414 356
1764058175083 0.00012555145631214855 357
1764058181608 0.00012480126807795162 358
1764058188310 0.00012405182180510142 359
1764058194951 0.00012330313756889118 360
1764058201510 0.0001225552354242016 361
1764058207978 0.00012180813540496369 362
1764058214468 0.0001210618575236219 363
1764058220974 0.00012031642177059842 364
1764058227537 0.00011957184811375717 365
1764058234002 0.00011882815649786964 366
1764058240519 0.00011808536684407991 367
1764058247313 0.00011734349904937153 368
1764058253723 0.00011660257298603426 369
1764058260258 0.00011586260850113199 370
1764058266877 0.00011512362541597076 371
1764058273528 0.00011438564352556821 372
1764058280112 0.00011364868259812315 373
1764058286737 0.00011291276237448581 374
1764058293454 0.00011217790256762947 375
1764058332615 0.00011144412286212209 376
1764058339263 0.00011071144291359922 377
1764058345869 0.0001099798823482373 378
1764058352434 0.00010924946076222817 379
1764058358926 0.00010852019772125381 380
1764058365570 0.00010779211275996266 381
1764058372311 0.00010706522538144612 382
1764058379006 0.00010633955505671593 383
1764058385718 0.00010561512122418305 384
1764058392205 0.00010489194328913655 385
1764058398648 0.00010417004062322413 386
1764058405369 0.00010344943256393295 387
1764058411855 0.00010273013841407187 388
1764058418418 0.00010201217744125411 389
1764058424942 0.0001012955688773815 390
1764058431815 0.00010058033191812892 391
1764058438268 9.986648572243043e-05 392
1764058444717 9.915404941196598e-05 393
1764058451207 9.844304207064897e-05 394
1764058457837 9.773348274411546e-05 395
1764058464551 9.702539043921351e-05 396
1764058471021 9.631878412349467e-05 397
1764058477487 9.561368272470516e-05 398
1764058483942 9.491010513027959e-05 399
1764058490489 9.420807018683438e-05 400
1764058497065 9.350759669966342e-05 401
1764058503726 9.280870343223401e-05 402
1764058510304 9.211140910568443e-05 403
1764058516727 9.141573239832245e-05 404
1764058523235 9.072169194512475e-05 405
1764058529719 9.002930633723812e-05 406
1764058536352 8.933859412148113e-05 407
1764058542888 8.864957379984779e-05 408
1764058549481 8.796226382901111e-05 409
1764058556017 8.727668261982969e-05 410
1764058562509 8.659284853685382e-05 411
1764058569204 8.59107798978339e-05 412
1764058575739 8.52304949732296e-05 413
1764058582247 8.455201198572066e-05 414
1764058588713 8.387534910971852e-05 415
1764058595250 8.320052447087957e-05 416
1764058601616 8.252755614561986e-05 417
1764058608066 8.18564621606303e-05 418
1764058614727 8.118726049239451e-05 419
1764058621325 8.051996906670678e-05 420
1764058627811 7.985460575819206e-05 421
1764058634322 7.919118838982708e-05 422
1764058640850 7.852973473246324e-05 423
1764058647272 7.787026250434993e-05 424
1764058653790 7.721278937066068e-05 425
1764058660338 7.655733294301957e-05 426
1764058666976 7.590391077902923e-05 427
1764058673460 7.525254038180116e-05 428
1764058680109 7.46032391994863e-05 429
1764058686586 7.395602462480792e-05 430
1764058693312 7.331091399459567e-05 431
1764058699784 7.266792458932134e-05 432
1764058706321 7.202707363263549e-05 433
1764058712868 7.138837829090677e-05 434
1764058719228 7.075185567276152e-05 435
1764058725711 7.011752282862568e-05 436
1764058732276 6.948539675026825e-05 437
1764058738762 6.885549437034578e-05 438
1764058745422 6.822783256194908e-05 439
1764058751809 6.760242813815108e-05 440
1764058758573 6.697929785155654e-05 441
1764058765052 6.635845839385329e-05 442
1764058771497 6.573992639536515e-05 443
1764058778000 6.512371842460636e-05 444
1764058784421 6.450985098783779e-05 445
1764058790996 6.389834052862497e-05 446
1764058797565 6.328920342739713e-05 447
1764058804165 6.268245600100915e-05 448
1764058810738 6.207811450230381e-05 449
1764058817274 6.147619511967684e-05 450
1764058823836 6.0876713976643e-05 451
1764058830366 6.0279687131404554e-05 452
1764058836784 5.968513057642072e-05 453
1764058843354 5.909306023797953e-05 454
1764058849765 5.8503491975771115e-05 455
1764058856280 5.7916441582462855e-05 456
1764058862844 5.733192478327658e-05 457
1764058869528 5.674995723556694e-05 458
1764058876174 5.617055452840234e-05 459
1764058882777 5.559373218214712e-05 460
1764058889231 5.501950564804612e-05 461
1764058895734 5.444789030781026e-05 462
1764058902286 5.387890147320518e-05 463
1764058908774 5.331255438564055e-05 464
1764058915308 5.2748864215762054e-05 465
1764058921906 5.21878460630449e-05 466
1764058928431 5.1629514955389585e-05 467
1764058935014 5.107388584871901e-05 468
1764058941528 5.052097362657804e-05 469
1764058948059 4.997079309973496e-05 470
1764058954678 4.9423359005784286e-05 471
1764058961483 4.887868600875262e-05 472
1764058968025 4.8336788698705316e-05 473
1764058974450 4.779768159135591e-05 474
1764058981062 4.72613791276772e-05 475
1764058987664 4.6727895673514626e-05 476
1764058994118 4.619724551920099e-05 477
1764059000550 4.566944287917424e-05 478
1764059007121 4.514450189159637e-05 479
1764059013562 4.4622436617974564e-05 480
1764059020186 4.4103261042785005e-05 481
1764059026606 4.358698907309785e-05 482
1764059033043 4.307363453820488e-05 483
1764059039457 4.2563211189248996e-05 484
1764059046152 4.205573269885609e-05 485
1764059052930 4.1551212660768304e-05 486
1764059059329 4.104966458948048e-05 487
1764059066016 4.0551101919877755e-05 488
1764059072518 4.0055538006875794e-05 489
1764059079030 3.956298612506316e-05 490
1764059085629 3.907345946834556e-05 491
1764059092109 3.85869711495925e-05 492
1764059098583 3.810353420028599e-05 493
1764059105007 3.762316157017168e-05 494
1764059111469 3.714586612691154e-05 495
1764059117940 3.667166065573974e-05 496
1764059124571 3.6200557859119656e-05 497
1764059131302 3.5732570356403934e-05 498
1764059137851 3.526771068349632e-05 499
1764059144458 3.480599129251595e-05 500
1764059204160 3.4347424551463716e-05 501
1764059210621 3.389202274389095e-05 502
1764059217019 3.3439798068570596e-05 503
1764059223675 3.299076263917002e-05 504
1764059230194 3.2544928483927044e-05 505
1764059236763 3.2102307545327345e-05 506
1764059243316 3.166291167978474e-05 507
1764059249758 3.1226752657323506e-05 508
1764059256234 3.079384216126323e-05 509
1764059262912 3.0364191787905702e-05 510
1764059269529 2.9937813046224304e-05 511
1764059276118 2.951471735755585e-05 512
1764059282767 2.9094916055294462e-05 513
1764059289313 2.8678420384588182e-05 514
1764059295800 2.8265241502037584e-05 515
1764059302507 2.7855390475396988e-05 516
1764059308994 2.7448878283278e-05 517
1764059315599 2.7045715814855414e-05 518
1764059322133 2.664591386957549e-05 519
1764059328740 2.6249483156866833e-05 520
1764059335090 2.5856434295853282e-05 521
1764059341553 2.5466777815069565e-05 522
1764059348249 2.5080524152179427e-05 523
1764059354857 2.469768365369573e-05 524
1764059361493 2.4318266574703538e-05 525
1764059368087 2.3942283078585348e-05 526
1764059374761 2.3569743236748833e-05 527
1764059381234 2.320065702835702e-05 528
1764059387827 2.2835034340061133e-05 529
1764059394279 2.2472884965735585e-05 530
1764059400719 2.2114218606215678e-05 531
1764059407236 2.1759044869037904e-05 532
1764059413715 2.140737326818223e-05 533
1764059420443 2.105921322381773e-05 534
1764059427145 2.071457406204982e-05 535
1764059433525 2.037346501467068e-05 536
1764059440055 2.0035895218911883e-05 537
1764059446674 1.9701873717199725e-05 538
1764059453285 1.9371409456912804e-05 539
1764059460035 1.9044511290142602e-05 540
1764059466482 1.872118797345619e-05 541
1764059473182 1.8401448167661692e-05 542
1764059479737 1.8085300437576415e-05 543
1764059486254 1.777275325179723e-05 544
1764059492736 1.7463814982473897e-05 545
1764059499338 1.715849390508462e-05 546
1764059505808 1.6856798198214684e-05 547
1764059512332 1.6558735943336894e-05 548
1764059518859 1.626431512459565e-05 549
1764059525507 1.5973543628592633e-05 550
1764059531954 1.568642924417579e-05 551
1764059538362 1.5402979662230562e-05 552
1764059545029 1.512320247547405e-05 553
1764059551531 1.4847105178251405e-05 554
1764059558193 1.4574695166335191e-05 555
1764059564661 1.4305979736727378e-05 556
1764059571052 1.4040966087463603e-05 557
1764059577600 1.3779661317420697e-05 558
1764059584143 1.352207242612624e-05 559
1764059590761 1.3268206313571244e-05 560
1764059597368 1.3018069780025189e-05 561
1764059603783 1.277166952585407e-05 562
1764059610302 1.2529012151340652e-05 563
1764059616929 1.2290104156507847e-05 564
1764059623660 1.205495194094464e-05 565
1764059630214 1.1823561803634387e-05 566
1764059636663 1.1595939942786485e-05 567
1764059643295 1.1372092455670013e-05 568
1764059650114 1.1152025338450546e-05 569
1764059656667 1.0935744486029499e-05 570
1764059663130 1.0723255691886335e-05 571
1764059669588 1.0514564647923117e-05 572
1764059676130 1.0309676944312342e-05 573
1764059682805 1.010859806934704e-05 574
1764059689222 9.911333409293662e-06 575
1764059695858 9.717888248248082e-06 576
1764059702438 9.528267767993777e-06 577
1764059709014 9.342477047863156e-06 578
1764059715507 9.160521064601464e-06 579
1764059722083 8.982404692233561e-06 580
1764059728597 8.808132701933166e-06 581
1764059735046 8.637709761895286e-06 582
1764059741692 8.471140437210972e-06 583
1764059748289 8.308429189745149e-06 584
1764059754820 8.149580378017077e-06 585
1764059761343 7.9945982570836e-06 586
1764059767929 7.8434869784251e-06 587
1764059774475 7.696250589834408e-06 588
1764059781040 7.552893035308276e-06 589
1764059787587 7.4134181549417774e-06 590
1764059794076 7.2778296848254765e-06 591
1764059800582 7.146131256945243e-06 592
1764059807093 7.018326399085096e-06 593
1764059813637 6.894418534732569e-06 594
1764059820138 6.774410982987149e-06 595
1764059826899 6.658306958471246e-06 596
1764059833509 6.546109571244135e-06 597
1764059840183 6.43782182671867e-06 598
1764059846715 6.333446625580698e-06 599
1764059853188 6.232986763711504e-06 600
1764059859850 6.1364449321127614e-06 601
1764059866466 6.043823716834525e-06 602
1764059873149 5.955125598905965e-06 603
1764059879580 5.870352954268862e-06 604
1764059886175 5.789508053714037e-06 605
1764059892743 5.71259306282045e-06 606
1764059899431 5.639610041897216e-06 607
1764059906025 5.570560945928461e-06 608
1764059912541 5.5054476245208785e-06 609
1764059919080 5.444271821854219e-06 610
1764059925614 5.3870351766346055e-06 611
1764059932133 5.333739222050549e-06 612
1764059938848 5.284385385731989e-06 613
1764059945392 5.238974989711946e-06 614
1764059951853 5.197509250391196e-06 615
1764059958387 5.159989278505618e-06 616
1764059964917 5.1264160790965035e-06 617
1764059971422 5.096790551483588e-06 618
1764059977944 5.071113489240962e-06 619
1764059984447 5.049385580175859e-06 620
1764059990932 5.031607406310176e-06 621
1764059997486 5.017779443864893e-06 622
1764060004069 5.007902063247386e-06 623
1764060010608 5.0019755290413845e-06 624
1764060017167 5e-06 625
