1764152394834 0.6476175560141509 53
1764152775345 0.6008300781250001 107
1764153151276 0.5834223909198113 160
1764153533335 0.571216724537037 214
1764153887896 0.5642043779481132 267
1764154269635 0.5491807725694444 321
1764154626443 0.5364276238207548 374
1764154985847 0.5360695167824074 428
1764155360744 0.5177255306603774 481
1764155721289 0.5070981626157407 535
1764156153164 0.4894328567216981 588
1764156639843 0.479736328125 642
1764157030562 0.46942253832547165 695
1764157622609 0.45278139467592593 749
1764158296688 0.4475604363207547 802
