1764152047712 0.0177664402872324 1
1764152054215 0.0202938225120306 2
1764152060703 0.01684858277440071 3
1764152067218 0.024118568748235703 4
1764152073734 0.018681388348340988 5
1764152080256 0.029870901256799698 6
1764152086803 0.029309378936886787 7
1764152093362 0.04809114336967468 8
1764152099962 0.043648649007081985 9
1764152106532 0.04448002576828003 10
1764152113078 0.06633230298757553 11
1764152119629 0.09822285920381546 12
1764152126191 0.1000087708234787 13
1764152132754 0.24406369030475616 14
1764152139301 0.18090859055519104 15
1764152145870 0.27738747000694275 16
1764152152433 0.23217573761940002 17
1764152158983 0.48276036977767944 18
1764152165547 0.41636666655540466 19
1764152172106 0.5450498461723328 20
1764152178672 0.47511452436447144 21
1764152185218 0.6990565061569214 22
1764152191752 0.7247117161750793 23
1764152198298 0.5363110303878784 24
1764152204830 0.20071719586849213 25
1764152211374 0.48362743854522705 26
1764152217922 0.2753913998603821 27
1764152224461 0.416962206363678 28
1764152231014 1.0 29
1764152237543 0.7432764768600464 30
1764152244078 0.23858025670051575 31
1764152250601 0.7636902332305908 32
1764152257121 1.0 33
1764152263743 0.7069956064224243 34
1764152270270 0.8083500266075134 35
1764152276800 0.3266642987728119 36
1764152283326 0.9547027349472046 37
1764152289839 0.37077149748802185 38
1764152296366 0.3704296350479126 39
1764152302959 0.2775704562664032 40
1764152309483 0.5349471569061279 41
1764152315999 0.4401804506778717 42
1764152322517 0.1145850345492363 43
1764152329037 0.36807242035865784 44
1764152335561 0.1122109666466713 45
1764152342076 0.21212375164031982 46
1764152348611 0.7381148934364319 47
1764152355116 0.3316497504711151 48
1764152361615 0.49654796719551086 49
1764152368139 0.21889840066432953 50
1764152374661 0.23474764823913574 51
1764152381180 0.39855653047561646 52
1764152387680 0.4706336557865143 53
1764152422751 0.528876006603241 54
1764152429236 0.7558927536010742 55
1764152435755 0.4243108928203583 56
1764152442277 0.1836128979921341 57
1764152448815 0.6762170195579529 58
1764152455339 0.9430853724479675 59
1764152461856 0.5698094964027405 60
1764152468376 0.219390407204628 61
1764152474882 0.11937412619590759 62
1764152481399 0.37488287687301636 63
1764152487919 0.3640502393245697 64
1764152494438 0.5664218068122864 65
1764152500963 0.3603307902812958 66
1764152507452 0.9362522959709167 67
1764152514038 0.6878963708877563 68
1764152520547 0.34562644362449646 69
1764152527058 0.4139952063560486 70
1764152533608 0.17396847903728485 71
1764152540115 0.2293292135000229 72
1764152546629 0.6448974013328552 73
1764152553157 0.4209461510181427 74
1764152559679 0.5411285758018494 75
1764152566249 0.19169975817203522 76
1764152572760 0.33886703848838806 77
1764152579275 0.18336430191993713 78
1764152585779 0.5544360876083374 79
1764152592296 0.33077970147132874 80
1764152598815 0.29768508672714233 81
1764152605336 0.4486210346221924 82
1764152611856 0.2553047835826874 83
1764152618378 0.4446164667606354 84
1764152624903 0.5540295243263245 85
1764152631436 0.44609740376472473 86
1764152637956 0.5718035101890564 87
1764152644480 0.20161375403404236 88
1764152651045 0.5419997572898865 89
1764152657545 0.2257271260023117 90
1764152664057 0.5417518019676208 91
1764152670575 0.28129827976226807 92
1764152677099 0.46207746863365173 93
1764152683615 0.38388022780418396 94
1764152690138 0.19346578419208527 95
1764152696659 0.6433895230293274 96
1764152703180 0.4748959243297577 97
1764152709684 0.3034084141254425 98
1764152716194 0.3899915814399719 99
1764152722697 0.4050738513469696 100
1764152729220 0.21678213775157928 101
1764152735736 0.16858012974262238 102
1764152742254 0.20823051035404205 103
1764152748778 0.32533153891563416 104
1764152755274 0.42271432280540466 105
1764152761778 0.22953113913536072 106
1764152768280 0.3954375088214874 107
1764152805142 0.1863427609205246 108
1764152811633 0.4490744173526764 109
1764152818134 0.5194033980369568 110
1764152824639 0.2650132477283478 111
1764152831144 0.14935354888439178 112
1764152837655 0.20763128995895386 113
1764152844176 0.39544540643692017 114
1764152850697 0.2243882715702057 115
1764152857221 0.608252763748169 116
1764152863762 0.57392418384552 117
1764152870314 0.318468302488327 118
1764152876837 0.16126659512519836 119
1764152883360 0.3071509599685669 120
1764152889879 0.4415968060493469 121
1764152896397 0.18728172779083252 122
1764152902915 0.5042974352836609 123
1764152909418 0.2798377573490143 124
1764152915937 0.36187511682510376 125
1764152922457 0.5481731295585632 126
1764152928983 0.4673978388309479 127
1764152935502 0.4215492010116577 128
1764152942018 0.48443180322647095 129
1764152948516 0.43823695182800293 130
1764152955037 0.555505096912384 131
1764152961559 0.3332987129688263 132
1764152968080 0.3120698630809784 133
1764152974598 0.8404442071914673 134
1764152981131 0.5034880042076111 135
1764152987636 0.16957709193229675 136
1764152994161 0.4117095172405243 137
1764153000744 0.4604446291923523 138
1764153007256 0.4368811249732971 139
1764153013780 0.6100760698318481 140
1764153020302 0.4817328453063965 141
1764153026859 0.36808836460113525 142
1764153033382 0.6959662437438965 143
1764153039902 0.17803016304969788 144
1764153046416 0.39610591530799866 145
1764153052946 0.48480021953582764 146
1764153059483 0.3585357367992401 147
1764153066000 0.17326989769935608 148
1764153072519 0.5526332259178162 149
1764153079034 0.6726991534233093 150
1764153085562 0.5425335764884949 151
1764153092078 0.19263394176959991 152
1764153098599 0.3607235848903656 153
1764153105119 0.19114892184734344 154
1764153111633 0.3501163423061371 155
1764153118158 0.3657529950141907 156
1764153124685 0.4327014088630676 157
1764153131189 0.3723847270011902 158
1764153137716 0.5642502903938293 159
1764153144235 0.5198476314544678 160
1764153180653 0.16041937470436096 161
1764153187140 0.41470950841903687 162
1764153193617 0.17645490169525146 163
1764153200143 0.2565144896507263 164
1764153206659 0.5066057443618774 165
1764153213177 0.402593195438385 166
1764153219702 0.20944912731647491 167
1764153226216 0.5017756819725037 168
1764153232718 0.3235480785369873 169
1764153239244 0.33683186769485474 170
1764153245763 0.3886103630065918 171
1764153252312 0.4191242456436157 172
1764153258840 0.2654164135456085 173
1764153265358 0.6106997728347778 174
1764153271873 0.1662585735321045 175
1764153278398 0.4083944857120514 176
1764153284924 0.32158997654914856 177
1764153291441 0.33225753903388977 178
1764153298018 0.27068594098091125 179
1764153304546 0.27911826968193054 180
1764153311058 0.3048613965511322 181
1764153317604 0.3572251796722412 182
1764153324121 0.24914716184139252 183
1764153330640 0.20663519203662872 184
1764153337162 0.36697322130203247 185
1764153343679 0.3852445185184479 186
1764153350199 0.2337845414876938 187
1764153356717 0.2500351667404175 188
1764153363238 0.344529926776886 189
1764153369764 0.19699978828430176 190
1764153376323 0.20191027224063873 191
1764153382870 0.5379438400268555 192
1764153389384 0.2408827692270279 193
1764153395904 0.36238694190979004 194
1764153402403 0.3100762367248535 195
1764153408918 0.33381062746047974 196
1764153415438 0.2886106073856354 197
1764153421980 0.4059806168079376 198
1764153428500 0.22167213261127472 199
1764153435001 0.2241457998752594 200
1764153441521 0.20663446187973022 201
1764153448064 0.5438112616539001 202
1764153454578 0.47741827368736267 203
1764153461078 0.2934333086013794 204
1764153467602 0.4020751416683197 205
1764153474118 0.43695542216300964 206
1764153480635 0.30885833501815796 207
1764153487156 0.32288724184036255 208
1764153493680 0.23362696170806885 209
1764153500197 0.29004648327827454 210
1764153506721 0.20628270506858826 211
1764153513244 0.42343947291374207 212
1764153519778 0.18578480184078217 213
1764153526300 0.2550383508205414 214
1764153541858 0.22436568140983582 215
1764153548352 0.497368186712265 216
1764153554842 0.2965397238731384 217
1764153561351 0.16383056342601776 218
1764153567884 0.38267844915390015 219
1764153574379 0.24991145730018616 220
1764153580889 0.30449676513671875 221
1764153587404 0.22513970732688904 222
1764153593937 0.4503224492073059 223
1764153600480 0.23882295191287994 224
1764153606973 0.3873816728591919 225
1764153613480 0.3090435564517975 226
1764153620001 0.41090402007102966 227
1764153626516 0.20120908319950104 228
1764153633038 0.2254217267036438 229
1764153639557 0.1678490936756134 230
1764153646076 0.2212897092103958 231
1764153652590 0.1982608437538147 232
1764153659100 0.4319474399089813 233
1764153665611 0.21358749270439148 234
1764153672119 0.16748613119125366 235
1764153678635 0.24436026811599731 236
1764153685160 0.16862042248249054 237
1764153691678 0.19077298045158386 238
1764153698180 0.381194531917572 239
1764153704697 0.25787273049354553 240
1764153711219 0.5504012703895569 241
1764153717736 0.1773594319820404 242
1764153724258 0.23333993554115295 243
1764153730759 0.7964253425598145 244
1764153737282 0.30265358090400696 245
1764153743802 0.20183466374874115 246
1764153750322 0.4190369248390198 247
1764153756817 0.6052359938621521 248
1764153763337 0.3401280343532562 249
1764153769848 0.3889544606208801 250
1764153776359 0.4633902609348297 251
1764153782865 0.2622358798980713 252
1764153789378 0.3336266875267029 253
1764153795903 0.2278020977973938 254
1764153802416 0.4448695778846741 255
1764153808933 0.29624807834625244 256
1764153815459 0.31337836384773254 257
1764153821980 0.2499186098575592 258
1764153828571 0.27715185284614563 259
1764153835078 0.2542734146118164 260
1764153841591 0.31193992495536804 261
1764153848122 0.5918629169464111 262
1764153854635 0.32244932651519775 263
1764153861159 0.38123011589050293 264
1764153867679 0.329290509223938 265
1764153874199 0.41409310698509216 266
1764153880784 0.5482999682426453 267
1764153917038 0.3144344091415405 268
1764153923542 0.28029724955558777 269
1764153930037 0.39942800998687744 270
1764153936540 0.48582980036735535 271
1764153943040 0.3454129993915558 272
1764153949564 0.18710120022296906 273
1764153956101 0.196057990193367 274
1764153962621 0.2429901361465454 275
1764153969137 0.21951474249362946 276
1764153975657 0.20033679902553558 277
1764153982156 0.5387742519378662 278
1764153988678 0.2676582336425781 279
1764153995195 0.2098863124847412 280
1764154001718 0.37266817688941956 281
1764154008241 0.21065327525138855 282
1764154014765 0.27912744879722595 283
1764154021279 0.328754723072052 284
1764154027804 0.16708417236804962 285
1764154034344 0.24958555400371552 286
1764154040919 0.2281212955713272 287
1764154047442 0.2879966199398041 288
1764154053956 0.40870019793510437 289
1764154060552 0.2750239074230194 290
1764154067078 0.22849218547344208 291
1764154073630 0.2715243399143219 292
1764154080138 0.1685238629579544 293
1764154086652 0.3684624433517456 294
1764154093183 0.24313916265964508 295
1764154099701 0.45498907566070557 296
1764154106207 0.20276468992233276 297
1764154112727 0.3492996096611023 298
1764154119291 0.21184851229190826 299
1764154125800 0.2106957584619522 300
1764154132318 0.3540097773075104 301
1764154138839 0.2854806184768677 302
1764154145366 0.28292316198349 303
1764154151887 0.42516010999679565 304
1764154158385 0.4155731201171875 305
1764154164902 0.631549060344696 306
1764154171422 0.3060823082923889 307
1764154177923 0.27476468682289124 308
1764154184440 0.3751501739025116 309
1764154190964 0.4106251299381256 310
1764154197481 0.4213531017303467 311
1764154204003 0.28787344694137573 312
1764154210520 0.2139694094657898 313
1764154217046 0.2934693992137909 314
1764154223563 0.2907109260559082 315
1764154230084 0.2518105208873749 316
1764154236602 0.2045963853597641 317
1764154243102 0.2654169797897339 318
1764154249601 0.3418025076389313 319
1764154256099 0.22857530415058136 320
1764154262622 0.3408973813056946 321
1764154277621 0.18529658019542694 322
1764154284122 0.26054632663726807 323
1764154290623 0.20790833234786987 324
1764154297139 0.1902402937412262 325
1764154303663 0.2658338248729706 326
1764154310185 0.25901415944099426 327
1764154316689 0.2071750909090042 328
1764154323202 0.31015875935554504 329
1764154329725 0.29843711853027344 330
1764154336225 0.2663538455963135 331
1764154342726 0.20536640286445618 332
1764154349244 0.2708096206188202 333
1764154355765 0.24637791514396667 334
1764154362306 0.18486051261425018 335
1764154368849 0.5750300884246826 336
1764154375367 0.2281314879655838 337
1764154382023 0.20187124609947205 338
1764154388543 0.3602370023727417 339
1764154395095 0.23775142431259155 340
1764154401604 0.24331101775169373 341
1764154408128 0.2445523887872696 342
1764154414648 0.3053812086582184 343
1764154421172 0.2329937070608139 344
1764154427686 0.25884127616882324 345
1764154434289 0.32455572485923767 346
1764154440804 0.3187333345413208 347
1764154448554 0.5282461047172546 348
1764154455041 0.29739904403686523 349
1764154461564 0.2173159420490265 350
1764154468085 0.2420082539319992 351
1764154474591 0.31372010707855225 352
1764154481160 0.20181609690189362 353
1764154487689 0.2636001706123352 354
1764154494205 0.26424160599708557 355
1764154500726 0.30965912342071533 356
1764154507255 0.25892534852027893 357
1764154513785 0.31400880217552185 358
1764154520304 0.2529211938381195 359
1764154526833 0.3291313648223877 360
1764154533509 0.2613025903701782 361
1764154540020 0.32182905077934265 362
1764154546511 0.24546849727630615 363
1764154553027 0.28095296025276184 364
1764154559546 0.21229910850524902 365
1764154566063 0.31024909019470215 366
1764154572590 0.2955664098262787 367
1764154579105 0.2828141152858734 368
1764154585792 0.2386632114648819 369
1764154592389 0.23789188265800476 370
1764154599814 0.371336430311203 371
1764154606337 0.2840675413608551 372
1764154612845 0.30454447865486145 373
1764154619386 0.3244658410549164 374
1764154633384 0.41010722517967224 375
1764154639889 0.31083354353904724 376
1764154646406 0.28762340545654297 377
1764154652927 0.40090522170066833 378
1764154659446 0.3713916540145874 379
1764154665940 0.2967917323112488 380
1764154672464 0.2161867320537567 381
1764154678984 0.3221272826194763 382
1764154685503 0.31423646211624146 383
1764154692019 0.288676381111145 384
1764154698527 0.25562718510627747 385
1764154705048 0.29724690318107605 386
1764154711562 0.3384908437728882 387
1764154718079 0.30063849687576294 388
1764154724659 0.24556836485862732 389
1764154731169 0.28106051683425903 390
1764154737688 0.30518585443496704 391
1764154744230 0.30856671929359436 392
1764154750745 0.24491184949874878 393
1764154757246 0.2617415189743042 394
1764154763769 0.5114319920539856 395
1764154770289 0.29407572746276855 396
1764154776804 0.289797306060791 397
1764154783323 0.27547529339790344 398
1764154789846 0.29959630966186523 399
1764154796364 0.3828127086162567 400
1764154802891 0.2666434645652771 401
1764154809404 0.2942694425582886 402
1764154815926 0.2977871000766754 403
1764154822444 0.2541266083717346 404
1764154828965 0.2876230776309967 405
1764154835473 0.29193422198295593 406
1764154841977 0.28097689151763916 407
1764154848483 0.2902069091796875 408
1764154855004 0.3299548327922821 409
1764154861504 0.29999223351478577 410
1764154868008 0.3076052665710449 411
1764154874508 0.24583658576011658 412
1764154881006 0.2938215136528015 413
1764154887567 0.2752879559993744 414
1764154894082 0.262909859418869 415
1764154900613 0.272246390581131 416
1764154907145 0.2904303967952728 417
1764154913667 0.27498146891593933 418
1764154920187 0.32489970326423645 419
1764154926682 0.2904178500175476 420
1764154933182 0.5803489685058594 421
1764154939688 0.2627333700656891 422
1764154946205 0.4459671378135681 423
1764154952709 0.3731144368648529 424
1764154959210 0.3816426992416382 425
1764154965725 0.31989219784736633 426
1764154972241 0.2533765435218811 427
1764154978767 0.2410297989845276 428
1764155014808 0.2907613217830658 429
1764155021289 0.38086771965026855 430
1764155027787 0.29983535408973694 431
1764155034270 0.2936057150363922 432
1764155040758 0.4185037612915039 433
1764155047287 0.27164292335510254 434
1764155053781 0.27864158153533936 435
1764155060287 0.2994210720062256 436
1764155066811 0.27658867835998535 437
1764155073308 0.2759493887424469 438
1764155079832 0.351958692073822 439
1764155086348 0.3754611313343048 440
1764155092865 0.2664606273174286 441
1764155099385 0.28206661343574524 442
1764155105912 0.32111862301826477 443
1764155112428 0.32615524530410767 444
1764155118946 0.29570987820625305 445
1764155125467 0.28465592861175537 446
1764155131988 0.2796858549118042 447
1764155138518 0.30214521288871765 448
1764155145028 0.28165748715400696 449
1764155151546 0.3021133840084076 450
1764155158056 0.25961244106292725 451
1764155164567 0.26774775981903076 452
1764155171090 0.4439783990383148 453
1764155177614 0.27880337834358215 454
1764155184130 0.30613407492637634 455
1764155190652 0.3371643126010895 456
1764155197192 0.32822129130363464 457
1764155203711 0.2990601062774658 458
1764155210209 0.370405375957489 459
1764155216730 0.26912540197372437 460
1764155223275 0.37361371517181396 461
1764155229786 0.29702043533325195 462
1764155236367 0.27076423168182373 463
1764155242889 0.3100741505622864 464
1764155249439 0.3305807411670685 465
1764155255968 0.27765870094299316 466
1764155262489 0.2865515351295471 467
1764155269004 0.31711339950561523 468
1764155275528 0.2854480445384979 469
1764155282111 0.2823740839958191 470
1764155288628 0.3267263174057007 471
1764155295144 0.3063407242298126 472
1764155301664 0.27161115407943726 473
1764155308154 0.29852399230003357 474
1764155314702 0.30515971779823303 475
1764155321186 0.32228803634643555 476
1764155327690 0.2880164384841919 477
1764155334187 0.29606375098228455 478
1764155340703 0.3864472508430481 479
1764155347206 0.2877745032310486 480
1764155353725 0.42639344930648804 481
1764155368746 0.3561383783817291 482
1764155375266 0.3037410080432892 483
1764155381772 0.2958455979824066 484
1764155388288 0.31897589564323425 485
1764155394789 0.37220919132232666 486
1764155401295 0.3116486668586731 487
1764155407791 0.33121997117996216 488
1764155414306 0.42632225155830383 489
1764155420805 0.4494832158088684 490
1764155427307 0.34543314576148987 491
1764155433827 0.36225426197052 492
1764155440343 0.3570822477340698 493
1764155446862 0.30892154574394226 494
1764155453396 0.3336432874202728 495
1764155459906 0.3796285092830658 496
1764155466404 0.31380653381347656 497
1764155472908 0.3632923364639282 498
1764155479424 0.4057944118976593 499
1764155485946 0.37259745597839355 500
1764155492464 0.3169425427913666 501
1764155498982 0.31054773926734924 502
1764155505509 0.3054220676422119 503
1764155512015 0.4252649247646332 504
1764155518529 0.3358980417251587 505
1764155525050 0.32222554087638855 506
1764155531587 0.35729488730430603 507
1764155538097 0.3824705481529236 508
1764155544609 0.42255645990371704 509
1764155551128 0.3313324451446533 510
1764155557621 0.36981186270713806 511
1764155564148 0.31596410274505615 512
1764155570659 0.36197954416275024 513
1764155577188 0.4301997721195221 514
1764155583705 0.37447795271873474 515
1764155590234 0.42592716217041016 516
1764155596751 0.3758123219013214 517
1764155603259 0.4241558015346527 518
1764155609789 0.37227553129196167 519
1764155616305 0.44076356291770935 520
1764155622827 0.3872041702270508 521
1764155629332 0.3741810619831085 522
1764155635843 0.3394242525100708 523
1764155642354 0.38704052567481995 524
1764155648892 0.35754984617233276 525
1764155655462 0.3266802430152893 526
1764155661970 0.33010604977607727 527
1764155668488 0.33149802684783936 528
1764155675010 0.41307881474494934 529
1764155681555 0.3934614062309265 530
1764155688112 0.3932839035987854 531
1764155694629 0.4059673249721527 532
1764155701151 0.44913333654403687 533
1764155707681 0.4385039210319519 534
1764155714184 0.3340756297111511 535
1764155728248 0.34947293996810913 536
1764155734763 0.35284093022346497 537
1764155741294 0.368942528963089 538
1764155747791 0.3633231818675995 539
1764155754308 0.4200192093849182 540
1764155760807 0.3847012519836426 541
1764155767306 0.402698814868927 542
1764155773814 0.3521900475025177 543
1764155780329 0.3336331844329834 544
1764155786850 0.34682875871658325 545
1764155793371 0.4065304398536682 546
1764155799890 0.48653921484947205 547
1764155806397 0.4584790766239166 548
1764155812931 0.4203958213329315 549
1764155819449 0.3909960389137268 550
1764155825962 0.4305591881275177 551
1764155832488 0.3580087721347809 552
1764155839007 0.37731608748435974 553
1764155845513 0.33658701181411743 554
1764155852039 0.4491669237613678 555
1764155858604 0.28948912024497986 556
1764155868162 0.3596392869949341 557
1764155878195 0.35731756687164307 558
1764155884685 0.35209301114082336 559
1764155891194 0.35061386227607727 560
1764155897715 0.370700478553772 561
1764155904242 0.3674945831298828 562
1764155913396 0.3791225552558899 563
1764155925565 0.4165398180484772 564
1764155937753 0.34767112135887146 565
1764155948963 0.3719954788684845 566
1764155955438 0.3916720449924469 567
1764155961926 0.36470815539360046 568
1764155969393 0.3571251630783081 569
1764155981543 0.41698259115219116 570
1764155993682 0.3378184735774994 571
1764156005837 0.41051167249679565 572
1764156013052 0.3655618131160736 573
1764156019575 0.405728816986084 574
1764156026086 0.49012234807014465 575
1764156038134 0.41528257727622986 576
1764156050310 0.3782554864883423 577
1764156062488 0.44652047753334045 578
1764156070730 0.37795212864875793 579
1764156077256 0.42535823583602905 580
1764156086819 0.3799241781234741 581
1764156096883 0.3866187036037445 582
1764156103363 0.3608969748020172 583
1764156109885 0.3569825291633606 584
1764156116418 0.3989717364311218 585
1764156124422 0.37290507555007935 586
1764156133805 0.4238012731075287 587
1764156143202 0.43248650431632996 588
1764156163037 0.3729541599750519 589
1764156172450 0.4544728398323059 590
1764156180269 0.3948119878768921 591
1764156186794 0.34926268458366394 592
1764156193332 0.40381208062171936 593
1764156202309 0.4011789858341217 594
1764156211685 0.43454062938690186 595
1764156221110 0.378370463848114 596
1764156230572 0.4462389051914215 597
1764156240057 0.3947218358516693 598
1764156249506 0.4939744472503662 599
1764156256472 0.4511514902114868 600
1764156262987 0.42303889989852905 601
1764156269798 0.40425899624824524 602
1764156279278 0.4256781041622162 603
1764156288687 0.4204731285572052 604
1764156298103 0.3811309337615967 605
1764156307580 0.4154796302318573 606
1764156317015 0.41922008991241455 607
1764156326429 0.38918572664260864 608
1764156332948 0.40651679039001465 609
1764156339793 0.4447166621685028 610
1764156350343 0.4567507803440094 611
1764156359046 0.4877232015132904 612
1764156365570 0.4843246042728424 613
1764156372091 0.6643341779708862 614
1764156378647 0.43360212445259094 615
1764156388268 0.430573046207428 616
1764156399654 0.3923076391220093 617
1764156410938 0.5295528769493103 618
1764156422342 0.4830141067504883 619
1764156431849 0.5080858469009399 620
1764156438373 0.5514073967933655 621
1764156444891 0.5079140663146973 622
1764156454397 0.5901594758033752 623
1764156465840 0.488471657037735 624
1764156477165 0.5015267729759216 625
1764156488612 0.520163893699646 626
1764156498395 0.4211644232273102 627
1764156504914 0.4774811565876007 628
1764156511433 0.48605969548225403 629
1764156520771 0.42648211121559143 630
1764156532213 0.5258949398994446 631
1764156543514 0.4900679886341095 632
1764156554922 0.40030208230018616 633
1764156564891 0.41618990898132324 634
1764156571434 0.4515812397003174 635
1764156579348 0.4468611478805542 636
1764156589983 0.45623356103897095 637
1764156597635 0.4261738657951355 638
1764156604174 0.43860867619514465 639
1764156610716 0.571134090423584 640
1764156617272 0.44831356406211853 641
1764156627820 0.4448418617248535 642
1764156650619 0.3973883390426636 643
1764156657145 0.4103231132030487 644
1764156663685 0.4291304051876068 645
1764156672230 0.4399418234825134 646
1764156683704 0.39688846468925476 647
1764156695155 0.40086182951927185 648
1764156703057 0.4100677967071533 649
1764156709591 0.42375367879867554 650
1764156716115 0.4754914939403534 651
1764156726966 0.5158602595329285 652
1764156738436 0.4089163839817047 653
1764156749153 0.4846184253692627 654
1764156755672 0.40628865361213684 655
1764156762190 0.44326162338256836 656
1764156768713 0.4746910035610199 657
1764156775230 0.47401875257492065 658
1764156781748 0.4583824574947357 659
1764156788271 0.4969874322414398 660
1764156794815 0.42065688967704773 661
1764156801358 0.46750178933143616 662
1764156807947 0.4564170241355896 663
1764156814508 0.5263328552246094 664
1764156821086 0.43907782435417175 665
1764156827618 0.4404175877571106 666
1764156834135 0.5352113246917725 667
1764156840675 0.44221365451812744 668
1764156847219 0.4418269991874695 669
1764156853734 0.4536180794239044 670
1764156860269 0.49690520763397217 671
1764156866818 0.4000522196292877 672
1764156873353 0.4784667491912842 673
1764156879893 0.4387403130531311 674
1764156886482 0.4214687645435333 675
1764156892990 0.4477638304233551 676
1764156899513 0.5143972635269165 677
1764156906026 0.431039035320282 678
1764156912553 0.4277820289134979 679
1764156919148 0.48083484172821045 680
1764156925678 0.45616912841796875 681
1764156932187 0.4690093696117401 682
1764156938687 0.5555563569068909 683
1764156945215 0.46275538206100464 684
1764156951735 0.5162537693977356 685
1764156958248 0.5586118698120117 686
1764156964771 0.46160805225372314 687
1764156971291 0.4957799017429352 688
1764156977814 0.41940397024154663 689
1764156984328 0.5817406177520752 690
1764156990848 0.5362333059310913 691
1764156998467 0.47988006472587585 692
1764157009083 0.462068647146225 693
1764157017015 0.4730600118637085 694
1764157023529 0.49566909670829773 695
1764157037537 0.5363034605979919 696
1764157044055 0.4868604242801666 697
1764157050654 0.47063249349594116 698
1764157057172 0.5092689394950867 699
1764157063697 0.48123517632484436 700
1764157070232 0.4431779384613037 701
1764157076748 0.45592084527015686 702
1764157083274 0.4782150685787201 703
1764157089816 0.4641910195350647 704
1764157096343 0.4360233545303345 705
1764157102872 0.43500277400016785 706
1764157113167 0.4761181175708771 707
1764157125019 0.5392782092094421 708
1764157136825 0.4623101055622101 709
1764157148708 0.4385363459587097 710
1764157160495 0.39651286602020264 711
1764157172298 0.4458901286125183 712
1764157184098 0.49422091245651245 713
1764157195877 0.4525812566280365 714
1764157207692 0.4353887438774109 715
1764157219520 0.4448511004447937 716
1764157231432 0.4378288984298706 717
1764157243290 0.4438537657260895 718
1764157255104 0.4678472578525543 719
1764157266891 0.5059860944747925 720
1764157278647 0.4696115255355835 721
1764157290496 0.44761407375335693 722
1764157302327 0.4932159185409546 723
1764157314109 0.5139181613922119 724
1764157326004 0.46326813101768494 725
1764157337826 0.47864648699760437 726
1764157349618 0.4445624053478241 727
1764157361462 0.4691605567932129 728
1764157373296 0.487449586391449 729
1764157385082 0.49679604172706604 730
1764157396924 0.4818791151046753 731
1764157408802 0.5242257118225098 732
1764157420646 0.549134373664856 733
1764157432452 0.49958136677742004 734
1764157444265 0.5491047501564026 735
1764157456118 0.486499547958374 736
1764157467955 0.5231310725212097 737
1764157479854 0.5347932577133179 738
1764157491727 0.5701263546943665 739
1764157503533 0.5073590278625488 740
1764157515376 0.4828978180885315 741
1764157527224 0.4800359904766083 742
1764157539070 0.4511104226112366 743
1764157550967 0.5141572952270508 744
1764157562773 0.4314620792865753 745
1764157574649 0.4785277247428894 746
1764157586513 0.4624944031238556 747
1764157598307 0.4856967031955719 748
1764157610215 0.45734238624572754 749
1764157634893 0.47745856642723083 750
1764157646683 0.45530766248703003 751
1764157658538 0.5953653454780579 752
1764157670370 0.5217556357383728 753
1764157682173 0.45797115564346313 754
1764157694010 0.5494385361671448 755
1764157705802 0.4237484335899353 756
1764157717619 0.5080126523971558 757
1764157729442 0.48863866925239563 758
1764157741259 0.483128160238266 759
1764157753052 0.4797154664993286 760
1764157764894 0.505172848701477 761
1764157776707 0.4900154173374176 762
1764157788541 0.4530864953994751 763
1764157800364 0.49519628286361694 764
1764157812177 0.5070766806602478 765
1764157824022 0.5611642003059387 766
1764157835340 0.5308594107627869 767
1764157846943 0.5407339930534363 768
1764157858767 0.494090735912323 769
1764157870579 0.6396567225456238 770
1764157882401 0.5189244151115417 771
1764157894287 0.4876781702041626 772
1764157906118 0.45003172755241394 773
1764157918005 0.5586045384407043 774
1764157929883 0.4706861078739166 775
1764157941730 0.46526071429252625 776
1764157953508 0.5161368250846863 777
1764157965340 0.5518461465835571 778
1764157977187 0.4999171793460846 779
1764157989049 0.5106817483901978 780
1764158000845 0.49991142749786377 781
1764158012658 0.542489767074585 782
1764158024509 0.5565966367721558 783
1764158036334 0.5099151730537415 784
1764158048173 0.5845931172370911 785
1764158060027 0.4915523827075958 786
1764158071843 0.5236958861351013 787
1764158083697 0.5226207971572876 788
1764158095535 0.5814096927642822 789
1764158107326 0.6046885848045349 790
1764158119125 0.5967414379119873 791
1764158130977 0.45981186628341675 792
1764158142782 0.506948709487915 793
1764158154582 0.511562168598175 794
1764158166430 0.5130041837692261 795
1764158178208 0.4444194734096527 796
1764158189997 0.49888330698013306 797
1764158205037 0.5338827967643738 798
1764158223229 0.45752379298210144 799
1764158241479 0.4758102595806122 800
1764158259692 0.48087984323501587 801
1764158277868 0.5887107849121094 802
1764158315359 0.5160000324249268 803
1764158333601 0.5134505033493042 804
1764158351841 0.480656236410141 805
1764158370060 0.4690331518650055 806
1764158388262 0.5261690020561218 807
1764158406538 0.6237090826034546 808
1764158424823 0.5814093351364136 809
1764158443055 0.5517147183418274 810
1764158461250 0.5138458609580994 811
1764158479544 0.48559847474098206 812
1764158497772 0.5678091645240784 813
1764158516036 0.47263506054878235 814
1764158534353 0.6224980354309082 815
1764158552620 0.4645765423774719 816
1764158570831 0.5674328207969666 817
1764158589056 0.48169687390327454 818
1764158607308 0.6434032917022705 819
1764158625607 0.5170007944107056 820
1764158643948 0.526208758354187 821
1764158662228 0.5643406510353088 822
1764158680469 0.4753137230873108 823
1764158698745 0.4983457028865814 824
1764158717006 0.5079746246337891 825
1764158735284 0.5282552242279053 826
1764158752966 0.5941212773323059 827
1764158771239 0.5258157253265381 828
1764158789457 0.5108261704444885 829
1764158807695 0.4816587269306183 830
1764158825946 0.5388145446777344 831
1764158844213 0.48731839656829834 832
