1764152047712 0.69140625 1
1764152054215 0.69140625 2
1764152060703 0.69140625 3
1764152067218 0.69140625 4
1764152073734 0.69140625 5
1764152080256 0.69140625 6
1764152086803 0.69140625 7
1764152093362 0.69140625 8
1764152099962 0.69140625 9
1764152106532 0.69140625 10
1764152113078 0.69140625 11
1764152119629 0.69140625 12
1764152126191 0.69140625 13
1764152132754 0.6904296875 14
1764152139301 0.689453125 15
1764152145870 0.6884765625 16
1764152152433 0.6884765625 17
1764152158983 0.6806640625 18
1764152165547 0.681640625 19
1764152172106 0.6748046875 20
1764152178672 0.6708984375 21
1764152185218 0.65625 22
1764152191752 0.6435546875 23
1764152198298 0.63671875 24
1764152204830 0.6416015625 25
1764152211374 0.5947265625 26
1764152217922 0.6318359375 27
1764152224461 0.6240234375 28
1764152231014 0.68359375 29
1764152237543 0.63671875 30
1764152244078 0.6083984375 31
1764152250601 0.662109375 32
1764152257121 0.6630859375 33
1764152263743 0.638671875 34
1764152270270 0.5751953125 35
1764152276800 0.6416015625 36
1764152283326 0.5810546875 37
1764152289839 0.642578125 38
1764152296366 0.599609375 39
1764152302959 0.6181640625 40
1764152309483 0.6484375 41
1764152315999 0.6005859375 42
1764152322517 0.6064453125 43
1764152329037 0.5966796875 44
1764152335561 0.6083984375 45
1764152342076 0.6123046875 46
1764152348611 0.6669921875 47
1764152355116 0.599609375 48
1764152361615 0.57421875 49
1764152368139 0.6142578125 50
1764152374661 0.611328125 51
1764152381180 0.5791015625 52
1764152387680 0.57275390625 53
1764152422751 0.548828125 54
1764152429236 0.6337890625 55
1764152435755 0.6015625 56
1764152442277 0.580078125 57
1764152448815 0.625 58
1764152455339 0.6484375 59
1764152461856 0.6328125 60
1764152468376 0.607421875 61
1764152474882 0.599609375 62
1764152481399 0.5986328125 63
1764152487919 0.6044921875 64
1764152494438 0.619140625 65
1764152500963 0.62109375 66
1764152507452 0.5576171875 67
1764152514038 0.6005859375 68
1764152520547 0.6279296875 69
1764152527058 0.5927734375 70
1764152533608 0.6240234375 71
1764152540115 0.603515625 72
1764152546629 0.5771484375 73
1764152553157 0.6142578125 74
1764152559679 0.6240234375 75
1764152566249 0.5966796875 76
1764152572760 0.5791015625 77
1764152579275 0.59375 78
1764152585779 0.6162109375 79
1764152592296 0.591796875 80
1764152598815 0.59619140625 81
1764152605336 0.6162109375 82
1764152611856 0.6064453125 83
1764152618378 0.6376953125 84
1764152624903 0.5693359375 85
1764152631436 0.630859375 86
1764152637956 0.58203125 87
1764152644480 0.62109375 88
1764152651045 0.5732421875 89
1764152657545 0.607421875 90
1764152664057 0.5810546875 91
1764152670575 0.5966796875 92
1764152677099 0.5908203125 93
1764152683615 0.6279296875 94
1764152690138 0.5712890625 95
1764152696659 0.6162109375 96
1764152703180 0.5478515625 97
1764152709684 0.6142578125 98
1764152716194 0.603515625 99
1764152722697 0.5849609375 100
1764152729220 0.57421875 101
1764152735736 0.58984375 102
1764152742254 0.583984375 103
1764152748778 0.5654296875 104
1764152755274 0.6162109375 105
1764152761778 0.6123046875 106
1764152768280 0.607421875 107
1764152805142 0.59765625 108
1764152811633 0.619140625 109
1764152818134 0.5859375 110
1764152824639 0.6220703125 111
1764152831144 0.599609375 112
1764152837655 0.603515625 113
1764152844176 0.6025390625 114
1764152850697 0.6005859375 115
1764152857221 0.57421875 116
1764152863762 0.580078125 117
1764152870314 0.6376953125 118
1764152876837 0.587890625 119
1764152883360 0.60546875 120
1764152889879 0.5537109375 121
1764152896397 0.568359375 122
1764152902915 0.5322265625 123
1764152909418 0.5771484375 124
1764152915937 0.54931640625 125
1764152922457 0.6025390625 126
1764152928983 0.5908203125 127
1764152935502 0.5859375 128
1764152942018 0.61279296875 129
1764152948516 0.6201171875 130
1764152955037 0.53515625 131
1764152961559 0.5791015625 132
1764152968080 0.5986328125 133
1764152974598 0.52001953125 134
1764152981131 0.5703125 135
1764152987636 0.5810546875 136
1764152994161 0.59375 137
1764153000744 0.5478515625 138
1764153007256 0.5927734375 139
1764153013780 0.5087890625 140
1764153020302 0.5771484375 141
1764153026859 0.546875 142
1764153033382 0.591796875 143
1764153039902 0.5556640625 144
1764153046416 0.599609375 145
1764153052946 0.5166015625 146
1764153059483 0.583984375 147
1764153066000 0.54931640625 148
1764153072519 0.5771484375 149
1764153079034 0.6474609375 150
1764153085562 0.5888671875 151
1764153092078 0.59326171875 152
1764153098599 0.6142578125 153
1764153105119 0.61328125 154
1764153111633 0.59375 155
1764153118158 0.6328125 156
1764153124685 0.58984375 157
1764153131189 0.5859375 158
1764153137716 0.5654296875 159
1764153144235 0.5615234375 160
1764153180653 0.6025390625 161
1764153187140 0.6162109375 162
1764153193617 0.57421875 163
1764153200143 0.6025390625 164
1764153206659 0.5498046875 165
1764153213177 0.5341796875 166
1764153219702 0.591796875 167
1764153226216 0.615234375 168
1764153232718 0.599609375 169
1764153239244 0.5966796875 170
1764153245763 0.53515625 171
1764153252312 0.6005859375 172
1764153258840 0.57861328125 173
1764153265358 0.51953125 174
1764153271873 0.5859375 175
1764153278398 0.53076171875 176
1764153284924 0.56640625 177
1764153291441 0.609375 178
1764153298018 0.5703125 179
1764153304546 0.5546875 180
1764153311058 0.580078125 181
1764153317604 0.52783203125 182
1764153324121 0.5283203125 183
1764153330640 0.5751953125 184
1764153337162 0.576171875 185
1764153343679 0.6083984375 186
1764153350199 0.576171875 187
1764153356717 0.5595703125 188
1764153363238 0.546875 189
1764153369764 0.58203125 190
1764153376323 0.548828125 191
1764153382870 0.52587890625 192
1764153389384 0.5712890625 193
1764153395904 0.5439453125 194
1764153402403 0.5869140625 195
1764153408918 0.5869140625 196
1764153415438 0.556640625 197
1764153421980 0.5810546875 198
1764153428500 0.54931640625 199
1764153435001 0.54833984375 200
1764153441521 0.568359375 201
1764153448064 0.609375 202
1764153454578 0.615234375 203
1764153461078 0.6025390625 204
1764153467602 0.5458984375 205
1764153474118 0.5537109375 206
1764153480635 0.5751953125 207
1764153487156 0.5654296875 208
1764153493680 0.5947265625 209
1764153500197 0.583984375 210
1764153506721 0.599609375 211
1764153513244 0.5419921875 212
1764153519778 0.552734375 213
1764153526300 0.54296875 214
1764153541858 0.5419921875 215
1764153548352 0.6142578125 216
1764153554842 0.55224609375 217
1764153561351 0.54736328125 218
1764153567884 0.544921875 219
1764153574379 0.546875 220
1764153580889 0.5361328125 221
1764153587404 0.54052734375 222
1764153593937 0.595703125 223
1764153600480 0.552734375 224
1764153606973 0.59130859375 225
1764153613480 0.51123046875 226
1764153620001 0.5078125 227
1764153626516 0.56103515625 228
1764153633038 0.5341796875 229
1764153639557 0.560546875 230
1764153646076 0.5634765625 231
1764153652590 0.52734375 232
1764153659100 0.61328125 233
1764153665611 0.5791015625 234
1764153672119 0.5625 235
1764153678635 0.576171875 236
1764153685160 0.5634765625 237
1764153691678 0.5556640625 238
1764153698180 0.537109375 239
1764153704697 0.55615234375 240
1764153711219 0.6259765625 241
1764153717736 0.5791015625 242
1764153724258 0.576171875 243
1764153730759 0.6728515625 244
1764153737282 0.560546875 245
1764153743802 0.5791015625 246
1764153750322 0.57421875 247
1764153756817 0.53759765625 248
1764153763337 0.5703125 249
1764153769848 0.5595703125 250
1764153776359 0.5244140625 251
1764153782865 0.591796875 252
1764153789378 0.60546875 253
1764153795903 0.5478515625 254
1764153802416 0.5947265625 255
1764153808933 0.51318359375 256
1764153815459 0.5732421875 257
1764153821980 0.5498046875 258
1764153828571 0.5439453125 259
1764153835078 0.53466796875 260
1764153841591 0.5234375 261
1764153848122 0.6240234375 262
1764153854635 0.5771484375 263
1764153861159 0.607421875 264
1764153867679 0.5654296875 265
1764153874199 0.6103515625 266
1764153880784 0.50732421875 267
1764153917038 0.541015625 268
1764153923542 0.587890625 269
1764153930037 0.55078125 270
1764153936540 0.533203125 271
1764153943040 0.537109375 272
1764153949564 0.53564453125 273
1764153956101 0.552734375 274
1764153962621 0.50732421875 275
1764153969137 0.55419921875 276
1764153975657 0.50927734375 277
1764153982156 0.5908203125 278
1764153988678 0.5625 279
1764153995195 0.5478515625 280
1764154001718 0.583984375 281
1764154008241 0.53125 282
1764154014765 0.5615234375 283
1764154021279 0.572265625 284
1764154027804 0.5712890625 285
1764154034344 0.599609375 286
1764154040919 0.548828125 287
1764154047442 0.560546875 288
1764154053956 0.52880859375 289
1764154060552 0.59375 290
1764154067078 0.5771484375 291
1764154073630 0.5341796875 292
1764154080138 0.5869140625 293
1764154086652 0.54248046875 294
1764154093183 0.5537109375 295
1764154099701 0.50390625 296
1764154106207 0.5302734375 297
1764154112727 0.57421875 298
1764154119291 0.513671875 299
1764154125800 0.50634765625 300
1764154132318 0.466796875 301
1764154138839 0.5546875 302
1764154145366 0.52294921875 303
1764154151887 0.56494140625 304
1764154158385 0.55224609375 305
1764154164902 0.609375 306
1764154171422 0.55712890625 307
1764154177923 0.5390625 308
1764154184440 0.5263671875 309
1764154190964 0.53515625 310
1764154197481 0.5234375 311
1764154204003 0.54833984375 312
1764154210520 0.5693359375 313
1764154217046 0.53466796875 314
1764154223563 0.57421875 315
1764154230084 0.54248046875 316
1764154236602 0.54296875 317
1764154243102 0.568359375 318
1764154249601 0.5498046875 319
1764154256099 0.5537109375 320
1764154262622 0.53466796875 321
1764154277621 0.53662109375 322
1764154284122 0.5224609375 323
1764154290623 0.5546875 324
1764154297139 0.5361328125 325
1764154303663 0.52197265625 326
1764154310185 0.5595703125 327
1764154316689 0.5302734375 328
1764154323202 0.50830078125 329
1764154329725 0.5751953125 330
1764154336225 0.5400390625 331
1764154342726 0.53662109375 332
1764154349244 0.498046875 333
1764154355765 0.54443359375 334
1764154362306 0.529296875 335
1764154368849 0.6201171875 336
1764154375367 0.50390625 337
1764154382023 0.51611328125 338
1764154388543 0.564453125 339
1764154395095 0.53369140625 340
1764154401604 0.5478515625 341
1764154408128 0.52294921875 342
1764154414648 0.51220703125 343
1764154421172 0.58203125 344
1764154427686 0.525390625 345
1764154434289 0.56494140625 346
1764154440804 0.4951171875 347
1764154448554 0.615234375 348
1764154455041 0.51318359375 349
1764154461564 0.5439453125 350
1764154468085 0.5283203125 351
1764154474591 0.53369140625 352
1764154481160 0.53173828125 353
1764154487689 0.5517578125 354
1764154494205 0.5302734375 355
1764154500726 0.5224609375 356
1764154507255 0.541015625 357
1764154513785 0.55224609375 358
1764154520304 0.53271484375 359
1764154526833 0.564453125 360
1764154533509 0.5146484375 361
1764154540020 0.546875 362
1764154546511 0.5322265625 363
1764154553027 0.5185546875 364
1764154559546 0.53662109375 365
1764154566063 0.5625 366
1764154572590 0.5361328125 367
1764154579105 0.53759765625 368
1764154585792 0.52392578125 369
1764154592389 0.52001953125 370
1764154599814 0.50927734375 371
1764154606337 0.52880859375 372
1764154612845 0.53759765625 373
1764154619386 0.482421875 374
1764154633384 0.58203125 375
1764154639889 0.55078125 376
1764154646406 0.533203125 377
1764154652927 0.56982421875 378
1764154659446 0.5556640625 379
1764154665940 0.5478515625 380
1764154672464 0.53515625 381
1764154678984 0.51416015625 382
1764154685503 0.5224609375 383
1764154692019 0.5830078125 384
1764154698527 0.54296875 385
1764154705048 0.5380859375 386
1764154711562 0.50390625 387
1764154718079 0.5341796875 388
1764154724659 0.5693359375 389
1764154731169 0.533203125 390
1764154737688 0.51318359375 391
1764154744230 0.5048828125 392
1764154750745 0.55615234375 393
1764154757246 0.49560546875 394
1764154763769 0.5859375 395
1764154770289 0.52392578125 396
1764154776804 0.537109375 397
1764154783323 0.5361328125 398
1764154789846 0.48046875 399
1764154796364 0.54638671875 400
1764154802891 0.4970703125 401
1764154809404 0.55078125 402
1764154815926 0.541015625 403
1764154822444 0.51708984375 404
1764154828965 0.564453125 405
1764154835473 0.5166015625 406
1764154841977 0.53857421875 407
1764154848483 0.5419921875 408
1764154855004 0.525390625 409
1764154861504 0.5517578125 410
1764154868008 0.53564453125 411
1764154874508 0.5458984375 412
1764154881006 0.5283203125 413
1764154887567 0.5419921875 414
1764154894082 0.52587890625 415
1764154900613 0.51318359375 416
1764154907145 0.49462890625 417
1764154913667 0.5576171875 418
1764154920187 0.47119140625 419
1764154926682 0.47216796875 420
1764154933182 0.599609375 421
1764154939688 0.50634765625 422
1764154946205 0.5966796875 423
1764154952709 0.5517578125 424
1764154959210 0.552734375 425
1764154965725 0.55078125 426
1764154972241 0.52490234375 427
1764154978767 0.5380859375 428
1764155014808 0.5390625 429
1764155021289 0.48046875 430
1764155027787 0.5419921875 431
1764155034270 0.5263671875 432
1764155040758 0.51025390625 433
1764155047287 0.5673828125 434
1764155053781 0.53173828125 435
1764155060287 0.51904296875 436
1764155066811 0.50244140625 437
1764155073308 0.521484375 438
1764155079832 0.5126953125 439
1764155086348 0.5732421875 440
1764155092865 0.505859375 441
1764155099385 0.52783203125 442
1764155105912 0.4833984375 443
1764155112428 0.50390625 444
1764155118946 0.498046875 445
1764155125467 0.48291015625 446
1764155131988 0.52734375 447
1764155138518 0.5537109375 448
1764155145028 0.52734375 449
1764155151546 0.4873046875 450
1764155158056 0.5185546875 451
1764155164567 0.53125 452
1764155171090 0.49560546875 453
1764155177614 0.5166015625 454
1764155184130 0.48779296875 455
1764155190652 0.533203125 456
1764155197192 0.482421875 457
1764155203711 0.5263671875 458
1764155210209 0.5205078125 459
1764155216730 0.50048828125 460
1764155223275 0.4814453125 461
1764155229786 0.51806640625 462
1764155236367 0.4833984375 463
1764155242889 0.515625 464
1764155249439 0.5224609375 465
1764155255968 0.5390625 466
1764155262489 0.52587890625 467
1764155269004 0.484375 468
1764155275528 0.513671875 469
1764155282111 0.5576171875 470
1764155288628 0.4873046875 471
1764155295144 0.50634765625 472
1764155301664 0.55224609375 473
1764155308154 0.53173828125 474
1764155314702 0.541015625 475
1764155321186 0.525390625 476
1764155327690 0.5244140625 477
1764155334187 0.5126953125 478
1764155340703 0.482421875 479
1764155347206 0.5185546875 480
1764155353725 0.5791015625 481
1764155368746 0.458984375 482
1764155375266 0.47607421875 483
1764155381772 0.45751953125 484
1764155388288 0.498046875 485
1764155394789 0.55126953125 486
1764155401295 0.44189453125 487
1764155407791 0.48388671875 488
1764155414306 0.54345703125 489
1764155420805 0.52490234375 490
1764155427307 0.51953125 491
1764155433827 0.52734375 492
1764155440343 0.52294921875 493
1764155446862 0.51611328125 494
1764155453396 0.49462890625 495
1764155459906 0.51611328125 496
1764155466404 0.50390625 497
1764155472908 0.4970703125 498
1764155479424 0.5439453125 499
1764155485946 0.5546875 500
1764155492464 0.52001953125 501
1764155498982 0.498046875 502
1764155505509 0.5244140625 503
1764155512015 0.5751953125 504
1764155518529 0.55078125 505
1764155525050 0.53173828125 506
1764155531587 0.4892578125 507
1764155538097 0.45556640625 508
1764155544609 0.50927734375 509
1764155551128 0.5029296875 510
1764155557621 0.4521484375 511
1764155564148 0.4794921875 512
1764155570659 0.49755859375 513
1764155577188 0.51806640625 514
1764155583705 0.47607421875 515
1764155590234 0.51171875 516
1764155596751 0.5 517
1764155603259 0.53515625 518
1764155609789 0.49853515625 519
1764155616305 0.56103515625 520
1764155622827 0.52734375 521
1764155629332 0.4873046875 522
1764155635843 0.49951171875 523
1764155642354 0.5341796875 524
1764155648892 0.466796875 525
1764155655462 0.4833984375 526
1764155661970 0.49462890625 527
1764155668488 0.49755859375 528
1764155675010 0.50927734375 529
1764155681555 0.52685546875 530
1764155688112 0.5341796875 531
1764155694629 0.49609375 532
1764155701151 0.54052734375 533
1764155707681 0.4755859375 534
1764155714184 0.49072265625 535
1764155728248 0.5224609375 536
1764155734763 0.515625 537
1764155741294 0.48974609375 538
1764155747791 0.48876953125 539
1764155754308 0.4423828125 540
1764155760807 0.47216796875 541
1764155767306 0.45654296875 542
1764155773814 0.47119140625 543
1764155780329 0.50244140625 544
1764155786850 0.46875 545
1764155793371 0.49267578125 546
1764155799890 0.5419921875 547
1764155806397 0.521484375 548
1764155812931 0.47607421875 549
1764155819449 0.51953125 550
1764155825962 0.490234375 551
1764155832488 0.529296875 552
1764155839007 0.4814453125 553
1764155845513 0.48193359375 554
1764155852039 0.4716796875 555
1764155858604 0.52392578125 556
1764155868162 0.47314453125 557
1764155878195 0.4970703125 558
1764155884685 0.51220703125 559
1764155891194 0.5009765625 560
1764155897715 0.4638671875 561
1764155904242 0.53662109375 562
1764155913396 0.5078125 563
1764155925565 0.431640625 564
1764155937753 0.4658203125 565
1764155948963 0.501953125 566
1764155955438 0.4970703125 567
1764155961926 0.474609375 568
1764155969393 0.46826171875 569
1764155981543 0.53369140625 570
1764155993682 0.48193359375 571
1764156005837 0.4482421875 572
1764156013052 0.47998046875 573
1764156019575 0.47802734375 574
1764156026086 0.53369140625 575
1764156038134 0.48681640625 576
1764156050310 0.4638671875 577
1764156062488 0.46142578125 578
1764156070730 0.48486328125 579
1764156077256 0.4873046875 580
1764156086819 0.5107421875 581
1764156096883 0.48974609375 582
1764156103363 0.482421875 583
1764156109885 0.5244140625 584
1764156116418 0.51953125 585
1764156124422 0.484375 586
1764156133805 0.4619140625 587
1764156143202 0.435546875 588
1764156163037 0.46533203125 589
1764156172450 0.4990234375 590
1764156180269 0.46044921875 591
1764156186794 0.4990234375 592
1764156193332 0.52001953125 593
1764156202309 0.50439453125 594
1764156211685 0.4814453125 595
1764156221110 0.46435546875 596
1764156230572 0.44384765625 597
1764156240057 0.44140625 598
1764156249506 0.5556640625 599
1764156256472 0.4453125 600
1764156262987 0.525390625 601
1764156269798 0.447265625 602
1764156279278 0.46240234375 603
1764156288687 0.451171875 604
1764156298103 0.43359375 605
1764156307580 0.4833984375 606
1764156317015 0.46337890625 607
1764156326429 0.4375 608
1764156332948 0.42529296875 609
1764156339793 0.4814453125 610
1764156350343 0.4794921875 611
1764156359046 0.498046875 612
1764156365570 0.43310546875 613
1764156372091 0.54833984375 614
1764156378647 0.40966796875 615
1764156388268 0.4521484375 616
1764156399654 0.46630859375 617
1764156410938 0.46630859375 618
1764156422342 0.49951171875 619
1764156431849 0.52783203125 620
1764156438373 0.478515625 621
1764156444891 0.47412109375 622
1764156454397 0.4814453125 623
1764156465840 0.48779296875 624
1764156477165 0.5244140625 625
1764156488612 0.49267578125 626
1764156498395 0.4521484375 627
1764156504914 0.50390625 628
1764156511433 0.49267578125 629
1764156520771 0.48681640625 630
1764156532213 0.5478515625 631
1764156543514 0.48974609375 632
1764156554922 0.486328125 633
1764156564891 0.494140625 634
1764156571434 0.42236328125 635
1764156579348 0.45458984375 636
1764156589983 0.48046875 637
1764156597635 0.48095703125 638
1764156604174 0.478515625 639
1764156610716 0.55126953125 640
1764156617272 0.513671875 641
1764156627820 0.45947265625 642
1764156650619 0.4755859375 643
1764156657145 0.51416015625 644
1764156663685 0.47412109375 645
1764156672230 0.43310546875 646
1764156683704 0.49365234375 647
1764156695155 0.494140625 648
1764156703057 0.47119140625 649
1764156709591 0.4716796875 650
1764156716115 0.42041015625 651
1764156726966 0.4111328125 652
1764156738436 0.46142578125 653
1764156749153 0.47705078125 654
1764156755672 0.43701171875 655
1764156762190 0.4638671875 656
1764156768713 0.513671875 657
1764156775230 0.47998046875 658
1764156781748 0.46875 659
1764156788271 0.50048828125 660
1764156794815 0.43603515625 661
1764156801358 0.4765625 662
1764156807947 0.4755859375 663
1764156814508 0.5244140625 664
1764156821086 0.4736328125 665
1764156827618 0.4990234375 666
1764156834135 0.53564453125 667
1764156840675 0.46240234375 668
1764156847219 0.47216796875 669
1764156853734 0.435546875 670
1764156860269 0.4755859375 671
1764156866818 0.44970703125 672
1764156873353 0.4541015625 673
1764156879893 0.4453125 674
1764156886482 0.4423828125 675
1764156892990 0.46240234375 676
1764156899513 0.46435546875 677
1764156906026 0.45947265625 678
1764156912553 0.470703125 679
1764156919148 0.5048828125 680
1764156925678 0.46435546875 681
1764156932187 0.45556640625 682
1764156938687 0.51025390625 683
1764156945215 0.39892578125 684
1764156951735 0.49755859375 685
1764156958248 0.51025390625 686
1764156964771 0.4091796875 687
1764156971291 0.46923828125 688
1764156977814 0.46240234375 689
1764156984328 0.50732421875 690
1764156990848 0.4716796875 691
1764156998467 0.4716796875 692
1764157009083 0.4814453125 693
1764157017015 0.45361328125 694
1764157023529 0.4345703125 695
1764157037537 0.43798828125 696
1764157044055 0.48046875 697
1764157050654 0.46484375 698
1764157057172 0.478515625 699
1764157063697 0.4287109375 700
1764157070232 0.44189453125 701
1764157076748 0.41650390625 702
1764157083274 0.5224609375 703
1764157089816 0.4462890625 704
1764157096343 0.46435546875 705
1764157102872 0.47119140625 706
1764157113167 0.4931640625 707
1764157125019 0.427734375 708
1764157136825 0.47119140625 709
1764157148708 0.4443359375 710
1764157160495 0.4765625 711
1764157172298 0.44970703125 712
1764157184098 0.51416015625 713
1764157195877 0.45703125 714
1764157207692 0.42431640625 715
1764157219520 0.4365234375 716
1764157231432 0.44677734375 717
1764157243290 0.45947265625 718
1764157255104 0.45556640625 719
1764157266891 0.47314453125 720
1764157278647 0.42041015625 721
1764157290496 0.39892578125 722
1764157302327 0.45703125 723
1764157314109 0.466796875 724
1764157326004 0.4599609375 725
1764157337826 0.4736328125 726
1764157349618 0.416015625 727
1764157361462 0.38427734375 728
1764157373296 0.470703125 729
1764157385082 0.46630859375 730
1764157396924 0.404296875 731
1764157408802 0.48583984375 732
1764157420646 0.42724609375 733
1764157432452 0.38623046875 734
1764157444265 0.50390625 735
1764157456118 0.44189453125 736
1764157467955 0.458984375 737
1764157479854 0.49658203125 738
1764157491727 0.478515625 739
1764157503533 0.45849609375 740
1764157515376 0.46142578125 741
1764157527224 0.44091796875 742
1764157539070 0.44677734375 743
1764157550967 0.4443359375 744
1764157562773 0.46630859375 745
1764157574649 0.40966796875 746
1764157586513 0.44677734375 747
1764157598307 0.47265625 748
1764157610215 0.42236328125 749
1764157634893 0.47998046875 750
1764157646683 0.4443359375 751
1764157658538 0.5126953125 752
1764157670370 0.46044921875 753
1764157682173 0.4248046875 754
1764157694010 0.43408203125 755
1764157705802 0.41357421875 756
1764157717619 0.47607421875 757
1764157729442 0.4638671875 758
1764157741259 0.43408203125 759
1764157753052 0.443359375 760
1764157764894 0.44140625 761
1764157776707 0.4453125 762
1764157788541 0.4609375 763
1764157800364 0.4306640625 764
1764157812177 0.46728515625 765
1764157824022 0.43310546875 766
1764157835340 0.41650390625 767
1764157846943 0.48828125 768
1764157858767 0.4228515625 769
1764157870579 0.5478515625 770
1764157882401 0.486328125 771
1764157894287 0.4091796875 772
1764157906118 0.45263671875 773
1764157918005 0.5185546875 774
1764157929883 0.41845703125 775
1764157941730 0.41796875 776
1764157953508 0.4345703125 777
1764157965340 0.48291015625 778
1764157977187 0.484375 779
1764157989049 0.42236328125 780
1764158000845 0.49609375 781
1764158012658 0.376953125 782
1764158024509 0.45751953125 783
1764158036334 0.48828125 784
1764158048173 0.52978515625 785
1764158060027 0.40234375 786
1764158071843 0.4306640625 787
1764158083697 0.392578125 788
1764158095535 0.388671875 789
1764158107326 0.41552734375 790
1764158119125 0.4794921875 791
1764158130977 0.44384765625 792
1764158142782 0.4208984375 793
1764158154582 0.41455078125 794
1764158166430 0.4638671875 795
1764158178208 0.408203125 796
1764158189997 0.38525390625 797
1764158205037 0.4775390625 798
1764158223229 0.44921875 799
1764158241479 0.427734375 800
1764158259692 0.46435546875 801
1764158277868 0.4384765625 802
1764158315359 0.4560546875 803
1764158333601 0.42236328125 804
1764158351841 0.41259765625 805
1764158370060 0.43212890625 806
1764158388262 0.43505859375 807
1764158406538 0.47119140625 808
1764158424823 0.47998046875 809
1764158443055 0.48681640625 810
1764158461250 0.45458984375 811
1764158479544 0.41943359375 812
1764158497772 0.46533203125 813
1764158516036 0.4345703125 814
1764158534353 0.43017578125 815
1764158552620 0.39306640625 816
1764158570831 0.42041015625 817
1764158589056 0.41796875 818
1764158607308 0.486328125 819
1764158625607 0.40234375 820
1764158643948 0.4521484375 821
1764158662228 0.46875 822
1764158680469 0.45947265625 823
1764158698745 0.43603515625 824
1764158717006 0.390625 825
1764158735284 0.43798828125 826
1764158752966 0.4716796875 827
1764158771239 0.39453125 828
1764158789457 0.41162109375 829
1764158807695 0.4228515625 830
1764158825946 0.49365234375 831
1764158844213 0.443359375 832
