1764152394834 0.19528472096714333 53
1764152775345 0.4230578034012406 107
1764153151276 0.5056746140965875 160
1764153533335 0.5696977685998987 214
1764153887896 0.6300335290297023 267
1764154269635 0.6956763797336154 321
1764154626443 0.776325576710251 374
1764154985847 0.8155473073323567 428
1764155360744 0.8810855937453936 481
1764155721289 0.958685768975152 535
1764156153164 1.0500496918300413 588
1764156639843 1.1286871168348525 642
1764157030562 1.1705995955557194 695
1764157622609 1.2480423538773149 749
1764158296688 1.2672317792784493 802
