1764152394834 0.2933741106458124 53
1764152775345 0.4992706510755751 107
1764153151276 0.5928730514814269 160
1764153533335 0.6956407052499277 214
1764153887896 1.2900419415168043 267
1764154269635 0.861548105875651 321
1764154626443 1.0138043097729952 374
1764154985847 1.2462203414351851 428
1764155360744 1.0302457989386793 481
1764155721289 0.6320778175636574 535
1764156153164 1.3696565448113207 588
1764156639843 0.8931556984230324 642
1764157030562 0.6844183004127359 695
1764157622609 0.7338522451895254 749
1764158296688 0.48728309487396815 802
