1764152047712 0.0 1
1764152054215 0.625 2
1764152060703 0.56640625 3
1764152067218 0.65625 4
1764152073734 0.58984375 5
1764152080256 0.64453125 6
1764152086803 0.6484375 7
1764152093362 0.6953125 8
1764152099962 0.62109375 9
1764152106532 0.62109375 10
1764152113078 0.58984375 11
1764152119629 0.62890625 12
1764152126191 0.5859375 13
1764152132754 0.67578125 14
1764152139301 0.62109375 15
1764152145870 0.62890625 16
1764152152433 0.59375 17
1764152158983 0.63671875 18
1764152165547 0.63671875 19
1764152172106 0.6328125 20
1764152178672 0.625 21
1764152185218 0.6171875 22
1764152191752 0.640625 23
1764152198298 0.609375 24
1764152204830 0.62109375 25
1764152211374 0.71875 26
1764152217922 0.63671875 27
1764152224461 0.66015625 28
1764152231014 0.609375 29
1764152237543 0.63671875 30
1764152244078 0.62890625 31
1764152250601 0.61328125 32
1764152257121 0.59375 33
1764152263743 0.6015625 34
1764152270270 0.73046875 35
1764152276800 0.63671875 36
1764152283326 0.69140625 37
1764152289839 0.66015625 38
1764152296366 0.66015625 39
1764152302959 0.6640625 40
1764152309483 0.59375 41
1764152315999 0.6484375 42
1764152322517 0.65625 43
1764152329037 0.68359375 44
1764152335561 0.6484375 45
1764152342076 0.6796875 46
1764152348611 0.56640625 47
1764152355116 0.66796875 48
1764152361615 0.6875 49
1764152368139 0.63671875 50
1764152374661 0.6796875 51
1764152381180 0.68359375 52
1764152387680 0.7265625 53
1764152394834 0.6285377358490566 53
1764152422751 0.71484375 54
1764152429236 0.6328125 55
1764152435755 0.63671875 56
1764152442277 0.69921875 57
1764152448815 0.65234375 58
1764152455339 0.62109375 59
1764152461856 0.640625 60
1764152468376 0.65234375 61
1764152474882 0.66015625 62
1764152481399 0.64453125 63
1764152487919 0.6875 64
1764152494438 0.6328125 65
1764152500963 0.640625 66
1764152507452 0.7265625 67
1764152514038 0.69140625 68
1764152520547 0.6640625 69
1764152527058 0.6796875 70
1764152533608 0.62890625 71
1764152540115 0.671875 72
1764152546629 0.69921875 73
1764152553157 0.66015625 74
1764152559679 0.6640625 75
1764152566249 0.66796875 76
1764152572760 0.6796875 77
1764152579275 0.703125 78
1764152585779 0.61328125 79
1764152592296 0.7109375 80
1764152598815 0.671875 81
1764152605336 0.66015625 82
1764152611856 0.671875 83
1764152618378 0.65625 84
1764152624903 0.6953125 85
1764152631436 0.6328125 86
1764152637956 0.703125 87
1764152644480 0.6796875 88
1764152651045 0.69140625 89
1764152657545 0.65625 90
1764152664057 0.67578125 91
1764152670575 0.64453125 92
1764152677099 0.71875 93
1764152683615 0.62890625 94
1764152690138 0.7109375 95
1764152696659 0.66796875 96
1764152703180 0.71484375 97
1764152709684 0.671875 98
1764152716194 0.67578125 99
1764152722697 0.6796875 100
1764152729220 0.703125 101
1764152735736 0.6875 102
1764152742254 0.6875 103
1764152748778 0.71484375 104
1764152755274 0.65625 105
1764152761778 0.6796875 106
1764152768280 0.703125 107
1764152775345 0.6725260416666666 107
1764152805142 0.6953125 108
1764152811633 0.63671875 109
1764152818134 0.66015625 110
1764152824639 0.63671875 111
1764152831144 0.6484375 112
1764152837655 0.66796875 113
1764152844176 0.6796875 114
1764152850697 0.69140625 115
1764152857221 0.6796875 116
1764152863762 0.6796875 117
1764152870314 0.59765625 118
1764152876837 0.68359375 119
1764152883360 0.68359375 120
1764152889879 0.6953125 121
1764152896397 0.69921875 122
1764152902915 0.73046875 123
1764152909418 0.71484375 124
1764152915937 0.73046875 125
1764152922457 0.703125 126
1764152928983 0.68359375 127
1764152935502 0.671875 128
1764152942018 0.640625 129
1764152948516 0.64453125 130
1764152955037 0.734375 131
1764152961559 0.67578125 132
1764152968080 0.6640625 133
1764152974598 0.75 134
1764152981131 0.6796875 135
1764152987636 0.62890625 136
1764152994161 0.6640625 137
1764153000744 0.71484375 138
1764153007256 0.69921875 139
1764153013780 0.734375 140
1764153020302 0.68359375 141
1764153026859 0.71484375 142
1764153033382 0.66015625 143
1764153039902 0.71875 144
1764153046416 0.69921875 145
1764153052946 0.71484375 146
1764153059483 0.66015625 147
1764153066000 0.69921875 148
1764153072519 0.66796875 149
1764153079034 0.65625 150
1764153085562 0.66796875 151
1764153092078 0.68359375 152
1764153098599 0.625 153
1764153105119 0.6328125 154
1764153111633 0.6796875 155
1764153118158 0.6484375 156
1764153124685 0.6875 157
1764153131189 0.671875 158
1764153137716 0.70703125 159
1764153144235 0.71484375 160
1764153151276 0.6810141509433962 160
1764153180653 0.66796875 161
1764153187140 0.65234375 162
1764153193617 0.67578125 163
1764153200143 0.63671875 164
1764153206659 0.703125 165
1764153213177 0.7578125 166
1764153219702 0.66015625 167
1764153226216 0.6796875 168
1764153232718 0.66796875 169
1764153239244 0.65234375 170
1764153245763 0.73046875 171
1764153252312 0.64453125 172
1764153258840 0.67578125 173
1764153265358 0.73046875 174
1764153271873 0.69140625 175
1764153278398 0.73828125 176
1764153284924 0.703125 177
1764153291441 0.65625 178
1764153298018 0.70703125 179
1764153304546 0.69140625 180
1764153311058 0.69140625 181
1764153317604 0.72265625 182
1764153324121 0.72265625 183
1764153330640 0.6796875 184
1764153337162 0.6875 185
1764153343679 0.65234375 186
1764153350199 0.6953125 187
1764153356717 0.6875 188
1764153363238 0.75390625 189
1764153369764 0.68359375 190
1764153376323 0.6953125 191
1764153382870 0.7109375 192
1764153389384 0.69140625 193
1764153395904 0.734375 194
1764153402403 0.69921875 195
1764153408918 0.671875 196
1764153415438 0.70703125 197
1764153421980 0.6796875 198
1764153428500 0.703125 199
1764153435001 0.6875 200
1764153441521 0.67578125 201
1764153448064 0.66796875 202
1764153454578 0.6953125 203
1764153461078 0.68359375 204
1764153467602 0.72265625 205
1764153474118 0.72265625 206
1764153480635 0.71484375 207
1764153487156 0.7421875 208
1764153493680 0.671875 209
1764153500197 0.68359375 210
1764153506721 0.6484375 211
1764153513244 0.72265625 212
1764153519778 0.67578125 213
1764153526300 0.68359375 214
1764153533335 0.6924189814814815 214
1764153541858 0.7265625 215
1764153548352 0.66015625 216
1764153554842 0.74609375 217
1764153561351 0.7421875 218
1764153567884 0.70703125 219
1764153574379 0.734375 220
1764153580889 0.6953125 221
1764153587404 0.71875 222
1764153593937 0.65625 223
1764153600480 0.703125 224
1764153606973 0.703125 225
1764153613480 0.73046875 226
1764153620001 0.765625 227
1764153626516 0.69140625 228
1764153633038 0.734375 229
1764153639557 0.70703125 230
1764153646076 0.69921875 231
1764153652590 0.74609375 232
1764153659100 0.6875 233
1764153665611 0.66015625 234
1764153672119 0.71484375 235
1764153678635 0.671875 236
1764153685160 0.7109375 237
1764153691678 0.70703125 238
1764153698180 0.77734375 239
1764153704697 0.6875 240
1764153711219 0.67578125 241
1764153717736 0.6796875 242
1764153724258 0.70703125 243
1764153730759 0.61328125 244
1764153737282 0.69140625 245
1764153743802 0.69140625 246
1764153750322 0.69921875 247
1764153756817 0.7265625 248
1764153763337 0.6953125 249
1764153769848 0.68359375 250
1764153776359 0.78125 251
1764153782865 0.6640625 252
1764153789378 0.65234375 253
1764153795903 0.69921875 254
1764153802416 0.65234375 255
1764153808933 0.74609375 256
1764153815459 0.703125 257
1764153821980 0.72265625 258
1764153828571 0.734375 259
1764153835078 0.75 260
1764153841591 0.74609375 261
1764153848122 0.66015625 262
1764153854635 0.70703125 263
1764153861159 0.671875 264
1764153867679 0.6953125 265
1764153874199 0.6640625 266
1764153880784 0.75 267
1764153887896 0.7046727594339622 267
1764153917038 0.71875 268
1764153923542 0.69140625 269
1764153930037 0.7265625 270
1764153936540 0.75 271
1764153943040 0.72265625 272
1764153949564 0.71484375 273
1764153956101 0.71484375 274
1764153962621 0.78125 275
1764153969137 0.71484375 276
1764153975657 0.7421875 277
1764153982156 0.70703125 278
1764153988678 0.69921875 279
1764153995195 0.6875 280
1764154001718 0.71875 281
1764154008241 0.7109375 282
1764154014765 0.71484375 283
1764154021279 0.6953125 284
1764154027804 0.70703125 285
1764154034344 0.6640625 286
1764154040919 0.71484375 287
1764154047442 0.71484375 288
1764154053956 0.765625 289
1764154060552 0.67578125 290
1764154067078 0.6953125 291
1764154073630 0.76953125 292
1764154080138 0.67578125 293
1764154086652 0.73828125 294
1764154093183 0.7265625 295
1764154099701 0.75 296
1764154106207 0.7265625 297
1764154112727 0.71484375 298
1764154119291 0.7578125 299
1764154125800 0.75 300
1764154132318 0.765625 301
1764154138839 0.703125 302
1764154145366 0.74609375 303
1764154151887 0.7265625 304
1764154158385 0.74609375 305
1764154164902 0.671875 306
1764154171422 0.70703125 307
1764154177923 0.71484375 308
1764154184440 0.76171875 309
1764154190964 0.71484375 310
1764154197481 0.7421875 311
1764154204003 0.70703125 312
1764154210520 0.72265625 313
1764154217046 0.703125 314
1764154223563 0.7109375 315
1764154230084 0.6875 316
1764154236602 0.703125 317
1764154243102 0.7109375 318
1764154249601 0.703125 319
1764154256099 0.703125 320
1764154262622 0.73828125 321
1764154269635 0.7194010416666666 321
1764154277621 0.73828125 322
1764154284122 0.74609375 323
1764154290623 0.7109375 324
1764154297139 0.72265625 325
1764154303663 0.71875 326
1764154310185 0.71484375 327
1764154316689 0.73828125 328
1764154323202 0.74609375 329
1764154329725 0.6796875 330
1764154336225 0.67578125 331
1764154342726 0.71875 332
1764154349244 0.765625 333
1764154355765 0.734375 334
1764154362306 0.734375 335
1764154368849 0.62890625 336
1764154375367 0.74609375 337
1764154382023 0.73828125 338
1764154388543 0.703125 339
1764154395095 0.73828125 340
1764154401604 0.70703125 341
1764154408128 0.76171875 342
1764154414648 0.75 343
1764154421172 0.68359375 344
1764154427686 0.74609375 345
1764154434289 0.72265625 346
1764154440804 0.7578125 347
1764154448554 0.6640625 348
1764154455041 0.73828125 349
1764154461564 0.70703125 350
1764154468085 0.77734375 351
1764154474591 0.7578125 352
1764154481160 0.72265625 353
1764154487689 0.72265625 354
1764154494205 0.7265625 355
1764154500726 0.7421875 356
1764154507255 0.6875 357
1764154513785 0.7109375 358
1764154520304 0.72265625 359
1764154526833 0.70703125 360
1764154533509 0.75 361
1764154540020 0.73828125 362
1764154546511 0.70703125 363
1764154553027 0.75 364
1764154559546 0.72265625 365
1764154566063 0.71875 366
1764154572590 0.7109375 367
1764154579105 0.72265625 368
1764154585792 0.75 369
1764154592389 0.71875 370
1764154599814 0.7578125 371
1764154606337 0.74609375 372
1764154612845 0.75390625 373
1764154619386 0.765625 374
1764154626443 0.7269310141509434 374
1764154633384 0.6875 375
1764154639889 0.70703125 376
1764154646406 0.69140625 377
1764154652927 0.67578125 378
1764154659446 0.7109375 379
1764154665940 0.71875 380
1764154672464 0.73046875 381
1764154678984 0.73828125 382
1764154685503 0.71484375 383
1764154692019 0.66796875 384
1764154698527 0.7265625 385
1764154705048 0.72265625 386
1764154711562 0.76171875 387
1764154718079 0.73046875 388
1764154724659 0.68359375 389
1764154731169 0.734375 390
1764154737688 0.74609375 391
1764154744230 0.7578125 392
1764154750745 0.68359375 393
1764154757246 0.7265625 394
1764154763769 0.65234375 395
1764154770289 0.71875 396
1764154776804 0.71875 397
1764154783323 0.70703125 398
1764154789846 0.77734375 399
1764154796364 0.70703125 400
1764154802891 0.75 401
1764154809404 0.703125 402
1764154815926 0.671875 403
1764154822444 0.75 404
1764154828965 0.703125 405
1764154835473 0.75 406
1764154841977 0.71484375 407
1764154848483 0.70703125 408
1764154855004 0.734375 409
1764154861504 0.6953125 410
1764154868008 0.73828125 411
1764154874508 0.6953125 412
1764154881006 0.73046875 413
1764154887567 0.70703125 414
1764154894082 0.7421875 415
1764154900613 0.76953125 416
1764154907145 0.75 417
1764154913667 0.67578125 418
1764154920187 0.76953125 419
1764154926682 0.765625 420
1764154933182 0.71484375 421
1764154939688 0.7734375 422
1764154946205 0.67578125 423
1764154952709 0.72265625 424
1764154959210 0.7265625 425
1764154965725 0.71484375 426
1764154972241 0.73046875 427
1764154978767 0.7421875 428
1764154985847 0.7207754629629629 428
1764155014808 0.70703125 429
1764155021289 0.80078125 430
1764155027787 0.73046875 431
1764155034270 0.75390625 432
1764155040758 0.72265625 433
1764155047287 0.70703125 434
1764155053781 0.7265625 435
1764155060287 0.7578125 436
1764155066811 0.765625 437
1764155073308 0.73828125 438
1764155079832 0.7265625 439
1764155086348 0.6953125 440
1764155092865 0.72265625 441
1764155099385 0.7265625 442
1764155105912 0.78515625 443
1764155112428 0.76953125 444
1764155118946 0.765625 445
1764155125467 0.75 446
1764155131988 0.71875 447
1764155138518 0.71484375 448
1764155145028 0.7265625 449
1764155151546 0.75390625 450
1764155158056 0.734375 451
1764155164567 0.734375 452
1764155171090 0.7421875 453
1764155177614 0.76953125 454
1764155184130 0.73828125 455
1764155190652 0.7265625 456
1764155197192 0.78515625 457
1764155203711 0.74609375 458
1764155210209 0.74609375 459
1764155216730 0.7421875 460
1764155223275 0.7578125 461
1764155229786 0.74609375 462
1764155236367 0.76171875 463
1764155242889 0.75 464
1764155249439 0.7265625 465
1764155255968 0.7265625 466
1764155262489 0.7421875 467
1764155269004 0.7421875 468
1764155275528 0.75390625 469
1764155282111 0.7109375 470
1764155288628 0.76171875 471
1764155295144 0.74609375 472
1764155301664 0.7109375 473
1764155308154 0.7421875 474
1764155314702 0.71875 475
1764155321186 0.734375 476
1764155327690 0.7578125 477
1764155334187 0.70703125 478
1764155340703 0.78515625 479
1764155347206 0.75 480
1764155353725 0.703125 481
1764155360744 0.7408608490566038 481
1764155368746 0.79296875 482
1764155375266 0.765625 483
1764155381772 0.78515625 484
1764155388288 0.7578125 485
1764155394789 0.70703125 486
1764155401295 0.76953125 487
1764155407791 0.734375 488
1764155414306 0.74609375 489
1764155420805 0.7421875 490
1764155427307 0.73828125 491
1764155433827 0.73046875 492
1764155440343 0.703125 493
1764155446862 0.73046875 494
1764155453396 0.7734375 495
1764155459906 0.73828125 496
1764155466404 0.75390625 497
1764155472908 0.75 498
1764155479424 0.71484375 499
1764155485946 0.71484375 500
1764155492464 0.71875 501
1764155498982 0.75390625 502
1764155505509 0.734375 503
1764155512015 0.69140625 504
1764155518529 0.71875 505
1764155525050 0.76171875 506
1764155531587 0.73828125 507
1764155538097 0.7890625 508
1764155544609 0.7578125 509
1764155551128 0.765625 510
1764155557621 0.78125 511
1764155564148 0.73828125 512
1764155570659 0.71875 513
1764155577188 0.75 514
1764155583705 0.765625 515
1764155590234 0.76953125 516
1764155596751 0.7578125 517
1764155603259 0.72265625 518
1764155609789 0.73828125 519
1764155616305 0.7109375 520
1764155622827 0.73828125 521
1764155629332 0.78515625 522
1764155635843 0.76171875 523
1764155642354 0.73046875 524
1764155648892 0.796875 525
1764155655462 0.7578125 526
1764155661970 0.7734375 527
1764155668488 0.765625 528
1764155675010 0.75 529
1764155681555 0.76171875 530
1764155688112 0.74609375 531
1764155694629 0.77734375 532
1764155701151 0.74609375 533
1764155707681 0.7734375 534
1764155714184 0.765625 535
1764155721289 0.7492766203703703 535
1764155728248 0.76171875 536
1764155734763 0.734375 537
1764155741294 0.75390625 538
1764155747791 0.77734375 539
1764155754308 0.796875 540
1764155760807 0.76171875 541
1764155767306 0.75390625 542
1764155773814 0.796875 543
1764155780329 0.74609375 544
1764155786850 0.78125 545
1764155793371 0.75 546
1764155799890 0.69921875 547
1764155806397 0.72265625 548
1764155812931 0.75390625 549
1764155819449 0.73046875 550
1764155825962 0.7890625 551
1764155832488 0.7265625 552
1764155839007 0.75390625 553
1764155845513 0.73828125 554
1764155852039 0.78515625 555
1764155858604 0.7421875 556
1764155868162 0.7890625 557
1764155878195 0.7421875 558
1764155884685 0.73046875 559
1764155891194 0.7578125 560
1764155897715 0.78125 561
1764155904242 0.71484375 562
1764155913396 0.7109375 563
1764155925565 0.8203125 564
1764155937753 0.76171875 565
1764155948963 0.7578125 566
1764155955438 0.7421875 567
1764155961926 0.79296875 568
1764155969393 0.76953125 569
1764155981543 0.6953125 570
1764155993682 0.74609375 571
1764156005837 0.7734375 572
1764156013052 0.76171875 573
1764156019575 0.7578125 574
1764156026086 0.73046875 575
1764156038134 0.7734375 576
1764156050310 0.77734375 577
1764156062488 0.79296875 578
1764156070730 0.76953125 579
1764156077256 0.76171875 580
1764156086819 0.74609375 581
1764156096883 0.76171875 582
1764156103363 0.76171875 583
1764156109885 0.7109375 584
1764156116418 0.7265625 585
1764156124422 0.7578125 586
1764156133805 0.7734375 587
1764156143202 0.80078125 588
1764156153164 0.7567069575471698 588
1764156163037 0.79296875 589
1764156172450 0.7578125 590
1764156180269 0.79296875 591
1764156186794 0.74609375 592
1764156193332 0.71875 593
1764156202309 0.72265625 594
1764156211685 0.75390625 595
1764156221110 0.7890625 596
1764156230572 0.80859375 597
1764156240057 0.77734375 598
1764156249506 0.71875 599
1764156256472 0.80859375 600
1764156262987 0.7578125 601
1764156269798 0.796875 602
1764156279278 0.77734375 603
1764156288687 0.80859375 604
1764156298103 0.8046875 605
1764156307580 0.76171875 606
1764156317015 0.7734375 607
1764156326429 0.8125 608
1764156332948 0.76953125 609
1764156339793 0.76171875 610
1764156350343 0.734375 611
1764156359046 0.79296875 612
1764156365570 0.78515625 613
1764156372091 0.71875 614
1764156378647 0.796875 615
1764156388268 0.765625 616
1764156399654 0.765625 617
1764156410938 0.79296875 618
1764156422342 0.7578125 619
1764156431849 0.75 620
1764156438373 0.7578125 621
1764156444891 0.76171875 622
1764156454397 0.76953125 623
1764156465840 0.7421875 624
1764156477165 0.74609375 625
1764156488612 0.7578125 626
1764156498395 0.796875 627
1764156504914 0.7890625 628
1764156511433 0.75390625 629
1764156520771 0.7578125 630
1764156532213 0.70703125 631
1764156543514 0.7734375 632
1764156554922 0.77734375 633
1764156564891 0.7734375 634
1764156571434 0.8046875 635
1764156579348 0.80078125 636
1764156589983 0.7578125 637
1764156597635 0.78125 638
1764156604174 0.7734375 639
1764156610716 0.71875 640
1764156617272 0.734375 641
1764156627820 0.765625 642
1764156639843 0.7680121527777778 642
1764156650619 0.78515625 643
1764156657145 0.75390625 644
1764156663685 0.765625 645
1764156672230 0.80859375 646
1764156683704 0.76953125 647
1764156695155 0.78515625 648
1764156703057 0.78515625 649
1764156709591 0.75 650
1764156716115 0.80859375 651
1764156726966 0.78125 652
1764156738436 0.78515625 653
1764156749153 0.78515625 654
1764156755672 0.8046875 655
1764156762190 0.7734375 656
1764156768713 0.7578125 657
1764156775230 0.75390625 658
1764156781748 0.75 659
1764156788271 0.75 660
1764156794815 0.78125 661
1764156801358 0.76171875 662
1764156807947 0.78515625 663
1764156814508 0.73828125 664
1764156821086 0.7578125 665
1764156827618 0.734375 666
1764156834135 0.7265625 667
1764156840675 0.7734375 668
1764156847219 0.76171875 669
1764156853734 0.8046875 670
1764156860269 0.77734375 671
1764156866818 0.78125 672
1764156873353 0.7890625 673
1764156879893 0.80859375 674
1764156886482 0.77734375 675
1764156892990 0.77734375 676
1764156899513 0.7734375 677
1764156906026 0.7890625 678
1764156912553 0.75390625 679
1764156919148 0.7265625 680
1764156925678 0.77734375 681
1764156932187 0.79296875 682
1764156938687 0.73828125 683
1764156945215 0.796875 684
1764156951735 0.765625 685
1764156958248 0.7421875 686
1764156964771 0.8359375 687
1764156971291 0.765625 688
1764156977814 0.78515625 689
1764156984328 0.72265625 690
1764156990848 0.7578125 691
1764156998467 0.7578125 692
1764157009083 0.73828125 693
1764157017015 0.78125 694
1764157023529 0.8046875 695
1764157030562 0.7715949292452831 695
1764157037537 0.79296875 696
1764157044055 0.765625 697
1764157050654 0.796875 698
1764157057172 0.765625 699
1764157063697 0.8125 700
1764157070232 0.78515625 701
1764157076748 0.80078125 702
1764157083274 0.7421875 703
1764157089816 0.83984375 704
1764157096343 0.7734375 705
1764157102872 0.76953125 706
1764157113167 0.74609375 707
1764157125019 0.8203125 708
1764157136825 0.76953125 709
1764157148708 0.796875 710
1764157160495 0.77734375 711
1764157172298 0.8046875 712
1764157184098 0.74609375 713
1764157195877 0.79296875 714
1764157207692 0.8046875 715
1764157219520 0.8046875 716
1764157231432 0.80078125 717
1764157243290 0.7421875 718
1764157255104 0.77734375 719
1764157266891 0.75390625 720
1764157278647 0.81640625 721
1764157290496 0.81640625 722
1764157302327 0.7578125 723
1764157314109 0.7890625 724
1764157326004 0.76953125 725
1764157337826 0.765625 726
1764157349618 0.78515625 727
1764157361462 0.82421875 728
1764157373296 0.76953125 729
1764157385082 0.77734375 730
1764157396924 0.8203125 731
1764157408802 0.7578125 732
1764157420646 0.76171875 733
1764157432452 0.83203125 734
1764157444265 0.73046875 735
1764157456118 0.80078125 736
1764157467955 0.78125 737
1764157479854 0.76953125 738
1764157491727 0.7578125 739
1764157503533 0.80859375 740
1764157515376 0.7734375 741
1764157527224 0.80859375 742
1764157539070 0.78515625 743
1764157550967 0.765625 744
1764157562773 0.76171875 745
1764157574649 0.8203125 746
1764157586513 0.7734375 747
1764157598307 0.74609375 748
1764157610215 0.83203125 749
1764157622609 0.7840711805555556 749
1764157634893 0.75 750
1764157646683 0.76953125 751
1764157658538 0.72265625 752
1764157670370 0.80078125 753
1764157682173 0.8203125 754
1764157694010 0.8046875 755
1764157705802 0.7890625 756
1764157717619 0.78125 757
1764157729442 0.7578125 758
1764157741259 0.77734375 759
1764157753052 0.7890625 760
1764157764894 0.77734375 761
1764157776707 0.796875 762
1764157788541 0.77734375 763
1764157800364 0.81640625 764
1764157812177 0.74609375 765
1764157824022 0.80078125 766
1764157835340 0.80859375 767
1764157846943 0.78515625 768
1764157858767 0.77734375 769
1764157870579 0.73828125 770
1764157882401 0.765625 771
1764157894287 0.80859375 772
1764157906118 0.7734375 773
1764157918005 0.74609375 774
1764157929883 0.8046875 775
1764157941730 0.82421875 776
1764157953508 0.78125 777
1764157965340 0.7578125 778
1764157977187 0.765625 779
1764157989049 0.8046875 780
1764158000845 0.75390625 781
1764158012658 0.84765625 782
1764158024509 0.78515625 783
1764158036334 0.79296875 784
1764158048173 0.74609375 785
1764158060027 0.8125 786
1764158071843 0.81640625 787
1764158083697 0.80859375 788
1764158095535 0.84765625 789
1764158107326 0.80078125 790
1764158119125 0.78125 791
1764158130977 0.7890625 792
1764158142782 0.7734375 793
1764158154582 0.828125 794
1764158166430 0.78125 795
1764158178208 0.8359375 796
1764158189997 0.82421875 797
1764158205037 0.80078125 798
1764158223229 0.796875 799
1764158241479 0.80859375 800
1764158259692 0.8046875 801
1764158277868 0.8203125 802
1764158296688 0.7900943396226415 802
1764158315359 0.76953125 803
1764158333601 0.82421875 804
1764158351841 0.80859375 805
1764158370060 0.765625 806
1764158388262 0.796875 807
1764158406538 0.7734375 808
1764158424823 0.78125 809
1764158443055 0.76171875 810
1764158461250 0.80078125 811
1764158479544 0.80859375 812
1764158497772 0.76171875 813
1764158516036 0.8125 814
1764158534353 0.78515625 815
1764158552620 0.8359375 816
1764158570831 0.8046875 817
1764158589056 0.8046875 818
1764158607308 0.73828125 819
1764158625607 0.81640625 820
1764158643948 0.80078125 821
1764158662228 0.76171875 822
1764158680469 0.78125 823
1764158698745 0.796875 824
1764158717006 0.81640625 825
1764158735284 0.81640625 826
1764158752966 0.7734375 827
1764158771239 0.84375 828
1764158789457 0.82421875 829
1764158807695 0.81640625 830
1764158825946 0.75 831
1764158844213 0.7890625 832
