1764941238999 0.058349609375 5
1764941289239 0.050537109375 10
1764941339815 0.0634765625 15
1764941390241 0.05078125 20
1764941440642 0.0556640625 25
1764941491095 0.0634765625 30
1764941541539 0.078125 35
1764941592576 0.057861328125 40
1764941644182 0.054931640625 45
1764941696352 0.07275390625 50
1764941748140 0.06640625 55
1764941799720 0.055908203125 60
1764941851555 0.0791015625 65
1764941903337 0.07568359375 70
1764941954862 0.07568359375 75
1764942006750 0.07861328125 80
1764942058799 0.10400390625 85
1764942110731 0.10009765625 90
1764942162391 0.07470703125 95
1764942214025 0.0849609375 100
1764942265812 0.142578125 105
1764942317762 0.087890625 110
1764942369541 0.125 115
1764942421471 0.0849609375 120
1764942473094 0.2177734375 125
1764942524699 0.1640625 130
1764942603227 0.11572265625 135
1764942655253 0.11865234375 140
1764942707921 0.1044921875 145
1764942760624 0.126953125 150
1764942813648 0.1328125 155
1764942866086 0.2734375 160
1764942917648 0.2177734375 165
1764942969016 0.205078125 170
1764943020949 0.203125 175
1764943072707 0.1708984375 180
1764943125221 0.1318359375 185
1764943176732 0.16796875 190
1764943228004 0.1171875 195
1764943280562 0.1826171875 200
1764943332543 0.427734375 205
1764943384089 0.134765625 210
1764943435835 0.1875 215
1764943487575 0.263671875 220
1764943539109 0.3125 225
1764943590984 0.1357421875 230
1764943642770 0.1337890625 235
1764943694924 0.171875 240
1764943746900 0.251953125 245
1764943798768 0.189453125 250
1764943850252 0.2373046875 255
1764943902197 0.1552734375 260
1764943981016 0.259765625 265
1764944033700 0.251953125 270
1764944086095 0.1298828125 275
1764944138614 0.162109375 280
1764944190968 0.1552734375 285
1764944243809 0.169921875 290
1764944295406 0.1572265625 295
1764944347602 0.115234375 300
1764944399528 0.283203125 305
1764944450868 0.1865234375 310
1764944502295 0.1259765625 315
1764944554290 0.3046875 320
1764944605697 0.1572265625 325
1764944657024 0.34375 330
1764944708507 0.25 335
1764944760550 0.1484375 340
1764944812458 0.275390625 345
1764944864641 0.1005859375 350
1764944916009 0.142578125 355
1764944967772 0.111328125 360
1764945019985 0.15234375 365
1764945071304 0.15625 370
1764945122953 0.1865234375 375
1764945174754 0.1435546875 380
1764945226605 0.244140625 385
1764945278722 0.12060546875 390
1764945356606 0.1982421875 395
1764945409565 0.24609375 400
1764945462872 0.1630859375 405
1764945515433 0.2734375 410
1764945568612 0.2421875 415
1764945621008 0.125 420
1764945672552 0.1328125 425
1764945723917 0.1474609375 430
1764945775532 0.1748046875 435
1764945827012 0.248046875 440
1764945878397 0.216796875 445
1764945930155 0.1474609375 450
1764945982239 0.1396484375 455
1764946033831 0.29296875 460
1764946085107 0.1357421875 465
1764946137366 0.21875 470
1764946188807 0.1650390625 475
1764946240366 0.216796875 480
1764946292752 0.23046875 485
1764946344622 0.1767578125 490
1764946396630 0.1650390625 495
1764946448188 0.1572265625 500
1764946499953 0.314453125 505
1764946551983 0.244140625 510
1764946603764 0.166015625 515
1764946654950 0.2578125 520
1764946732700 0.2451171875 525
1764946785445 0.14453125 530
1764946838166 0.181640625 535
1764946891197 0.263671875 540
1764946943645 0.291015625 545
