1764941238999 1.0 5
1764941289239 1.0 10
1764941339815 1.0 15
1764941390241 1.0 20
1764941440642 1.0 25
1764941491095 1.0 30
1764941541539 1.0 35
1764941592576 1.0 40
1764941644182 1.0 45
1764941696352 1.0 50
1764941748140 1.0 55
1764941799720 1.0 60
1764941851555 1.0 65
1764941903337 1.0 70
1764941954862 1.0 75
1764942006750 1.0 80
1764942058799 1.0 85
1764942110731 1.0 90
1764942162391 1.0 95
1764942214025 1.0 100
1764942265812 1.0 105
1764942317762 1.0 110
1764942369541 1.0 115
1764942421471 1.0 120
1764942473094 1.0 125
1764942524699 1.0 130
1764942603227 1.0 135
1764942655253 1.0 140
1764942707921 1.0 145
1764942760624 1.0 150
1764942813648 1.0 155
1764942866086 1.0 160
1764942917648 1.0 165
1764942969016 1.0 170
1764943020949 1.0 175
1764943072707 1.0 180
1764943125221 1.0 185
1764943176732 1.0 190
1764943228004 1.0 195
1764943280562 1.0 200
1764943332543 1.0 205
1764943384089 1.0 210
1764943435835 1.0 215
1764943487575 1.0 220
1764943539109 1.0 225
1764943590984 1.0 230
1764943642770 1.0 235
1764943694924 1.0 240
1764943746900 1.0 245
1764943798768 1.0 250
1764943850252 1.0 255
1764943902197 1.0 260
1764943981016 1.0 265
1764944033700 1.0 270
1764944086095 1.0 275
1764944138614 1.0 280
1764944190968 1.0 285
1764944243809 1.0 290
1764944295406 1.0 295
1764944347602 1.0 300
1764944399528 1.0 305
1764944450868 1.0 310
1764944502295 1.0 315
1764944554290 1.0 320
1764944605697 1.0 325
1764944657024 1.0 330
1764944708507 1.0 335
1764944760550 1.0 340
1764944812458 1.0 345
1764944864641 1.0 350
1764944916009 1.0 355
1764944967772 1.0 360
1764945019985 1.0 365
1764945071304 1.0 370
1764945122953 1.0 375
1764945174754 1.0 380
1764945226605 1.0 385
1764945278722 1.0 390
1764945356606 1.0 395
1764945409565 1.0 400
1764945462872 1.0 405
1764945515433 1.0 410
1764945568612 1.0 415
1764945621008 1.0 420
1764945672552 1.0 425
1764945723917 1.0 430
1764945775532 1.0 435
1764945827012 1.0 440
1764945878397 1.0 445
1764945930155 1.0 450
1764945982239 1.0 455
1764946033831 1.0 460
1764946085107 1.0 465
1764946137366 1.0 470
1764946188807 1.0 475
1764946240366 1.0 480
1764946292752 1.0 485
1764946344622 1.0 490
1764946396630 1.0 495
1764946448188 1.0 500
1764946499953 1.0 505
1764946551983 1.0 510
1764946603764 1.0 515
1764946654950 1.0 520
1764946732700 1.0 525
1764946785445 1.0 530
1764946838166 1.0 535
1764946891197 1.0 540
1764946943645 1.0 545
