1764941238999 0.25 5
1764941289239 0.25 10
1764941339815 0.24999994784593582 15
1764941390241 0.24992304295301437 20
1764941440642 0.24968577548861504 25
1764941491095 0.2495625615119934 30
1764941541539 0.24954624846577644 35
1764941592576 0.24970076978206635 40
1764941644182 0.24968913197517395 45
1764941696352 0.24980903416872025 50
1764941748140 0.24986757338047028 55
1764941799720 0.2497481368482113 60
1764941851555 0.24960527941584587 65
1764941903337 0.24945473298430443 70
1764941954862 0.24950509518384933 75
1764942006750 0.24991410225629807 80
1764942058799 0.2487845942378044 85
1764942110731 0.24847836792469025 90
1764942162391 0.24957942962646484 95
1764942214025 0.24977920204401016 100
1764942265812 0.24677251279354095 105
1764942317762 0.24938567355275154 110
1764942369541 0.2481529861688614 115
1764942421471 0.24844036623835564 120
1764942473094 0.24395843967795372 125
1764942524699 0.24401957914233208 130
1764942603227 0.24849587678909302 135
1764942655253 0.24892385303974152 140
1764942707921 0.2475547045469284 145
1764942760624 0.24746808409690857 150
1764942813648 0.24887000769376755 155
1764942866086 0.23976388946175575 160
1764942917648 0.2410745769739151 165
1764942969016 0.24723009392619133 170
1764943020949 0.24289406836032867 175
1764943072707 0.2451263926923275 180
1764943125221 0.24812782555818558 185
1764943176732 0.2499537095427513 190
1764943228004 0.2444540075957775 195
1764943280562 0.2423914521932602 200
1764943332543 0.2335216887295246 205
1764943384089 0.2455938383936882 210
1764943435835 0.24454091116786003 215
1764943487575 0.2394496351480484 220
1764943539109 0.25424373149871826 225
1764943590984 0.2439664639532566 230
1764943642770 0.24446268379688263 235
1764943694924 0.23974575847387314 240
1764943746900 0.251216784119606 245
1764943798768 0.2480350360274315 250
1764943850252 0.23823054134845734 255
1764943902197 0.24909448996186256 260
1764943981016 0.23789381980895996 265
1764944033700 0.24571828916668892 270
1764944086095 0.2459767833352089 275
1764944138614 0.24740057438611984 280
1764944190968 0.24500500783324242 285
1764944243809 0.24643392115831375 290
1764944295406 0.24593160301446915 295
1764944347602 0.24426203593611717 300
1764944399528 0.2401912398636341 305
1764944450868 0.2486126646399498 310
1764944502295 0.24273160099983215 315
1764944554290 0.25291358307003975 320
1764944605697 0.2404572069644928 325
1764944657024 0.23443715646862984 330
1764944708507 0.25042977556586266 335
1764944760550 0.24571360647678375 340
1764944812458 0.2414165362715721 345
1764944864641 0.24288423359394073 350
1764944916009 0.24447180330753326 355
1764944967772 0.2448657713830471 360
1764945019985 0.24609306082129478 365
1764945071304 0.24088513478636742 370
1764945122953 0.24823393672704697 375
1764945174754 0.23936966806650162 380
1764945226605 0.23731092736124992 385
1764945278722 0.23966224491596222 390
1764945356606 0.23638524860143661 395
1764945409565 0.24772604554891586 400
1764945462872 0.2406550943851471 405
1764945515433 0.24934004247188568 410
1764945568612 0.24969849735498428 415
1764945621008 0.24208002537488937 420
1764945672552 0.24197256937623024 425
1764945723917 0.24253029376268387 430
1764945775532 0.24447015672922134 435
1764945827012 0.23733806237578392 440
1764945878397 0.2390340454876423 445
1764945930155 0.24595940113067627 450
1764945982239 0.24229861795902252 455
1764946033831 0.23456571623682976 460
1764946085107 0.2391088828444481 465
1764946137366 0.2388085201382637 470
1764946188807 0.2449822500348091 475
1764946240366 0.2459070049226284 480
1764946292752 0.23656748980283737 485
1764946344622 0.24494992569088936 490
1764946396630 0.24495543912053108 495
1764946448188 0.24526824802160263 500
1764946499953 0.25091957300901413 505
1764946551983 0.2356729954481125 510
1764946603764 0.24563908949494362 515
1764946654950 0.24841177091002464 520
1764946732700 0.2502525635063648 525
1764946785445 0.2420153170824051 530
1764946838166 0.23803642019629478 535
1764946891197 0.244544368237257 540
1764946943645 0.24927451089024544 545
