1764941238999 3.2051286730769226e-06 5
1764941289239 6.410256846153843e-06 10
1764941339815 9.615385019230765e-06 15
1764941390241 1.2820513192307683e-05 20
1764941440642 1.6025641365384602e-05 25
1764941491095 1.9230769538461522e-05 30
1764941541539 2.2435897711538445e-05 35
1764941592576 2.564102588461536e-05 40
1764941644182 2.8846154057692284e-05 45
1764941696352 3.2051282230769214e-05 50
1764941748140 3.525641040384613e-05 55
1764941799720 3.846153857692305e-05 60
1764941851555 4.166666674999998e-05 65
1764941903337 4.487179492307689e-05 70
1764941954862 4.8076923096153815e-05 75
1764942006750 4.999977592092706e-05 80
1764942058799 4.9997255077487984e-05 85
1764942110731 4.9991933575142014e-05 90
1764942162391 4.9983812010103145e-05 95
1764942214025 4.997289129230063e-05 100
1764942265812 4.9959172645277e-05 105
1764942317762 4.99426576060511e-05 110
1764942369541 4.9923348024945725e-05 115
1764942421471 4.990124606538044e-05 120
1764942473094 4.987635420362913e-05 125
1764942524699 4.9848675228542555e-05 130
1764942603227 4.981821224123595e-05 135
1764942655253 4.978496865474152e-05 140
1764942707921 4.974894819362607e-05 145
1764942760624 4.9710154893573726e-05 150
1764942813648 4.966859310093375e-05 155
1764942866086 4.96242674722336e-05 160
1764942917648 4.957718297365723e-05 165
1764942969016 4.9527344880488665e-05 170
1764943020949 4.947475877652096e-05 175
1764943072707 4.941943055343063e-05 180
1764943125221 4.936136641011752e-05 185
1764943176732 4.930057285201032e-05 190
1764943228004 4.923705669033767e-05 195
1764943280562 4.917082504136507e-05 200
1764943332543 4.910188532559757e-05 205
1764943384089 4.90302452669484e-05 210
1764943435835 4.895591289187357e-05 215
1764943487575 4.8878896528472624e-05 220
1764943539109 4.879920480555553e-05 225
1764943590984 4.871684665167597e-05 230
1764943642770 4.8631831294130946e-05 235
1764943694924 4.854416825792703e-05 240
1764943746900 4.845386736471312e-05 245
1764943798768 4.836093873168009e-05 250
1764943850252 4.8265392770427266e-05 255
1764943902197 4.816724018579588e-05 260
1764943981016 4.806649197466979e-05 265
1764944033700 4.7963159424743326e-05 270
1764944086095 4.785725411325669e-05 275
1764944138614 4.774878790569884e-05 280
1764944190968 4.763777295447807e-05 285
1764944243809 4.7524221697560525e-05 290
1764944295406 4.740814685707662e-05 295
1764944347602 4.728956143789567e-05 300
1764944399528 4.7168478726168895e-05 305
1764944450868 4.7044912287840756e-05 310
1764944502295 4.6918875967129175e-05 315
1764944554290 4.679038388497434e-05 320
1764944605697 4.6659450437456704e-05 325
1764944657024 4.6526090294183956e-05 330
1764944708507 4.639031839664754e-05 335
1764944760550 4.625214995654864e-05 340
1764944812458 4.6111600454093835e-05 345
1764944864641 4.596868563626071e-05 350
1764944916009 4.582342151503364e-05 355
1764944967772 4.56758243656098e-05 360
1764945019985 4.5525910724575684e-05 365
1764945071304 4.537369738805444e-05 370
1764945122953 4.521920140982396e-05 375
1764945174754 4.50624400994063e-05 380
1764945226605 4.490343102012826e-05 385
1764945278722 4.474219198715364e-05 390
1764945356606 4.45787410654873e-05 395
1764945409565 4.441309656795111e-05 400
1764945462872 4.424527705313224e-05 405
1764945515433 4.4075301323303854e-05 410
1764945568612 4.390318842231861e-05 415
1764945621008 4.3728957633474904e-05 420
1764945672552 4.3552628477356446e-05 425
1764945723917 4.337422070964526e-05 430
1764945775532 4.319375431890812e-05 435
1764945827012 4.3011249524357264e-05 440
1764945878397 4.282672677358488e-05 445
1764945930155 4.264020674027231e-05 450
1764945982239 4.2451710321873705e-05 455
1764946033831 4.226125863727482e-05 460
1764946085107 4.206887302442675e-05 465
1764946137366 4.187457503795533e-05 470
1764946188807 4.167838644674617e-05 475
1764946240366 4.14803292315057e-05 480
1764946292752 4.128042558229848e-05 485
1764946344622 4.107869789606106e-05 490
1764946396630 4.0875168774092626e-05 495
1764946448188 4.0669861019522824e-05 500
1764946499953 4.0462797634756916e-05 505
1764946551983 4.02540018188986e-05 510
1764946603764 4.004349696515083e-05 515
1764946654950 3.983130665819489e-05 520
1764946732700 3.961745467154795e-05 525
1764946785445 3.940196496489954e-05 530
1764946838166 3.918486168142718e-05 535
1764946891197 3.896616914509136e-05 540
1764946943645 3.874591185791028e-05 545
