1764062657764 0.427734375 1
1764062666743 0.4306640625 2
1764062675581 0.39892578125 3
1764062684357 0.42333984375 4
1764062693256 0.3662109375 5
1764062702253 0.4130859375 6
1764062711122 0.43310546875 7
1764062720037 0.4794921875 8
1764062728838 0.4833984375 9
1764062737689 0.47705078125 10
1764062746612 0.5341796875 11
1764062755476 0.5439453125 12
1764062764349 0.5771484375 13
1764062773304 0.6181640625 14
1764062782196 0.5625 15
1764062791182 0.6376953125 16
1764062800116 0.6337890625 17
1764062809015 0.578125 18
1764062818053 0.59375 19
1764062827145 0.51904296875 20
1764062835860 0.5546875 21
1764062844759 0.47265625 22
1764062853786 0.43603515625 23
1764062862734 0.447265625 24
1764062871568 0.39013671875 25
1764062880529 0.40185546875 26
1764062889649 0.38623046875 27
1764062898604 0.39404296875 28
1764062907580 0.45166015625 29
1764062916687 0.47216796875 30
1764062925718 0.49267578125 31
1764062934535 0.49072265625 32
1764062943279 0.501953125 33
1764062952155 0.5009765625 34
1764062961198 0.4755859375 35
1764062970286 0.400390625 36
1764062979286 0.4287109375 37
1764062988434 0.39013671875 38
1764062997207 0.43896484375 39
1764063006063 0.412109375 40
1764063014762 0.44189453125 41
1764063023725 0.509765625 42
1764063032696 0.552734375 43
1764063041786 0.5419921875 44
1764063050684 0.466796875 45
1764063059690 0.41455078125 46
1764063068581 0.35888671875 47
1764063077458 0.359375 48
1764063086434 0.36572265625 49
1764063095417 0.38623046875 50
1764063104355 0.478515625 51
1764063113364 0.50048828125 52
1764063122419 0.5478515625 53
1764063131331 0.4931640625 54
1764063140417 0.484375 55
1764063149442 0.45556640625 56
1764063158547 0.4248046875 57
1764063167369 0.47705078125 58
1764063176251 0.5234375 59
1764063185153 0.52783203125 60
1764063194069 0.48583984375 61
1764063202982 0.40625 62
1764063211681 0.41015625 63
1764063220680 0.43603515625 64
1764063229464 0.39892578125 65
1764063238367 0.43896484375 66
1764063247273 0.49853515625 67
1764063256009 0.56689453125 68
1764063264927 0.5166015625 69
1764063273919 0.517578125 70
1764063282763 0.36279296875 71
1764063291605 0.325439453125 72
1764063300575 0.3876953125 73
1764063309398 0.46875 74
1764063318499 0.5830078125 75
1764063327427 0.6552734375 76
1764063336199 0.548828125 77
1764063345063 0.4482421875 78
1764063353831 0.301513671875 79
1764063362990 0.39306640625 80
1764063372071 0.39697265625 81
1764063380928 0.39306640625 82
1764063389653 0.4111328125 83
1764063398527 0.5205078125 84
1764063407486 0.55029296875 85
1764063416305 0.478515625 86
1764063425388 0.466796875 87
1764063434383 0.5107421875 88
1764063443437 0.4853515625 89
1764063452243 0.46533203125 90
1764063461060 0.568359375 91
1764063470026 0.5869140625 92
1764063479132 0.48388671875 93
1764063488137 0.3779296875 94
1764063497198 0.3564453125 95
1764063506052 0.3046875 96
1764063515000 0.3203125 97
1764063523885 0.48974609375 98
1764063532894 0.54296875 99
1764063541779 0.5947265625 100
1764063550665 0.470703125 101
1764063559622 0.482421875 102
1764063568717 0.46630859375 103
1764063577773 0.44921875 104
1764063586864 0.301513671875 105
1764063595995 0.2467041015625 106
1764063604962 0.412109375 107
1764063613976 0.396484375 108
1764063622890 0.5556640625 109
1764063631808 0.5732421875 110
1764063640890 0.5380859375 111
1764063649677 0.50244140625 112
1764063658723 0.43212890625 113
1764063667897 0.30712890625 114
1764063676887 0.24951171875 115
1764063685813 0.4384765625 116
1764063694866 0.4423828125 117
1764063703804 0.50048828125 118
1764063712661 0.4765625 119
1764063721726 0.5205078125 120
1764063730504 0.44873046875 121
1764063739535 0.498046875 122
1764063748489 0.41162109375 123
1764063757465 0.3984375 124
1764063766393 0.41259765625 125
1764063775339 0.48095703125 126
1764063784232 0.525390625 127
1764063793216 0.564453125 128
1764063802076 0.48828125 129
1764063811137 0.40771484375 130
1764063819926 0.38818359375 131
1764063829094 0.345703125 132
1764063837996 0.45458984375 133
1764063846941 0.5029296875 134
1764063855911 0.560546875 135
1764063864748 0.55517578125 136
1764063873887 0.494140625 137
1764063882886 0.32421875 138
1764063891832 0.281494140625 139
1764063900827 0.3134765625 140
1764063909652 0.3564453125 141
1764063918699 0.4384765625 142
1764063927766 0.5283203125 143
1764063936978 0.5712890625 144
1764063945961 0.5654296875 145
1764063954752 0.580078125 146
1764063963861 0.47314453125 147
1764063972802 0.369140625 148
1764063981851 0.41943359375 149
1764063990841 0.416015625 150
1764063999718 0.43994140625 151
1764064008625 0.4423828125 152
1764064017460 0.44580078125 153
1764064026268 0.47021484375 154
1764064035045 0.46337890625 155
1764064044005 0.44140625 156
1764064052705 0.4052734375 157
1764064061533 0.3603515625 158
1764064070516 0.47998046875 159
1764064079405 0.44140625 160
1764064088342 0.4052734375 161
1764064097255 0.505859375 162
1764064106257 0.55908203125 163
1764064115249 0.44287109375 164
1764064124191 0.38623046875 165
1764064133044 0.35986328125 166
1764064141989 0.40283203125 167
1764064150960 0.5078125 168
1764064159958 0.47900390625 169
1764064169010 0.50732421875 170
1764064177986 0.46435546875 171
1764064186887 0.48779296875 172
1764064195825 0.427734375 173
1764064204475 0.3828125 174
1764064213351 0.30126953125 175
1764064222144 0.46630859375 176
1764064231106 0.4970703125 177
1764064239916 0.50244140625 178
1764064249001 0.56298828125 179
1764064257821 0.4111328125 180
1764064266678 0.37890625 181
1764064275459 0.3564453125 182
1764064284312 0.390869140625 183
1764064293174 0.3515625 184
1764064302113 0.43994140625 185
1764064311045 0.48681640625 186
1764064319929 0.51123046875 187
1764064329099 0.50537109375 188
1764064338045 0.43212890625 189
1764064346941 0.3857421875 190
1764064355773 0.36279296875 191
1764064364755 0.37939453125 192
1764064373694 0.4912109375 193
1764064382709 0.54541015625 194
1764064391684 0.54248046875 195
1764064400547 0.54443359375 196
1764064409563 0.53125 197
1764064418500 0.373046875 198
1764064427518 0.314453125 199
1764064436368 0.37451171875 200
1764064445325 0.33984375 201
1764064454300 0.400390625 202
1764064463373 0.47021484375 203
1764064472249 0.5146484375 204
1764064481166 0.470703125 205
1764064490080 0.48193359375 206
1764064498930 0.4736328125 207
1764064507832 0.4248046875 208
1764064516784 0.34033203125 209
1764064525965 0.41064453125 210
1764064534850 0.4677734375 211
1764064543764 0.49169921875 212
1764064552777 0.47216796875 213
1764064561681 0.49609375 214
1764064570699 0.40283203125 215
1764064579701 0.4287109375 216
1764064588662 0.37890625 217
1764064597572 0.4248046875 218
1764064606312 0.4638671875 219
1764064615152 0.4853515625 220
1764064624006 0.41162109375 221
1764064632964 0.45654296875 222
1764064641987 0.422607421875 223
1764064650901 0.42822265625 224
1764064659850 0.4384765625 225
1764064668738 0.42822265625 226
1764064677692 0.4443359375 227
1764064686585 0.43896484375 228
1764064695463 0.4248046875 229
1764064704396 0.3779296875 230
1764064713266 0.4248046875 231
1764064722289 0.42236328125 232
1764064731407 0.515625 233
1764064740423 0.5361328125 234
1764064749449 0.486328125 235
1764064758377 0.431640625 236
1764064767245 0.408203125 237
1764064776267 0.3974609375 238
1764064785089 0.47900390625 239
1764064793982 0.48388671875 240
1764064803140 0.47021484375 241
1764064812131 0.4599609375 242
1764064820928 0.48193359375 243
1764064829746 0.39990234375 244
1764064838689 0.38916015625 245
1764064847578 0.47802734375 246
1764064856665 0.50830078125 247
1764064865484 0.51025390625 248
1764064874342 0.41357421875 249
1764064883249 0.4501953125 250
1764064892231 0.3408203125 251
1764064901047 0.3251953125 252
1764064909903 0.29736328125 253
1764064918690 0.43408203125 254
1764064927805 0.4169921875 255
1764064936643 0.48193359375 256
1764064945447 0.53564453125 257
1764064954352 0.4951171875 258
1764064963224 0.46826171875 259
