1764062657764 0.2314453125 1
1764062666743 0.222412109375 2
1764062675581 0.232421875 3
1764062684357 0.214111328125 4
1764062693256 0.244873046875 5
1764062702253 0.245361328125 6
1764062711122 0.23291015625 7
1764062720037 0.22119140625 8
1764062728838 0.22509765625 9
1764062737689 0.24267578125 10
1764062746612 0.233154296875 11
1764062755476 0.257568359375 12
1764062764349 0.23779296875 13
1764062773304 0.236083984375 14
1764062782196 0.260498046875 15
1764062791182 0.2744140625 16
1764062800116 0.25830078125 17
1764062809015 0.27734375 18
1764062818053 0.26171875 19
1764062827145 0.28662109375 20
1764062835860 0.28564453125 21
1764062844759 0.3095703125 22
1764062853786 0.310546875 23
1764062862734 0.33447265625 24
1764062871568 0.36376953125 25
1764062880529 0.37744140625 26
1764062889649 0.40966796875 27
1764062898604 0.43701171875 28
1764062907580 0.47314453125 29
1764062916687 0.5146484375 30
1764062925718 0.5576171875 31
1764062934535 0.5947265625 32
1764062943279 0.630859375 33
1764062952155 0.671875 34
1764062961198 0.71875 35
1764062970286 0.73828125 36
1764062979286 0.7861328125 37
1764062988434 0.810546875 38
1764062997207 0.869140625 39
1764063006063 0.888671875 40
1764063014762 0.923828125 41
1764063023725 0.8994140625 42
1764063032696 0.9287109375 43
1764063041786 0.927734375 44
1764063050684 0.9130859375 45
1764063059690 0.9111328125 46
1764063068581 0.9140625 47
1764063077458 0.939453125 48
1764063086434 0.939453125 49
1764063095417 0.93359375 50
1764063104355 0.931640625 51
1764063113364 0.9365234375 52
1764063122419 0.9462890625 53
1764063131331 0.953125 54
1764063140417 0.95703125 55
1764063149442 0.953125 56
1764063158547 0.9619140625 57
1764063167369 0.943359375 58
1764063176251 0.9541015625 59
1764063185153 0.953125 60
1764063194069 0.9443359375 61
1764063202982 0.9521484375 62
1764063211681 0.9296875 63
1764063220680 0.9111328125 64
1764063229464 0.9384765625 65
1764063238367 0.93359375 66
1764063247273 0.9404296875 67
1764063256009 0.9462890625 68
1764063264927 0.94921875 69
1764063273919 0.9287109375 70
1764063282763 0.95703125 71
1764063291605 0.96484375 72
1764063300575 0.9482421875 73
1764063309398 0.95703125 74
1764063318499 0.9716796875 75
1764063327427 0.939453125 76
1764063336199 0.9443359375 77
1764063345063 0.958984375 78
1764063353831 0.9697265625 79
1764063362990 0.90625 80
1764063372071 0.9521484375 81
1764063380928 0.947265625 82
1764063389653 0.970703125 83
1764063398527 0.953125 84
1764063407486 0.9482421875 85
1764063416305 0.9521484375 86
1764063425388 0.9482421875 87
1764063434383 0.9599609375 88
1764063443437 0.9423828125 89
1764063452243 0.9453125 90
1764063461060 0.9521484375 91
1764063470026 0.912109375 92
1764063479132 0.939453125 93
1764063488137 0.947265625 94
1764063497198 0.978515625 95
1764063506052 0.9921875 96
1764063515000 0.974609375 97
1764063523885 0.943359375 98
1764063532894 0.9375 99
1764063541779 0.9169921875 100
1764063550665 0.95703125 101
1764063559622 0.9677734375 102
1764063568717 0.9072265625 103
1764063577773 0.9287109375 104
1764063586864 0.95703125 105
1764063595995 1.0029296875 106
1764063604962 0.9482421875 107
1764063613976 0.951171875 108
1764063622890 0.9658203125 109
1764063631808 0.9462890625 110
1764063640890 0.92578125 111
1764063649677 0.955078125 112
1764063658723 0.9384765625 113
1764063667897 0.9892578125 114
1764063676887 0.9619140625 115
1764063685813 0.9736328125 116
1764063694866 0.9365234375 117
1764063703804 0.9150390625 118
1764063712661 0.9140625 119
1764063721726 0.923828125 120
1764063730504 0.974609375 121
1764063739535 0.9658203125 122
1764063748489 0.9931640625 123
1764063757465 0.9931640625 124
1764063766393 0.9755859375 125
1764063775339 0.958984375 126
1764063784232 0.94140625 127
1764063793216 0.8994140625 128
1764063802076 0.9306640625 129
1764063811137 0.9306640625 130
1764063819926 0.943359375 131
1764063829094 0.921875 132
1764063837996 0.9482421875 133
1764063846941 0.9697265625 134
1764063855911 0.904296875 135
1764063864748 0.92578125 136
1764063873887 0.9423828125 137
1764063882886 0.9970703125 138
1764063891832 0.962890625 139
1764063900827 0.9599609375 140
1764063909652 0.9052734375 141
1764063918699 0.9072265625 142
1764063927766 0.9150390625 143
1764063936978 0.8828125 144
1764063945961 0.97265625 145
1764063954752 0.9013671875 146
1764063963861 0.9599609375 147
1764063972802 0.978515625 148
1764063981851 0.95703125 149
1764063990841 0.9541015625 150
1764063999718 0.9462890625 151
1764064008625 0.921875 152
1764064017460 0.93359375 153
1764064026268 0.923828125 154
1764064035045 0.970703125 155
1764064044005 0.92578125 156
1764064052705 1.0263671875 157
1764064061533 0.99609375 158
1764064070516 0.916015625 159
1764064079405 0.955078125 160
1764064088342 0.9638671875 161
1764064097255 0.9345703125 162
1764064106257 0.93359375 163
1764064115249 0.935546875 164
1764064124191 0.9345703125 165
1764064133044 0.96875 166
1764064141989 0.9580078125 167
1764064150960 0.9150390625 168
1764064159958 0.94921875 169
1764064169010 0.951171875 170
1764064177986 0.94140625 171
1764064186887 0.9892578125 172
1764064195825 0.951171875 173
1764064204475 0.9560546875 174
1764064213351 0.970703125 175
1764064222144 0.9208984375 176
1764064231106 0.935546875 177
1764064239916 0.9599609375 178
1764064249001 0.90625 179
1764064257821 0.94921875 180
1764064266678 0.970703125 181
1764064275459 0.9716796875 182
1764064284312 0.953125 183
1764064293174 0.9521484375 184
1764064302113 0.9423828125 185
1764064311045 0.927734375 186
1764064319929 0.90625 187
1764064329099 0.90234375 188
1764064338045 0.91796875 189
1764064346941 0.939453125 190
1764064355773 0.9765625 191
1764064364755 0.982421875 192
1764064373694 0.95703125 193
1764064382709 0.919921875 194
1764064391684 0.974609375 195
1764064400547 0.916015625 196
1764064409563 0.9306640625 197
1764064418500 0.9365234375 198
1764064427518 1.0078125 199
1764064436368 0.9384765625 200
1764064445325 0.9453125 201
1764064454300 0.9013671875 202
1764064463373 0.919921875 203
1764064472249 0.9541015625 204
1764064481166 0.9404296875 205
1764064490080 0.955078125 206
1764064498930 0.94140625 207
1764064507832 0.9345703125 208
1764064516784 0.9619140625 209
1764064525965 0.9326171875 210
1764064534850 0.8994140625 211
1764064543764 0.904296875 212
1764064552777 0.8876953125 213
1764064561681 0.91015625 214
1764064570699 0.9443359375 215
1764064579701 0.9013671875 216
1764064588662 0.9560546875 217
1764064597572 0.9443359375 218
1764064606312 0.939453125 219
1764064615152 0.9423828125 220
1764064624006 0.9560546875 221
1764064632964 0.9296875 222
1764064641987 0.9404296875 223
1764064650901 0.923828125 224
1764064659850 0.9697265625 225
1764064668738 0.9453125 226
1764064677692 0.9345703125 227
1764064686585 0.91796875 228
1764064695463 0.927734375 229
1764064704396 0.9619140625 230
1764064713266 0.958984375 231
1764064722289 0.96875 232
1764064731407 0.9306640625 233
1764064740423 0.8740234375 234
1764064749449 0.9189453125 235
1764064758377 0.9541015625 236
1764064767245 0.9521484375 237
1764064776267 0.943359375 238
1764064785089 0.9091796875 239
1764064793982 0.896484375 240
1764064803140 0.8896484375 241
1764064812131 0.91796875 242
1764064820928 0.9453125 243
1764064829746 0.9375 244
1764064838689 0.9228515625 245
1764064847578 0.88671875 246
1764064856665 0.9033203125 247
1764064865484 0.94921875 248
1764064874342 0.9296875 249
1764064883249 0.861328125 250
1764064892231 0.9873046875 251
1764064901047 0.9345703125 252
1764064909903 0.9716796875 253
1764064918690 0.916015625 254
1764064927805 0.978515625 255
1764064936643 0.9150390625 256
1764064945447 0.90625 257
1764064954352 0.9697265625 258
1764064963224 0.947265625 259
