1764083723216 28.242072582244873 1
1764083731424 28.242072582244873 2
1764083738679 28.242072582244873 3
1764083745950 28.242072582244873 4
1764083753213 28.242072582244873 5
1764083760482 28.242072582244873 6
1764083767771 28.242072582244873 7
1764083775080 28.242072582244873 8
1764083782396 28.242072582244873 9
1764083789728 28.242072582244873 10
1764083797073 28.242072582244873 11
1764083804374 28.242072582244873 12
1764083811706 28.242072582244873 13
1764083819039 28.242072582244873 14
1764083826391 28.242072582244873 15
1764083833723 28.242072582244873 16
1764083841097 28.242072582244873 17
1764083848437 28.242072582244873 18
1764083855749 28.242072582244873 19
1764083863130 28.242072582244873 20
1764083870451 28.242072582244873 21
1764083877773 28.242072582244873 22
1764083885125 28.242072582244873 23
1764083892428 28.242072582244873 24
1764083899759 28.242072582244873 25
1764083907077 28.242072582244873 26
1764083914390 28.242072582244873 27
1764083921696 28.242072582244873 28
1764083928960 28.242072582244873 29
1764083936278 28.242072582244873 30
1764083943593 28.242072582244873 31
1764083950932 28.242072582244873 32
1764083958260 28.242072582244873 33
1764083965551 28.242072582244873 34
1764083972886 28.242072582244873 35
1764083980190 28.242072582244873 36
1764083987510 28.242072582244873 37
1764083994793 28.242072582244873 38
1764084002102 28.242072582244873 39
1764084009391 28.242072582244873 40
1764084016647 28.242072582244873 41
1764084023906 28.242072582244873 42
1764084031152 28.242072582244873 43
1764084038471 28.242072582244873 44
1764084045758 28.242072582244873 45
1764084053075 28.242072582244873 46
1764084060363 28.242072582244873 47
1764084067638 28.242072582244873 48
1764084074922 28.242072582244873 49
1764084082174 28.242072582244873 50
1764084089442 28.242072582244873 51
1764084096690 28.242072582244873 52
1764084104003 28.242072582244873 53
1764084111250 28.242072582244873 54
1764084118516 28.242072582244873 55
1764084125821 28.242072582244873 56
1764084133186 28.242072582244873 57
1764084140461 28.242072582244873 58
1764084147748 28.242072582244873 59
1764084154998 28.242072582244873 60
1764084162265 28.242072582244873 61
1764084169532 28.242072582244873 62
1764084176823 28.242072582244873 63
1764084184146 28.242072582244873 64
1764084191410 28.242072582244873 65
1764084198675 28.242072582244873 66
1764084205963 28.242072582244873 67
1764084213289 28.242072582244873 68
1764084220581 28.242072582244873 69
1764084227827 28.242072582244873 70
1764084235106 28.242072582244873 71
1764084242361 28.242072582244873 72
1764084249619 28.242072582244873 73
1764084256881 28.242072582244873 74
1764084264170 28.242072582244873 75
1764084271478 28.242072582244873 76
1764084278737 28.242072582244873 77
1764084286129 28.242072582244873 78
1764084293413 28.242072582244873 79
1764084300660 28.242072582244873 80
1764084307904 28.242072582244873 81
1764084315166 28.242072582244873 82
1764084322440 28.242072582244873 83
1764084329707 28.242072582244873 84
1764084336975 28.242072582244873 85
1764084344254 28.242072582244873 86
1764084351580 28.242072582244873 87
1764084358824 28.242072582244873 88
1764084366088 28.242072582244873 89
1764084373369 28.242072582244873 90
1764084380643 28.242072582244873 91
1764084387903 28.242072582244873 92
1764084395160 28.242072582244873 93
1764084402449 28.242072582244873 94
1764084409708 28.242072582244873 95
1764084416979 28.242072582244873 96
1764084424260 28.242072582244873 97
1764084431541 28.242072582244873 98
1764084438795 28.242072582244873 99
1764084446072 28.242072582244873 100
1764084453333 28.242072582244873 101
1764084460591 28.242072582244873 102
1764084467860 28.242072582244873 103
1764084475154 28.242072582244873 104
1764084482426 28.242072582244873 105
1764084489713 28.242072582244873 106
1764084496967 28.242072582244873 107
1764084504230 28.242072582244873 108
1764084511500 28.242072582244873 109
1764084518779 28.242072582244873 110
1764084526019 28.242072582244873 111
1764084533269 28.242072582244873 112
1764084540558 28.242072582244873 113
1764084547802 28.242072582244873 114
1764084555087 28.242072582244873 115
1764084562344 28.242072582244873 116
1764084569617 28.242072582244873 117
1764084576910 28.242072582244873 118
1764084584159 28.242072582244873 119
1764084591439 28.242072582244873 120
1764084598678 28.242072582244873 121
1764084605976 28.242072582244873 122
1764084613240 28.242072582244873 123
1764084620512 28.242072582244873 124
1764084627783 28.242072582244873 125
1764084635023 28.242072582244873 126
1764084642270 28.242072582244873 127
1764084649539 28.242072582244873 128
1764084656803 28.242072582244873 129
1764084664091 28.242072582244873 130
1764084671380 28.242072582244873 131
1764084678633 28.242072582244873 132
1764084685941 28.242072582244873 133
1764084693233 28.242072582244873 134
1764084700499 28.242072582244873 135
1764084707756 28.242072582244873 136
1764084715013 28.242072582244873 137
1764084722270 28.242072582244873 138
1764084729512 28.242072582244873 139
1764084736751 28.242072582244873 140
1764084744047 28.242072582244873 141
1764084751291 28.242072582244873 142
1764084758534 28.242072582244873 143
1764084765788 28.242072582244873 144
1764084773140 28.242072582244873 145
1764084780392 28.242072582244873 146
1764084787655 28.242072582244873 147
1764084794916 28.242072582244873 148
1764084802190 28.242072582244873 149
1764084809471 28.242072582244873 150
1764084816757 28.242072582244873 151
1764084824027 28.242072582244873 152
1764084831259 28.242072582244873 153
1764084838534 28.242072582244873 154
1764084845810 28.242072582244873 155
1764084853088 28.242072582244873 156
1764084860403 28.242072582244873 157
1764084867651 28.242072582244873 158
1764084874926 28.242072582244873 159
1764084882205 28.242072582244873 160
1764084889471 28.242072582244873 161
1764084896738 28.242072582244873 162
1764084903988 28.242072582244873 163
1764084911270 28.242072582244873 164
1764084918516 28.242072582244873 165
1764084925785 28.242072582244873 166
1764084933032 28.242072582244873 167
1764084940304 28.242072582244873 168
1764084947583 28.242072582244873 169
1764084954850 28.242072582244873 170
1764084962137 28.242072582244873 171
1764084969402 28.242072582244873 172
1764084976648 28.242072582244873 173
1764084983958 28.242072582244873 174
1764084991236 28.242072582244873 175
1764084998539 28.242072582244873 176
1764085005802 28.242072582244873 177
1764085013055 28.242072582244873 178
1764085020304 28.242072582244873 179
1764085027585 28.242072582244873 180
1764085034863 28.242072582244873 181
1764085042106 28.242072582244873 182
1764085049369 28.242072582244873 183
1764085056629 28.242072582244873 184
1764085063904 28.242072582244873 185
1764085071192 28.242072582244873 186
1764085078473 28.242072582244873 187
1764085085762 28.242072582244873 188
1764085093028 28.242072582244873 189
1764085100301 28.242072582244873 190
1764085107574 28.242072582244873 191
1764085114822 28.242072582244873 192
1764085122055 28.242072582244873 193
1764085129321 28.242072582244873 194
1764085136599 28.242072582244873 195
1764085143846 28.242072582244873 196
1764085151140 28.242072582244873 197
1764085158410 28.242072582244873 198
1764085165676 28.242072582244873 199
1764085172932 28.242072582244873 200
1764085180205 28.242072582244873 201
1764085187477 28.242072582244873 202
1764085194732 28.242072582244873 203
1764085202005 28.242072582244873 204
1764085209291 28.242072582244873 205
1764085216553 28.242072582244873 206
1764085223870 28.242072582244873 207
1764085231114 28.242072582244873 208
1764085238389 28.242072582244873 209
1764085245657 28.242072582244873 210
1764085252880 28.242072582244873 211
1764085260165 28.242072582244873 212
1764085267446 28.242072582244873 213
1764085274706 28.242072582244873 214
1764085281986 28.242072582244873 215
1764085289250 28.242072582244873 216
1764085296522 28.242072582244873 217
1764085303810 28.242072582244873 218
1764085311074 28.242072582244873 219
1764085318385 28.242072582244873 220
1764085325652 28.242072582244873 221
1764085332899 28.242072582244873 222
1764085340156 28.242072582244873 223
1764085347429 28.242072582244873 224
1764085354699 28.242072582244873 225
1764085361989 28.242072582244873 226
1764085369230 28.242072582244873 227
1764085376493 28.242072582244873 228
1764085383763 28.242072582244873 229
1764085391015 28.242072582244873 230
1764085398260 28.242072582244873 231
1764085405513 28.242072582244873 232
1764085412802 28.242072582244873 233
1764085420054 28.242072582244873 234
1764085427303 28.242072582244873 235
1764085434598 28.242072582244873 236
1764085441851 28.242072582244873 237
1764085449126 28.242072582244873 238
1764085456383 28.242072582244873 239
1764085463626 28.242072582244873 240
1764085470892 28.242072582244873 241
1764085478187 28.242072582244873 242
1764085485449 28.242072582244873 243
1764085492713 28.242072582244873 244
1764085499991 28.242072582244873 245
1764085507225 28.242072582244873 246
1764085514460 28.242072582244873 247
1764085521778 28.242072582244873 248
1764085529034 28.242072582244873 249
1764085536300 28.242072582244873 250
1764085543550 28.242072582244873 251
1764085550812 28.242072582244873 252
1764085558079 28.242072582244873 253
1764085565362 28.242072582244873 254
1764085572632 28.242072582244873 255
1764085579913 28.242072582244873 256
1764085587173 28.242072582244873 257
1764085594434 28.242072582244873 258
1764085601673 28.242072582244873 259
1764085608906 28.242072582244873 260
1764085616129 28.242072582244873 261
1764085623427 28.242072582244873 262
1764085630731 28.242072582244873 263
1764085637983 28.242072582244873 264
1764085645241 28.242072582244873 265
1764085652488 28.242072582244873 266
1764085659752 28.242072582244873 267
1764085667016 28.242072582244873 268
1764085674278 28.242072582244873 269
1764085681584 28.242072582244873 270
1764085688863 28.242072582244873 271
1764085696124 28.242072582244873 272
1764085703342 28.242072582244873 273
1764085710596 28.242072582244873 274
1764085717849 28.242072582244873 275
1764085725104 28.242072582244873 276
1764085732336 28.242072582244873 277
1764085739621 28.242072582244873 278
1764085746886 28.242072582244873 279
1764085754123 28.242072582244873 280
1764085761372 28.242072582244873 281
1764085768690 28.242072582244873 282
1764085775930 28.242072582244873 283
1764085783223 28.242072582244873 284
1764085790468 28.242072582244873 285
1764085797713 28.242072582244873 286
1764085805001 28.242072582244873 287
1764085812261 28.242072582244873 288
1764085819543 28.242072582244873 289
1764085826797 28.242072582244873 290
1764085834064 28.242072582244873 291
1764085841326 28.242072582244873 292
1764085848636 28.242072582244873 293
1764085855885 28.242072582244873 294
1764085863154 28.242072582244873 295
1764085870429 28.242072582244873 296
1764085877728 28.242072582244873 297
1764085884979 28.242072582244873 298
1764085892272 28.242072582244873 299
1764085899540 28.242072582244873 300
1764085906772 28.242072582244873 301
1764085914059 28.242072582244873 302
1764085921334 28.242072582244873 303
1764085928644 28.242072582244873 304
1764085935903 28.242072582244873 305
1764085943168 28.242072582244873 306
1764085950409 28.242072582244873 307
1764085957701 28.242072582244873 308
1764085964954 28.242072582244873 309
1764085972225 28.242072582244873 310
1764085979464 28.242072582244873 311
1764085986800 28.242072582244873 312
1764086039736 28.242072582244873 313
1764086047067 28.242072582244873 314
1764086054336 28.242072582244873 315
1764086061615 28.242072582244873 316
1764086068911 28.242072582244873 317
1764086076215 28.242072582244873 318
1764086083470 28.242072582244873 319
1764086090736 28.242072582244873 320
1764086098015 28.242072582244873 321
1764086105295 28.242072582244873 322
1764086112613 28.242072582244873 323
1764086119890 28.242072582244873 324
1764086127204 28.242072582244873 325
1764086134489 28.242072582244873 326
1764086141791 28.242072582244873 327
1764086149083 28.242072582244873 328
1764086156368 28.242072582244873 329
1764086163659 28.242072582244873 330
1764086170937 28.242072582244873 331
1764086178249 28.242072582244873 332
1764086185684 28.242072582244873 333
1764086192959 28.242072582244873 334
1764086200265 28.242072582244873 335
1764086207565 28.242072582244873 336
1764086214844 28.242072582244873 337
1764086222117 28.242072582244873 338
1764086229421 28.242072582244873 339
1764086236688 28.242072582244873 340
1764086243977 28.242072582244873 341
1764086251248 28.242072582244873 342
1764086258532 28.242072582244873 343
1764086265816 28.242072582244873 344
1764086273078 28.242072582244873 345
1764086280359 28.242072582244873 346
1764086287671 28.242072582244873 347
1764086294913 28.242072582244873 348
1764086302171 28.242072582244873 349
1764086309429 28.242072582244873 350
1764086316717 28.242072582244873 351
1764086323978 28.242072582244873 352
1764086331267 28.242072582244873 353
1764086338538 28.242072582244873 354
1764086345807 28.242072582244873 355
1764086353079 28.242072582244873 356
1764086360350 28.242072582244873 357
1764086367621 28.242072582244873 358
1764086374889 28.242072582244873 359
1764086382120 28.242072582244873 360
1764086389393 28.242072582244873 361
1764086396667 28.242072582244873 362
1764086403952 28.242072582244873 363
1764086411212 28.242072582244873 364
1764086418471 28.242072582244873 365
1764086425728 28.242072582244873 366
1764086433002 28.242072582244873 367
1764086440275 28.242072582244873 368
1764086447531 28.242072582244873 369
1764086454800 28.242072582244873 370
1764086462093 28.242072582244873 371
1764086469362 28.242072582244873 372
1764086476650 28.242072582244873 373
1764086483949 28.242072582244873 374
1764086491236 28.242072582244873 375
1764086498530 28.242072582244873 376
1764086505808 28.242072582244873 377
1764086513074 28.242072582244873 378
1764086520360 28.242072582244873 379
1764086527649 28.242072582244873 380
1764086534991 28.242072582244873 381
1764086542234 28.242072582244873 382
1764086549517 28.242072582244873 383
1764086556821 28.242072582244873 384
1764086564107 28.242072582244873 385
1764086571380 28.242072582244873 386
1764086578620 28.242072582244873 387
1764086585909 28.242072582244873 388
1764086593196 28.242072582244873 389
1764086600461 28.242072582244873 390
1764086607727 28.242072582244873 391
1764086615017 28.242072582244873 392
1764086622261 28.242072582244873 393
1764086629522 28.242072582244873 394
1764086636799 28.242072582244873 395
1764086644067 28.242072582244873 396
1764086651388 28.242072582244873 397
1764086658665 28.242072582244873 398
1764086665949 28.242072582244873 399
1764086673328 28.242072582244873 400
1764086680559 28.242072582244873 401
1764086687816 28.242072582244873 402
1764086695073 28.242072582244873 403
1764086702432 28.242072582244873 404
1764086709709 28.242072582244873 405
1764086716991 28.242072582244873 406
1764086724257 28.242072582244873 407
1764086731538 28.242072582244873 408
1764086738824 28.242072582244873 409
1764086746111 28.242072582244873 410
1764086753380 28.242072582244873 411
1764086760658 28.242072582244873 412
1764086767942 28.242072582244873 413
1764086775210 28.242072582244873 414
1764086782505 28.242072582244873 415
1764086789769 28.242072582244873 416
1764086797029 28.242072582244873 417
1764086804296 28.242072582244873 418
1764086811545 28.242072582244873 419
1764086818848 28.242072582244873 420
1764086826107 28.242072582244873 421
1764086833397 28.242072582244873 422
1764086840655 28.242072582244873 423
1764086847933 28.242072582244873 424
1764086855221 28.242072582244873 425
1764086862531 28.242072582244873 426
1764086869774 28.242072582244873 427
1764086877079 28.242072582244873 428
1764086884347 28.242072582244873 429
1764086891624 28.242072582244873 430
1764086898903 28.242072582244873 431
1764086906164 28.242072582244873 432
1764086913414 28.242072582244873 433
1764086920664 28.242072582244873 434
1764086927927 28.242072582244873 435
1764086935172 28.242072582244873 436
1764086942429 28.242072582244873 437
1764086949707 28.242072582244873 438
1764086956984 28.242072582244873 439
1764086964235 28.242072582244873 440
1764086971524 28.242072582244873 441
1764086978792 28.242072582244873 442
1764086986043 28.242072582244873 443
1764086993347 28.242072582244873 444
1764087000580 28.242072582244873 445
1764087007844 28.242072582244873 446
1764087015137 28.242072582244873 447
1764087022392 28.242072582244873 448
1764087029647 28.242072582244873 449
1764087036919 28.242072582244873 450
1764087044218 28.242072582244873 451
1764087051491 28.242072582244873 452
1764087058745 28.242072582244873 453
1764087066040 28.242072582244873 454
1764087073326 28.242072582244873 455
1764087080592 28.242072582244873 456
1764087087857 28.242072582244873 457
1764087095104 28.242072582244873 458
1764087102377 28.242072582244873 459
1764087109660 28.242072582244873 460
1764087116960 28.242072582244873 461
1764087124205 28.242072582244873 462
1764087131488 28.242072582244873 463
1764087138779 28.242072582244873 464
1764087146078 28.242072582244873 465
1764087153354 28.242072582244873 466
1764087160628 28.242072582244873 467
1764087167892 28.242072582244873 468
1764087175133 28.242072582244873 469
1764087182437 28.242072582244873 470
1764087189694 28.242072582244873 471
1764087196946 28.242072582244873 472
1764087204227 28.242072582244873 473
1764087211485 28.242072582244873 474
1764087218724 28.242072582244873 475
1764087225989 28.242072582244873 476
1764087233253 28.242072582244873 477
1764087240506 28.242072582244873 478
1764087247766 28.242072582244873 479
1764087255082 28.242072582244873 480
1764087262355 28.242072582244873 481
1764087269616 28.242072582244873 482
1764087276880 28.242072582244873 483
1764087284146 28.242072582244873 484
1764087291508 28.242072582244873 485
1764087298796 28.242072582244873 486
1764087306067 28.242072582244873 487
1764087313332 28.242072582244873 488
1764087320645 28.242072582244873 489
1764087327954 28.242072582244873 490
1764087335273 28.242072582244873 491
1764087342548 28.242072582244873 492
1764087349833 28.242072582244873 493
1764087357088 28.242072582244873 494
1764087364350 28.242072582244873 495
1764087371587 28.242072582244873 496
1764087378898 28.242072582244873 497
1764087386182 28.242072582244873 498
1764087393419 28.242072582244873 499
1764087400698 28.242072582244873 500
1764087407937 28.242072582244873 501
1764087415238 28.242072582244873 502
1764087422494 28.242072582244873 503
1764087429826 28.242072582244873 504
1764087437085 28.242072582244873 505
1764087444361 28.242072582244873 506
1764087451636 28.242072582244873 507
1764087458901 28.242072582244873 508
1764087466198 28.242072582244873 509
1764087473445 28.242072582244873 510
1764087480710 28.242072582244873 511
1764087488001 28.242072582244873 512
1764087495264 28.242072582244873 513
1764087502498 28.242072582244873 514
1764087509836 28.242072582244873 515
1764087517123 28.242072582244873 516
1764087524362 28.242072582244873 517
1764087531635 28.242072582244873 518
1764087538909 28.242072582244873 519
1764087546200 28.242072582244873 520
1764087553478 28.242072582244873 521
1764087560744 28.242072582244873 522
1764087568032 28.242072582244873 523
1764087575311 28.242072582244873 524
1764087582580 28.242072582244873 525
1764087589840 28.242072582244873 526
1764087597138 28.242072582244873 527
1764087604430 28.242072582244873 528
1764087611701 28.242072582244873 529
1764087618966 28.242072582244873 530
1764087626280 28.242072582244873 531
1764087633546 28.242072582244873 532
1764087640805 28.242072582244873 533
1764087648090 28.242072582244873 534
1764087655349 28.242072582244873 535
1764087662681 28.242072582244873 536
1764087669928 28.242072582244873 537
1764087677208 28.242072582244873 538
1764087684481 28.242072582244873 539
1764087691728 28.242072582244873 540
1764087699010 28.242072582244873 541
1764087706269 28.242072582244873 542
1764087713526 28.242072582244873 543
1764087720782 28.242072582244873 544
1764087728050 28.242072582244873 545
1764087735325 28.242072582244873 546
1764087742585 28.242072582244873 547
1764087749847 28.242072582244873 548
1764087757148 28.242072582244873 549
1764087764407 28.242072582244873 550
1764087771673 28.242072582244873 551
1764087778946 28.242072582244873 552
1764087786197 28.242072582244873 553
1764087793430 28.242072582244873 554
1764087800758 28.242072582244873 555
1764087808000 28.242072582244873 556
1764087815294 28.242072582244873 557
1764087822599 28.242072582244873 558
1764087829854 28.242072582244873 559
1764087837124 28.242072582244873 560
1764087844395 28.242072582244873 561
1764087851655 28.242072582244873 562
1764087858965 28.242072582244873 563
1764087866242 28.242072582244873 564
1764087873487 28.242072582244873 565
1764087880741 28.242072582244873 566
1764087887994 28.242072582244873 567
1764087895305 28.242072582244873 568
1764087902566 28.242072582244873 569
1764087909820 28.242072582244873 570
1764087917071 28.242072582244873 571
1764087924318 28.242072582244873 572
1764087931610 28.242072582244873 573
1764087938893 28.242072582244873 574
1764087946148 28.242072582244873 575
1764087953402 28.242072582244873 576
1764087960692 28.242072582244873 577
1764087967947 28.242072582244873 578
1764087975214 28.242072582244873 579
1764087982476 28.242072582244873 580
1764087989770 28.242072582244873 581
1764087997042 28.242072582244873 582
1764088004343 28.242072582244873 583
1764088011663 28.242072582244873 584
1764088018951 28.242072582244873 585
1764088026251 28.242072582244873 586
1764088033564 28.242072582244873 587
1764088040809 28.242072582244873 588
1764088048104 28.242072582244873 589
1764088055363 28.242072582244873 590
1764088062648 28.242072582244873 591
1764088069897 28.242072582244873 592
1764088077232 28.242072582244873 593
1764088084516 28.242072582244873 594
1764088091784 28.242072582244873 595
1764088099040 28.242072582244873 596
1764088106285 28.242072582244873 597
1764088113535 28.242072582244873 598
1764088120814 28.242072582244873 599
1764088128080 28.242072582244873 600
1764088135312 28.242072582244873 601
1764088142586 28.242072582244873 602
1764088149855 28.242072582244873 603
1764088157103 28.242072582244873 604
1764088164363 28.242072582244873 605
1764088171626 28.242072582244873 606
1764088178902 28.242072582244873 607
1764088186174 28.242072582244873 608
1764088193449 28.242072582244873 609
1764088200724 28.242072582244873 610
1764088207973 28.242072582244873 611
1764088215237 28.242072582244873 612
1764088222509 28.242072582244873 613
1764088229755 28.242072582244873 614
1764088237015 28.242072582244873 615
1764088244280 28.242072582244873 616
1764088251526 28.242072582244873 617
1764088258796 28.242072582244873 618
1764088266045 28.242072582244873 619
1764088273295 28.242072582244873 620
1764088280542 28.242072582244873 621
1764088287803 28.242072582244873 622
1764088295046 28.242072582244873 623
1764088302300 28.242072582244873 624
1764088309655 28.242072582244873 625
1764088362636 28.242072582244873 626
1764088369877 28.242072582244873 627
1764088377100 28.242072582244873 628
1764088384368 28.242072582244873 629
1764088391614 28.242072582244873 630
1764088398865 28.242072582244873 631
1764088406118 28.242072582244873 632
1764088413349 28.242072582244873 633
1764088420601 28.242072582244873 634
1764088427867 28.242072582244873 635
1764088435158 28.242072582244873 636
1764088442444 28.242072582244873 637
1764088449740 28.242072582244873 638
1764088457003 28.242072582244873 639
1764088464272 28.242072582244873 640
1764088471521 28.242072582244873 641
1764088478835 28.242072582244873 642
1764088486153 28.242072582244873 643
1764088493518 28.242072582244873 644
1764088500778 28.242072582244873 645
1764088508048 28.242072582244873 646
1764088515296 28.242072582244873 647
1764088522568 28.242072582244873 648
1764088529821 28.242072582244873 649
1764088537110 28.242072582244873 650
1764088544391 28.242072582244873 651
1764088551684 28.242072582244873 652
1764088558927 28.242072582244873 653
1764088566231 28.242072582244873 654
1764088573531 28.242072582244873 655
1764088580819 28.242072582244873 656
1764088588049 28.242072582244873 657
1764088595280 28.242072582244873 658
1764088602549 28.242072582244873 659
1764088609819 28.242072582244873 660
1764088617109 28.242072582244873 661
1764088624392 28.242072582244873 662
1764088631660 28.242072582244873 663
1764088638949 28.242072582244873 664
1764088646222 28.242072582244873 665
1764088653529 28.242072582244873 666
1764088660831 28.242072582244873 667
1764088668107 28.242072582244873 668
1764088675360 28.242072582244873 669
1764088682650 28.242072582244873 670
1764088689933 28.242072582244873 671
1764088697221 28.242072582244873 672
1764088704480 28.242072582244873 673
1764088711749 28.242072582244873 674
1764088719045 28.242072582244873 675
1764088726327 28.242072582244873 676
1764088733585 28.242072582244873 677
1764088740850 28.242072582244873 678
1764088748079 28.242072582244873 679
1764088755393 28.242072582244873 680
1764088762658 28.242072582244873 681
1764088769919 28.242072582244873 682
1764088777193 28.242072582244873 683
1764088784486 28.242072582244873 684
1764088791747 28.242072582244873 685
1764088799042 28.242072582244873 686
1764088806314 28.242072582244873 687
1764088813589 28.242072582244873 688
1764088820840 28.242072582244873 689
1764088828100 28.242072582244873 690
1764088835503 28.242072582244873 691
1764088842751 28.242072582244873 692
1764088850006 28.242072582244873 693
1764088857277 28.242072582244873 694
1764088864540 28.242072582244873 695
1764088871833 28.242072582244873 696
1764088879083 28.242072582244873 697
1764088886327 28.242072582244873 698
1764088893590 28.242072582244873 699
1764088900848 28.242072582244873 700
1764088908162 28.242072582244873 701
1764088915407 28.242072582244873 702
1764088922662 28.242072582244873 703
1764088929952 28.242072582244873 704
1764088937241 28.242072582244873 705
1764088944501 28.242072582244873 706
1764088951781 28.242072582244873 707
1764088959057 28.242072582244873 708
1764088966338 28.242072582244873 709
1764088973582 28.242072582244873 710
1764088980831 28.242072582244873 711
1764088988114 28.242072582244873 712
1764088995407 28.242072582244873 713
1764089002683 28.242072582244873 714
1764089009958 28.242072582244873 715
1764089017231 28.242072582244873 716
1764089024500 28.242072582244873 717
1764089031764 28.242072582244873 718
1764089039015 28.242072582244873 719
1764089046305 28.242072582244873 720
1764089053580 28.242072582244873 721
1764089060819 28.242072582244873 722
1764089068094 28.242072582244873 723
1764089075360 28.242072582244873 724
1764089082656 28.242072582244873 725
1764089089931 28.242072582244873 726
1764089097202 28.242072582244873 727
1764089104513 28.242072582244873 728
1764089111785 28.242072582244873 729
1764089119029 28.242072582244873 730
1764089126344 28.242072582244873 731
1764089133594 28.242072582244873 732
1764089140888 28.242072582244873 733
1764089148152 28.242072582244873 734
1764089155465 28.242072582244873 735
1764089162755 28.242072582244873 736
1764089170015 28.242072582244873 737
1764089177280 28.242072582244873 738
1764089184569 28.242072582244873 739
1764089191823 28.242072582244873 740
1764089199094 28.242072582244873 741
1764089206378 28.242072582244873 742
1764089213645 28.242072582244873 743
1764089220941 28.242072582244873 744
1764089228203 28.242072582244873 745
1764089235447 28.242072582244873 746
1764089242716 28.242072582244873 747
1764089249994 28.242072582244873 748
1764089257262 28.242072582244873 749
1764089264499 28.242072582244873 750
1764089271749 28.242072582244873 751
1764089278998 28.242072582244873 752
1764089286250 28.242072582244873 753
1764089293529 28.242072582244873 754
1764089300795 28.242072582244873 755
1764089308058 28.242072582244873 756
1764089315323 28.242072582244873 757
1764089322595 28.242072582244873 758
1764089329860 28.242072582244873 759
1764089337125 28.242072582244873 760
1764089344441 28.242072582244873 761
1764089351698 28.242072582244873 762
1764089358962 28.242072582244873 763
1764089366206 28.242072582244873 764
1764089373490 28.242072582244873 765
1764089380753 28.242072582244873 766
1764089388001 28.242072582244873 767
1764089395278 28.242072582244873 768
1764089402615 28.242072582244873 769
1764089409864 28.242072582244873 770
1764089417162 28.242072582244873 771
1764089424406 28.242072582244873 772
1764089431683 28.242072582244873 773
1764089438966 28.242072582244873 774
1764089446203 28.242072582244873 775
1764089453474 28.242072582244873 776
1764089460770 28.242072582244873 777
1764089468026 28.242072582244873 778
1764089475304 28.242072582244873 779
1764089482575 28.242072582244873 780
1764089489828 28.242072582244873 781
1764089497182 28.242072582244873 782
1764089504462 28.242072582244873 783
1764089511788 28.242072582244873 784
1764089519051 28.242072582244873 785
1764089526328 28.242072582244873 786
1764089533591 28.242072582244873 787
1764089540823 28.242072582244873 788
1764089548103 28.242072582244873 789
1764089555358 28.242072582244873 790
1764089562623 28.242072582244873 791
1764089569965 28.242072582244873 792
1764089577217 28.242072582244873 793
1764089584468 28.242072582244873 794
1764089591731 28.242072582244873 795
1764089599028 28.242072582244873 796
1764089606267 28.242072582244873 797
1764089613506 28.242072582244873 798
1764089620755 28.242072582244873 799
1764089628008 28.242072582244873 800
1764089635299 28.242072582244873 801
1764089642562 28.242072582244873 802
1764089649815 28.242072582244873 803
1764089657054 28.242072582244873 804
1764089664322 28.242072582244873 805
1764089671595 28.242072582244873 806
1764089678872 28.242072582244873 807
1764089686178 28.242072582244873 808
1764089693451 28.242072582244873 809
1764089700721 28.242072582244873 810
1764089707987 28.242072582244873 811
1764089715273 28.242072582244873 812
1764089722547 28.242072582244873 813
1764089729799 28.242072582244873 814
1764089737063 28.242072582244873 815
1764089744336 28.242072582244873 816
1764089751619 28.242072582244873 817
1764089758877 28.242072582244873 818
1764089766116 28.242072582244873 819
1764089773391 28.242072582244873 820
1764089780696 28.242072582244873 821
1764089787963 28.242072582244873 822
1764089795230 28.242072582244873 823
1764089802504 28.242072582244873 824
1764089809767 28.242072582244873 825
1764089817057 28.242072582244873 826
1764089824304 28.242072582244873 827
1764089831571 28.242072582244873 828
1764089838890 28.242072582244873 829
1764089846129 28.242072582244873 830
1764089853472 28.242072582244873 831
1764089860722 28.242072582244873 832
1764089867987 28.242072582244873 833
1764089875226 28.242072582244873 834
1764089882505 28.242072582244873 835
1764089889759 28.242072582244873 836
1764089897025 28.242072582244873 837
1764089904277 28.242072582244873 838
1764089911545 28.242072582244873 839
1764089918797 28.242072582244873 840
1764089926081 28.242072582244873 841
1764089933373 28.242072582244873 842
1764089940717 28.242072582244873 843
1764089947964 28.242072582244873 844
1764089955272 28.242072582244873 845
1764089962539 28.242072582244873 846
1764089969810 28.242072582244873 847
1764089977104 28.242072582244873 848
1764089984380 28.242072582244873 849
1764089991641 28.242072582244873 850
1764089998931 28.242072582244873 851
1764090006182 28.242072582244873 852
1764090013456 28.242072582244873 853
1764090020733 28.242072582244873 854
1764090027987 28.242072582244873 855
1764090035252 28.242072582244873 856
1764090042526 28.242072582244873 857
1764090049776 28.242072582244873 858
1764090057044 28.242072582244873 859
1764090064278 28.242072582244873 860
1764090071537 28.242072582244873 861
1764090078814 28.242072582244873 862
1764090086087 28.242072582244873 863
1764090093350 28.242072582244873 864
1764090100611 28.242072582244873 865
1764090107875 28.242072582244873 866
1764090115204 28.242072582244873 867
1764090122440 28.242072582244873 868
1764090129727 28.242072582244873 869
1764090136984 28.242072582244873 870
1764090144253 28.242072582244873 871
1764090151536 28.242072582244873 872
1764090158807 28.242072582244873 873
1764090166092 28.242072582244873 874
1764090173368 28.242072582244873 875
1764090180619 28.242072582244873 876
1764090187865 28.242072582244873 877
1764090195148 28.242072582244873 878
1764090202411 28.242072582244873 879
1764090209698 28.242072582244873 880
1764090216992 28.242072582244873 881
1764090224281 28.242072582244873 882
1764090231514 28.242072582244873 883
1764090238758 28.242072582244873 884
1764090246024 28.242072582244873 885
1764090253306 28.242072582244873 886
1764090260590 28.242072582244873 887
1764090267879 28.242072582244873 888
1764090275172 28.242072582244873 889
1764090282441 28.242072582244873 890
1764090289719 28.242072582244873 891
1764090297002 28.242072582244873 892
1764090304268 28.242072582244873 893
1764090311551 28.242072582244873 894
1764090318834 28.242072582244873 895
1764090326098 28.242072582244873 896
1764090333360 28.242072582244873 897
1764090340675 28.242072582244873 898
1764090347969 28.242072582244873 899
1764090355232 28.242072582244873 900
1764090362494 28.242072582244873 901
1764090369755 28.242072582244873 902
1764090377005 28.242072582244873 903
1764090384271 28.242072582244873 904
1764090391576 28.242072582244873 905
1764090398824 28.242072582244873 906
1764090406097 28.242072582244873 907
1764090413331 28.242072582244873 908
1764090420604 28.242072582244873 909
1764090427920 28.242072582244873 910
1764090435166 28.242072582244873 911
1764090442450 28.242072582244873 912
1764090449709 28.242072582244873 913
1764090457031 28.242072582244873 914
1764090464303 28.242072582244873 915
1764090471672 28.242072582244873 916
1764090478946 28.242072582244873 917
1764090486220 28.242072582244873 918
1764090493499 28.242072582244873 919
1764090500760 28.242072582244873 920
1764090508041 28.242072582244873 921
1764090515353 28.242072582244873 922
1764090522601 28.242072582244873 923
1764090529888 28.242072582244873 924
1764090537173 28.242072582244873 925
1764090544472 28.242072582244873 926
1764090551725 28.242072582244873 927
1764090558998 28.242072582244873 928
1764090566255 28.242072582244873 929
1764090573561 28.242072582244873 930
1764090580855 28.242072582244873 931
1764090588137 28.242072582244873 932
1764090595412 28.242072582244873 933
1764090602693 28.242072582244873 934
1764090609961 28.242072582244873 935
1764090617254 28.242072582244873 936
1764090624512 28.242072582244873 937
1764090677549 28.242072582244873 938
1764090684824 28.242072582244873 939
1764090692078 28.242072582244873 940
1764090699325 28.242072582244873 941
1764090706600 28.242072582244873 942
1764090713861 28.242072582244873 943
1764090721148 28.242072582244873 944
1764090728428 28.242072582244873 945
1764090735707 28.242072582244873 946
1764090742984 28.242072582244873 947
1764090750270 28.242072582244873 948
1764090757578 28.242072582244873 949
1764090764868 28.242072582244873 950
1764090772176 28.242072582244873 951
1764090779467 28.242072582244873 952
1764090786795 28.242072582244873 953
1764090794079 28.242072582244873 954
1764090801380 28.242072582244873 955
1764090808670 28.242072582244873 956
1764090815970 28.242072582244873 957
1764090823290 28.242072582244873 958
1764090830592 28.242072582244873 959
1764090837922 28.242072582244873 960
1764090845326 28.242072582244873 961
1764090852650 28.242072582244873 962
1764090859931 28.242072582244873 963
1764090867205 28.242072582244873 964
1764090874498 28.242072582244873 965
1764090881796 28.242072582244873 966
1764090889109 28.242072582244873 967
1764090896459 28.242072582244873 968
1764090903773 28.242072582244873 969
1764090911054 28.242072582244873 970
1764090918352 28.242072582244873 971
1764090925655 28.242072582244873 972
1764090932935 28.242072582244873 973
1764090940249 28.242072582244873 974
1764090947535 28.242072582244873 975
1764090954796 28.242072582244873 976
1764090962039 28.242072582244873 977
1764090969300 28.242072582244873 978
1764090976566 28.242072582244873 979
1764090983866 28.242072582244873 980
1764090991106 28.242072582244873 981
1764090998371 28.242072582244873 982
1764091005622 28.242072582244873 983
1764091012930 28.242072582244873 984
1764091020216 28.242072582244873 985
1764091027478 28.242072582244873 986
1764091034760 28.242072582244873 987
1764091042034 28.242072582244873 988
1764091049301 28.242072582244873 989
1764091056586 28.242072582244873 990
1764091064333 28.242072582244873 991
1764091071620 28.242072582244873 992
1764091078863 28.242072582244873 993
1764091086126 28.242072582244873 994
1764091093388 28.242072582244873 995
1764091100653 28.242072582244873 996
1764091107956 28.242072582244873 997
1764091115253 28.242072582244873 998
1764091122523 28.242072582244873 999
1764091129799 28.242072582244873 1000
1764091137098 28.242072582244873 1001
1764091144363 28.242072582244873 1002
1764091151608 28.242072582244873 1003
1764091158912 28.242072582244873 1004
1764091166166 28.242072582244873 1005
1764091173448 28.242072582244873 1006
1764091180714 28.242072582244873 1007
1764091187967 28.242072582244873 1008
1764091195242 28.242072582244873 1009
1764091202522 28.242072582244873 1010
1764091209815 28.242072582244873 1011
1764091217101 28.242072582244873 1012
1764091224384 28.242072582244873 1013
1764091231670 28.242072582244873 1014
1764091238908 28.242072582244873 1015
1764091246222 28.242072582244873 1016
1764091253485 28.242072582244873 1017
1764091260752 28.242072582244873 1018
1764091268045 28.242072582244873 1019
1764091275326 28.242072582244873 1020
1764091282615 28.242072582244873 1021
1764091289876 28.242072582244873 1022
1764091297120 28.242072582244873 1023
1764091304361 28.242072582244873 1024
1764091311631 28.242072582244873 1025
1764091318922 28.242072582244873 1026
1764091326206 28.242072582244873 1027
1764091333461 28.242072582244873 1028
1764091340739 28.242072582244873 1029
1764091348016 28.242072582244873 1030
1764091355290 28.242072582244873 1031
1764091362556 28.242072582244873 1032
1764091369817 28.242072582244873 1033
1764091377064 28.242072582244873 1034
1764091384326 28.242072582244873 1035
1764091391606 28.242072582244873 1036
1764091398881 28.242072582244873 1037
1764091406159 28.242072582244873 1038
1764091413422 28.242072582244873 1039
1764091420719 28.242072582244873 1040
1764091428051 28.242072582244873 1041
1764091435308 28.242072582244873 1042
1764091442601 28.242072582244873 1043
1764091449875 28.242072582244873 1044
1764091457177 28.242072582244873 1045
1764091464488 28.242072582244873 1046
1764091471721 28.242072582244873 1047
1764091479064 28.242072582244873 1048
1764091486386 28.242072582244873 1049
1764091493665 28.242072582244873 1050
1764091500940 28.242072582244873 1051
1764091508218 28.242072582244873 1052
1764091515487 28.242072582244873 1053
1764091522753 28.242072582244873 1054
1764091530038 28.242072582244873 1055
1764091537319 28.242072582244873 1056
1764091544598 28.242072582244873 1057
1764091551927 28.242072582244873 1058
1764091559230 28.242072582244873 1059
1764091566506 28.242072582244873 1060
1764091573838 28.242072582244873 1061
1764091581105 28.242072582244873 1062
1764091588350 28.242072582244873 1063
1764091595614 28.242072582244873 1064
1764091602898 28.242072582244873 1065
1764091610177 28.242072582244873 1066
1764091617465 28.242072582244873 1067
1764091624778 28.242072582244873 1068
1764091632039 28.242072582244873 1069
1764091639283 28.242072582244873 1070
1764091646534 28.242072582244873 1071
1764091653776 28.242072582244873 1072
1764091661021 28.242072582244873 1073
1764091668278 28.242072582244873 1074
1764091675544 28.242072582244873 1075
1764091682907 28.242072582244873 1076
1764091690164 28.242072582244873 1077
1764091697417 28.242072582244873 1078
1764091704691 28.242072582244873 1079
1764091711958 28.242072582244873 1080
1764091719229 28.242072582244873 1081
1764091726525 28.242072582244873 1082
1764091733801 28.242072582244873 1083
1764091741079 28.242072582244873 1084
1764091748395 28.242072582244873 1085
1764091755679 28.242072582244873 1086
1764091762996 28.242072582244873 1087
1764091770258 28.242072582244873 1088
1764091777524 28.242072582244873 1089
1764091784828 28.242072582244873 1090
1764091792086 28.242072582244873 1091
1764091799349 28.242072582244873 1092
1764091806619 28.242072582244873 1093
1764091813940 28.242072582244873 1094
1764091821218 28.242072582244873 1095
1764091828501 28.242072582244873 1096
1764091835746 28.242072582244873 1097
1764091842989 28.242072582244873 1098
1764091850261 28.242072582244873 1099
1764091857544 28.242072582244873 1100
1764091864903 28.242072582244873 1101
1764091872173 28.242072582244873 1102
1764091879435 28.242072582244873 1103
1764091886743 28.242072582244873 1104
1764091894016 28.242072582244873 1105
1764091901289 28.242072582244873 1106
1764091908532 28.242072582244873 1107
1764091915814 28.242072582244873 1108
1764091923091 28.242072582244873 1109
1764091930389 28.242072582244873 1110
1764091937665 28.242072582244873 1111
1764091944954 28.242072582244873 1112
1764091952203 28.242072582244873 1113
1764091959485 28.242072582244873 1114
1764091966779 28.242072582244873 1115
1764091974076 28.242072582244873 1116
1764091981334 28.242072582244873 1117
1764091988598 28.242072582244873 1118
1764091995924 28.242072582244873 1119
1764092003206 28.242072582244873 1120
1764092010433 28.242072582244873 1121
1764092017698 28.242072582244873 1122
1764092024929 28.242072582244873 1123
1764092032221 28.242072582244873 1124
1764092039528 28.242072582244873 1125
1764092046800 28.242072582244873 1126
1764092054059 28.242072582244873 1127
1764092061313 28.242072582244873 1128
1764092068557 28.242072582244873 1129
1764092075838 28.242072582244873 1130
1764092083144 28.242072582244873 1131
1764092090421 28.242072582244873 1132
1764092097683 28.242072582244873 1133
1764092104962 28.242072582244873 1134
1764092112233 28.242072582244873 1135
1764092119535 28.242072582244873 1136
1764092126806 28.242072582244873 1137
1764092134067 28.242072582244873 1138
1764092141342 28.242072582244873 1139
1764092148628 28.242072582244873 1140
1764092155913 28.242072582244873 1141
1764092163210 28.242072582244873 1142
1764092170467 28.242072582244873 1143
1764092177756 28.242072582244873 1144
1764092185003 28.242072582244873 1145
1764092192307 28.242072582244873 1146
1764092199606 28.242072582244873 1147
1764092206851 28.242072582244873 1148
1764092214100 28.242072582244873 1149
1764092221354 28.242072582244873 1150
1764092228619 28.242072582244873 1151
1764092235882 28.242072582244873 1152
1764092243148 28.242072582244873 1153
1764092250474 28.242072582244873 1154
1764092257749 28.242072582244873 1155
1764092264982 28.242072582244873 1156
1764092272241 28.242072582244873 1157
1764092279535 28.242072582244873 1158
1764092286822 28.242072582244873 1159
1764092294099 28.242072582244873 1160
1764092301372 28.242072582244873 1161
1764092308626 28.242072582244873 1162
1764092315896 28.242072582244873 1163
1764092323168 28.242072582244873 1164
1764092330436 28.242072582244873 1165
1764092337729 28.242072582244873 1166
1764092345017 28.242072582244873 1167
1764092352267 28.242072582244873 1168
1764092359550 28.242072582244873 1169
1764092366822 28.242072582244873 1170
1764092374114 28.242072582244873 1171
1764092381373 28.242072582244873 1172
1764092388616 28.242072582244873 1173
1764092395933 28.242072582244873 1174
1764092403189 28.242072582244873 1175
1764092410450 28.242072582244873 1176
1764092417705 28.242072582244873 1177
1764092424963 28.242072582244873 1178
1764092432213 28.242072582244873 1179
1764092439506 28.242072582244873 1180
1764092446762 28.242072582244873 1181
1764092454040 28.242072582244873 1182
1764092461332 28.242072582244873 1183
1764092468614 28.242072582244873 1184
1764092475894 28.242072582244873 1185
1764092483184 28.242072582244873 1186
1764092490443 28.242072582244873 1187
1764092497707 28.242072582244873 1188
1764092504974 28.242072582244873 1189
1764092512242 28.242072582244873 1190
1764092519514 28.242072582244873 1191
1764092526753 28.242072582244873 1192
1764092534018 28.242072582244873 1193
1764092541278 28.242072582244873 1194
1764092548557 28.242072582244873 1195
1764092555836 28.242072582244873 1196
1764092563118 28.242072582244873 1197
1764092570387 28.242072582244873 1198
1764092577661 28.242072582244873 1199
1764092584934 28.242072582244873 1200
1764092592196 28.242072582244873 1201
1764092599449 28.242072582244873 1202
1764092606729 28.242072582244873 1203
1764092613991 28.242072582244873 1204
1764092621306 28.242072582244873 1205
1764092628563 28.242072582244873 1206
1764092635893 28.242072582244873 1207
1764092643166 28.242072582244873 1208
1764092650476 28.242072582244873 1209
1764092657770 28.242072582244873 1210
1764092665053 28.242072582244873 1211
1764092672352 28.242072582244873 1212
1764092679647 28.242072582244873 1213
1764092686931 28.242072582244873 1214
1764092694204 28.242072582244873 1215
1764092701562 28.242072582244873 1216
1764092708824 28.242072582244873 1217
1764092716078 28.242072582244873 1218
1764092723335 28.242072582244873 1219
1764092730578 28.242072582244873 1220
1764092737843 28.242072582244873 1221
1764092745113 28.242072582244873 1222
1764092752381 28.242072582244873 1223
1764092759665 28.242072582244873 1224
1764092766943 28.242072582244873 1225
1764092774230 28.242072582244873 1226
1764092781546 28.242072582244873 1227
1764092788796 28.242072582244873 1228
1764092796074 28.242072582244873 1229
1764092803329 28.242072582244873 1230
1764092810635 28.242072582244873 1231
1764092817858 28.242072582244873 1232
1764092825150 28.242072582244873 1233
1764092832405 28.242072582244873 1234
1764092839674 28.242072582244873 1235
1764092846947 28.242072582244873 1236
1764092854206 28.242072582244873 1237
1764092861473 28.242072582244873 1238
1764092868742 28.242072582244873 1239
1764092876019 28.242072582244873 1240
1764092883285 28.242072582244873 1241
1764092890554 28.242072582244873 1242
1764092897837 28.242072582244873 1243
1764092905094 28.242072582244873 1244
1764092912347 28.242072582244873 1245
1764092919613 28.242072582244873 1246
1764092926882 28.242072582244873 1247
1764092934158 28.242072582244873 1248
1764092941437 28.242072582244873 1249
1764092948714 28.242072582244873 1250
1764093001868 28.242072582244873 1251
1764093009156 28.242072582244873 1252
1764093016408 28.242072582244873 1253
1764093023647 28.242072582244873 1254
1764093030891 28.242072582244873 1255
1764093038153 28.242072582244873 1256
1764093045452 28.242072582244873 1257
1764093052728 28.242072582244873 1258
1764093059990 28.242072582244873 1259
1764093067296 28.242072582244873 1260
1764093074599 28.242072582244873 1261
1764093081846 28.242072582244873 1262
1764093089149 28.242072582244873 1263
1764093096469 28.242072582244873 1264
1764093103771 28.242072582244873 1265
1764093111093 28.242072582244873 1266
1764093118492 28.242072582244873 1267
1764093125826 28.242072582244873 1268
1764093133130 28.242072582244873 1269
1764093140449 28.242072582244873 1270
1764093147745 28.242072582244873 1271
1764093155048 28.242072582244873 1272
1764093162338 28.242072582244873 1273
1764093169638 28.242072582244873 1274
1764093176926 28.242072582244873 1275
1764093184200 28.242072582244873 1276
1764093191486 28.242072582244873 1277
1764093198758 28.242072582244873 1278
1764093206051 28.242072582244873 1279
1764093213352 28.242072582244873 1280
1764093220620 28.242072582244873 1281
1764093227922 28.242072582244873 1282
1764093235215 28.242072582244873 1283
1764093242522 28.242072582244873 1284
1764093249828 28.242072582244873 1285
1764093257128 28.242072582244873 1286
1764093264418 28.242072582244873 1287
1764093271735 28.242072582244873 1288
1764093279019 28.242072582244873 1289
1764093286289 28.242072582244873 1290
1764093293576 28.242072582244873 1291
1764093300848 28.242072582244873 1292
1764093308127 28.242072582244873 1293
1764093315402 28.242072582244873 1294
1764093322666 28.242072582244873 1295
1764093329922 28.242072582244873 1296
1764093337311 28.242072582244873 1297
1764093344569 28.242072582244873 1298
1764093351824 28.242072582244873 1299
1764093359124 28.242072582244873 1300
1764093366395 28.242072582244873 1301
1764093373663 28.242072582244873 1302
1764093380918 28.242072582244873 1303
1764093388187 28.242072582244873 1304
1764093395455 28.242072582244873 1305
1764093402712 28.242072582244873 1306
1764093409958 28.242072582244873 1307
1764093417235 28.242072582244873 1308
1764093424529 28.242072582244873 1309
1764093431827 28.242072582244873 1310
1764093439097 28.242072582244873 1311
1764093446394 28.242072582244873 1312
1764093453675 28.242072582244873 1313
1764093460911 28.242072582244873 1314
1764093468164 28.242072582244873 1315
1764093475505 28.242072582244873 1316
1764093482773 28.242072582244873 1317
1764093490030 28.242072582244873 1318
1764093497277 28.242072582244873 1319
1764093504560 28.242072582244873 1320
1764093511801 28.242072582244873 1321
1764093519065 28.242072582244873 1322
1764093526290 28.242072582244873 1323
1764093533566 28.242072582244873 1324
1764093540812 28.242072582244873 1325
1764093548056 28.242072582244873 1326
1764093555319 28.242072582244873 1327
1764093562553 28.242072582244873 1328
1764093569794 28.242072582244873 1329
1764093577037 28.242072582244873 1330
1764093584303 28.242072582244873 1331
1764093591562 28.242072582244873 1332
1764093598890 28.242072582244873 1333
1764093606149 28.242072582244873 1334
1764093613426 28.242072582244873 1335
1764093620711 28.242072582244873 1336
1764093627989 28.242072582244873 1337
1764093635246 28.242072582244873 1338
1764093642532 28.242072582244873 1339
1764093649827 28.242072582244873 1340
1764093657086 28.242072582244873 1341
1764093664342 28.242072582244873 1342
1764093671614 28.242072582244873 1343
1764093678852 28.242072582244873 1344
1764093686123 28.242072582244873 1345
1764093693422 28.242072582244873 1346
1764093700674 28.242072582244873 1347
1764093707944 28.242072582244873 1348
1764093715211 28.242072582244873 1349
1764093722472 28.242072582244873 1350
1764093729737 28.242072582244873 1351
1764093736984 28.242072582244873 1352
1764093744214 28.242072582244873 1353
1764093751524 28.242072582244873 1354
1764093758800 28.242072582244873 1355
1764093766031 28.242072582244873 1356
1764093773272 28.242072582244873 1357
1764093780561 28.242072582244873 1358
1764093787828 28.242072582244873 1359
1764093795148 28.242072582244873 1360
1764093802414 28.242072582244873 1361
1764093809646 28.242072582244873 1362
1764093816884 28.242072582244873 1363
1764093824143 28.242072582244873 1364
1764093831421 28.242072582244873 1365
1764093838756 28.242072582244873 1366
1764093846036 28.242072582244873 1367
1764093853323 28.242072582244873 1368
1764093860573 28.242072582244873 1369
1764093867870 28.242072582244873 1370
1764093875131 28.242072582244873 1371
1764093882426 28.242072582244873 1372
1764093889684 28.242072582244873 1373
1764093896959 28.242072582244873 1374
1764093904237 28.242072582244873 1375
1764093911514 28.242072582244873 1376
1764093918772 28.242072582244873 1377
1764093926040 28.242072582244873 1378
1764093933330 28.242072582244873 1379
1764093940592 28.242072582244873 1380
1764093947845 28.242072582244873 1381
1764093955170 28.242072582244873 1382
1764093962422 28.242072582244873 1383
1764093969685 28.242072582244873 1384
1764093976966 28.242072582244873 1385
1764093984233 28.242072582244873 1386
1764093991504 28.242072582244873 1387
1764093998817 28.242072582244873 1388
1764094006091 28.242072582244873 1389
1764094013426 28.242072582244873 1390
1764094020685 28.242072582244873 1391
1764094027974 28.242072582244873 1392
1764094035272 28.242072582244873 1393
1764094042560 28.242072582244873 1394
1764094049834 28.242072582244873 1395
1764094057111 28.242072582244873 1396
1764094064435 28.242072582244873 1397
1764094071771 28.242072582244873 1398
1764094079035 28.242072582244873 1399
1764094086313 28.242072582244873 1400
1764094093603 28.242072582244873 1401
1764094100868 28.242072582244873 1402
1764094108178 28.242072582244873 1403
1764094115444 28.242072582244873 1404
1764094122720 28.242072582244873 1405
1764094129994 28.242072582244873 1406
1764094137299 28.242072582244873 1407
1764094144588 28.242072582244873 1408
1764094151880 28.242072582244873 1409
1764094159162 28.242072582244873 1410
1764094166447 28.242072582244873 1411
1764094173723 28.242072582244873 1412
1764094180983 28.242072582244873 1413
1764094188261 28.242072582244873 1414
1764094195524 28.242072582244873 1415
1764094202774 28.242072582244873 1416
1764094210091 28.242072582244873 1417
1764094217355 28.242072582244873 1418
1764094224713 28.242072582244873 1419
1764094231992 28.242072582244873 1420
1764094239278 28.242072582244873 1421
1764094246554 28.242072582244873 1422
1764094253823 28.242072582244873 1423
1764094261146 28.242072582244873 1424
1764094268434 28.242072582244873 1425
1764094275679 28.242072582244873 1426
1764094282946 28.242072582244873 1427
1764094290253 28.242072582244873 1428
1764094297565 28.242072582244873 1429
1764094304910 28.242072582244873 1430
1764094312219 28.242072582244873 1431
1764094319502 28.242072582244873 1432
1764094326794 28.242072582244873 1433
1764094334057 28.242072582244873 1434
1764094341317 28.242072582244873 1435
1764094348597 28.242072582244873 1436
1764094355904 28.242072582244873 1437
1764094363166 28.242072582244873 1438
1764094370452 28.242072582244873 1439
1764094377760 28.242072582244873 1440
1764094385040 28.242072582244873 1441
1764094392340 28.242072582244873 1442
1764094399660 28.242072582244873 1443
1764094406909 28.242072582244873 1444
1764094414159 28.242072582244873 1445
1764094421432 28.242072582244873 1446
1764094428714 28.242072582244873 1447
1764094435956 28.242072582244873 1448
1764094443231 28.242072582244873 1449
1764094450518 28.242072582244873 1450
1764094457794 28.242072582244873 1451
1764094465108 28.242072582244873 1452
1764094472377 28.242072582244873 1453
1764094479662 28.242072582244873 1454
1764094486935 28.242072582244873 1455
1764094494195 28.242072582244873 1456
1764094501444 28.242072582244873 1457
1764094508715 28.242072582244873 1458
1764094515961 28.242072582244873 1459
1764094523261 28.242072582244873 1460
1764094530533 28.242072582244873 1461
1764094537787 28.242072582244873 1462
1764094545075 28.242072582244873 1463
1764094552348 28.242072582244873 1464
1764094559632 28.242072582244873 1465
1764094566926 28.242072582244873 1466
1764094574196 28.242072582244873 1467
1764094581498 28.242072582244873 1468
1764094588764 28.242072582244873 1469
1764094596054 28.242072582244873 1470
1764094603337 28.242072582244873 1471
1764094610585 28.242072582244873 1472
1764094617835 28.242072582244873 1473
1764094625074 28.242072582244873 1474
1764094632340 28.242072582244873 1475
1764094639591 28.242072582244873 1476
1764094646878 28.242072582244873 1477
1764094654172 28.242072582244873 1478
1764094661454 28.242072582244873 1479
1764094668719 28.242072582244873 1480
1764094675976 28.242072582244873 1481
1764094683196 28.242072582244873 1482
1764094690457 28.242072582244873 1483
1764094697733 28.242072582244873 1484
1764094705008 28.242072582244873 1485
1764094712274 28.242072582244873 1486
1764094719548 28.242072582244873 1487
1764094726782 28.242072582244873 1488
1764094734038 28.242072582244873 1489
1764094741334 28.242072582244873 1490
1764094748604 28.242072582244873 1491
1764094755919 28.242072582244873 1492
1764094763172 28.242072582244873 1493
1764094770449 28.242072582244873 1494
1764094777733 28.242072582244873 1495
1764094784987 28.242072582244873 1496
1764094792263 28.242072582244873 1497
1764094799513 28.242072582244873 1498
1764094806776 28.242072582244873 1499
1764094814072 28.242072582244873 1500
1764094821313 28.242072582244873 1501
1764094828569 28.242072582244873 1502
1764094835835 28.242072582244873 1503
1764094843079 28.242072582244873 1504
1764094850334 28.242072582244873 1505
1764094857579 28.242072582244873 1506
1764094864836 28.242072582244873 1507
1764094872140 28.242072582244873 1508
1764094879433 28.242072582244873 1509
1764094886680 28.242072582244873 1510
1764094893990 28.242072582244873 1511
1764094901277 28.242072582244873 1512
1764094908523 28.242072582244873 1513
1764094915831 28.242072582244873 1514
1764094923077 28.242072582244873 1515
1764094930306 28.242072582244873 1516
1764094937601 28.242072582244873 1517
1764094944894 28.242072582244873 1518
1764094952183 28.242072582244873 1519
1764094959449 28.242072582244873 1520
1764094966747 28.242072582244873 1521
1764094974127 28.242072582244873 1522
1764094981422 28.242072582244873 1523
1764094988696 28.242072582244873 1524
1764094995973 28.242072582244873 1525
1764095003247 28.242072582244873 1526
1764095010509 28.242072582244873 1527
1764095017767 28.242072582244873 1528
1764095025034 28.242072582244873 1529
1764095032325 28.242072582244873 1530
1764095039581 28.242072582244873 1531
1764095046847 28.242072582244873 1532
1764095054104 28.242072582244873 1533
1764095061368 28.242072582244873 1534
1764095068662 28.242072582244873 1535
1764095075920 28.242072582244873 1536
1764095083189 28.242072582244873 1537
1764095090462 28.242072582244873 1538
1764095097727 28.242072582244873 1539
1764095104971 28.242072582244873 1540
1764095112214 28.242072582244873 1541
1764095119502 28.242072582244873 1542
1764095126773 28.242072582244873 1543
1764095134034 28.242072582244873 1544
1764095141293 28.242072582244873 1545
1764095148588 28.242072582244873 1546
1764095155836 28.242072582244873 1547
1764095163097 28.242072582244873 1548
1764095170351 28.242072582244873 1549
1764095177665 28.242072582244873 1550
1764095184915 28.242072582244873 1551
1764095192212 28.242072582244873 1552
1764095199470 28.242072582244873 1553
1764095206750 28.242072582244873 1554
1764095214034 28.242072582244873 1555
1764095221356 28.242072582244873 1556
1764095228629 28.242072582244873 1557
1764095235940 28.242072582244873 1558
1764095243216 28.242072582244873 1559
1764095250453 28.242072582244873 1560
1764095257685 28.242072582244873 1561
1764095265021 28.242072582244873 1562
1764095272267 28.242072582244873 1563
