1764163805167 21.683672428131104 1
1764163814327 21.683672428131104 2
1764163823452 21.683672428131104 3
1764163832604 21.683672428131104 4
1764163841835 21.683672428131104 5
1764163851064 21.683672428131104 6
1764163860279 21.683672428131104 7
1764163869496 21.683672428131104 8
1764163878708 21.683672428131104 9
1764163887905 21.683672428131104 10
1764163897219 21.683672428131104 11
1764163906408 21.683672428131104 12
1764163915676 21.683672428131104 13
1764163924841 21.683672428131104 14
1764163934038 21.683672428131104 15
1764163943250 21.683672428131104 16
1764163952640 21.683672428131104 17
1764163962051 21.683672428131104 18
1764163971220 21.683672428131104 19
1764163980406 21.683672428131104 20
1764163989574 21.683672428131104 21
1764163998987 21.683672428131104 22
1764164008144 21.683672428131104 23
1764164017344 21.683672428131104 24
1764164026501 21.683672428131104 25
1764164035629 21.683672428131104 26
1764164044828 21.683672428131104 27
1764164053995 21.683672428131104 28
1764164063186 21.683672428131104 29
1764164072355 21.683672428131104 30
1764164081503 21.683672428131104 31
1764164090683 21.683672428131104 32
1764164099874 21.683672428131104 33
1764164109078 21.683672428131104 34
1764164118230 21.683672428131104 35
1764164127352 21.683672428131104 36
1764164136517 21.683672428131104 37
1764164145684 21.683672428131104 38
1764164154815 21.683672428131104 39
1764164163970 21.683672428131104 40
1764164173172 21.683672428131104 41
1764164182305 21.683672428131104 42
1764164191407 21.683672428131104 43
1764164200556 21.683672428131104 44
1764164209697 21.683672428131104 45
1764164218875 21.683672428131104 46
1764164228000 21.683672428131104 47
1764164237140 21.683672428131104 48
1764164246268 21.683672428131104 49
1764164255436 21.683672428131104 50
1764164264575 21.683672428131104 51
1764164273721 21.683672428131104 52
1764164282854 21.683672428131104 53
1764164291999 21.683672428131104 54
1764164301158 21.683672428131104 55
1764164310358 21.683672428131104 56
1764164319575 21.683672428131104 57
1764164328708 21.683672428131104 58
1764164337852 21.683672428131104 59
1764164347007 21.683672428131104 60
1764164356140 21.683672428131104 61
1764164365296 21.683672428131104 62
1764164374455 21.683672428131104 63
1764164383643 21.683672428131104 64
1764164392754 21.683672428131104 65
1764164401910 21.683672428131104 66
1764164411060 21.683672428131104 67
1764164420205 21.683672428131104 68
1764164429399 21.683672428131104 69
1764164438532 21.683672428131104 70
1764164447696 21.683672428131104 71
1764164456864 21.683672428131104 72
1764164466072 21.683672428131104 73
1764164475240 21.683672428131104 74
1764164484414 21.683672428131104 75
1764164493557 21.683672428131104 76
1764164502798 21.683672428131104 77
1764164511927 21.683672428131104 78
1764164521056 21.683672428131104 79
1764164530213 21.683672428131104 80
1764164539399 21.683672428131104 81
1764164548546 21.683672428131104 82
1764164557665 21.683672428131104 83
1764164566836 21.683672428131104 84
1764164576007 21.683672428131104 85
1764164585166 21.683672428131104 86
1764164594313 21.683672428131104 87
1764164603448 21.683672428131104 88
1764164612593 21.683672428131104 89
1764164621733 21.683672428131104 90
1764164630935 21.683672428131104 91
1764164640054 21.683672428131104 92
1764164649215 21.683672428131104 93
1764164658403 21.683672428131104 94
1764164667518 21.683672428131104 95
1764164676670 21.683672428131104 96
1764164685828 21.683672428131104 97
1764164694968 21.683672428131104 98
1764164704088 21.683672428131104 99
1764164713279 21.683672428131104 100
1764164722438 21.683672428131104 101
1764164731592 21.683672428131104 102
1764164740707 21.683672428131104 103
1764164749872 21.683672428131104 104
1764164758993 21.683672428131104 105
1764164768087 21.683672428131104 106
1764164777221 21.683672428131104 107
1764164786382 21.683672428131104 108
1764164795487 21.683672428131104 109
1764164804643 21.683672428131104 110
1764164813787 21.683672428131104 111
1764164822954 21.683672428131104 112
1764164832111 21.683672428131104 113
1764164841302 21.683672428131104 114
1764164850433 21.683672428131104 115
1764164859577 21.683672428131104 116
1764164868752 21.683672428131104 117
1764164877909 21.683672428131104 118
1764164887075 21.683672428131104 119
