1764062657764 0.003125 1
1764062666743 0.0035555555555555557 2
1764062675581 0.003319502074688797 3
1764062684357 0.003292181069958848 4
1764062693256 0.003448275862068966 5
1764062702253 0.003448275862068966 6
1764062711122 0.0038834951456310682 7
1764062720037 0.004145077720207254 8
1764062728838 0.005128205128205128 9
1764062737689 0.005633802816901409 10
1764062746612 0.007017543859649123 11
1764062755476 0.00788177339901478 12
1764062764349 0.0098159509202454 13
1764062773304 0.009142857142857144 14
1764062782196 0.0108843537414966 15
1764062791182 0.009876543209876543 16
1764062800116 0.010738255033557048 17
1764062809015 0.011111111111111112 18
1764062818053 0.012549019607843138 19
1764062827145 0.014414414414414415 20
1764062835860 0.011851851851851853 21
1764062844759 0.014953271028037384 22
1764062853786 0.014883720930232559 23
1764062862734 0.016494845360824743 24
1764062871568 0.017204301075268817 25
1764062880529 0.019161676646706587 26
1764062889649 0.021052631578947368 27
1764062898604 0.0217687074829932 28
1764062907580 0.025 29
1764062916687 0.025396825396825397 30
1764062925718 0.03062200956937799 31
1764062934535 0.0326530612244898 32
1764062943279 0.03152709359605912 33
1764062952155 0.034972677595628415 34
1764062961198 0.03832335329341317 35
1764062970286 0.034782608695652174 36
1764062979286 0.04539007092198582 37
1764062988434 0.04155844155844156 38
1764062997207 0.0435374149659864 39
1764063006063 0.04776119402985075 40
1764063014762 0.04413793103448276 41
1764063023725 0.05099601593625498 42
1764063032696 0.047058823529411764 43
1764063041786 0.042105263157894736 44
1764063050684 0.04961240310077519 45
1764063059690 0.04923076923076923 46
1764063068581 0.044444444444444446 47
1764063077458 0.05541125541125541 48
1764063086434 0.0512 49
1764063095417 0.03855421686746988 50
1764063104355 0.06213592233009709 51
1764063113364 0.064 52
1764063122419 0.05688888888888889 53
1764063131331 0.06336633663366337 54
1764063140417 0.06213592233009709 55
1764063149442 0.07150837988826816 56
1764063158547 0.08050314465408806 57
1764063167369 0.06701570680628273 58
1764063176251 0.07529411764705883 59
1764063185153 0.06666666666666667 60
1764063194069 0.07111111111111111 61
1764063202982 0.08205128205128205 62
1764063211681 0.06994535519125683 63
1764063220680 0.07272727272727274 64
1764063229464 0.08366013071895426 65
1764063238367 0.04885496183206107 66
1764063247273 0.07804878048780488 67
1764063256009 0.054237288135593226 68
1764063264927 0.07664670658682635 69
1764063273919 0.09696969696969697 70
1764063282763 0.08767123287671233 71
1764063291605 0.07664670658682635 72
1764063300575 0.09142857142857143 73
1764063309398 0.06994535519125683 74
1764063318499 0.06881720430107527 75
1764063327427 0.050196078431372554 76
1764063336199 0.07150837988826816 77
1764063345063 0.07664670658682635 78
1764063353831 0.08648648648648649 79
1764063362990 0.08050314465408806 80
1764063372071 0.0927536231884058 81
1764063380928 0.0927536231884058 82
1764063389653 0.07398843930635839 83
1764063398527 0.09078014184397164 84
1764063407486 0.08951048951048951 85
1764063416305 0.08050314465408806 86
1764063425388 0.1062240663900415 87
1764063434383 0.08258064516129032 88
1764063443437 0.08152866242038218 89
1764063452243 0.08590604026845639 90
1764063461060 0.05589519650655022 91
1764063470026 0.06632124352331606 92
1764063479132 0.1040650406504065 93
1764063488137 0.08648648648648649 94
1764063497198 0.06736842105263158 95
1764063506052 0.06772486772486773 96
1764063515000 0.05688888888888889 97
1764063523885 0.10281124497991968 98
1764063532894 0.0735632183908046 99
1764063541779 0.1032258064516129 100
1764063550665 0.06956521739130435 101
1764063559622 0.09014084507042254 102
1764063568717 0.09696969696969697 103
1764063577773 0.1032258064516129 104
1764063586864 0.1094017094017094 105
1764063595995 0.05289256198347108 106
1764063604962 0.13403141361256546 107
1764063613976 0.11179039301310044 108
1764063622890 0.08050314465408806 109
1764063631808 0.07191011235955057 110
1764063640890 0.10666666666666667 111
1764063649677 0.12367149758454107 112
1764063658723 0.12427184466019418 113
1764063667897 0.06183574879227054 114
1764063676887 0.0653061224489796 115
1764063685813 0.09078014184397164 116
1764063694866 0.08366013071895426 117
1764063703804 0.09411764705882353 118
1764063712661 0.11082251082251082 119
1764063721726 0.10987124463519314 120
1764063730504 0.1080168776371308 121
1764063739535 0.09922480620155039 122
1764063748489 0.09922480620155039 123
1764063757465 0.10039215686274511 124
1764063766393 0.12075471698113208 125
1764063775339 0.11743119266055047 126
1764063784232 0.1094017094017094 127
1764063793216 0.09696969696969697 128
1764063802076 0.12367149758454107 129
1764063811137 0.11327433628318585 130
1764063819926 0.0785276073619632 131
1764063829094 0.10039215686274511 132
1764063837996 0.10756302521008404 133
1764063846941 0.09770992366412214 134
1764063855911 0.06243902439024391 135
1764063864748 0.0955223880597015 136
1764063873887 0.10987124463519314 137
1764063882886 0.0955223880597015 138
1764063891832 0.07757575757575758 139
1764063900827 0.10666666666666667 140
1764063909652 0.12248803827751197 141
1764063918699 0.10281124497991968 142
1764063927766 0.09411764705882353 143
1764063936978 0.0761904761904762 144
1764063945961 0.09343065693430658 145
1764063954752 0.07757575757575758 146
1764063963861 0.08533333333333334 147
1764063972802 0.10847457627118645 148
1764063981851 0.13403141361256546 149
1764063990841 0.11327433628318585 150
1764063999718 0.1497076023391813 151
1764064008625 0.11851851851851852 152
1764064017460 0.1219047619047619 153
1764064026268 0.10281124497991968 154
1764064035045 0.09014084507042254 155
1764064044005 0.127363184079602 156
1764064052705 0.0870748299319728 157
1764064061533 0.12610837438423647 158
1764064070516 0.12673267326732673 159
1764064079405 0.12673267326732673 160
1764064088342 0.1142857142857143 161
1764064097255 0.09846153846153846 162
1764064106257 0.11277533039647578 163
1764064115249 0.09846153846153846 164
1764064124191 0.0927536231884058 165
1764064133044 0.09014084507042254 166
1764064141989 0.1032258064516129 167
1764064150960 0.1147982062780269 168
1764064159958 0.13403141361256546 169
1764064169010 0.15421686746987953 170
1764064177986 0.10364372469635628 171
1764064186887 0.10118577075098814 172
1764064195825 0.1532934131736527 173
1764064204475 0.08 174
1764064213351 0.06274509803921569 175
1764064222144 0.11851851851851852 176
1764064231106 0.09922480620155039 177
1764064239916 0.0955223880597015 178
1764064249001 0.08366013071895426 179
1764064257821 0.12307692307692308 180
1764064266678 0.10711297071129708 181
1764064275459 0.10893617021276597 182
1764064284312 0.10199203187250996 183
1764064293174 0.12549019607843137 184
1764064302113 0.13544973544973546 185
1764064311045 0.0810126582278481 186
1764064319929 0.07901234567901234 187
1764064329099 0.127363184079602 188
1764064338045 0.14797687861271677 189
1764064346941 0.11327433628318585 190
1764064355773 0.14545454545454548 191
1764064364755 0.09846153846153846 192
1764064373694 0.11377777777777778 193
1764064382709 0.11179039301310044 194
1764064391684 0.06956521739130435 195
1764064400547 0.0847682119205298 196
1764064409563 0.1471264367816092 197
1764064418500 0.13333333333333333 198
1764064427518 0.05925925925925926 199
1764064436368 0.09922480620155039 200
1764064445325 0.10711297071129708 201
1764064454300 0.15609756097560976 202
1764064463373 0.12610837438423647 203
1764064472249 0.07950310559006211 204
1764064481166 0.11743119266055047 205
1764064490080 0.11743119266055047 206
1764064498930 0.1032258064516129 207
1764064507832 0.10893617021276597 208
1764064516784 0.1147982062780269 209
1764064525965 0.1 210
1764064534850 0.13544973544973546 211
1764064543764 0.10281124497991968 212
1764064552777 0.06994535519125683 213
1764064561681 0.11377777777777778 214
1764064570699 0.12610837438423647 215
1764064579701 0.13617021276595745 216
1764064588662 0.11636363636363636 217
1764064597572 0.0955223880597015 218
1764064606312 0.11130434782608696 219
1764064615152 0.11962616822429907 220
1764064624006 0.1142857142857143 221
1764064632964 0.13763440860215054 222
1764064641987 0.11636363636363636 223
1764064650901 0.11743119266055047 224
1764064659850 0.10281124497991968 225
1764064668738 0.0955223880597015 226
1764064677692 0.1 227
1764064686585 0.11531531531531532 228
1764064695463 0.09922480620155039 229
1764064704396 0.11130434782608696 230
1764064713266 0.10078740157480316 231
1764064722289 0.12075471698113208 232
1764064731407 0.10158730158730159 233
1764064740423 0.12307692307692308 234
1764064749449 0.15058823529411766 235
1764064758377 0.10534979423868314 236
1764064767245 0.13128205128205128 237
1764064776267 0.12864321608040202 238
1764064785089 0.12549019607843137 239
1764064793982 0.12307692307692308 240
1764064803140 0.12427184466019418 241
1764064812131 0.13689839572192514 242
1764064820928 0.09770992366412214 243
1764064829746 0.14463276836158193 244
1764064838689 0.10078740157480316 245
1764064847578 0.12610837438423647 246
1764064856665 0.08 247
1764064865484 0.12610837438423647 248
1764064874342 0.13195876288659794 249
1764064883249 0.1 250
1764064892231 0.1094017094017094 251
1764064901047 0.09078014184397164 252
1764064909903 0.07757575757575758 253
1764064918690 0.11531531531531532 254
1764064927805 0.11743119266055047 255
1764064936643 0.12673267326732673 256
1764064945447 0.09142857142857143 257
1764064954352 0.12549019607843137 258
1764064963224 0.11228070175438597 259
