1764062657764 6.521742065217392e-07 1
1764062666743 1.3043481130434783e-06 2
1764062675581 1.9565220195652176e-06 3
1764062684357 2.608695926086957e-06 4
1764062693256 3.2608698326086963e-06 5
1764062702253 3.9130437391304355e-06 6
1764062711122 4.565217645652174e-06 7
1764062720037 5.217391552173913e-06 8
1764062728838 5.869565458695652e-06 9
1764062737689 6.521739365217391e-06 10
1764062746612 7.17391327173913e-06 11
1764062755476 7.826087178260868e-06 12
1764062764349 8.478261084782607e-06 13
1764062773304 9.130434991304347e-06 14
1764062782196 9.782608897826086e-06 15
1764062791182 1.0434782804347826e-05 16
1764062800116 1.1086956710869565e-05 17
1764062809015 1.1739130617391305e-05 18
1764062818053 1.2391304523913046e-05 19
1764062827145 1.3043478430434788e-05 20
1764062835860 1.3695652336956525e-05 21
1764062844759 1.4347826243478267e-05 22
1764062853786 1.5000000150000008e-05 23
1764062862734 1.5652174056521747e-05 24
1764062871568 1.6304347963043485e-05 25
1764062880529 1.6956521869565227e-05 26
1764062889649 1.7608695776086964e-05 27
1764062898604 1.8260869682608706e-05 28
1764062907580 1.8913043589130444e-05 29
1764062916687 1.956521749565218e-05 30
1764062925718 2.0217391402173923e-05 31
1764062934535 2.0869565308695664e-05 32
1764062943279 2.1521739215217405e-05 33
1764062952155 2.2173913121739143e-05 34
1764062961198 2.2826087028260884e-05 35
1764062970286 2.3478260934782626e-05 36
1764062979286 2.4130434841304367e-05 37
1764062988434 2.4782608747826105e-05 38
1764062997207 2.5434782654347846e-05 39
1764063006063 2.6086956560869584e-05 40
1764063014762 2.6739130467391325e-05 41
1764063023725 2.7391304373913066e-05 42
1764063032696 2.8043478280434804e-05 43
1764063041786 2.8695652186956542e-05 44
1764063050684 2.9347826093478283e-05 45
1764063059690 3e-05 46
1764063068581 2.9999973195454608e-05 47
1764063077458 2.999989278193339e-05 48
1764063086434 2.9999758759781214e-05 49
1764063095417 2.9999571129572867e-05 50
1764063104355 2.9999329892113046e-05 51
1764063113364 2.999903504843635e-05 52
1764063122419 2.9998686599807286e-05 53
1764063131331 2.999828454772025e-05 54
1764063140417 2.9997828893899537e-05 55
1764063149442 2.9997319640299324e-05 56
1764063158547 2.9996756789103656e-05 57
1764063167369 2.9996140342726453e-05 58
1764063176251 2.9995470303811486e-05 59
1764063185153 2.999474667523236e-05 60
1764063194069 2.999396946009253e-05 61
1764063202982 2.9993138661725255e-05 62
1764063211681 2.9992254283693606e-05 63
1764063220680 2.9991316329790434e-05 64
1764063229464 2.9990324804038374e-05 65
1764063238367 2.9989279710689805e-05 66
1764063247273 2.998818105422685e-05 67
1764063256009 2.9987028839361342e-05 68
1764063264927 2.9985823071034825e-05 69
1764063273919 2.9984563754418503e-05 70
1764063282763 2.9983250894913244e-05 71
1764063291605 2.998188449814954e-05 72
1764063300575 2.9980464569987505e-05 73
1764063309398 2.9978991116516813e-05 74
1764063318499 2.997746414405671e-05 75
1764063327427 2.9975883659155966e-05 76
1764063336199 2.9974249668592842e-05 77
1764063345063 2.9972562179375084e-05 78
1764063353831 2.997082119873987e-05 79
1764063362990 2.996902673415379e-05 80
1764063372071 2.9967178793312817e-05 81
1764063380928 2.9965277384142265e-05 82
1764063389653 2.9963322514796754e-05 83
1764063398527 2.9961314193660194e-05 84
1764063407486 2.995925242934572e-05 85
1764063416305 2.995713723069568e-05 86
1764063425388 2.995496860678158e-05 87
1764063434383 2.9952746566904062e-05 88
1764063443437 2.9950471120592848e-05 89
1764063452243 2.9948142277606704e-05 90
1764063461060 2.9945760047933406e-05 91
1764063470026 2.994332444178968e-05 92
1764063479132 2.9940835469621184e-05 93
1764063488137 2.9938293142102433e-05 94
1764063497198 2.9935697470136788e-05 95
1764063506052 2.9933048464856368e-05 96
1764063515000 2.9930346137622037e-05 97
1764063523885 2.9927590500023343e-05 98
1764063532894 2.9924781563878462e-05 99
1764063541779 2.9921919341234152e-05 100
1764063550665 2.991900384436571e-05 101
1764063559622 2.99160350857769e-05 102
1764063568717 2.9913013078199927e-05 103
1764063577773 2.990993783459535e-05 104
1764063586864 2.9906809368152057e-05 105
1764063595995 2.990362769228718e-05 106
1764063604962 2.9900392820646062e-05 107
1764063613976 2.9897104767102185e-05 108
1764063622890 2.9893763545757118e-05 109
1764063631808 2.989036917094044e-05 110
1764063640890 2.9886921657209704e-05 111
1764063649677 2.9883421019350356e-05 112
1764063658723 2.9879867272375677e-05 113
1764063667897 2.9876260431526716e-05 114
1764063676887 2.9872600512272234e-05 115
1764063685813 2.9868887530308625e-05 116
1764063694866 2.986512150155985e-05 117
1764063703804 2.986130244217739e-05 118
1764063712661 2.9857430368540137e-05 119
1764063721726 2.985350529725437e-05 120
1764063730504 2.9849527245153642e-05 121
1764063739535 2.9845496229298734e-05 122
1764063748489 2.9841412266977576e-05 123
1764063757465 2.983727537570517e-05 124
1764063766393 2.983308557322351e-05 125
1764063775339 2.982884287750152e-05 126
1764063784232 2.9824547306734968e-05 127
1764063793216 2.9820198879346374e-05 128
1764063802076 2.9815797613984966e-05 129
1764063811137 2.9811343529526565e-05 130
1764063819926 2.9806836645073532e-05 131
1764063829094 2.980227697995466e-05 132
1764063837996 2.9797664553725108e-05 133
1764063846941 2.9792999386166317e-05 134
1764063855911 2.978828149728592e-05 135
1764063864748 2.978351090731765e-05 136
1764063873887 2.977868763672127e-05 137
1764063882886 2.9773811706182477e-05 138
1764063891832 2.9768883136612797e-05 139
1764063900827 2.9763901949149526e-05 140
1764063909652 2.975886816515562e-05 141
1764063918699 2.97537818062196e-05 142
1764063927766 2.9748642894155477e-05 143
1764063936978 2.9743451451002645e-05 144
1764063945961 2.9738207499025787e-05 145
1764063954752 2.9732911060714777e-05 146
1764063963861 2.97275621587846e-05 147
1764063972802 2.9722160816175234e-05 148
1764063981851 2.9716707056051567e-05 149
1764063990841 2.9711200901803285e-05 150
1764063999718 2.9705642377044787e-05 151
1764064008625 2.9700031505615066e-05 152
1764064017460 2.969436831157762e-05 153
1764064026268 2.9688652819220344e-05 154
1764064035045 2.968288505305543e-05 155
1764064044005 2.967706503781925e-05 156
1764064052705 2.967119279847226e-05 157
1764064061533 2.9665268360198895e-05 158
1764064070516 2.9659291748407458e-05 159
1764064079405 2.965326298873e-05 160
1764064088342 2.9647182107022234e-05 161
1764064097255 2.96410491293634e-05 162
1764064106257 2.963486408205616e-05 163
1764064115249 2.9628626991626507e-05 164
1764064124191 2.9622337884823614e-05 165
1764064133044 2.9615996788619747e-05 166
1764064141989 2.9609603730210136e-05 167
1764064150960 2.9603158737012868e-05 168
1764064159958 2.9596661836668758e-05 169
1764064169010 2.9590113057041237e-05 170
1764064177986 2.9583512426216244e-05 171
1764064186887 2.9576859972502077e-05 172
1764064195825 2.9570155724429303e-05 173
1764064204475 2.9563399710750604e-05 174
1764064213351 2.955659196044068e-05 175
1764064222144 2.954973250269612e-05 176
1764064231106 2.9542821366935274e-05 177
1764064239916 2.9535858582798107e-05 178
1764064249001 2.9528844180146105e-05 179
1764064257821 2.952177818906213e-05 180
1764064266678 2.9514660639850292e-05 181
1764064275459 2.9507491563035807e-05 182
1764064284312 2.9500270989364905e-05 183
1764064293174 2.949299894980465e-05 184
1764064302113 2.9485675475542836e-05 185
1764064311045 2.9478300597987848e-05 186
1764064319929 2.947087434876852e-05 187
1764064329099 2.9463396759734017e-05 188
1764064338045 2.9455867862953677e-05 189
1764064346941 2.944828769071688e-05 190
1764064355773 2.9440656275532923e-05 191
1764064364755 2.9432973650130862e-05 192
1764064373694 2.9425239847459382e-05 193
1764064382709 2.941745490068665e-05 194
1764064391684 2.9409618843200184e-05 195
1764064400547 2.94017317086067e-05 196
1764064409563 2.9393793530731963e-05 197
1764064418500 2.938580434362065e-05 198
1764064427518 2.9377764181536213e-05 199
1764064436368 2.9369673078960707e-05 200
1764064445325 2.9361531070594668e-05 201
1764064454300 2.935333819135695e-05 202
1764064463373 2.9345094476384572e-05 203
1764064472249 2.9336799961032588e-05 204
1764064481166 2.9328454680873905e-05 205
1764064490080 2.9320058671699156e-05 206
1764064498930 2.9311611969516536e-05 207
1764064507832 2.9303114610551644e-05 208
1764064516784 2.9294566631247336e-05 209
1764064525965 2.9285968068263567e-05 210
1764064534850 2.927731895847723e-05 211
1764064543764 2.9268619338981984e-05 212
1764064552777 2.925986924708814e-05 213
1764064561681 2.9251068720322447e-05 214
1764064570699 2.924221779642797e-05 215
1764064579701 2.92333165133639e-05 216
1764064588662 2.922436490930542e-05 217
1764064597572 2.9215363022643512e-05 218
1764064606312 2.920631089198482e-05 219
1764064615152 2.9197208556151456e-05 220
1764064624006 2.918805605418086e-05 221
1764064632964 2.9178853425325618e-05 222
1764064641987 2.916960070905329e-05 223
1764064650901 2.9160297945046258e-05 224
1764064659850 2.915094517320154e-05 225
1764064668738 2.9141542433630617e-05 226
1764064677692 2.913208976665928e-05 227
1764064686585 2.912258721282744e-05 228
1764064695463 2.9113034812888955e-05 229
1764064704396 2.9103432607811464e-05 230
1764064713266 2.9093780638776207e-05 231
1764064722289 2.9084078947177844e-05 232
1764064731407 2.9074327574624286e-05 233
1764064740423 2.906452656293651e-05 234
1764064749449 2.9054675954148388e-05 235
1764064758377 2.9044775790506487e-05 236
1764064767245 2.9034826114469913e-05 237
1764064776267 2.9024826968710106e-05 238
1764064785089 2.9014778396110684e-05 239
1764064793982 2.9004680439767227e-05 240
1764064803140 2.8994533142987122e-05 241
1764064812131 2.898433654928935e-05 242
1764064820928 2.897409070240433e-05 243
1764064829746 2.89637956462737e-05 244
1764064838689 2.895345142505014e-05 245
1764064847578 2.8943058083097204e-05 246
1764064856665 2.8932615664989103e-05 247
1764064865484 2.892212421551051e-05 248
1764064874342 2.8911583779656395e-05 249
1764064883249 2.8900994402631813e-05 250
1764064892231 2.8890356129851716e-05 251
1764064901047 2.887966900694075e-05 252
1764064909903 2.8868933079733076e-05 253
1764064918690 2.885814839427215e-05 254
1764064927805 2.8847314996810557e-05 255
1764064936643 2.8836432933809777e-05 256
1764064945447 2.882550225194001e-05 257
1764064954352 2.8814522998079972e-05 258
1764064963224 2.8803495219316684e-05 259
