1764062657764 1.495574176311493 1
1764062666743 1.33930042386055 2
1764062675581 1.3429310619831085 3
1764062684357 1.3765538930892944 4
1764062693256 1.405013084411621 5
1764062702253 1.4285690188407898 6
1764062711122 1.3458715677261353 7
1764062720037 1.354876458644867 8
1764062728838 1.3054424822330475 9
1764062737689 1.2490602433681488 10
1764062746612 1.2631463706493378 11
1764062755476 1.150636613368988 12
1764062764349 1.1084304451942444 13
1764062773304 1.1426138281822205 14
1764062782196 1.1304672360420227 15
1764062791182 1.1228699088096619 16
1764062800116 1.05659818649292 17
1764062809015 1.148985117673874 18
1764062818053 0.9389313608407974 19
1764062827145 0.9612082242965698 20
1764062835860 0.9685749560594559 21
1764062844759 0.9397861361503601 22
1764062853786 0.9557465016841888 23
1764062862734 0.866144672036171 24
1764062871568 0.8713246881961823 25
1764062880529 0.8290126621723175 26
1764062889649 0.8222760558128357 27
1764062898604 0.8261654824018478 28
1764062907580 0.750481903553009 29
1764062916687 0.7751265615224838 30
1764062925718 0.6674511730670929 31
1764062934535 0.6428907066583633 32
1764062943279 0.683777779340744 33
1764062952155 0.7003126740455627 34
1764062961198 0.6029211580753326 35
1764062970286 0.627361848950386 36
1764062979286 0.5772088468074799 37
1764062988434 0.6123062074184418 38
1764062997207 0.6180035769939423 39
1764063006063 0.5670474022626877 40
1764063014762 0.583514466881752 41
1764063023725 0.5767905861139297 42
1764063032696 0.49683941900730133 43
1764063041786 0.5396087914705276 44
1764063050684 0.5002943426370621 45
1764063059690 0.5104519799351692 46
1764063068581 0.5724555402994156 47
1764063077458 0.5182895064353943 48
1764063086434 0.49290575087070465 49
1764063095417 0.5252583175897598 50
1764063104355 0.4746221601963043 51
1764063113364 0.48794589191675186 52
1764063122419 0.48282065987586975 53
1764063131331 0.4627356752753258 54
1764063140417 0.46281811594963074 55
1764063149442 0.44488365948200226 56
1764063158547 0.5009407326579094 57
1764063167369 0.4459463283419609 58
1764063176251 0.4131773114204407 59
1764063185153 0.41760898381471634 60
1764063194069 0.45605696737766266 61
1764063202982 0.4658377170562744 62
1764063211681 0.4757673591375351 63
1764063220680 0.4567036032676697 64
1764063229464 0.41756561398506165 65
1764063238367 0.4643235132098198 66
1764063247273 0.438478022813797 67
1764063256009 0.4449522793292999 68
1764063264927 0.4457038640975952 69
1764063273919 0.4187045767903328 70
1764063282763 0.41967788338661194 71
1764063291605 0.4195946827530861 72
1764063300575 0.41139643639326096 73
1764063309398 0.4583229348063469 74
1764063318499 0.41243603825569153 75
1764063327427 0.4276799261569977 76
1764063336199 0.4013402611017227 77
1764063345063 0.3905261382460594 78
1764063353831 0.42712248116731644 79
1764063362990 0.3889433965086937 80
1764063372071 0.40193255990743637 81
1764063380928 0.4192920997738838 82
1764063389653 0.448879137635231 83
1764063398527 0.39146820455789566 84
1764063407486 0.3869261369109154 85
1764063416305 0.42403265088796616 86
1764063425388 0.3784242123365402 87
1764063434383 0.3769868463277817 88
1764063443437 0.34465987980365753 89
1764063452243 0.40641680359840393 90
1764063461060 0.40174081921577454 91
1764063470026 0.37329618632793427 92
1764063479132 0.3740829974412918 93
1764063488137 0.3988230675458908 94
1764063497198 0.4188184291124344 95
1764063506052 0.3839217573404312 96
1764063515000 0.382091224193573 97
1764063523885 0.3497619554400444 98
1764063532894 0.39106643944978714 99
1764063541779 0.3499976396560669 100
1764063550665 0.41707848012447357 101
1764063559622 0.41580332815647125 102
1764063568717 0.36049771308898926 103
1764063577773 0.35242440551519394 104
1764063586864 0.36819928884506226 105
1764063595995 0.4649221673607826 106
1764063604962 0.3500301465392113 107
1764063613976 0.36385176330804825 108
1764063622890 0.37745070457458496 109
1764063631808 0.3590013012290001 110
1764063640890 0.3568408638238907 111
1764063649677 0.3683888241648674 112
1764063658723 0.34677182137966156 113
1764063667897 0.4091249108314514 114
1764063676887 0.40732061862945557 115
1764063685813 0.39905645698308945 116
1764063694866 0.39635924249887466 117
1764063703804 0.36475857347249985 118
1764063712661 0.36104416847229004 119
1764063721726 0.3696116805076599 120
1764063730504 0.36591747403144836 121
1764063739535 0.36911653727293015 122
1764063748489 0.37341969460248947 123
1764063757465 0.37156686931848526 124
1764063766393 0.35801779478788376 125
1764063775339 0.37108322232961655 126
1764063784232 0.3524007722735405 127
1764063793216 0.3268475830554962 128
1764063802076 0.3411203995347023 129
1764063811137 0.3515831381082535 130
1764063819926 0.3556012585759163 131
1764063829094 0.324230894446373 132
1764063837996 0.3463742211461067 133
1764063846941 0.37171854823827744 134
1764063855911 0.33313126862049103 135
1764063864748 0.3521791994571686 136
1764063873887 0.33828606456518173 137
1764063882886 0.35908861458301544 138
1764063891832 0.3499630093574524 139
1764063900827 0.36429864913225174 140
1764063909652 0.3225790783762932 141
1764063918699 0.3196752741932869 142
1764063927766 0.3537873178720474 143
1764063936978 0.3243910223245621 144
1764063945961 0.3659854680299759 145
1764063954752 0.3122393414378166 146
1764063963861 0.35415225476026535 147
1764063972802 0.3482968211174011 148
1764063981851 0.3363367170095444 149
1764063990841 0.3547768369317055 150
1764063999718 0.334675669670105 151
1764064008625 0.3393331468105316 152
1764064017460 0.3601715490221977 153
1764064026268 0.3461827412247658 154
1764064035045 0.3717239499092102 155
1764064044005 0.3236602693796158 156
1764064052705 0.3857935294508934 157
1764064061533 0.3475067839026451 158
1764064070516 0.3301544561982155 159
1764064079405 0.3395746797323227 160
1764064088342 0.34335970878601074 161
1764064097255 0.32801736146211624 162
1764064106257 0.31972675025463104 163
1764064115249 0.35552991181612015 164
1764064124191 0.3227314129471779 165
1764064133044 0.3509758859872818 166
1764064141989 0.3448761999607086 167
1764064150960 0.31769008189439774 168
1764064159958 0.3564247563481331 169
1764064169010 0.33750350773334503 170
1764064177986 0.3347719982266426 171
1764064186887 0.35476622730493546 172
1764064195825 0.3153112754225731 173
1764064204475 0.32666202634572983 174
1764064213351 0.36903753876686096 175
1764064222144 0.3289649114012718 176
1764064231106 0.3465545251965523 177
1764064239916 0.3488893359899521 178
1764064249001 0.3157448470592499 179
1764064257821 0.31757768988609314 180
1764064266678 0.36348648369312286 181
1764064275459 0.35415709763765335 182
1764064284312 0.3332215026021004 183
1764064293174 0.3275361955165863 184
1764064302113 0.3506367579102516 185
1764064311045 0.3322310671210289 186
1764064319929 0.3316860795021057 187
1764064329099 0.3142932802438736 188
1764064338045 0.3353206664323807 189
1764064346941 0.31695999950170517 190
1764064355773 0.3490854650735855 191
1764064364755 0.34633657336235046 192
1764064373694 0.3262604847550392 193
1764064382709 0.3305327594280243 194
1764064391684 0.3666020631790161 195
1764064400547 0.33279789984226227 196
1764064409563 0.32207927852869034 197
1764064418500 0.3351958692073822 198
1764064427518 0.3579484149813652 199
1764064436368 0.3270796537399292 200
1764064445325 0.3385029658675194 201
1764064454300 0.2990659400820732 202
1764064463373 0.3121001049876213 203
1764064472249 0.3448585048317909 204
1764064481166 0.32808541506528854 205
1764064490080 0.3463278114795685 206
1764064498930 0.31498799473047256 207
1764064507832 0.31026991456747055 208
1764064516784 0.32167138159275055 209
1764064525965 0.31991012394428253 210
1764064534850 0.3087919056415558 211
1764064543764 0.338639035820961 212
1764064552777 0.3164979964494705 213
1764064561681 0.32364291697740555 214
1764064570699 0.3379938676953316 215
1764064579701 0.29444339871406555 216
1764064588662 0.32451970130205154 217
1764064597572 0.35346829891204834 218
1764064606312 0.32608938962221146 219
1764064615152 0.31914442777633667 220
1764064624006 0.3305724337697029 221
1764064632964 0.3090589791536331 222
1764064641987 0.33640091121196747 223
1764064650901 0.31362413614988327 224
1764064659850 0.35590800642967224 225
1764064668738 0.324323371052742 226
1764064677692 0.3389004170894623 227
1764064686585 0.30382053554058075 228
1764064695463 0.29485049843788147 229
1764064704396 0.3227076753973961 230
1764064713266 0.32041464000940323 231
1764064722289 0.34238432347774506 232
1764064731407 0.3117584213614464 233
1764064740423 0.2802642583847046 234
1764064749449 0.3109801635146141 235
1764064758377 0.32047364115715027 236
1764064767245 0.317358560860157 237
1764064776267 0.31652484834194183 238
1764064785089 0.3070816770195961 239
1764064793982 0.3052061051130295 240
1764064803140 0.30243658274412155 241
1764064812131 0.3073364868760109 242
1764064820928 0.32029785215854645 243
1764064829746 0.30673591792583466 244
1764064838689 0.31717050075531006 245
1764064847578 0.3023649826645851 246
1764064856665 0.3029113784432411 247
1764064865484 0.33460332453250885 248
1764064874342 0.32536470890045166 249
1764064883249 0.2721458226442337 250
1764064892231 0.3506040647625923 251
1764064901047 0.3110794723033905 252
1764064909903 0.34157121181488037 253
1764064918690 0.31877077370882034 254
1764064927805 0.3751704469323158 255
1764064936643 0.3081918954849243 256
1764064945447 0.31524212658405304 257
1764064954352 0.33877376466989517 258
1764064963224 0.3255973756313324 259
