1764062657764 0.1875 1
1764062666743 0.19873046875 2
1764062675581 0.2041015625 3
1764062684357 0.1806640625 4
1764062693256 0.171142578125 5
1764062702253 0.197509765625 6
1764062711122 0.171875 7
1764062720037 0.206787109375 8
1764062728838 0.20703125 9
1764062737689 0.193115234375 10
1764062746612 0.220947265625 11
1764062755476 0.193603515625 12
1764062764349 0.224609375 13
1764062773304 0.251953125 14
1764062782196 0.251953125 15
1764062791182 0.26171875 16
1764062800116 0.27978515625 17
1764062809015 0.2529296875 18
1764062818053 0.251708984375 19
1764062827145 0.24462890625 20
1764062835860 0.244384765625 21
1764062844759 0.2392578125 22
1764062853786 0.26806640625 23
1764062862734 0.2763671875 24
1764062871568 0.275146484375 25
1764062880529 0.2958984375 26
1764062889649 0.3046875 27
1764062898604 0.35107421875 28
1764062907580 0.4150390625 29
1764062916687 0.443359375 30
1764062925718 0.501953125 31
1764062934535 0.5205078125 32
1764062943279 0.56640625 33
1764062952155 0.6484375 34
1764062961198 0.6630859375 35
1764062970286 0.6845703125 36
1764062979286 0.765625 37
1764062988434 0.7744140625 38
1764062997207 0.9365234375 39
1764063006063 0.9140625 40
1764063014762 1.03515625 41
1764063023725 0.9658203125 42
1764063032696 1.0498046875 43
1764063041786 1.0234375 44
1764063050684 0.994140625 45
1764063059690 0.9560546875 46
1764063068581 0.9638671875 47
1764063077458 0.9501953125 48
1764063086434 0.9921875 49
1764063095417 1.0205078125 50
1764063104355 1.001953125 51
1764063113364 1.0234375 52
1764063122419 1.0859375 53
1764063131331 1.0458984375 54
1764063140417 1.037109375 55
1764063149442 1.04296875 56
1764063158547 1.0439453125 57
1764063167369 1.037109375 58
1764063176251 1.0703125 59
1764063185153 1.0263671875 60
1764063194069 1.052734375 61
1764063202982 1.044921875 62
1764063211681 1.005859375 63
1764063220680 0.9873046875 64
1764063229464 0.974609375 65
1764063238367 1.087890625 66
1764063247273 1.03515625 67
1764063256009 1.056640625 68
1764063264927 1.033203125 69
1764063273919 0.96484375 70
1764063282763 1.0205078125 71
1764063291605 1.07421875 72
1764063300575 1.0185546875 73
1764063309398 1.0595703125 74
1764063318499 1.041015625 75
1764063327427 1.0634765625 76
1764063336199 1.033203125 77
1764063345063 1.0458984375 78
1764063353831 1.03125 79
1764063362990 0.982421875 80
1764063372071 1.0341796875 81
1764063380928 0.9931640625 82
1764063389653 1.0537109375 83
1764063398527 1.04296875 84
1764063407486 1.0537109375 85
1764063416305 1.05859375 86
1764063425388 1.015625 87
1764063434383 1.068359375 88
1764063443437 0.962890625 89
1764063452243 0.9482421875 90
1764063461060 1.080078125 91
1764063470026 0.904296875 92
1764063479132 0.93359375 93
1764063488137 1.0029296875 94
1764063497198 1.1328125 95
1764063506052 1.072265625 96
1764063515000 1.1171875 97
1764063523885 1.0126953125 98
1764063532894 0.99609375 99
1764063541779 0.9609375 100
1764063550665 1.0625 101
1764063559622 1.0693359375 102
1764063568717 0.9462890625 103
1764063577773 0.9619140625 104
1764063586864 0.966796875 105
1764063595995 1.119140625 106
1764063604962 1.01171875 107
1764063613976 1.03515625 108
1764063622890 1.072265625 109
1764063631808 1.068359375 110
1764063640890 1.0078125 111
1764063649677 1.0439453125 112
1764063658723 1.0263671875 113
1764063667897 1.1396484375 114
1764063676887 1.0693359375 115
1764063685813 1.0546875 116
1764063694866 1.0205078125 117
1764063703804 0.9365234375 118
1764063712661 0.962890625 119
1764063721726 1.029296875 120
1764063730504 1.044921875 121
1764063739535 1.087890625 122
1764063748489 1.08203125 123
1764063757465 1.080078125 124
1764063766393 1.0439453125 125
1764063775339 1.048828125 126
1764063784232 0.9833984375 127
1764063793216 0.9423828125 128
1764063802076 0.962890625 129
1764063811137 0.9521484375 130
1764063819926 1.0009765625 131
1764063829094 0.9853515625 132
1764063837996 1.0283203125 133
1764063846941 1.037109375 134
1764063855911 0.984375 135
1764063864748 0.9833984375 136
1764063873887 0.9873046875 137
1764063882886 1.0927734375 138
1764063891832 1.05078125 139
1764063900827 1.037109375 140
1764063909652 0.923828125 141
1764063918699 0.9306640625 142
1764063927766 0.982421875 143
1764063936978 0.9111328125 144
1764063945961 1.05078125 145
1764063954752 0.9384765625 146
1764063963861 1.017578125 147
1764063972802 1.0732421875 148
1764063981851 1.03125 149
1764063990841 1.0322265625 150
1764063999718 1.0126953125 151
1764064008625 0.923828125 152
1764064017460 0.984375 153
1764064026268 0.9580078125 154
1764064035045 1.0322265625 155
1764064044005 0.935546875 156
1764064052705 1.1220703125 157
1764064061533 1.0087890625 158
1764064070516 0.9970703125 159
1764064079405 1.009765625 160
1764064088342 1.0302734375 161
1764064097255 0.9619140625 162
1764064106257 0.9375 163
1764064115249 0.9833984375 164
1764064124191 1.0126953125 165
1764064133044 1.0595703125 166
1764064141989 0.9970703125 167
1764064150960 0.9130859375 168
1764064159958 1.0361328125 169
1764064169010 1.021484375 170
1764064177986 0.962890625 171
1764064186887 1.068359375 172
1764064195825 0.9873046875 173
1764064204475 1.0234375 174
1764064213351 1.0478515625 175
1764064222144 0.9658203125 176
1764064231106 0.9501953125 177
1764064239916 1.00390625 178
1764064249001 0.9384765625 179
1764064257821 0.9580078125 180
1764064266678 1.1015625 181
1764064275459 1.064453125 182
1764064284312 1.0068359375 183
1764064293174 1.015625 184
1764064302113 1.0322265625 185
1764064311045 0.984375 186
1764064319929 0.9677734375 187
1764064329099 0.908203125 188
1764064338045 1.0 189
1764064346941 1.005859375 190
1764064355773 1.046875 191
1764064364755 1.119140625 192
1764064373694 1.0439453125 193
1764064382709 0.978515625 194
1764064391684 1.0849609375 195
1764064400547 0.982421875 196
1764064409563 0.95703125 197
1764064418500 0.9990234375 198
1764064427518 1.201171875 199
1764064436368 1.0322265625 200
1764064445325 0.986328125 201
1764064454300 0.896484375 202
1764064463373 0.9169921875 203
1764064472249 1.009765625 204
1764064481166 0.9775390625 205
1764064490080 1.01171875 206
1764064498930 0.9951171875 207
1764064507832 0.9990234375 208
1764064516784 0.9970703125 209
1764064525965 0.9658203125 210
1764064534850 0.927734375 211
1764064543764 0.9443359375 212
1764064552777 0.8671875 213
1764064561681 0.95703125 214
1764064570699 0.9912109375 215
1764064579701 0.916015625 216
1764064588662 1.017578125 217
1764064597572 1.01171875 218
1764064606312 0.9775390625 219
1764064615152 0.9990234375 220
1764064624006 0.99609375 221
1764064632964 0.9619140625 222
1764064641987 0.970703125 223
1764064650901 0.9013671875 224
1764064659850 1.033203125 225
1764064668738 0.9599609375 226
1764064677692 1.0107421875 227
1764064686585 0.9013671875 228
1764064695463 0.9453125 229
1764064704396 1.0029296875 230
1764064713266 0.986328125 231
1764064722289 1.0234375 232
1764064731407 0.947265625 233
1764064740423 0.8583984375 234
1764064749449 0.9375 235
1764064758377 0.9931640625 236
1764064767245 0.9970703125 237
1764064776267 1.0 238
1764064785089 0.962890625 239
1764064793982 0.9150390625 240
1764064803140 0.8837890625 241
1764064812131 0.9443359375 242
1764064820928 1.048828125 243
1764064829746 0.9677734375 244
1764064838689 0.966796875 245
1764064847578 0.8916015625 246
1764064856665 0.927734375 247
1764064865484 0.9951171875 248
1764064874342 0.9873046875 249
1764064883249 0.857421875 250
1764064892231 1.0703125 251
1764064901047 0.9912109375 252
1764064909903 1.01171875 253
1764064918690 0.958984375 254
1764064927805 1.048828125 255
1764064936643 0.9208984375 256
1764064945447 0.9404296875 257
1764064954352 1.0419921875 258
1764064963224 1.0009765625 259
