1764163805167 -0.19798750802874565 1
1764163814327 -0.20269867777824402 2
1764163823452 -0.20399842038750648 3
1764163832604 -0.19731929898262024 4
1764163841835 -0.2045559398829937 5
1764163851064 -0.2017485648393631 6
1764163860279 -0.20439647510647774 7
1764163869496 -0.19698498398065567 8
1764163878708 -0.20051871612668037 9
1764163887905 -0.1995818018913269 10
1764163897219 -0.1920214518904686 11
1764163906408 -0.19575579836964607 12
1764163915676 -0.20000935718417168 13
1764163924841 -0.19940625131130219 14
1764163934038 -0.20700129494071007 15
1764163943250 -0.1949741542339325 16
1764163952640 -0.20857194438576698 17
1764163962051 -0.2067093811929226 18
1764163971220 -0.19836418330669403 19
1764163980406 -0.20460699871182442 20
1764163989574 -0.19832341000437737 21
1764163998987 -0.2031678818166256 22
1764164008144 -0.20361915230751038 23
1764164017344 -0.20901143550872803 24
1764164026501 -0.1894574724137783 25
1764164035629 -0.20215484127402306 26
1764164044828 -0.20351877436041832 27
1764164053995 -0.20083735138177872 28
1764164063186 -0.20580661296844482 29
1764164072355 -0.205426424741745 30
1764164081503 -0.19821764156222343 31
1764164090683 -0.20031626522541046 32
1764164099874 -0.20559003949165344 33
1764164109078 -0.20368541032075882 34
1764164118230 -0.2045479454100132 35
1764164127352 -0.19770710915327072 36
1764164136517 -0.21100419387221336 37
1764164145684 -0.2075163722038269 38
1764164154815 -0.1990271508693695 39
1764164163970 -0.20508267357945442 40
1764164173172 -0.1967472806572914 41
1764164182305 -0.20621532574295998 42
1764164191407 -0.20111637562513351 43
1764164200556 -0.211223553866148 44
1764164209697 -0.20410114526748657 45
1764164218875 -0.20554254204034805 46
1764164228000 -0.20473701506853104 47
1764164237140 -0.20954997465014458 48
1764164246268 -0.20906907692551613 49
1764164255436 -0.20641741529107094 50
1764164264575 -0.21060704439878464 51
1764164273721 -0.21068425476551056 52
1764164282854 -0.20830485224723816 53
1764164291999 -0.21175165474414825 54
1764164301158 -0.21378663554787636 55
1764164310358 -0.218642920255661 56
1764164319575 -0.21817179769277573 57
1764164328708 -0.21448910981416702 58
1764164337852 -0.21036520972847939 59
1764164347007 -0.21672186627984047 60
1764164356140 -0.2194315530359745 61
1764164365296 -0.22540394961833954 62
1764164374455 -0.21397136896848679 63
1764164383643 -0.22135603427886963 64
1764164392754 -0.22347841784358025 65
1764164401910 -0.22117917239665985 66
1764164411060 -0.21732798218727112 67
1764164420205 -0.22394954785704613 68
1764164429399 -0.2299671284854412 69
1764164438532 -0.23210794478654861 70
1764164447696 -0.22543387860059738 71
1764164456864 -0.2279522828757763 72
1764164466072 -0.22782321274280548 73
1764164475240 -0.2340422235429287 74
1764164484414 -0.2338111400604248 75
1764164493557 -0.23452476784586906 76
1764164502798 -0.22871073335409164 77
1764164511927 -0.2386256791651249 78
1764164521056 -0.23389260470867157 79
1764164530213 -0.23494389280676842 80
1764164539399 -0.23232052847743034 81
1764164548546 -0.2383754476904869 82
1764164557665 -0.2349599525332451 83
1764164566836 -0.235898707062006 84
1764164576007 -0.23546486347913742 85
1764164585166 -0.23535890132188797 86
1764164594313 -0.2333204634487629 87
1764164603448 -0.23726745694875717 88
1764164612593 -0.23910050839185715 89
1764164621733 -0.23847028985619545 90
1764164630935 -0.24117613583803177 91
1764164640054 -0.233387291431427 92
1764164649215 -0.234662726521492 93
1764164658403 -0.2373402900993824 94
1764164667518 -0.233199592679739 95
1764164676670 -0.23408271744847298 96
1764164685828 -0.23724976927042007 97
1764164694968 -0.23493723943829536 98
1764164704088 -0.23571524024009705 99
1764164713279 -0.24119240045547485 100
1764164722438 -0.23359020799398422 101
1764164731592 -0.22899262979626656 102
1764164740707 -0.23333341628313065 103
1764164749872 -0.23278991132974625 104
1764164758993 -0.2296404018998146 105
1764164768087 -0.228217713534832 106
1764164777221 -0.2296038307249546 107
1764164786382 -0.2295931577682495 108
1764164795487 -0.23052507266402245 109
1764164804643 -0.2282945103943348 110
1764164813787 -0.2283044569194317 111
1764164822954 -0.22299874573946 112
1764164832111 -0.2293306328356266 113
1764164841302 -0.22681498154997826 114
1764164850433 -0.2259133942425251 115
1764164859577 -0.22452890872955322 116
1764164868752 -0.22279538214206696 117
1764164877909 -0.222031619399786 118
1764164887075 -0.22095045074820518 119
