1764163805167 0.9999999403953552 1
1764163814327 1.0 2
1764163823452 1.0 3
1764163832604 0.9999999701976776 4
1764163841835 1.0 5
1764163851064 1.0 6
1764163860279 1.0 7
1764163869496 0.9999999552965164 8
1764163878708 0.9999999701976776 9
1764163887905 0.9999999403953552 10
1764163897219 1.0 11
1764163906408 0.9999999850988388 12
1764163915676 0.9999999850988388 13
1764163924841 0.9999999850988388 14
1764163934038 0.9999999552965164 15
1764163943250 1.0 16
1764163952640 0.9999999850988388 17
1764163962051 0.9999999403953552 18
1764163971220 0.9999999850988388 19
1764163980406 1.0000000596046448 20
1764163989574 1.0 21
1764163998987 1.0000000298023224 22
1764164008144 0.999999925494194 23
1764164017344 1.0 24
1764164026501 1.0000000149011612 25
1764164035629 0.9999999701976776 26
1764164044828 0.9999999701976776 27
1764164053995 0.9999999701976776 28
1764164063186 1.0 29
1764164072355 1.0 30
1764164081503 1.0 31
1764164090683 1.0000000298023224 32
1764164099874 1.0000000596046448 33
1764164109078 0.9999999701976776 34
1764164118230 0.9999999850988388 35
1764164127352 1.0000000298023224 36
1764164136517 1.0000000298023224 37
1764164145684 1.0000000596046448 38
1764164154815 0.9999999850988388 39
1764164163970 0.9999999701976776 40
1764164173172 1.0 41
1764164182305 0.9999999850988388 42
1764164191407 1.0 43
1764164200556 1.0 44
1764164209697 1.0 45
1764164218875 1.0000000149011612 46
1764164228000 0.9999999850988388 47
1764164237140 1.0000000298023224 48
1764164246268 1.0 49
1764164255436 0.9999999552965164 50
1764164264575 0.9999999850988388 51
1764164273721 0.9999999850988388 52
1764164282854 1.0000000298023224 53
1764164291999 1.0000000149011612 54
1764164301158 1.0 55
1764164310358 1.0000000298023224 56
1764164319575 0.9999999850988388 57
1764164328708 0.9999999850988388 58
1764164337852 1.0 59
1764164347007 0.9999999850988388 60
1764164356140 1.0000000596046448 61
1764164365296 0.9999999850988388 62
1764164374455 1.0000000149011612 63
1764164383643 0.9999999701976776 64
1764164392754 0.9999999701976776 65
1764164401910 0.999999925494194 66
1764164411060 1.0000000149011612 67
1764164420205 1.0000000298023224 68
1764164429399 0.9999999701976776 69
1764164438532 0.9999999850988388 70
1764164447696 0.9999999850988388 71
1764164456864 1.0000000298023224 72
1764164466072 0.9999998956918716 73
1764164475240 1.0 74
1764164484414 0.9999999552965164 75
1764164493557 1.0 76
1764164502798 0.9999999850988388 77
1764164511927 1.0 78
1764164521056 0.9999999701976776 79
1764164530213 1.0000000447034836 80
1764164539399 0.9999999850988388 81
1764164548546 1.0 82
1764164557665 1.0000000298023224 83
1764164566836 1.0000000894069672 84
1764164576007 1.0 85
1764164585166 0.9999999552965164 86
1764164594313 1.0 87
1764164603448 1.0000000298023224 88
1764164612593 0.9999999850988388 89
1764164621733 0.9999999552965164 90
1764164630935 1.0000000298023224 91
1764164640054 1.0000000298023224 92
1764164649215 1.0000000596046448 93
1764164658403 1.0000000149011612 94
1764164667518 1.0 95
1764164676670 0.9999999850988388 96
1764164685828 1.000000074505806 97
1764164694968 1.0000000596046448 98
1764164704088 1.0000000298023224 99
1764164713279 1.0000000149011612 100
1764164722438 0.9999999701976776 101
1764164731592 1.0 102
1764164740707 0.9999999850988388 103
1764164749872 1.0 104
1764164758993 1.0000000298023224 105
1764164768087 0.9999999552965164 106
1764164777221 0.9999999701976776 107
1764164786382 1.0 108
1764164795487 1.0 109
1764164804643 1.0000000298023224 110
1764164813787 1.0000000149011612 111
1764164822954 1.0 112
1764164832111 0.9999999701976776 113
1764164841302 0.9999999850988388 114
1764164850433 1.0000000298023224 115
1764164859577 0.9999999850988388 116
1764164868752 0.9999999850988388 117
1764164877909 0.9999999701976776 118
1764164887075 1.0 119
