1764163805167 0.6515790820121765 1
1764163814327 0.6586629003286362 2
1764163823452 0.6599751263856888 3
1764163832604 0.6512209326028824 4
1764163841835 0.6613160073757172 5
1764163851064 0.6570186764001846 6
1764163860279 0.6617062091827393 7
1764163869496 0.6506515443325043 8
1764163878708 0.6554681360721588 9
1764163887905 0.6551352292299271 10
1764163897219 0.6429368257522583 11
1764163906408 0.6474691331386566 12
1764163915676 0.6543620079755783 13
1764163924841 0.6532149463891983 14
1764163934038 0.6654089391231537 15
1764163943250 0.6476486623287201 16
1764163952640 0.6666752994060516 17
1764163962051 0.6645220816135406 18
1764163971220 0.6516422778367996 19
1764163980406 0.6616048216819763 20
1764163989574 0.6513028144836426 21
1764163998987 0.6597079485654831 22
1764164008144 0.6601163744926453 23
1764164017344 0.6668622344732285 24
1764164026501 0.6404690146446228 25
1764164035629 0.6570672690868378 26
1764164044828 0.6605478823184967 27
1764164053995 0.6553676426410675 28
1764164063186 0.6646566092967987 29
1764164072355 0.6620758324861526 30
1764164081503 0.6524163484573364 31
1764164090683 0.655473381280899 32
1764164099874 0.6629495471715927 33
1764164109078 0.660337969660759 34
1764164118230 0.6605125665664673 35
1764164127352 0.6516810208559036 36
1764164136517 0.6701065897941589 37
1764164145684 0.6653642356395721 38
1764164154815 0.6550989598035812 39
1764164163970 0.6619688272476196 40
1764164173172 0.6512839943170547 41
1764164182305 0.664095476269722 42
1764164191407 0.6568852514028549 43
1764164200556 0.6708749532699585 44
1764164209697 0.6605295240879059 45
1764164218875 0.6628666669130325 46
1764164228000 0.6619970798492432 47
1764164237140 0.6683070957660675 48
1764164246268 0.6674835532903671 49
1764164255436 0.6646298468112946 50
1764164264575 0.6698891073465347 51
1764164273721 0.6697210073471069 52
1764164282854 0.6667503118515015 53
1764164291999 0.6710729748010635 54
1764164301158 0.6756804585456848 55
1764164310358 0.6809388697147369 56
1764164319575 0.6790105849504471 57
1764164328708 0.6741151064634323 58
1764164337852 0.6707699149847031 59
1764164347007 0.6784526109695435 60
1764164356140 0.6821714639663696 61
1764164365296 0.6896082758903503 62
1764164374455 0.674331933259964 63
1764164383643 0.6836611330509186 64
1764164392754 0.6867998242378235 65
1764164401910 0.6830351501703262 66
1764164411060 0.6793778240680695 67
1764164420205 0.68697689473629 68
1764164429399 0.6948868483304977 69
1764164438532 0.69727823138237 70
1764164447696 0.6883843541145325 71
1764164456864 0.6909657716751099 72
1764164466072 0.6904881298542023 73
1764164475240 0.6992969065904617 74
1764164484414 0.6967491209506989 75
1764164493557 0.6989262700080872 76
1764164502798 0.6920297592878342 77
1764164511927 0.7050024271011353 78
1764164521056 0.6978265792131424 79
1764164530213 0.6991469264030457 80
1764164539399 0.6966101974248886 81
1764164548546 0.7016831934452057 82
1764164557665 0.6978188306093216 83
1764164566836 0.6992437094449997 84
1764164576007 0.6976078450679779 85
1764164585166 0.6978556662797928 86
1764164594313 0.6947612911462784 87
1764164603448 0.701329916715622 88
1764164612593 0.7032049298286438 89
1764164621733 0.701556995511055 90
1764164630935 0.7041705697774887 91
1764164640054 0.6941507160663605 92
1764164649215 0.6965872496366501 93
1764164658403 0.6980789750814438 94
1764164667518 0.6947501599788666 95
1764164676670 0.6939866840839386 96
1764164685828 0.6974412649869919 97
1764164694968 0.6955263614654541 98
1764164704088 0.6964361816644669 99
1764164713279 0.7031199932098389 100
1764164722438 0.6929235309362411 101
1764164731592 0.6863070130348206 102
1764164740707 0.6929543614387512 103
1764164749872 0.6903181374073029 104
1764164758993 0.686161071062088 105
1764164768087 0.6864629685878754 106
1764164777221 0.686012014746666 107
1764164786382 0.6857838183641434 108
1764164795487 0.6878735423088074 109
1764164804643 0.6844246536493301 110
1764164813787 0.6830509006977081 111
1764164822954 0.6764253526926041 112
1764164832111 0.6851369738578796 113
1764164841302 0.6821015477180481 114
1764164850433 0.6804774850606918 115
1764164859577 0.6783671975135803 116
1764164868752 0.67668117582798 117
1764164877909 0.6740283519029617 118
1764164887075 0.6733648031949997 119
