1764921383599 0.59765625 5
1764921434804 0.609375 10
1764921486025 0.625 15
1764921537520 0.59765625 20
1764921588813 0.494140625 25
1764921639960 0.1328125 30
1764921691132 0.62109375 35
1764921742422 0.11328125 40
1764921793297 0.375 45
1764921844892 0.33203125 50
1764921896175 0.359375 55
1764921946936 0.125 60
1764921998678 0.162109375 65
1764922050066 0.2236328125 70
1764922101307 0.10791015625 75
1764922152541 0.158203125 80
1764922204091 0.361328125 85
1764922255676 0.35546875 90
1764922306798 0.1064453125 95
1764922357939 0.4296875 100
1764922409351 0.1796875 105
1764922461056 0.2158203125 110
1764922512373 0.111328125 115
1764922563894 0.2060546875 120
1764922615373 0.408203125 125
1764922667128 0.2119140625 130
1764922718519 0.271484375 135
1764922770288 0.328125 140
1764922823357 0.3828125 145
1764922875606 0.16796875 150
1764922927349 0.07275390625 155
1764922978367 0.25390625 160
1764923029662 0.291015625 165
1764923081479 0.2177734375 170
