1764921383599 0.995 5
1764921434804 0.995 10
1764921486025 0.995 15
1764921537520 0.995 20
1764921588813 0.995 25
1764921639960 0.995 30
1764921691132 0.995 35
1764921742422 0.995 40
1764921793297 0.995 45
1764921844892 0.995 50
1764921896175 0.995 55
1764921946936 0.995 60
1764921998678 0.995 65
1764922050066 0.995 70
1764922101307 0.995 75
1764922152541 0.995 80
1764922204091 0.995 85
1764922255676 0.995 90
1764922306798 0.995 95
1764922357939 0.995 100
1764922409351 0.995 105
1764922461056 0.995 110
1764922512373 0.995 115
1764922563894 0.995 120
1764922615373 0.995 125
1764922667128 0.995 130
1764922718519 0.995 135
1764922770288 0.995 140
1764922823357 0.995 145
1764922875606 0.995 150
1764922927349 0.995 155
1764922978367 0.995 160
1764923029662 0.995 165
1764923081479 0.995 170
