1764921383599 0.18762089312076569 5
1764921434804 0.1848522536456585 10
1764921486025 0.18404118716716766 15
1764921537520 0.18317875266075134 20
1764921588813 0.17625200748443604 25
1764921639960 0.15764523670077324 30
1764921691132 0.14612030982971191 35
1764921742422 0.15564874559640884 40
1764921793297 0.15898147970438004 45
1764921844892 0.15342607349157333 50
1764921896175 0.1587815210223198 55
1764921946936 0.15768307074904442 60
1764921998678 0.15586134791374207 65
1764922050066 0.14700867608189583 70
1764922101307 0.15641752630472183 75
1764922152541 0.15988720953464508 80
1764922204091 0.15778586268424988 85
1764922255676 0.15585124865174294 90
1764922306798 0.15669336542487144 95
1764922357939 0.1514032445847988 100
1764922409351 0.15148545801639557 105
1764922461056 0.15991216152906418 110
1764922512373 0.15637601912021637 115
1764922563894 0.14742043986916542 120
1764922615373 0.15318020060658455 125
1764922667128 0.15301913395524025 130
1764922718519 0.15497612208127975 135
1764922770288 0.1475243866443634 140
1764922823357 0.16081129759550095 145
1764922875606 0.1504238322377205 150
1764922927349 0.14624890312552452 155
1764922978367 0.14808670058846474 160
1764923029662 0.14204613491892815 165
1764923081479 0.15464435517787933 170
