1764921383599 0.09375000093132257 5
1764921434804 0.4895833432674408 10
1764921486025 0.5520833507180214 15
1764921537520 0.4791666865348816 20
1764921588813 0.5104166865348816 25
1764921639960 0.4583333507180214 30
1764921691132 0.4375000074505806 35
1764921742422 0.4687500223517418 40
1764921793297 0.4583333507180214 45
1764921844892 0.541666679084301 50
1764921896175 0.5000000074505806 55
1764921946936 0.583333358168602 60
1764921998678 0.6250000149011612 65
1764922050066 0.6041666865348816 70
1764922101307 0.572916679084301 75
1764922152541 0.5625000149011612 80
1764922204091 0.614583358168602 85
1764922255676 0.4583333507180214 90
1764922306798 0.5520833507180214 95
1764922357939 0.5833333432674408 100
1764922409351 0.5937500149011612 105
1764922461056 0.59375 110
1764922512373 0.6250000298023224 115
1764922563894 0.6458333432674408 120
1764922615373 0.6666666865348816 125
1764922667128 0.5625000223517418 130
1764922718519 0.6041666865348816 135
1764922770288 0.6354167014360428 140
1764922823357 0.5000000149011612 145
1764922875606 0.6562500298023224 150
1764922927349 0.6250000298023224 155
1764922978367 0.6666666865348816 160
1764923029662 0.6354166865348816 165
1764923081479 0.5520833432674408 170
