1764909900518 2.621866226196289 5
1764909948181 2.621866226196289 10
1764909995925 2.621866226196289 15
1764910043622 2.621866226196289 20
1764910091450 2.621866226196289 25
1764910139275 2.621866226196289 30
1764910187027 2.621866226196289 35
1764910234229 2.621866226196289 40
1764910282023 2.621866226196289 45
1764910329707 2.621866226196289 50
1764910377151 2.621866226196289 55
1764910425001 2.621866226196289 60
1764910472432 2.621866226196289 65
1764910520109 2.621866226196289 70
1764910568018 2.621866226196289 75
1764910615396 2.621866226196289 80
1764910663095 2.621866226196289 85
1764910711051 2.621866226196289 90
1764910758681 2.621866226196289 95
1764910806405 2.621866226196289 100
1764910854334 2.621866226196289 105
1764910902013 2.621866226196289 110
1764910949657 2.621866226196289 115
1764910997254 2.621866226196289 120
1764911044917 2.621866226196289 125
1764911092908 2.621866226196289 130
1764911140711 2.621866226196289 135
1764911188048 2.621866226196289 140
1764911235656 2.621866226196289 145
1764911283334 2.621866226196289 150
1764911331093 2.621866226196289 155
1764911378534 2.621866226196289 160
1764911425941 2.621866226196289 165
1764911473514 2.621866226196289 170
1764911521093 2.621866226196289 175
1764911568888 2.621866226196289 180
1764911616549 2.621866226196289 185
1764911664196 2.621866226196289 190
1764911711968 2.621866226196289 195
1764911759582 2.621866226196289 200
1764911807108 2.621866226196289 205
1764911854876 2.621866226196289 210
1764911902377 2.621866226196289 215
1764911949805 2.621866226196289 220
1764911997207 2.621866226196289 225
1764912044850 2.621866226196289 230
1764912092335 2.621866226196289 235
1764912139968 2.621866226196289 240
1764912187353 2.621866226196289 245
1764912234855 2.621866226196289 250
1764912281804 2.621866226196289 255
1764912329281 2.621866226196289 260
1764912376804 2.621866226196289 265
1764912424263 2.621866226196289 270
1764912471905 2.621866226196289 275
1764912519561 2.621866226196289 280
1764912567133 2.621866226196289 285
1764912614746 2.621866226196289 290
1764912662283 2.621866226196289 295
1764912709784 2.621866226196289 300
1764912757122 2.621866226196289 305
1764912804798 2.621866226196289 310
1764912852192 2.621866226196289 315
1764912899476 2.621866226196289 320
1764912947360 2.621866226196289 325
1764912995027 2.621866226196289 330
1764913042542 2.621866226196289 335
1764913090352 2.621866226196289 340
1764913137841 2.621866226196289 345
1764913185530 2.621866226196289 350
1764913233408 2.621866226196289 355
1764913280744 2.621866226196289 360
1764913328575 2.621866226196289 365
1764913376094 2.621866226196289 370
1764913423611 2.621866226196289 375
1764913471338 2.621866226196289 380
1764913518779 2.621866226196289 385
1764913566325 2.621866226196289 390
1764913614054 2.621866226196289 395
1764913661324 2.621866226196289 400
1764913709220 2.621866226196289 405
1764913757061 2.621866226196289 410
1764913804292 2.621866226196289 415
1764913873162 2.621866226196289 420
1764913921177 2.621866226196289 425
1764913969413 2.621866226196289 430
1764914017701 2.621866226196289 435
1764914066166 2.621866226196289 440
1764914114320 2.621866226196289 445
1764914161874 2.621866226196289 450
1764914209242 2.621866226196289 455
1764914256884 2.621866226196289 460
1764914304311 2.621866226196289 465
1764914351779 2.621866226196289 470
1764914399500 2.621866226196289 475
1764914447206 2.621866226196289 480
1764914494849 2.621866226196289 485
1764914542473 2.621866226196289 490
1764914590104 2.621866226196289 495
1764914637828 2.621866226196289 500
1764914685150 2.621866226196289 505
1764914732683 2.621866226196289 510
1764914780286 2.621866226196289 515
1764914827600 2.621866226196289 520
1764914875025 2.621866226196289 525
1764914922690 2.621866226196289 530
1764914970750 2.621866226196289 535
1764915018707 2.621866226196289 540
1764915065990 2.621866226196289 545
1764915113181 2.621866226196289 550
1764915160761 2.621866226196289 555
1764915208376 2.621866226196289 560
1764915256074 2.621866226196289 565
1764915303918 2.621866226196289 570
1764915351444 2.621866226196289 575
1764915399082 2.621866226196289 580
1764915447183 2.621866226196289 585
1764915495098 2.621866226196289 590
1764915542670 2.621866226196289 595
1764915589805 2.621866226196289 600
1764915637736 2.621866226196289 605
1764915685409 2.621866226196289 610
1764915733023 2.621866226196289 615
1764915780491 2.621866226196289 620
1764915828099 2.621866226196289 625
1764915875354 2.621866226196289 630
1764915922682 2.621866226196289 635
1764915970520 2.621866226196289 640
1764916018033 2.621866226196289 645
1764916065325 2.621866226196289 650
1764916112703 2.621866226196289 655
1764916160260 2.621866226196289 660
1764916207882 2.621866226196289 665
1764916255159 2.621866226196289 670
1764916302588 2.621866226196289 675
1764916349914 2.621866226196289 680
1764916397551 2.621866226196289 685
1764916444908 2.621866226196289 690
1764916492219 2.621866226196289 695
1764916539212 2.621866226196289 700
1764916586534 2.621866226196289 705
1764916634201 2.621866226196289 710
1764916681510 2.621866226196289 715
1764916728951 2.621866226196289 720
1764916776287 2.621866226196289 725
1764916823917 2.621866226196289 730
1764916870838 2.621866226196289 735
1764916918438 2.621866226196289 740
1764916965966 2.621866226196289 745
1764917013485 2.621866226196289 750
1764917060984 2.621866226196289 755
1764917108656 2.621866226196289 760
1764917156090 2.621866226196289 765
1764917203951 2.621866226196289 770
1764917251298 2.621866226196289 775
1764917298900 2.621866226196289 780
1764917346309 2.621866226196289 785
1764917393877 2.621866226196289 790
1764917441442 2.621866226196289 795
1764917488999 2.621866226196289 800
1764917536308 2.621866226196289 805
1764917583677 2.621866226196289 810
1764917631312 2.621866226196289 815
1764917678685 2.621866226196289 820
1764917726061 2.621866226196289 825
1764917773769 2.621866226196289 830
1764917842611 2.621866226196289 835
1764917890445 2.621866226196289 840
1764917938480 2.621866226196289 845
1764917986871 2.621866226196289 850
1764918035122 2.621866226196289 855
1764918083348 2.621866226196289 860
1764918130666 2.621866226196289 865
1764918177913 2.621866226196289 870
1764918225016 2.621866226196289 875
1764918272513 2.621866226196289 880
1764918320303 2.621866226196289 885
1764918367811 2.621866226196289 890
1764918415157 2.621866226196289 895
1764918463060 2.621866226196289 900
1764918510785 2.621866226196289 905
1764918558341 2.621866226196289 910
1764918605619 2.621866226196289 915
1764918653217 2.621866226196289 920
1764918700641 2.621866226196289 925
1764918748266 2.621866226196289 930
1764918795750 2.621866226196289 935
1764918842943 2.621866226196289 940
1764918890505 2.621866226196289 945
1764918937910 2.621866226196289 950
1764918985133 2.621866226196289 955
1764919032858 2.621866226196289 960
1764919080458 2.621866226196289 965
1764919128037 2.621866226196289 970
1764919175444 2.621866226196289 975
1764919222988 2.621866226196289 980
1764919270518 2.621866226196289 985
1764919317929 2.621866226196289 990
1764919365650 2.621866226196289 995
1764919413125 2.621866226196289 1000
1764919460895 2.621866226196289 1005
1764919508151 2.621866226196289 1010
1764919555736 2.621866226196289 1015
1764919603220 2.621866226196289 1020
1764919650846 2.621866226196289 1025
1764919698101 2.621866226196289 1030
1764919745288 2.621866226196289 1035
1764919792493 2.621866226196289 1040
1764919840054 2.621866226196289 1045
1764919887266 2.621866226196289 1050
1764919934651 2.621866226196289 1055
1764919982171 2.621866226196289 1060
1764920029668 2.621866226196289 1065
1764920077272 2.621866226196289 1070
1764920124769 2.621866226196289 1075
1764920172030 2.621866226196289 1080
1764920219581 2.621866226196289 1085
1764920267142 2.621866226196289 1090
1764920314348 2.621866226196289 1095
