1764421291066 9.922624111175537 5
1764421352432 9.922624111175537 10
1764421413708 9.922624111175537 15
1764421474858 9.922624111175537 20
1764421536102 9.922624111175537 25
1764421597259 9.922624111175537 30
1764421658473 9.922624111175537 35
1764421719655 9.922624111175537 40
1764421780963 9.922624111175537 45
1764421842303 9.922624111175537 50
1764421903703 9.922624111175537 55
1764421964874 9.922624111175537 60
1764422026135 9.922624111175537 65
1764422087417 9.922624111175537 70
1764422148705 9.922624111175537 75
1764422210148 9.922624111175537 80
1764422271339 9.922624111175537 85
1764422332666 9.922624111175537 90
1764422394077 9.922624111175537 95
1764422455472 9.922624111175537 100
