1764535366022 3.511913299560547 5
1764535427379 3.511913299560547 10
1764535488952 3.511913299560547 15
1764535550752 3.511913299560547 20
1764535611795 3.511913299560547 25
1764535672609 3.511913299560547 30
1764535733747 3.511913299560547 35
1764535794949 3.511913299560547 40
1764535856327 3.511913299560547 45
1764535917755 3.511913299560547 50
1764535979456 3.511913299560547 55
1764536041074 3.511913299560547 60
1764536102640 3.511913299560547 65
1764536164215 3.511913299560547 70
1764536225811 3.511913299560547 75
1764536287382 3.511913299560547 80
1764536348622 3.511913299560547 85
1764536409967 3.511913299560547 90
1764536471483 3.511913299560547 95
1764536532743 3.511913299560547 100
1764536593977 3.511913299560547 105
1764536655560 3.511913299560547 110
1764536717007 3.511913299560547 115
1764536778624 3.511913299560547 120
1764536839879 3.511913299560547 125
1764536926149 3.511913776397705 130
1764536987360 3.511913776397705 135
1764537049012 3.511913776397705 140
1764537110241 3.511913776397705 145
1764537172091 3.511913776397705 150
1764537234255 3.511913776397705 155
1764537295324 3.511913776397705 160
1764537356615 3.511913776397705 165
1764537417963 3.511913776397705 170
1764537479745 3.511913776397705 175
1764537541455 3.511913776397705 180
1764537602927 3.511913776397705 185
1764537664409 3.511913776397705 190
1764537726027 3.511913776397705 195
1764537787701 3.511913776397705 200
1764537848694 3.511913776397705 205
1764537910271 3.511913776397705 210
1764537971911 3.511913776397705 215
1764538033127 3.511913776397705 220
1764538094226 3.511913776397705 225
1764538156338 3.511913776397705 230
1764538218160 3.511913776397705 235
1764538279244 3.511913776397705 240
1764538340846 3.511913776397705 245
1764538402644 3.511913776397705 250
1764538488979 3.511913776397705 255
1764538550736 3.511913776397705 260
1764538612724 3.511913776397705 265
1764538674106 3.511913776397705 270
1764538735628 3.511913776397705 275
1764538796813 3.511913776397705 280
1764538857924 3.511913776397705 285
1764538918886 3.511913776397705 290
1764538980509 3.511913776397705 295
1764539042463 3.511913776397705 300
1764539104222 3.511913776397705 305
1764539165564 3.511913776397705 310
1764539227156 3.511913776397705 315
1764539288795 3.511913776397705 320
1764539349626 3.511913776397705 325
1764539410962 3.511913776397705 330
1764539473342 3.511913776397705 335
1764539534945 3.511913776397705 340
1764539596953 3.511913776397705 345
1764539658592 3.511913776397705 350
1764539719766 3.511913776397705 355
1764539780952 3.511913776397705 360
1764539842695 3.511913776397705 365
1764539903716 3.511913776397705 370
1764539964927 3.511913776397705 375
1764540051759 3.511913776397705 380
1764540113972 3.511913776397705 385
1764540175360 3.511913776397705 390
1764540236366 3.511913776397705 395
1764540298875 3.511913776397705 400
1764540360383 3.511913776397705 405
1764540422307 3.511913776397705 410
1764540483214 3.511913776397705 415
1764540544585 3.511913776397705 420
1764540606200 3.511913776397705 425
1764540668354 3.511913776397705 430
1764540729704 3.511913776397705 435
1764540791367 3.511913776397705 440
1764540853039 3.511913776397705 445
1764540915195 3.511913776397705 450
1764540976322 3.511913776397705 455
1764541038253 3.511913776397705 460
1764541099931 3.511913776397705 465
1764541161517 3.511913776397705 470
1764541222535 3.511913776397705 475
1764541284303 3.511913776397705 480
1764541345784 3.511913776397705 485
1764541407607 3.511913776397705 490
1764541468954 3.511913776397705 495
1764541530297 3.511913776397705 500
1764541616459 3.511913776397705 505
1764541678367 3.511913776397705 510
1764541739644 3.511913776397705 515
1764541800962 3.511913776397705 520
1764541862542 3.511913776397705 525
1764541923905 3.511913776397705 530
1764541985539 3.511913776397705 535
1764542047077 3.511913776397705 540
1764542108060 3.511913776397705 545
1764542170107 3.511913776397705 550
1764542231885 3.511913776397705 555
1764542293493 3.511913776397705 560
1764542355076 3.511913776397705 565
1764542416288 3.511913776397705 570
1764542477624 3.511913776397705 575
1764542540104 3.511913776397705 580
1764542601218 3.511913776397705 585
1764542662751 3.511913776397705 590
1764542724175 3.511913776397705 595
1764542786370 3.511913776397705 600
1764542847714 3.511913776397705 605
1764542909395 3.511913776397705 610
1764542971035 3.511913776397705 615
1764543032346 3.511913776397705 620
1764543094045 3.511913776397705 625
1764543180182 3.511913776397705 630
1764543242477 3.511913776397705 635
1764543304083 3.511913776397705 640
1764543365942 3.511913776397705 645
1764543427411 3.511913776397705 650
1764543489705 3.511913776397705 655
1764543551445 3.511913776397705 660
1764543612666 3.511913776397705 665
1764543674216 3.511913776397705 670
1764543735137 3.511913776397705 675
1764543797287 3.511913776397705 680
1764543858696 3.511913776397705 685
1764543920366 3.511913776397705 690
1764543981909 3.511913776397705 695
1764544043804 3.511913776397705 700
1764544105623 3.511913776397705 705
1764544167486 3.511913776397705 710
1764544228651 3.511913776397705 715
1764544290123 3.511913776397705 720
1764544351600 3.511913776397705 725
1764544413251 3.511913776397705 730
1764544475294 3.511913776397705 735
1764544536963 3.511913776397705 740
1764544598855 3.511913776397705 745
1764544660240 3.511913776397705 750
1764544745756 3.511913776397705 755
1764544807750 3.511913776397705 760
1764544869624 3.511913776397705 765
1764544931028 3.511913776397705 770
1764544992778 3.511913776397705 775
1764545054291 3.511913776397705 780
1764545115766 3.511913776397705 785
1764545177471 3.511913776397705 790
1764545238729 3.511913776397705 795
1764545300186 3.511913776397705 800
1764545361520 3.511913776397705 805
1764545423273 3.511913776397705 810
1764545484812 3.511913776397705 815
1764545546679 3.511913776397705 820
1764545608780 3.511913776397705 825
1764545670035 3.511913776397705 830
1764545731639 3.511913776397705 835
1764545792928 3.511913776397705 840
1764545854489 3.511913776397705 845
1764545915677 3.511913776397705 850
1764545977080 3.511913776397705 855
1764546038824 3.511913776397705 860
1764546100747 3.511913776397705 865
1764546162806 3.511913776397705 870
1764546224040 3.511913776397705 875
1764546310278 3.511913776397705 880
1764546371647 3.511913776397705 885
1764546433639 3.511913776397705 890
1764546495512 3.511913776397705 895
1764546557098 3.511913776397705 900
1764546618366 3.511913776397705 905
1764546679917 3.511913776397705 910
1764546741361 3.511913776397705 915
1764546802476 3.511913776397705 920
1764546864062 3.511913776397705 925
1764546925628 3.511913776397705 930
1764546986656 3.511913776397705 935
1764547048299 3.511913776397705 940
1764547109913 3.511913776397705 945
1764547170991 3.511913776397705 950
1764547232376 3.511913776397705 955
1764547293993 3.511913776397705 960
1764547355654 3.511913776397705 965
1764547416837 3.511913776397705 970
1764547478681 3.511913776397705 975
1764547539969 3.511913776397705 980
1764547601559 3.511913776397705 985
1764547663258 3.511913776397705 990
1764547724586 3.511913776397705 995
1764547810958 3.511913776397705 1000
1764547872247 3.511913776397705 1005
1764547933700 3.511913776397705 1010
1764547995250 3.511913776397705 1015
1764548056854 3.511913776397705 1020
1764548117994 3.511913776397705 1025
1764548179762 3.511913776397705 1030
1764548241311 3.511913776397705 1035
1764548302868 3.511913776397705 1040
1764548364179 3.511913776397705 1045
1764548425837 3.511913776397705 1050
1764548487189 3.511913776397705 1055
1764548548421 3.511913776397705 1060
1764548609420 3.511913776397705 1065
1764548671582 3.511913776397705 1070
1764548732947 3.511913776397705 1075
1764548794626 3.511913776397705 1080
1764548856481 3.511913776397705 1085
1764548917913 3.511913776397705 1090
1764548979475 3.511913776397705 1095
1764549041014 3.511913776397705 1100
1764549102555 3.511913776397705 1105
1764549164107 3.511913776397705 1110
1764549226083 3.511913776397705 1115
1764549287148 3.511913776397705 1120
1764549347859 3.511913776397705 1125
1764549434607 3.511913776397705 1130
1764549496589 3.511913776397705 1135
1764549558194 3.511913776397705 1140
1764549620124 3.511913776397705 1145
1764549681527 3.511913776397705 1150
1764549743100 3.511913776397705 1155
1764549804628 3.511913776397705 1160
1764549866653 3.511913776397705 1165
1764549927777 3.511913776397705 1170
1764549989385 3.511913776397705 1175
1764550051264 3.511913776397705 1180
1764550112880 3.511913776397705 1185
1764550174258 3.511913776397705 1190
1764550235884 3.511913776397705 1195
1764550297320 3.511913776397705 1200
1764550358713 3.511913776397705 1205
1764550419768 3.511913776397705 1210
1764550481607 3.511913776397705 1215
1764550543068 3.511913776397705 1220
1764550604022 3.511913776397705 1225
1764550665233 3.511913776397705 1230
1764550726481 3.511913776397705 1235
1764550788012 3.511913776397705 1240
1764550849357 3.511913776397705 1245
1764550935374 3.511913776397705 1250
