1764183262819 0.513671875 1
1764183273967 0.5146484375 2
1764183284720 0.5087890625 3
1764183295513 0.50146484375 4
1764183306300 0.5205078125 5
1764183317127 0.517578125 6
1764183327974 0.49755859375 7
1764183338798 0.5068359375 8
1764183349595 0.50732421875 9
1764183360408 0.5107421875 10
1764183371209 0.5283203125 11
1764183382005 0.5244140625 12
1764183392792 0.5224609375 13
1764183403618 0.5166015625 14
1764183414396 0.5283203125 15
1764183425177 0.51904296875 16
1764183435976 0.5224609375 17
1764183446838 0.5361328125 18
1764183457615 0.517578125 19
1764183468500 0.5400390625 20
1764183479246 0.5341796875 21
1764183490018 0.5087890625 22
1764183500768 0.5224609375 23
1764183511529 0.5380859375 24
1764183522279 0.5283203125 25
1764183533051 0.5341796875 26
1764183543802 0.51025390625 27
1764183554580 0.541015625 28
1764183565310 0.5361328125 29
1764183576023 0.5341796875 30
1764183586763 0.49853515625 31
1764183597514 0.5244140625 32
1764183608254 0.5234375 33
1764183618975 0.5107421875 34
1764183629710 0.50537109375 35
1764183640477 0.5244140625 36
1764183651227 0.5126953125 37
1764183661967 0.515625 38
1764183672691 0.5205078125 39
1764183683394 0.50830078125 40
1764183694136 0.50048828125 41
1764183704848 0.51171875 42
1764183715575 0.515625 43
1764183726333 0.5087890625 44
1764183737075 0.51171875 45
1764183747852 0.50390625 46
1764183758567 0.521484375 47
1764183769332 0.53125 48
1764183780037 0.513671875 49
1764183790751 0.53125 50
1764183801509 0.5244140625 51
1764183812279 0.529296875 52
1764183823019 0.5234375 53
1764183833736 0.5224609375 54
1764183844447 0.5107421875 55
1764183855169 0.51123046875 56
1764183865909 0.51708984375 57
1764183876613 0.5048828125 58
1764183887428 0.5146484375 59
1764183898217 0.505859375 60
1764183908915 0.5234375 61
1764183919628 0.5126953125 62
1764183930322 0.50048828125 63
1764183941093 0.50244140625 64
1764183951802 0.5126953125 65
1764183962535 0.5107421875 66
1764183973231 0.5283203125 67
1764183984000 0.5244140625 68
1764183994704 0.5419921875 69
1764184005428 0.52783203125 70
1764184016129 0.54296875 71
1764184026829 0.5224609375 72
1764184037574 0.53515625 73
1764184048306 0.515625 74
1764184059040 0.5107421875 75
1764184069736 0.5048828125 76
1764184080461 0.49658203125 77
1764184091184 0.4873046875 78
1764184101896 0.49462890625 79
1764184112649 0.5126953125 80
1764184123344 0.48681640625 81
1764184134129 0.5205078125 82
1764184144898 0.5146484375 83
1764184155617 0.5322265625 84
1764184166351 0.537109375 85
1764184177115 0.546875 86
1764184187815 0.5478515625 87
1764184198577 0.55078125 88
1764184209263 0.55078125 89
1764184220006 0.525390625 90
1764184230691 0.5087890625 91
1764184241415 0.51123046875 92
1764184252136 0.51220703125 93
1764184262880 0.50927734375 94
1764184273645 0.49169921875 95
1764184284387 0.49560546875 96
1764184295182 0.49365234375 97
1764184305926 0.4990234375 98
1764184316747 0.50537109375 99
1764184327446 0.51220703125 100
1764184338148 0.5302734375 101
1764184348871 0.5439453125 102
1764184359605 0.548828125 103
1764184370347 0.5439453125 104
1764184381060 0.529296875 105
1764184391799 0.5185546875 106
1764184402558 0.513671875 107
1764184413285 0.49755859375 108
1764184424019 0.49169921875 109
1764184434711 0.505859375 110
1764184445445 0.50830078125 111
1764184456156 0.505859375 112
1764184466842 0.505859375 113
1764184477550 0.494140625 114
1764184488254 0.5205078125 115
1764184498953 0.498046875 116
1764184509664 0.49951171875 117
1764184520373 0.5087890625 118
1764184531107 0.50927734375 119
1764184541824 0.51953125 120
1764184552550 0.5341796875 121
1764184563289 0.52587890625 122
1764184574025 0.5244140625 123
1764184584788 0.5439453125 124
1764184595499 0.5078125 125
1764184606228 0.517578125 126
1764184616922 0.498046875 127
1764184627656 0.4873046875 128
1764184638337 0.474609375 129
1764184649093 0.490234375 130
1764184659771 0.501953125 131
1764184670535 0.5146484375 132
1764184681266 0.515625 133
1764184692007 0.53515625 134
1764184702739 0.5341796875 135
1764184713447 0.53125 136
1764184724168 0.5283203125 137
1764184735016 0.513671875 138
1764184745817 0.50634765625 139
1764184756537 0.50341796875 140
1764184767283 0.4970703125 141
1764184778013 0.50634765625 142
1764184788739 0.509765625 143
1764184799435 0.5107421875 144
1764184810136 0.5166015625 145
1764184820833 0.50830078125 146
1764184831527 0.525390625 147
1764184842246 0.53515625 148
1764184853005 0.5341796875 149
1764184863744 0.517578125 150
1764184874444 0.51806640625 151
1764184885183 0.51513671875 152
1764184895903 0.5166015625 153
1764184906645 0.4853515625 154
1764184917343 0.484375 155
1764184928079 0.51953125 156
1764184938799 0.5166015625 157
1764184949553 0.5341796875 158
1764184960348 0.529296875 159
1764184971029 0.5380859375 160
1764184981744 0.5224609375 161
1764184992467 0.52734375 162
1764185003218 0.5 163
1764185013943 0.50439453125 164
1764185024666 0.50341796875 165
1764185035384 0.50830078125 166
1764185046118 0.51953125 167
1764185056859 0.517578125 168
1764185067522 0.51806640625 169
1764185078224 0.52001953125 170
1764185088915 0.525390625 171
1764185099628 0.5400390625 172
1764185110361 0.5166015625 173
1764185121093 0.51171875 174
1764185131790 0.51171875 175
1764185142632 0.51953125 176
1764185153370 0.51611328125 177
1764185164111 0.50927734375 178
1764185174825 0.529296875 179
1764185185521 0.521484375 180
1764185196245 0.5380859375 181
1764185206975 0.5146484375 182
1764185217673 0.4990234375 183
1764185228459 0.51318359375 184
1764185239188 0.50634765625 185
1764185249883 0.50927734375 186
1764185260616 0.521484375 187
1764185271436 0.5478515625 188
1764185282151 0.541015625 189
1764185292855 0.548828125 190
1764185303622 0.5302734375 191
1764185314387 0.50244140625 192
1764185325106 0.48876953125 193
1764185335859 0.50390625 194
1764185346571 0.4853515625 195
1764185388009 0.5009765625 196
1764185398699 0.5234375 197
1764185409398 0.5458984375 198
1764185420111 0.53515625 199
1764185430861 0.5458984375 200
1764185441589 0.55078125 201
1764185452322 0.541015625 202
1764185463070 0.5244140625 203
1764185473822 0.517578125 204
1764185484527 0.48779296875 205
1764185495257 0.48779296875 206
1764185506055 0.48486328125 207
1764185516797 0.482421875 208
1764185527563 0.49169921875 209
1764185538364 0.51806640625 210
1764185549114 0.52294921875 211
1764185559837 0.5546875 212
1764185570564 0.544921875 213
1764185581310 0.564453125 214
1764185592038 0.5576171875 215
1764185602883 0.55078125 216
1764185613788 0.52490234375 217
1764185624541 0.517578125 218
1764185635286 0.49658203125 219
1764185646051 0.490234375 220
1764185656760 0.47705078125 221
1764185667523 0.47265625 222
1764185678277 0.49755859375 223
1764185689004 0.51171875 224
1764185699731 0.52197265625 225
1764185710460 0.552734375 226
1764185721195 0.53515625 227
1764185731917 0.5546875 228
1764185742688 0.548828125 229
1764185753404 0.541015625 230
1764185764175 0.5302734375 231
1764185774875 0.5146484375 232
1764185785589 0.5029296875 233
1764185796326 0.5068359375 234
1764185807043 0.5166015625 235
1764185817760 0.513671875 236
1764185828506 0.515625 237
1764185839229 0.5078125 238
1764185849935 0.5302734375 239
1764185860711 0.53515625 240
1764185871420 0.5283203125 241
1764185882144 0.52734375 242
1764185892933 0.5439453125 243
1764185903676 0.5361328125 244
1764185914434 0.5224609375 245
1764185925219 0.51416015625 246
1764185935959 0.4951171875 247
1764185946751 0.505859375 248
1764185957486 0.509765625 249
1764185968204 0.51171875 250
1764185978944 0.5068359375 251
1764185989666 0.5078125 252
1764186000392 0.517578125 253
1764186011115 0.51220703125 254
1764186021830 0.5302734375 255
1764186032588 0.5400390625 256
1764186043410 0.5419921875 257
1764186054155 0.5537109375 258
1764186064866 0.5244140625 259
1764186075601 0.521484375 260
1764186086302 0.49072265625 261
1764186097049 0.494140625 262
1764186107807 0.49462890625 263
1764186118564 0.49658203125 264
1764186129293 0.50244140625 265
1764186140061 0.521484375 266
1764186150817 0.5380859375 267
1764186161520 0.5498046875 268
1764186172261 0.5419921875 269
1764186182976 0.5439453125 270
1764186193696 0.533203125 271
1764186204410 0.5234375 272
1764186215137 0.5166015625 273
1764186225901 0.5029296875 274
1764186236611 0.4951171875 275
1764186247332 0.47998046875 276
1764186258049 0.48095703125 277
1764186268764 0.5166015625 278
1764186279501 0.544921875 279
1764186290224 0.55078125 280
1764186300965 0.5478515625 281
1764186311737 0.5361328125 282
1764186322422 0.5703125 283
1764186333159 0.541015625 284
1764186343920 0.50830078125 285
1764186354663 0.50830078125 286
1764186365379 0.498046875 287
1764186376101 0.4912109375 288
1764186386798 0.498046875 289
1764186397531 0.50732421875 290
1764186408255 0.5361328125 291
1764186419009 0.5478515625 292
1764186429761 0.552734375 293
1764186440465 0.5439453125 294
1764186451211 0.5380859375 295
1764186461984 0.533203125 296
1764186472817 0.5390625 297
1764186483557 0.49853515625 298
1764186494290 0.5078125 299
1764186505049 0.5205078125 300
1764186515799 0.5322265625 301
1764186526502 0.52734375 302
1764186537260 0.51953125 303
1764186548009 0.5283203125 304
1764186558777 0.53125 305
1764186569506 0.521484375 306
1764186580259 0.53515625 307
1764186591003 0.525390625 308
1764186601744 0.5263671875 309
1764186612484 0.50830078125 310
1764186623311 0.529296875 311
1764186634056 0.5078125 312
1764186644790 0.5205078125 313
1764186655527 0.51953125 314
1764186666228 0.50537109375 315
1764186676939 0.5234375 316
1764186687670 0.5185546875 317
1764186698386 0.53515625 318
1764186709112 0.53515625 319
1764186719851 0.5380859375 320
1764186730603 0.52734375 321
1764186741366 0.5361328125 322
1764186752126 0.50390625 323
1764186762877 0.50830078125 324
1764186773594 0.4736328125 325
1764186784287 0.49169921875 326
1764186795013 0.52490234375 327
1764186805732 0.5185546875 328
1764186816458 0.5537109375 329
1764186827181 0.55078125 330
1764186837902 0.5771484375 331
1764186848635 0.5615234375 332
1764186859319 0.552734375 333
1764186870159 0.548828125 334
1764186880914 0.51513671875 335
1764186891674 0.49560546875 336
1764186902395 0.48779296875 337
1764186913158 0.46875 338
1764186923977 0.48876953125 339
1764186934718 0.48974609375 340
1764186945435 0.50048828125 341
1764186956206 0.5244140625 342
1764186966951 0.5498046875 343
1764186977711 0.556640625 344
1764186988444 0.56640625 345
1764186999182 0.5517578125 346
1764187009908 0.53515625 347
1764187020642 0.537109375 348
1764187031364 0.541015625 349
1764187042094 0.486328125 350
1764187052844 0.5205078125 351
1764187063575 0.50732421875 352
1764187074303 0.5146484375 353
1764187085044 0.521484375 354
1764187095821 0.51953125 355
1764187106554 0.521484375 356
1764187117276 0.541015625 357
1764187128029 0.5234375 358
1764187138787 0.51953125 359
1764187149543 0.51025390625 360
1764187160271 0.505859375 361
1764187170994 0.5322265625 362
1764187181708 0.5283203125 363
1764187192424 0.5322265625 364
1764187203143 0.556640625 365
1764187213905 0.5546875 366
1764187224639 0.55078125 367
1764187235344 0.5263671875 368
1764187246117 0.5244140625 369
1764187256835 0.5302734375 370
1764187267572 0.49755859375 371
1764187278288 0.48388671875 372
1764187289008 0.49609375 373
1764187299811 0.48681640625 374
1764187310596 0.494140625 375
1764187321367 0.49462890625 376
1764187332093 0.5458984375 377
1764187342811 0.5439453125 378
1764187353518 0.5498046875 379
1764187364222 0.5439453125 380
1764187374924 0.564453125 381
1764187385657 0.5390625 382
1764187396357 0.5361328125 383
1764187407059 0.51220703125 384
1764187417745 0.5166015625 385
1764187428475 0.51953125 386
1764187439182 0.50341796875 387
1764187449922 0.5107421875 388
1764187460642 0.51318359375 389
1764187471343 0.5126953125 390
1764187512791 0.52392578125 391
1764187523481 0.533203125 392
1764187534170 0.5380859375 393
1764187544868 0.5458984375 394
1764187555600 0.537109375 395
1764187566355 0.533203125 396
1764187577087 0.537109375 397
1764187587871 0.5302734375 398
1764187598608 0.5166015625 399
1764187609319 0.5126953125 400
1764187620047 0.5048828125 401
1764187630804 0.51953125 402
1764187641527 0.5361328125 403
1764187652317 0.49951171875 404
1764187663053 0.515625 405
1764187673779 0.52734375 406
1764187684568 0.515625 407
1764187695274 0.51513671875 408
1764187705995 0.5341796875 409
1764187716727 0.5517578125 410
1764187727482 0.568359375 411
1764187738199 0.556640625 412
1764187748980 0.5732421875 413
1764187759692 0.568359375 414
1764187770531 0.52490234375 415
1764187781233 0.5224609375 416
1764187791944 0.52001953125 417
1764187802669 0.48876953125 418
1764187813391 0.48583984375 419
1764187824108 0.49169921875 420
1764187834810 0.50390625 421
1764187845551 0.544921875 422
1764187856288 0.533203125 423
1764187867084 0.5537109375 424
1764187877829 0.5595703125 425
1764187888544 0.537109375 426
1764187899246 0.560546875 427
1764187909932 0.544921875 428
1764187920651 0.5263671875 429
1764187931366 0.52392578125 430
1764187942076 0.52734375 431
1764187952809 0.521484375 432
1764187963529 0.490234375 433
1764187974252 0.50048828125 434
1764187985005 0.494140625 435
1764187995719 0.52099609375 436
1764188006387 0.5341796875 437
1764188017159 0.5361328125 438
1764188027883 0.552734375 439
1764188038588 0.5458984375 440
1764188049302 0.5517578125 441
1764188060036 0.552734375 442
1764188070749 0.548828125 443
1764188081517 0.5126953125 444
1764188092253 0.5302734375 445
1764188103017 0.5107421875 446
1764188113725 0.5078125 447
1764188124488 0.52490234375 448
1764188135213 0.525390625 449
1764188145952 0.54296875 450
1764188156714 0.5595703125 451
1764188167468 0.552734375 452
1764188178230 0.55078125 453
1764188189022 0.541015625 454
1764188199872 0.564453125 455
1764188210601 0.5283203125 456
1764188221340 0.50927734375 457
1764188232084 0.484375 458
1764188242788 0.51708984375 459
1764188253505 0.49462890625 460
1764188264254 0.51025390625 461
1764188274995 0.525390625 462
1764188285758 0.517578125 463
1764188296480 0.5361328125 464
1764188307212 0.51806640625 465
1764188317941 0.5419921875 466
1764188328672 0.53125 467
1764188339387 0.521484375 468
1764188350105 0.5458984375 469
1764188360863 0.544921875 470
1764188371606 0.5341796875 471
1764188382331 0.5302734375 472
1764188393050 0.50732421875 473
1764188403804 0.50927734375 474
1764188414527 0.50048828125 475
1764188425259 0.5029296875 476
1764188435979 0.52587890625 477
1764188446717 0.51708984375 478
1764188457452 0.544921875 479
1764188468180 0.5498046875 480
1764188478901 0.583984375 481
1764188489620 0.5576171875 482
1764188500362 0.5615234375 483
1764188511095 0.5498046875 484
1764188521824 0.53369140625 485
1764188532558 0.49267578125 486
1764188543296 0.5244140625 487
1764188554023 0.49853515625 488
1764188564791 0.5166015625 489
1764188575560 0.5166015625 490
1764188586270 0.5546875 491
1764188597148 0.556640625 492
1764188607874 0.5556640625 493
1764188618647 0.5869140625 494
1764188629425 0.5693359375 495
1764188640157 0.5751953125 496
1764188650885 0.5634765625 497
1764188661696 0.5537109375 498
1764188672425 0.5224609375 499
1764188683188 0.5 500
1764188694003 0.4853515625 501
1764188704689 0.52734375 502
1764188715405 0.5126953125 503
1764188726218 0.52734375 504
1764188736995 0.529296875 505
1764188747737 0.5400390625 506
1764188758456 0.5380859375 507
1764188769162 0.5302734375 508
1764188779879 0.5322265625 509
1764188790613 0.5576171875 510
1764188801351 0.5546875 511
1764188812070 0.5537109375 512
1764188822801 0.5400390625 513
1764188833539 0.546875 514
1764188844298 0.52490234375 515
1764188855028 0.5244140625 516
1764188865735 0.556640625 517
1764188876473 0.5625 518
1764188887177 0.5439453125 519
1764188897920 0.5498046875 520
1764188908656 0.544921875 521
1764188919368 0.52001953125 522
1764188930079 0.517578125 523
1764188940816 0.51220703125 524
1764188951502 0.517578125 525
1764188962204 0.4921875 526
1764188972922 0.5146484375 527
1764188983619 0.494140625 528
1764188994307 0.50927734375 529
1764189005042 0.5595703125 530
1764189015756 0.5849609375 531
1764189026529 0.5546875 532
1764189037267 0.5634765625 533
1764189048050 0.564453125 534
1764189058808 0.564453125 535
1764189069493 0.5732421875 536
1764189080297 0.51416015625 537
1764189091029 0.51171875 538
1764189101765 0.5087890625 539
1764189112493 0.49462890625 540
1764189123211 0.5146484375 541
1764189133930 0.4912109375 542
1764189144676 0.49560546875 543
1764189155425 0.5361328125 544
1764189166166 0.5400390625 545
1764189176863 0.55078125 546
1764189187575 0.5478515625 547
1764189198302 0.5478515625 548
1764189209038 0.552734375 549
1764189219795 0.54296875 550
1764189230495 0.5439453125 551
1764189241247 0.52734375 552
1764189251996 0.52685546875 553
1764189262733 0.515625 554
1764189273444 0.5283203125 555
1764189284223 0.52197265625 556
1764189294980 0.5234375 557
1764189305730 0.5234375 558
1764189316456 0.533203125 559
1764189327173 0.537109375 560
1764189337895 0.5546875 561
1764189348628 0.54296875 562
1764189359342 0.533203125 563
1764189370051 0.53125 564
1764189380788 0.533203125 565
1764189391472 0.51953125 566
1764189402173 0.5341796875 567
1764189412947 0.51318359375 568
1764189423687 0.517578125 569
1764189434402 0.5283203125 570
1764189445137 0.5322265625 571
1764189455914 0.5439453125 572
1764189466610 0.546875 573
1764189477314 0.548828125 574
1764189488131 0.568359375 575
1764189498826 0.5322265625 576
1764189509563 0.52197265625 577
1764189520245 0.541015625 578
1764189530983 0.546875 579
1764189541667 0.5263671875 580
1764189552408 0.52099609375 581
1764189563121 0.521484375 582
1764189573841 0.5419921875 583
1764189584556 0.548828125 584
1764189595251 0.544921875 585
1764189636667 0.56640625 586
1764189647353 0.572265625 587
1764189658067 0.53125 588
1764189668787 0.55078125 589
1764189679534 0.5390625 590
1764189690246 0.5283203125 591
1764189700947 0.5390625 592
1764189711645 0.5302734375 593
1764189722369 0.529296875 594
1764189733098 0.5576171875 595
1764189743823 0.55859375 596
1764189754543 0.5703125 597
1764189765258 0.5634765625 598
1764189775982 0.5224609375 599
1764189786702 0.50146484375 600
1764189797436 0.529296875 601
1764189808135 0.501953125 602
1764189818863 0.54931640625 603
1764189829613 0.52978515625 604
1764189840327 0.53515625 605
1764189851062 0.55078125 606
1764189861863 0.546875 607
1764189872546 0.5654296875 608
1764189883348 0.5400390625 609
1764189894087 0.548828125 610
1764189904917 0.572265625 611
1764189915633 0.5234375 612
1764189926366 0.5302734375 613
1764189937058 0.5263671875 614
1764189947814 0.521484375 615
1764189958544 0.50830078125 616
1764189969228 0.5224609375 617
1764189979984 0.5419921875 618
1764189990728 0.5654296875 619
1764190001424 0.5595703125 620
1764190012192 0.5595703125 621
1764190022906 0.5341796875 622
1764190033699 0.5703125 623
1764190044423 0.5322265625 624
1764190055159 0.53173828125 625
1764190065868 0.541015625 626
1764190076568 0.51171875 627
1764190087237 0.537109375 628
1764190097956 0.52978515625 629
1764190108712 0.5244140625 630
1764190119467 0.52490234375 631
1764190130203 0.5322265625 632
1764190140918 0.529296875 633
1764190151616 0.5810546875 634
1764190162349 0.568359375 635
1764190173080 0.591796875 636
1764190183780 0.5537109375 637
1764190194478 0.576171875 638
1764190205211 0.533203125 639
1764190215963 0.54296875 640
1764190226669 0.5810546875 641
1764190237386 0.5361328125 642
1764190248099 0.5126953125 643
1764190258802 0.4912109375 644
1764190269507 0.5 645
1764190280232 0.494140625 646
1764190290951 0.52197265625 647
1764190301684 0.5439453125 648
1764190312505 0.580078125 649
1764190323200 0.5908203125 650
1764190334023 0.5390625 651
1764190344729 0.5634765625 652
1764190355471 0.5458984375 653
1764190366186 0.5439453125 654
1764190376968 0.5380859375 655
1764190387724 0.544921875 656
1764190398532 0.52880859375 657
1764190409301 0.5546875 658
1764190420071 0.5361328125 659
1764190430824 0.5263671875 660
1764190441578 0.5185546875 661
1764190452319 0.533203125 662
1764190463073 0.5576171875 663
1764190473832 0.5341796875 664
1764190484548 0.5263671875 665
1764190495264 0.5576171875 666
1764190505982 0.5380859375 667
1764190516725 0.5439453125 668
1764190527423 0.52734375 669
1764190538120 0.5703125 670
1764190548845 0.5341796875 671
1764190559613 0.529296875 672
1764190570336 0.572265625 673
1764190581072 0.5380859375 674
1764190591783 0.5048828125 675
1764190602511 0.5537109375 676
1764190613224 0.5166015625 677
1764190623958 0.537109375 678
1764190634692 0.53173828125 679
1764190645488 0.53271484375 680
1764190656158 0.5419921875 681
1764190666863 0.5439453125 682
1764190677624 0.552734375 683
1764190688393 0.556640625 684
1764190699081 0.544921875 685
1764190709817 0.546875 686
1764190720534 0.552734375 687
1764190731392 0.53369140625 688
1764190742065 0.544921875 689
1764190752819 0.5322265625 690
1764190763550 0.505859375 691
1764190774280 0.5361328125 692
1764190785055 0.5302734375 693
1764190795784 0.51953125 694
1764190806508 0.5087890625 695
1764190817233 0.5234375 696
1764190828008 0.5615234375 697
1764190838735 0.537109375 698
1764190849481 0.556640625 699
1764190860193 0.5302734375 700
1764190870937 0.5771484375 701
1764190881724 0.5771484375 702
1764190892456 0.5732421875 703
1764190903144 0.5419921875 704
1764190913857 0.5478515625 705
1764190924582 0.5498046875 706
1764190935289 0.515625 707
1764190946040 0.5478515625 708
1764190956787 0.51171875 709
1764190967503 0.50048828125 710
1764190978274 0.5341796875 711
1764190989012 0.5205078125 712
1764190999777 0.5185546875 713
1764191010484 0.5400390625 714
1764191021200 0.5595703125 715
1764191031902 0.548828125 716
1764191042622 0.55859375 717
1764191053339 0.568359375 718
1764191064027 0.564453125 719
1764191074721 0.59375 720
1764191085494 0.56640625 721
1764191096223 0.5771484375 722
1764191106968 0.5654296875 723
1764191117728 0.5517578125 724
1764191128447 0.5205078125 725
1764191139175 0.50244140625 726
1764191149896 0.50732421875 727
1764191160674 0.50439453125 728
1764191171392 0.478515625 729
1764191182116 0.5224609375 730
1764191192855 0.5224609375 731
1764191203562 0.5400390625 732
1764191214312 0.5615234375 733
1764191225019 0.599609375 734
1764191235762 0.578125 735
1764191246495 0.5732421875 736
1764191257217 0.5732421875 737
1764191267950 0.58203125 738
1764191278705 0.5498046875 739
1764191289418 0.5712890625 740
1764191300140 0.5849609375 741
1764191310862 0.5419921875 742
1764191321564 0.50732421875 743
1764191332270 0.515625 744
1764191342976 0.51953125 745
1764191353704 0.49072265625 746
1764191364429 0.5146484375 747
1764191375136 0.552734375 748
1764191385889 0.5244140625 749
1764191396582 0.5419921875 750
1764191407288 0.5615234375 751
1764191418022 0.552734375 752
1764191428782 0.5703125 753
1764191439525 0.568359375 754
1764191450216 0.5498046875 755
1764191460945 0.5283203125 756
1764191471654 0.552734375 757
1764191482350 0.52001953125 758
1764191493050 0.5390625 759
1764191503817 0.5234375 760
1764191514567 0.5205078125 761
1764191525275 0.5068359375 762
1764191535985 0.5146484375 763
1764191546701 0.5517578125 764
1764191557457 0.572265625 765
1764191568175 0.5380859375 766
1764191578929 0.5498046875 767
1764191589753 0.5517578125 768
1764191600460 0.5517578125 769
1764191611194 0.5458984375 770
1764191622008 0.525390625 771
1764191632712 0.5498046875 772
1764191643441 0.5703125 773
1764191654182 0.544921875 774
1764191664963 0.537109375 775
1764191675709 0.541015625 776
1764191686411 0.5439453125 777
1764191697136 0.52587890625 778
1764191707909 0.52294921875 779
1764191718683 0.5263671875 780
1764191729435 0.513671875 781
1764191753442 0.5537109375 782
1764191764198 0.560546875 783
1764191774950 0.5712890625 784
1764191785696 0.5625 785
1764191796449 0.5537109375 786
1764191807212 0.5654296875 787
1764191817907 0.55224609375 788
1764191828636 0.55078125 789
1764191839363 0.5693359375 790
1764191850091 0.53125 791
1764191860794 0.5419921875 792
1764191871547 0.5712890625 793
1764191882251 0.53515625 794
1764191892964 0.5458984375 795
1764191903676 0.55859375 796
1764191914393 0.548828125 797
1764191925119 0.5390625 798
1764191935838 0.5517578125 799
1764191946605 0.544921875 800
1764191957304 0.51806640625 801
1764191968090 0.5302734375 802
1764191978820 0.50927734375 803
1764191989559 0.5380859375 804
1764192000335 0.537109375 805
1764192011060 0.5634765625 806
1764192021792 0.56640625 807
1764192032532 0.568359375 808
1764192043248 0.5419921875 809
1764192053972 0.576171875 810
1764192064681 0.560546875 811
1764192075388 0.5908203125 812
1764192086103 0.572265625 813
1764192096877 0.55859375 814
1764192107561 0.5419921875 815
1764192118289 0.5576171875 816
1764192129043 0.548828125 817
1764192139783 0.52001953125 818
1764192150507 0.5419921875 819
1764192161212 0.5673828125 820
1764192171999 0.5693359375 821
1764192182715 0.5458984375 822
1764192193428 0.568359375 823
1764192204209 0.57421875 824
1764192215015 0.5830078125 825
1764192225748 0.556640625 826
1764192236451 0.564453125 827
1764192247190 0.5830078125 828
1764192257886 0.5419921875 829
1764192268602 0.5400390625 830
1764192279358 0.5107421875 831
1764192290084 0.537109375 832
1764192300817 0.51806640625 833
1764192311564 0.5244140625 834
1764192322289 0.509765625 835
1764192333032 0.54296875 836
1764192343749 0.55078125 837
1764192354419 0.552734375 838
1764192365139 0.5546875 839
1764192375829 0.57421875 840
1764192386572 0.556640625 841
1764192397312 0.5810546875 842
1764192408041 0.5400390625 843
1764192418795 0.5458984375 844
1764192429489 0.5556640625 845
1764192440222 0.5478515625 846
1764192451075 0.5634765625 847
1764192461812 0.53857421875 848
1764192472530 0.54296875 849
1764192483241 0.5263671875 850
1764192493987 0.5341796875 851
1764192504751 0.5732421875 852
1764192515450 0.53662109375 853
1764192526152 0.5380859375 854
1764192536926 0.5712890625 855
1764192547668 0.5556640625 856
1764192558382 0.556640625 857
1764192569156 0.578125 858
1764192579877 0.556640625 859
1764192590594 0.552734375 860
1764192601312 0.5625 861
1764192612057 0.55078125 862
1764192622818 0.5634765625 863
1764192633520 0.5595703125 864
1764192644238 0.546875 865
1764192654977 0.55859375 866
1764192665723 0.560546875 867
1764192676470 0.576171875 868
1764192687225 0.5498046875 869
1764192697908 0.5341796875 870
1764192708621 0.5751953125 871
1764192719375 0.5390625 872
1764192730081 0.56298828125 873
1764192740805 0.5712890625 874
1764192751492 0.548828125 875
1764192762208 0.52294921875 876
1764192772905 0.5244140625 877
1764192783660 0.52392578125 878
1764192794409 0.5693359375 879
1764192805146 0.51904296875 880
1764192815868 0.537109375 881
1764192826618 0.572265625 882
1764192837330 0.5576171875 883
1764192848192 0.5859375 884
1764192858901 0.5830078125 885
1764192869648 0.5556640625 886
1764192880347 0.572265625 887
1764192891044 0.5556640625 888
1764192901804 0.5625 889
1764192912519 0.58203125 890
1764192923256 0.580078125 891
1764192933987 0.5263671875 892
1764192944682 0.52099609375 893
1764192955435 0.5810546875 894
1764192966135 0.5439453125 895
1764192976856 0.53369140625 896
1764192987589 0.5537109375 897
1764192998304 0.525390625 898
1764193009014 0.546875 899
1764193019743 0.52734375 900
1764193030524 0.51220703125 901
1764193041254 0.546875 902
1764193052000 0.5419921875 903
1764193062766 0.541015625 904
1764193073499 0.5478515625 905
1764193084186 0.544921875 906
1764193094910 0.55908203125 907
1764193105643 0.57421875 908
1764193116354 0.5859375 909
1764193127077 0.5537109375 910
1764193137808 0.5517578125 911
1764193148533 0.5458984375 912
1764193159277 0.5517578125 913
1764193169967 0.52880859375 914
1764193180679 0.5693359375 915
1764193191448 0.5595703125 916
1764193202210 0.5703125 917
1764193212904 0.50341796875 918
1764193223622 0.5390625 919
1764193234336 0.5478515625 920
1764193245142 0.546875 921
1764193255879 0.5302734375 922
1764193266593 0.53515625 923
1764193277397 0.52490234375 924
1764193288156 0.53515625 925
1764193298850 0.537109375 926
1764193309579 0.5712890625 927
1764193320301 0.5751953125 928
1764193331015 0.56640625 929
1764193341730 0.5595703125 930
1764193352435 0.556640625 931
1764193363162 0.5712890625 932
1764193373920 0.59375 933
1764193384632 0.5712890625 934
1764193395374 0.55859375 935
1764193406100 0.5771484375 936
1764193416859 0.529296875 937
1764193427596 0.5419921875 938
1764193438334 0.525390625 939
1764193449074 0.5498046875 940
1764193459886 0.533203125 941
1764193470607 0.53125 942
1764193481334 0.5234375 943
1764193492052 0.521484375 944
1764193502755 0.529296875 945
1764193513448 0.51904296875 946
1764193524173 0.5263671875 947
1764193534882 0.541015625 948
1764193545629 0.5458984375 949
1764193556348 0.5888671875 950
1764193567041 0.5537109375 951
1764193577764 0.580078125 952
1764193588508 0.55859375 953
1764193599197 0.57421875 954
1764193609949 0.5380859375 955
1764193620692 0.556640625 956
1764193631440 0.537109375 957
1764193642183 0.564453125 958
1764193652934 0.548828125 959
1764193663645 0.5732421875 960
1764193674348 0.5478515625 961
1764193685041 0.552734375 962
1764193695753 0.5703125 963
1764193706524 0.578125 964
1764193717201 0.578125 965
1764193727912 0.544921875 966
1764193738635 0.5625 967
1764193749343 0.55029296875 968
1764193760059 0.548828125 969
1764193770788 0.5390625 970
1764193781536 0.5380859375 971
1764193792302 0.53515625 972
1764193803017 0.5390625 973
1764193813761 0.5361328125 974
1764193824481 0.55859375 975
1764193835177 0.55078125 976
1764193859313 0.529296875 977
1764193870111 0.552734375 978
1764193880832 0.5576171875 979
1764193891530 0.5419921875 980
1764193902277 0.58056640625 981
1764193913031 0.5654296875 982
1764193923787 0.572265625 983
1764193934577 0.5849609375 984
1764193945261 0.5322265625 985
1764193955947 0.572265625 986
1764193966648 0.51708984375 987
1764193977355 0.5283203125 988
1764193988063 0.537109375 989
1764193998805 0.537109375 990
1764194009574 0.51953125 991
1764194020299 0.5166015625 992
1764194031047 0.525390625 993
1764194041848 0.52587890625 994
1764194052571 0.5380859375 995
1764194063285 0.5458984375 996
1764194073983 0.5166015625 997
1764194084691 0.5830078125 998
1764194095380 0.53515625 999
1764194106086 0.560546875 1000
1764194116837 0.5771484375 1001
1764194127560 0.5634765625 1002
1764194138409 0.5615234375 1003
1764194149120 0.55078125 1004
1764194159818 0.5458984375 1005
1764194170577 0.5625 1006
1764194181380 0.5556640625 1007
1764194192104 0.5634765625 1008
1764194202855 0.55859375 1009
1764194213588 0.552734375 1010
1764194224304 0.548828125 1011
1764194235046 0.5498046875 1012
1764194245762 0.564453125 1013
1764194256473 0.5205078125 1014
1764194267241 0.5419921875 1015
1764194277989 0.5283203125 1016
1764194288759 0.5341796875 1017
1764194299470 0.50927734375 1018
1764194310227 0.5390625 1019
1764194320979 0.5283203125 1020
1764194331752 0.505859375 1021
1764194342471 0.5849609375 1022
1764194353227 0.548828125 1023
1764194363932 0.53271484375 1024
1764194374658 0.5625 1025
1764194385384 0.5322265625 1026
1764194396084 0.5546875 1027
1764194406793 0.58203125 1028
1764194417539 0.572265625 1029
1764194428232 0.5693359375 1030
1764194438976 0.5341796875 1031
1764194449670 0.568359375 1032
1764194460375 0.544921875 1033
1764194471126 0.5498046875 1034
1764194481823 0.54443359375 1035
1764194492564 0.5615234375 1036
1764194503309 0.5546875 1037
1764194514050 0.544921875 1038
1764194524799 0.54296875 1039
1764194535503 0.5556640625 1040
1764194546267 0.5322265625 1041
1764194556990 0.53125 1042
1764194567752 0.5419921875 1043
1764194578489 0.5625 1044
1764194589239 0.560546875 1045
1764194600035 0.556640625 1046
1764194610747 0.5322265625 1047
1764194621462 0.5263671875 1048
1764194632199 0.5556640625 1049
1764194642919 0.5693359375 1050
1764194653619 0.5654296875 1051
1764194664360 0.599609375 1052
1764194675052 0.57421875 1053
1764194685813 0.5419921875 1054
1764194696520 0.5576171875 1055
1764194707281 0.560546875 1056
1764194718056 0.5615234375 1057
1764194728787 0.544921875 1058
1764194739526 0.5537109375 1059
1764194750255 0.5390625 1060
1764194760981 0.5498046875 1061
1764194771758 0.568359375 1062
1764194782511 0.5625 1063
1764194793268 0.5537109375 1064
1764194803998 0.5595703125 1065
1764194814699 0.51953125 1066
1764194825417 0.5732421875 1067
1764194836167 0.5771484375 1068
1764194846877 0.5673828125 1069
1764194857688 0.55859375 1070
1764194868363 0.5615234375 1071
1764194879082 0.556640625 1072
1764194889827 0.53515625 1073
1764194900558 0.5869140625 1074
1764194911293 0.55078125 1075
1764194922006 0.5634765625 1076
1764194932707 0.52587890625 1077
1764194943438 0.55419921875 1078
1764194954164 0.5458984375 1079
1764194964997 0.52880859375 1080
1764194975724 0.52490234375 1081
1764194986415 0.5439453125 1082
1764194997156 0.5576171875 1083
1764195007882 0.53125 1084
1764195018597 0.5625 1085
1764195029345 0.556640625 1086
1764195040081 0.5439453125 1087
1764195050792 0.57421875 1088
1764195061499 0.578125 1089
1764195072286 0.57421875 1090
1764195082983 0.5537109375 1091
1764195093704 0.5673828125 1092
1764195104464 0.5751953125 1093
1764195115183 0.556640625 1094
1764195125903 0.58203125 1095
1764195136643 0.5927734375 1096
1764195147419 0.5751953125 1097
1764195158177 0.5634765625 1098
1764195168919 0.587890625 1099
1764195179632 0.52197265625 1100
1764195190330 0.556640625 1101
1764195201068 0.56640625 1102
1764195211811 0.5478515625 1103
1764195222489 0.5478515625 1104
1764195233211 0.5322265625 1105
1764195243952 0.5576171875 1106
1764195254687 0.525390625 1107
1764195265419 0.564453125 1108
1764195276164 0.51171875 1109
1764195286853 0.533203125 1110
1764195297550 0.5244140625 1111
1764195308281 0.5380859375 1112
1764195318996 0.556640625 1113
1764195329707 0.564453125 1114
1764195340444 0.53515625 1115
1764195351207 0.5537109375 1116
1764195361947 0.5498046875 1117
1764195372655 0.568359375 1118
1764195383356 0.5498046875 1119
1764195394167 0.5576171875 1120
1764195404914 0.5400390625 1121
1764195415611 0.576171875 1122
1764195426338 0.5390625 1123
1764195437036 0.5693359375 1124
1764195447770 0.5673828125 1125
1764195458527 0.5478515625 1126
1764195469258 0.5478515625 1127
1764195479956 0.568359375 1128
1764195490666 0.560546875 1129
1764195501366 0.5458984375 1130
1764195512124 0.5517578125 1131
1764195522865 0.53564453125 1132
1764195533629 0.552734375 1133
1764195544357 0.548828125 1134
1764195555086 0.55859375 1135
1764195565844 0.56640625 1136
1764195576665 0.560546875 1137
1764195587426 0.5712890625 1138
1764195598215 0.5732421875 1139
1764195608920 0.5546875 1140
1764195619674 0.6005859375 1141
1764195630408 0.572265625 1142
1764195641095 0.564453125 1143
1764195651826 0.5673828125 1144
1764195662557 0.5849609375 1145
1764195673307 0.5615234375 1146
1764195684011 0.6025390625 1147
1764195694727 0.5537109375 1148
1764195705449 0.568359375 1149
1764195716180 0.546875 1150
1764195726899 0.5830078125 1151
1764195737616 0.5419921875 1152
1764195748343 0.52734375 1153
1764195759068 0.564453125 1154
1764195769812 0.5546875 1155
1764195780553 0.51025390625 1156
1764195791273 0.5751953125 1157
1764195802012 0.5380859375 1158
1764195812751 0.5517578125 1159
1764195823532 0.541015625 1160
1764195834234 0.5556640625 1161
1764195844948 0.5654296875 1162
1764195855645 0.54638671875 1163
1764195866367 0.556640625 1164
1764195877104 0.5703125 1165
1764195887927 0.5712890625 1166
1764195898651 0.5888671875 1167
1764195909379 0.583984375 1168
1764195920088 0.568359375 1169
1764195930860 0.615234375 1170
1764195941589 0.564453125 1171
1764195965588 0.5869140625 1172
1764195976323 0.5439453125 1173
1764195987039 0.55859375 1174
1764195997728 0.5576171875 1175
1764196008490 0.5693359375 1176
1764196019172 0.5390625 1177
1764196029926 0.54736328125 1178
1764196040638 0.53173828125 1179
1764196051395 0.583984375 1180
1764196062117 0.56103515625 1181
1764196072819 0.541015625 1182
1764196083594 0.5556640625 1183
1764196094372 0.564453125 1184
1764196105111 0.54833984375 1185
1764196115861 0.5625 1186
1764196126564 0.5634765625 1187
1764196137273 0.552734375 1188
1764196147999 0.53515625 1189
1764196158769 0.5673828125 1190
1764196169482 0.57421875 1191
1764196180269 0.5634765625 1192
1764196190955 0.556640625 1193
1764196201691 0.5625 1194
1764196212426 0.572265625 1195
1764196223169 0.5361328125 1196
1764196233908 0.568359375 1197
1764196244630 0.5419921875 1198
1764196255443 0.55322265625 1199
1764196266171 0.544921875 1200
1764196276937 0.568359375 1201
1764196287651 0.5595703125 1202
1764196298403 0.5458984375 1203
1764196309196 0.525390625 1204
1764196319908 0.56640625 1205
1764196330622 0.54052734375 1206
1764196341326 0.533203125 1207
1764196352097 0.560546875 1208
1764196362789 0.556640625 1209
1764196373487 0.55078125 1210
1764196384218 0.5498046875 1211
1764196394963 0.5634765625 1212
1764196405690 0.5361328125 1213
1764196416392 0.55078125 1214
1764196427131 0.5693359375 1215
1764196437843 0.548828125 1216
1764196448550 0.5625 1217
1764196459306 0.5634765625 1218
1764196470080 0.556640625 1219
1764196480833 0.54296875 1220
1764196491559 0.537109375 1221
1764196502309 0.5546875 1222
1764196513042 0.560546875 1223
1764196523869 0.5654296875 1224
1764196534595 0.55859375 1225
1764196545312 0.5673828125 1226
1764196556060 0.583984375 1227
1764196566782 0.5625 1228
1764196577502 0.5556640625 1229
1764196588263 0.5712890625 1230
1764196599055 0.5478515625 1231
1764196609770 0.568359375 1232
1764196620490 0.580078125 1233
1764196631216 0.5400390625 1234
1764196641979 0.5751953125 1235
1764196652759 0.5693359375 1236
1764196663545 0.564453125 1237
1764196674372 0.5927734375 1238
1764196685105 0.55126953125 1239
1764196695846 0.5673828125 1240
1764196706577 0.544921875 1241
1764196717332 0.546875 1242
1764196728064 0.583984375 1243
1764196738807 0.576171875 1244
1764196749530 0.556640625 1245
1764196760249 0.58203125 1246
1764196770970 0.5888671875 1247
1764196781682 0.537109375 1248
1764196792392 0.5712890625 1249
1764196803109 0.5537109375 1250
1764196813810 0.568359375 1251
1764196824506 0.52734375 1252
1764196835231 0.5703125 1253
1764196845943 0.56640625 1254
1764196856623 0.556640625 1255
1764196867333 0.5693359375 1256
1764196878039 0.552734375 1257
1764196888777 0.5546875 1258
1764196899508 0.5849609375 1259
1764196910230 0.5810546875 1260
1764196920941 0.5595703125 1261
1764196931672 0.580078125 1262
1764196942403 0.5673828125 1263
1764196953143 0.57421875 1264
1764196963873 0.5634765625 1265
1764196974603 0.560546875 1266
1764196985327 0.55859375 1267
1764196996075 0.5791015625 1268
1764197006851 0.58203125 1269
1764197017642 0.5634765625 1270
1764197028377 0.5703125 1271
1764197039122 0.5595703125 1272
1764197049853 0.6044921875 1273
1764197060634 0.5830078125 1274
1764197071377 0.5791015625 1275
1764197082214 0.5771484375 1276
1764197092931 0.572265625 1277
1764197103691 0.5810546875 1278
1764197114430 0.5556640625 1279
1764197125128 0.5693359375 1280
1764197135892 0.5556640625 1281
1764197146649 0.556640625 1282
1764197157385 0.5810546875 1283
1764197168172 0.56640625 1284
1764197178994 0.521484375 1285
1764197189738 0.54296875 1286
1764197200462 0.5546875 1287
1764197211163 0.52001953125 1288
1764197221908 0.548828125 1289
1764197232608 0.572265625 1290
1764197243365 0.5302734375 1291
1764197254081 0.5478515625 1292
1764197264818 0.5546875 1293
1764197275575 0.5546875 1294
1764197286261 0.5458984375 1295
1764197297004 0.5517578125 1296
1764197307690 0.55859375 1297
1764197318384 0.5673828125 1298
1764197329133 0.5419921875 1299
1764197339838 0.5595703125 1300
1764197350588 0.560546875 1301
1764197361280 0.5732421875 1302
1764197372048 0.568359375 1303
1764197382758 0.5810546875 1304
1764197393483 0.5576171875 1305
1764197404185 0.568359375 1306
1764197414894 0.5517578125 1307
1764197425618 0.55078125 1308
1764197436329 0.54296875 1309
1764197447055 0.5712890625 1310
1764197457772 0.5615234375 1311
1764197468486 0.55078125 1312
1764197479202 0.5537109375 1313
1764197489952 0.5927734375 1314
1764197500683 0.5751953125 1315
1764197511403 0.56005859375 1316
1764197522131 0.5537109375 1317
1764197532969 0.53857421875 1318
1764197543690 0.5625 1319
1764197554412 0.576171875 1320
1764197565139 0.5439453125 1321
1764197575891 0.5556640625 1322
1764197586618 0.55078125 1323
1764197597354 0.5556640625 1324
1764197608057 0.5703125 1325
1764197618841 0.5478515625 1326
1764197629645 0.5615234375 1327
1764197640392 0.58203125 1328
1764197651119 0.5751953125 1329
1764197661854 0.5712890625 1330
1764197672619 0.552734375 1331
1764197683341 0.5537109375 1332
1764197694051 0.5458984375 1333
1764197704756 0.548828125 1334
1764197715559 0.5654296875 1335
1764197726265 0.564453125 1336
1764197737015 0.5654296875 1337
1764197747760 0.53564453125 1338
1764197758505 0.55859375 1339
1764197769241 0.56201171875 1340
1764197779975 0.54248046875 1341
1764197790665 0.587890625 1342
1764197801411 0.5927734375 1343
1764197812121 0.544921875 1344
1764197822871 0.54296875 1345
1764197833619 0.5478515625 1346
1764197844374 0.576171875 1347
1764197855125 0.54345703125 1348
1764197865878 0.54736328125 1349
1764197876640 0.57421875 1350
1764197887350 0.544921875 1351
1764197898041 0.53125 1352
1764197908749 0.5576171875 1353
1764197919478 0.5390625 1354
1764197930333 0.564453125 1355
1764197941049 0.564453125 1356
1764197951797 0.55859375 1357
1764197962507 0.5576171875 1358
1764197973195 0.5556640625 1359
1764197983897 0.5546875 1360
1764197994612 0.54541015625 1361
1764198005328 0.58203125 1362
1764198016087 0.5498046875 1363
1764198026830 0.5556640625 1364
1764198037526 0.59375 1365
1764198048257 0.54296875 1366
1764198072328 0.5302734375 1367
1764198083035 0.5712890625 1368
1764198093831 0.5703125 1369
1764198104562 0.55859375 1370
1764198115282 0.5556640625 1371
1764198125995 0.5634765625 1372
1764198136772 0.578125 1373
1764198147487 0.6025390625 1374
1764198158219 0.5576171875 1375
1764198168922 0.50830078125 1376
1764198179692 0.5869140625 1377
1764198190421 0.578125 1378
1764198201169 0.55615234375 1379
1764198211906 0.5537109375 1380
1764198222626 0.5478515625 1381
1764198233339 0.572265625 1382
1764198244030 0.548828125 1383
1764198254819 0.5615234375 1384
1764198265575 0.5537109375 1385
1764198276307 0.5830078125 1386
1764198287036 0.58203125 1387
1764198297759 0.5966796875 1388
1764198308449 0.560546875 1389
1764198319175 0.5751953125 1390
1764198329951 0.5869140625 1391
1764198340719 0.6025390625 1392
1764198351392 0.5849609375 1393
1764198362196 0.5595703125 1394
1764198372884 0.5654296875 1395
1764198383612 0.578125 1396
1764198394432 0.556640625 1397
1764198405184 0.5458984375 1398
1764198415925 0.5927734375 1399
1764198426657 0.5859375 1400
1764198437470 0.5712890625 1401
1764198448180 0.5400390625 1402
1764198458924 0.5654296875 1403
1764198469674 0.5556640625 1404
1764198480416 0.5576171875 1405
1764198491123 0.544921875 1406
1764198501876 0.5498046875 1407
1764198512612 0.5732421875 1408
1764198523355 0.591796875 1409
1764198534112 0.564453125 1410
1764198544839 0.55078125 1411
1764198555533 0.5517578125 1412
1764198566269 0.5703125 1413
1764198577031 0.55859375 1414
1764198587757 0.52978515625 1415
1764198598525 0.5634765625 1416
1764198609245 0.54296875 1417
1764198619970 0.5625 1418
1764198630711 0.55859375 1419
1764198641450 0.560546875 1420
1764198652226 0.5615234375 1421
1764198662979 0.5849609375 1422
1764198673697 0.5634765625 1423
1764198684472 0.54443359375 1424
1764198695257 0.5439453125 1425
1764198705969 0.5546875 1426
1764198716679 0.544921875 1427
1764198727473 0.578125 1428
1764198738232 0.556640625 1429
1764198748938 0.52880859375 1430
1764198759668 0.5625 1431
1764198770395 0.576171875 1432
1764198781093 0.56640625 1433
1764198791930 0.5751953125 1434
1764198802636 0.576171875 1435
1764198813371 0.5517578125 1436
1764198824095 0.55859375 1437
1764198834815 0.5458984375 1438
1764198845536 0.560546875 1439
1764198856269 0.5810546875 1440
1764198867015 0.5751953125 1441
1764198877750 0.5625 1442
1764198888469 0.56640625 1443
1764198899237 0.576171875 1444
1764198909990 0.58984375 1445
1764198920714 0.5576171875 1446
1764198931444 0.546875 1447
1764198942216 0.54833984375 1448
1764198952954 0.5439453125 1449
1764198963665 0.56640625 1450
1764198974388 0.59375 1451
1764198985111 0.572265625 1452
1764198995820 0.5595703125 1453
1764199006516 0.5361328125 1454
1764199017238 0.5400390625 1455
1764199027983 0.591796875 1456
1764199038676 0.5654296875 1457
1764199049401 0.564453125 1458
1764199060139 0.55078125 1459
1764199070903 0.5673828125 1460
1764199081622 0.572265625 1461
1764199092358 0.5830078125 1462
1764199103051 0.5732421875 1463
1764199113770 0.552734375 1464
1764199124499 0.541015625 1465
1764199135238 0.568359375 1466
1764199145950 0.57421875 1467
1764199156738 0.57421875 1468
1764199167512 0.55078125 1469
1764199178300 0.5517578125 1470
1764199189060 0.5224609375 1471
1764199199835 0.55859375 1472
1764199210617 0.5498046875 1473
1764199221429 0.5771484375 1474
1764199232208 0.556640625 1475
1764199242968 0.537109375 1476
1764199253689 0.591796875 1477
1764199264418 0.556640625 1478
1764199275163 0.580078125 1479
1764199285892 0.5947265625 1480
1764199296686 0.5966796875 1481
1764199307493 0.5576171875 1482
1764199318249 0.568359375 1483
1764199328932 0.53125 1484
1764199339640 0.5478515625 1485
1764199350356 0.5654296875 1486
1764199361056 0.56640625 1487
1764199371760 0.587890625 1488
1764199382443 0.544921875 1489
1764199393187 0.5380859375 1490
1764199403887 0.5322265625 1491
1764199414613 0.564453125 1492
1764199425369 0.5703125 1493
1764199436123 0.52392578125 1494
1764199446866 0.5400390625 1495
1764199457556 0.54248046875 1496
1764199468312 0.560546875 1497
1764199479041 0.548828125 1498
1764199489791 0.58984375 1499
1764199500515 0.5517578125 1500
1764199511317 0.568359375 1501
1764199522048 0.5517578125 1502
1764199532770 0.5263671875 1503
1764199543464 0.5556640625 1504
1764199554217 0.552734375 1505
1764199564923 0.5693359375 1506
1764199575693 0.546875 1507
1764199586419 0.5654296875 1508
1764199597148 0.5791015625 1509
1764199607865 0.5478515625 1510
1764199618585 0.5537109375 1511
1764199629320 0.5625 1512
1764199640042 0.5810546875 1513
1764199650871 0.5517578125 1514
1764199661620 0.59765625 1515
1764199672361 0.5625 1516
1764199683081 0.5859375 1517
1764199693834 0.564453125 1518
1764199704555 0.6083984375 1519
1764199715292 0.587890625 1520
1764199726102 0.5234375 1521
1764199736805 0.55859375 1522
1764199747537 0.5361328125 1523
1764199758271 0.544921875 1524
1764199768999 0.5751953125 1525
1764199779775 0.568359375 1526
1764199790522 0.5703125 1527
1764199801261 0.5546875 1528
1764199812022 0.5556640625 1529
1764199822760 0.556640625 1530
1764199833482 0.5703125 1531
1764199844190 0.548828125 1532
1764199854892 0.5888671875 1533
1764199865626 0.5693359375 1534
1764199876396 0.5634765625 1535
1764199887122 0.52294921875 1536
1764199897844 0.5712890625 1537
1764199908580 0.546875 1538
1764199919319 0.5517578125 1539
1764199930029 0.537109375 1540
1764199940820 0.5478515625 1541
1764199951573 0.5595703125 1542
1764199962353 0.552734375 1543
1764199973122 0.5732421875 1544
1764199983813 0.546875 1545
1764199994530 0.5458984375 1546
1764200005249 0.57177734375 1547
1764200015968 0.55078125 1548
1764200026721 0.552734375 1549
1764200037465 0.5654296875 1550
1764200048283 0.544921875 1551
1764200059032 0.587890625 1552
1764200069804 0.552734375 1553
1764200080516 0.5322265625 1554
1764200091236 0.5595703125 1555
1764200101959 0.5615234375 1556
1764200112667 0.5556640625 1557
1764200123420 0.5634765625 1558
1764200134149 0.5732421875 1559
1764200144875 0.5732421875 1560
1764200155669 0.599609375 1561
1764200166413 0.5576171875 1562
