1764449617017 1.3523385860025883e-06 5
1764449657404 -2.14441679418087e-05 10
1764449697822 2.8637858728565446e-05 15
1764449738215 -0.00013481328884760307 20
1764449778608 -0.002011378606160477 25
1764449819039 -0.003708134094874027 30
1764449859480 0.006095310052235958 35
1764449899858 0.013270934422810798 40
1764449940224 0.004116634527842167 45
1764449980637 -0.002517561117807987 50
1764450021061 0.001987795035044315 55
1764450061434 0.0048026442527771 60
1764450101817 0.0020158886909484863 65
1764450142222 0.005727082490920965 70
1764450182616 0.0038549502690632953 75
1764450222971 0.0032625993092855188 80
1764450263313 0.003157069285710634 85
1764450303691 0.008666455745697021 90
1764450344028 0.005084713300069155 95
1764450384352 0.0030594170093536377 100
1764450424674 0.008190681536992372 105
1764450465078 0.0034507016340891705 110
1764450505472 0.007946978012720762 115
1764450545871 0.003980288902918516 120
1764450586271 0.0020230511824289588 125
1764450643418 0.008724530537923159 130
1764450683794 0.006044477224349976 135
1764450724141 0.00848737359046936 140
1764450764527 0.007373124361038208 145
1764450804921 0.009107887744903564 150
1764450845355 0.011007090409596743 155
1764450885754 0.007007529338200924 160
1764450926163 0.008787711461385073 165
1764450966581 0.00635041793187463 170
1764451006949 0.01017977794011432 175
1764451047342 0.009977271159489931 180
1764451087731 0.01006184021631873 185
1764451128103 0.00906841953595483 190
1764451168449 0.004933059215545599 195
1764451208839 0.010238409042358398 200
1764451249312 0.010716915130615234 205
1764451289723 0.005485574404398619 210
1764451330072 0.011403938134511349 215
1764451370449 0.0022569894790649414 220
1764451410823 0.017101804415384947 225
1764451451171 0.007775028546651186 230
1764451491495 0.011134306589762333 235
1764451531924 0.01062166690826416 240
1764451572403 -0.000262071688969967 245
1764451612875 0.004420111576716068 250
1764451669866 0.005202164252599062 255
1764451710291 0.006463636954625374 260
1764451750780 0.012998223304748535 265
1764451791233 0.00915144880612695 270
1764451831672 0.008791009585062681 275
1764451872111 0.00833505392074585 280
1764451912505 0.011195878187815311 285
1764451952966 0.011992146571477236 290
1764451993401 0.012516429026921516 295
1764452033774 0.01323323448499042 300
1764452074131 0.009486267964045225 305
1764452114495 0.010159671306610107 310
1764452154851 0.009350121021270752 315
1764452195263 0.006091177463531494 320
1764452235673 0.01122433940569556 325
1764452276048 0.004785199960072817 330
1764452316448 0.014819612105687496 335
1764452356875 0.010846038659413693 340
1764452397333 0.009292701880137144 345
1764452437735 0.013887514670689938 350
1764452478093 0.01300297180811566 355
1764452518471 0.018124908208847046 360
1764452558791 0.014550656080245972 365
1764452599187 0.01761974891026813 370
1764452639534 0.011549532413482666 375
1764452692175 0.010895152886708559 380
1764452732599 0.0007453362147013531 385
1764452773035 0.019772231578826904 390
1764452813453 0.010172367095947266 395
1764452853875 0.012735833724339785 400
1764452894316 0.00914581616719562 405
1764452934803 0.011265963315963745 410
1764452975156 0.009702165921529116 415
1764453015483 0.005493452151616396 420
1764453055887 0.012884606917699215 425
1764453096318 0.014995316664377811 430
1764453136755 0.015658408403396606 435
1764453177228 0.012380977471669496 440
1764453217675 0.010718345642089844 445
1764453258262 0.010287910699844305 450
1764453298653 0.006025403738021851 455
1764453339036 0.011912157138188717 460
1764453379419 0.014575252930323246 465
1764453419749 0.017847249905268314 470
1764453460147 0.012195458014806093 475
1764453500514 0.012576838334401486 480
1764453540900 0.01352961858113605 485
1764453581274 0.015250196059544918 490
1764453621621 0.017514139413833618 495
1764453661995 0.01813933253288269 500
1764453714622 0.014226982990900694 505
1764453754964 0.009312957525253296 510
1764453795342 0.015520473321278927 515
1764453835637 0.006823043028513609 520
1764453876016 0.021972686052322388 525
1764453916342 0.013314654429753603 530
1764453956680 0.006922284762064579 535
1764453997065 0.018000175555547004 540
1764454037434 0.02352886398633325 545
1764454077780 0.022540320952733395 550
1764454118239 0.011037468910217285 555
1764454158684 0.019523272911707523 560
1764454199142 0.01830717921257019 565
1764454239561 0.01822231213251746 570
1764454279982 0.014088650544484382 575
1764454320423 0.020366042852401678 580
1764454360808 0.012483696142832457 585
1764454401261 0.018091926972071293 590
1764454441745 0.02127938469250995 595
1764454482143 0.018128285805384337 600
1764454522605 0.006208221117655399 605
1764454563060 0.009923736254374205 610
1764454603554 0.014514009157816588 615
1764454644031 0.020297060410181644 620
1764454684543 0.018847038348515754 625
1764454737326 0.013140499591827393 630
1764454777745 0.014518767595291082 635
1764454818206 0.016380886236826597 640
1764454858736 0.02805289626121521 645
1764454899178 0.02377026279767347 650
1764454939640 0.018385032812754276 655
1764454980102 0.022119671106338445 660
1764455020566 0.00960363944371534 665
1764455060984 0.016538093487421635 670
1764455101426 0.01124279697736108 675
1764455141923 -0.002385646104812622 680
1764455182424 0.01637009779612225 685
1764455222882 0.018007059892018673 690
1764455263415 0.019576181968053163 695
1764455303906 0.014397988716761234 700
1764455344324 0.018112599849700928 705
1764455384822 0.0101546049118042 710
1764455425324 0.015851815541585323 715
1764455465780 0.016195396582285526 720
1764455506323 0.020326385895411192 725
1764455546801 0.018328676621119144 730
1764455587197 0.015902549028396606 735
1764455627661 0.013854483763376835 740
1764455668080 0.016988863547643007 745
1764455708602 0.014401972293853704 750
1764455761286 0.023690094550450624 755
1764455801787 0.013543595870335934 760
1764455842200 0.019637227058410645 765
1764455882639 0.014171371857325255 770
1764455923038 0.015370825926462772 775
1764455963437 0.021262635787328066 780
1764456003882 0.02710885802904761 785
1764456044360 0.018825193246205685 790
1764456084837 0.023767461379369026 795
1764456125282 0.015328864256540897 800
1764456165686 0.011744946241378784 805
1764456206122 0.017303456862767574 810
1764456246583 0.018237829208374023 815
1764456287019 0.018110950787862123 820
1764456327398 0.005772362152735411 825
1764456367780 0.019618789354960087 830
1764456408221 0.016323894262313787 835
1764456448682 0.028787056605021122 840
1764456489122 0.013657450675964355 845
1764456529488 0.008102893829345703 850
1764456569897 0.011900295813878359 855
1764456610251 0.023940563201904297 860
1764456650641 0.01859244704246521 865
1764456691041 0.013554920752843203 870
1764456731440 0.012321740388870184 875
1764456784142 0.012422720591227177 880
1764456824622 0.014072040716807066 885
1764456865062 0.0075348615646362305 890
1764456905614 0.024928738673528072 895
1764456946117 0.018793106079101562 900
1764456986510 0.01362068454424542 905
1764457026912 0.01394619544347131 910
1764457067330 0.0227087835470835 915
1764457107785 0.028102397918701172 920
1764457148222 0.015552818775177002 925
1764457188661 0.014026959737141909 930
1764457229080 0.01554705699284864 935
1764457269482 0.019851376612981142 940
1764457309885 0.017054686943689945 945
1764457350262 0.010909189780553163 950
1764457390624 0.019162088632583618 955
1764457431024 0.019117573897043827 960
1764457471465 0.009300579627354921 965
1764457511845 0.01900903383890784 970
1764457552323 0.01944064100583387 975
1764457592726 0.022031525770823124 980
1764457633236 0.004737267891565977 985
1764457673708 0.009036014477411869 990
1764457714187 0.01838745673497516 995
1764457767030 0.015550186236699348 1000
1764457807507 0.014466553926467896 1005
1764457847944 0.013423730929692568 1010
1764457888407 0.02027212580045057 1015
1764457928809 0.02033603191375727 1020
1764457969254 0.012354513009389223 1025
1764458009716 0.013902753591537476 1030
1764458050201 0.012120574712753296 1035
1764458090485 0.020716438690821348 1040
1764458130867 0.012330730756123898 1045
1764458171296 0.014548689126968384 1050
1764458211630 0.024316857258478763 1055
1764458252011 0.023805836836496952 1060
1764458292437 0.023929854234059633 1065
1764458332832 0.014986544847488403 1070
1764458373273 0.011162261168162046 1075
1764458413649 0.018355687459309877 1080
1764458454029 0.015433520078659058 1085
1764458494371 0.01562581459681195 1090
1764458534717 0.01495609680811566 1095
1764458575112 0.013228178024291992 1100
1764458615535 0.01881705721219379 1105
1764458655953 0.0223912894725799 1110
1764458696370 0.016738454500834166 1115
1764458736751 0.01757409175237018 1120
1764458777224 0.016921917597452762 1125
1764458829870 0.01020387808481854 1130
1764458870356 0.011719216903050778 1135
1764458910854 0.006578405698140444 1140
1764458951149 0.0035874744256337854 1145
1764458991497 0.015156567096710205 1150
1764459031899 0.012281020482381166 1155
1764459072276 0.01713728904724121 1160
1764459112669 0.019214044014612797 1165
1764459153121 0.018476655085881477 1170
1764459193578 0.015097558498382568 1175
1764459234010 0.018144528071085575 1180
1764459274526 0.02008670568466181 1185
1764459315009 0.006425360838572203 1190
1764459355447 0.019439727067947388 1195
1764459395908 0.019893457492192623 1200
1764459436321 0.022597332795461 1205
1764459476765 0.01427580912907922 1210
1764459517209 0.009317497412363651 1215
1764459557634 0.0156879723072052 1220
1764459598042 0.01972048481305444 1225
1764459638482 0.01196912924448651 1230
1764459678930 0.023249715566635132 1235
1764459719378 0.006892174482345581 1240
1764459759931 0.009886324405670166 1245
1764459812672 0.020850181579589844 1250
