1764449617017 0.0007828048158747454 5
1764449657404 0.0050097221198181306 10
1764449697822 0.01565224832544724 15
1764449738215 0.04524272556106249 20
1764449778608 0.11690566688776016 25
1764449819039 0.31978902220726013 30
1764449859480 0.6446044445037842 35
1764449899858 0.6803977688153584 40
1764449940224 0.47201804320017493 45
1764449980637 0.42628276348114014 50
1764450021061 0.5230983297030131 55
1764450061434 0.4952499270439148 60
1764450101817 0.4895356992880503 65
1764450142222 0.5024184187253316 70
1764450182616 0.4878804186979929 75
1764450222971 0.504753033320109 80
1764450263313 0.4795605738957723 85
1764450303691 0.49944333235422766 90
1764450344028 0.498891015847524 95
1764450384352 0.4979337155818939 100
1764450424674 0.494099090496699 105
1764450465078 0.4952340324719747 110
1764450505472 0.49971919258435565 115
1764450545871 0.494035263856252 120
1764450586271 0.4914282659689585 125
1764450643418 0.4934895535310109 130
1764450683794 0.4848979214827219 135
1764450724141 0.49546202023824054 140
1764450764527 0.4948047697544098 145
1764450804921 0.4952228566010793 150
1764450845355 0.49997474749883014 155
1764450885754 0.49564608931541443 160
1764450926163 0.48149249951044715 165
1764450966581 0.5077911416689554 170
1764451006949 0.4904744227727254 175
1764451047342 0.5023423830668131 180
1764451087731 0.4959294299284617 185
1764451128103 0.5015380680561066 190
1764451168449 0.5029123922189076 195
1764451208839 0.49274998903274536 200
1764451249312 0.519867996374766 205
1764451289723 0.48826199769973755 210
1764451330072 0.5154158274332682 215
1764451370449 0.48628950119018555 220
1764451410823 0.49558717012405396 225
1764451451171 0.4871638218561808 230
1764451491495 0.5034267505009968 235
1764451531924 0.49849991997083026 240
1764451572403 0.49573476115862525 245
1764451612875 0.49636952082316077 250
1764451669866 0.5043307940165201 255
1764451710291 0.500907798608144 260
1764451750780 0.4991922080516815 265
1764451791233 0.49424129724502563 270
1764451831672 0.4950628876686096 275
1764451872111 0.4837009012699127 280
1764451912505 0.5112998684247334 285
1764451952966 0.4849088986714681 290
1764451993401 0.5043919881184895 295
1764452033774 0.4984017113844553 300
1764452074131 0.4975757300853729 305
1764452114495 0.4974893828233083 310
1764452154851 0.49590644240379333 315
1764452195263 0.4946562548478444 320
1764452235673 0.50735737880071 325
1764452276048 0.4920911689599355 330
1764452316448 0.5005870163440704 335
1764452356875 0.49037665128707886 340
1764452397333 0.4988883137702942 345
1764452437735 0.49793630838394165 350
1764452478093 0.5058644115924835 355
1764452518471 0.4993942280610402 360
1764452558791 0.5083293716112772 365
1764452599187 0.49521737297375995 370
1764452639534 0.49951209624608356 375
1764452692175 0.48907993237177527 380
1764452732599 0.4961458444595337 385
1764452773035 0.5057144562403361 390
1764452813453 0.4821772476037343 395
1764452853875 0.5050536195437113 400
1764452894316 0.49877121051152545 405
1764452934803 0.5014059841632843 410
1764452975156 0.4974837998549143 415
1764453015483 0.4992638031641642 420
1764453055887 0.50123131275177 425
1764453096318 0.5106880863507588 430
1764453136755 0.4935481746991475 435
1764453177228 0.5024558703104655 440
1764453217675 0.49336524804433185 445
1764453258262 0.5082822640736897 450
1764453298653 0.501785397529602 455
1764453339036 0.5056096315383911 460
1764453379419 0.4978986779848734 465
1764453419749 0.4998494784037272 470
1764453460147 0.502748707930247 475
1764453500514 0.4954977035522461 480
1764453540900 0.5093410412470499 485
1764453581274 0.49558544158935547 490
1764453621621 0.5029770135879517 495
1764453661995 0.5025362968444824 500
1764453714622 0.504097044467926 505
1764453754964 0.495338370402654 510
1764453795342 0.5143082141876221 515
1764453835637 0.48520001769065857 520
1764453876016 0.5120600263277689 525
1764453916342 0.4993882973988851 530
1764453956680 0.4851643840471903 535
1764453997065 0.5045901139577229 540
1764454037434 0.5055041313171387 545
1764454077780 0.4972724914550781 550
1764454118239 0.5168704191843668 555
1764454158684 0.4945793847242991 560
1764454199142 0.4989304741223653 565
1764454239561 0.5023600260416666 570
1764454279982 0.5054655869801838 575
1764454320423 0.5066372354825337 580
1764454360808 0.4925861855347951 585
1764454401261 0.5045615235964457 590
1764454441745 0.5078529516855875 595
1764454482143 0.4948757191499074 600
1764454522605 0.5024250944455464 605
1764454563060 0.5099175572395325 610
1764454603554 0.4955003261566162 615
1764454644031 0.5086187521616617 620
1764454684543 0.5111161669095357 625
1764454737326 0.49267618854840595 630
1764454777745 0.5078825553258259 635
1764454818206 0.49575581153233844 640
1764454858736 0.503091553846995 645
1764454899178 0.5142243107159932 650
1764454939640 0.5093089540799458 655
1764454980102 0.5028894444306691 660
1764455020566 0.5011527140935261 665
1764455060984 0.5123250087102253 670
1764455101426 0.49229633808135986 675
1764455141923 0.4829126993815104 680
1764455182424 0.5064031183719635 685
1764455222882 0.4947502911090851 690
1764455263415 0.5009788672129313 695
1764455303906 0.5045349995295206 700
1764455344324 0.5038024882475535 705
1764455384822 0.49837038914362586 710
1764455425324 0.5025437474250793 715
1764455465780 0.5080490211645762 720
1764455506323 0.4994839032491048 725
1764455546801 0.504307468732198 730
1764455587197 0.505959689617157 735
1764455627661 0.5068254272143046 740
1764455668080 0.4937478204568227 745
1764455708602 0.5026709636052449 750
1764455761286 0.5047116676966349 755
1764455801787 0.49542057514190674 760
1764455842200 0.4975356260935465 765
1764455882639 0.499229371547699 770
1764455923038 0.5049835244814554 775
1764455963437 0.49835727612177527 780
1764456003882 0.5015366872151692 785
1764456044360 0.4927314221858978 790
1764456084837 0.5036104222138722 795
1764456125282 0.50480451186498 800
1764456165686 0.49662219484647113 805
1764456206122 0.5091257691383362 810
1764456246583 0.4932307104269663 815
1764456287019 0.49132033189137775 820
1764456327398 0.49679725368817645 825
1764456367780 0.5006435612837473 830
1764456408221 0.5058158834775288 835
1764456448682 0.5090468327204386 840
1764456489122 0.5011778871218363 845
1764456529488 0.49796899159749347 850
1764456569897 0.49525491396586097 855
1764456610251 0.5018651187419891 860
1764456650641 0.4993100265661875 865
1764456691041 0.5074284176031748 870
1764456731440 0.5038861831029255 875
1764456784142 0.5050817529360453 880
1764456824622 0.5020655989646912 885
1764456865062 0.4887423515319824 890
1764456905614 0.506831705570221 895
1764456946117 0.5074030160903931 900
1764456986510 0.5022143423557281 905
1764457026912 0.5020568668842316 910
1764457067330 0.5022496183713276 915
1764457107785 0.5030240416526794 920
1764457148222 0.5028546452522278 925
1764457188661 0.49967249234517414 930
1764457229080 0.5087696214516957 935
1764457269482 0.4987459580103556 940
1764457309885 0.5043579240640004 945
1764457350262 0.5010791222254435 950
1764457390624 0.49188058574994403 955
1764457431024 0.5052913228670756 960
1764457471465 0.4933303395907084 965
1764457511845 0.5055237015088399 970
1764457552323 0.5024629731973012 975
1764457592726 0.5034561653931935 980
1764457633236 0.496138592561086 985
1764457673708 0.4999911586443583 990
1764457714187 0.49511669079462683 995
1764457767030 0.5039385457833607 1000
1764457807507 0.4951790471871694 1005
1764457847944 0.5002718071142832 1010
1764457888407 0.5037724574406941 1015
1764457928809 0.5019014676411946 1020
1764457969254 0.49994786580403644 1025
1764458009716 0.5077309012413025 1030
1764458050201 0.496102233727773 1035
1764458090485 0.50576251745224 1040
1764458130867 0.5010160803794861 1045
1764458171296 0.5027497808138529 1050
1764458211630 0.5028709868590037 1055
1764458252011 0.5103544195493062 1060
1764458292437 0.5055578152338663 1065
1764458332832 0.5004262030124664 1070
1764458373273 0.497334361076355 1075
1764458413649 0.5012316207091013 1080
1764458454029 0.49745945135752356 1085
1764458494371 0.49636730551719666 1090
1764458534717 0.5042497515678406 1095
1764458575112 0.5020079612731934 1100
1764458615535 0.4961242775122324 1105
1764458655953 0.503127117951711 1110
1764458696370 0.49948858221371967 1115
1764458736751 0.4959690471490224 1120
1764458777224 0.497733602921168 1125
1764458829870 0.4985922574996948 1130
1764458870356 0.49673429131507874 1135
1764458910854 0.49823741118113196 1140
1764458951149 0.491577684879303 1145
1764458991497 0.49662725130716956 1150
1764459031899 0.494971493879954 1155
1764459072276 0.49646978576978046 1160
1764459112669 0.5055891474088032 1165
1764459153121 0.5027571519215901 1170
1764459193578 0.4990636706352234 1175
1764459234010 0.5048908988634745 1180
1764459274526 0.5039484699567158 1185
1764459315009 0.4957010746002197 1190
1764459355447 0.5060431361198425 1195
1764459395908 0.5019221901893616 1200
1764459436321 0.5107301870981852 1205
1764459476765 0.4999638795852661 1210
1764459517209 0.5013942917188008 1215
1764459557634 0.5030543804168701 1220
1764459598042 0.5033831596374512 1225
1764459638482 0.4960089524586995 1230
1764459678930 0.5057176947593689 1235
1764459719378 0.4956825276215871 1240
1764459759931 0.5019552409648895 1245
1764459812672 0.5026960968971252 1250
