1764904824663 -0.00010266155004501343 5
1764904872196 3.392994403839111e-05 10
1764904920029 0.00021623075008392334 15
1764904967909 -0.00024697184562683105 20
1764905015631 -0.0006504803895950317 25
1764905063338 0.002120286226272583 30
1764905111129 0.0037975311279296875 35
1764905158279 0.006092667579650879 40
1764905206043 0.0019034892320632935 45
1764905253720 0.00409303605556488 50
1764905301065 0.0020715147256851196 55
1764905348626 0.0009299367666244507 60
1764905396313 0.001957312226295471 65
1764905443873 0.0024684518575668335 70
1764905491940 0.00038166344165802 75
1764905539462 0.010672152042388916 80
1764905587080 0.018409207463264465 85
1764905634748 -0.0036775171756744385 90
