1764904824663 0.5000592321157455 5
1764904872196 0.5038892775774002 10
1764904920029 0.5096971839666367 15
1764904967909 0.5233106315135956 20
1764905015631 0.556224524974823 25
1764905063338 0.6217779070138931 30
1764905111129 0.7173706889152527 35
1764905158279 0.7066663652658463 40
1764905206043 0.6438109427690506 45
1764905253720 0.6457562744617462 50
1764905301065 0.6869337856769562 55
1764905348626 0.6664091646671295 60
1764905396313 0.6458788514137268 65
1764905443873 0.6780983805656433 70
1764905491940 0.6439441591501236 75
1764905539462 0.6506826877593994 80
1764905587080 0.6470611989498138 85
1764905634748 0.6297317445278168 90
