1764904824663 0.0 5
1764904872196 2.9087066650390625e-05 10
1764904920029 0.00179290771484375 15
1764904967909 0.003055572509765625 20
1764905015631 0.00771331787109375 25
1764905063338 0.01800537109375 30
1764905111129 0.030517578125 35
1764905158279 0.027587890625 40
1764905206043 0.02197265625 45
1764905253720 0.02008056640625 50
1764905301065 0.023712158203125 55
1764905348626 0.021942138671875 60
1764905396313 0.02166748046875 65
1764905443873 0.0262451171875 70
1764905491940 0.02557373046875 75
1764905539462 0.0244140625 80
1764905587080 0.027099609375 85
1764905634748 0.027069091796875 90
