1764904824663 0.0 5
1764904872196 0.006698290506998697 10
1764904920029 0.03038662326508674 15
1764904967909 0.0007994969685872393 20
1764905015631 0.07731926441192627 25
1764905063338 0.06922475496927898 30
1764905111129 -0.06314309438069662 35
1764905158279 -0.21132151285807294 40
1764905206043 -0.32872645060221356 45
1764905253720 -0.39522806803385413 50
1764905301065 -0.4200668334960937 55
1764905348626 -0.46145248413085943 60
1764905396313 -0.5371694150178329 65
1764905443873 -0.5618387858072916 70
1764905491940 -0.44965942700703937 75
1764905539462 -0.5340550740559896 80
1764905587080 -0.6533889770507812 85
1764905634748 -0.5836588541666667 90
