1764904824663 2.6510252482125907e-07 5
1764904872196 7.656820599777348e-07 10
1764904920029 4.696881660493091e-06 15
1764904967909 1.1686190418913611e-05 20
1764905015631 7.501454092562199e-05 25
1764905063338 0.0003712761899805628 30
1764905111129 0.0011493246420286596 35
1764905158279 0.0010193618800258264 40
1764905206043 0.0007696611282881349 45
1764905253720 0.0006643332308158278 50
1764905301065 0.0009263059037039056 55
1764905348626 0.0009460802539251745 60
1764905396313 0.0009751225734362379 65
1764905443873 0.0015996425645425916 70
1764905491940 0.0012078772415407002 75
1764905539462 0.0013462397328112274 80
1764905587080 0.0023407720145769417 85
1764905634748 0.0020927765290252864 90
