1764660343598 1.0 5
1764660377876 1.0 10
1764660412356 1.0 15
1764660446905 1.0 20
1764660481414 1.0 25
1764660516037 1.0 30
1764660550342 1.0 35
1764660584787 1.0 40
1764660619328 1.0 45
1764660653616 1.0 50
1764660688161 1.0 55
1764660722559 1.0 60
1764660757015 1.0 65
1764660791468 1.0 70
1764660825907 1.0 75
1764660860400 1.0 80
1764660895032 1.0 85
1764660929437 1.0 90
1764660964071 1.0 95
1764660998332 1.0 100
1764661032957 1.0 105
1764661067473 1.0 110
1764661101847 1.0 115
1764661136436 1.0 120
1764661170969 1.0 125
1764661205519 1.0 130
1764661240135 1.0 135
1764661274582 1.0 140
1764661309128 1.0 145
1764661343740 1.0 150
1764661378231 1.0 155
1764661412877 1.0 160
1764661447246 1.0 165
1764661481936 1.0 170
1764661516497 1.0 175
1764661550985 1.0 180
1764661585720 1.0 185
1764661620155 1.0 190
1764661654757 1.0 195
1764661689379 1.0 200
1764661723812 1.0 205
1764661758393 1.0 210
1764661792890 1.0 215
1764661827418 1.0 220
1764661862082 1.0 225
1764661896369 1.0 230
1764661930907 1.0 235
1764661965402 1.0 240
1764661999818 1.0 245
1764662034401 1.0 250
1764662089488 1.0 255
1764662124695 1.0 260
1764662159706 1.0 265
1764662194030 1.0 270
1764662228636 1.0 275
1764662263042 1.0 280
1764662297725 1.0 285
1764662332541 1.0 290
1764662366901 1.0 295
1764662401595 1.0 300
1764662436179 1.0 305
1764662470644 1.0 310
1764662505263 1.0 315
1764662539577 1.0 320
1764662574271 1.0 325
1764662609068 1.0 330
1764662643512 1.0 335
1764662678230 1.0 340
1764662712529 1.0 345
1764662747112 1.0 350
1764662781798 1.0 355
1764662816234 1.0 360
1764662850892 1.0 365
1764662885299 1.0 370
1764662919940 1.0 375
1764662954688 1.0 380
1764662988998 1.0 385
1764663023707 1.0 390
1764663058262 1.0 395
1764663092690 1.0 400
1764663127420 1.0 405
1764663161913 1.0 410
1764663196569 1.0 415
1764663231222 1.0 420
1764663265656 1.0 425
1764663300319 1.0 430
1764663334790 1.0 435
1764663369249 1.0 440
1764663403889 1.0 445
1764663438351 1.0 450
1764663473244 1.0 455
1764663507884 1.0 460
1764663542429 1.0 465
1764663577114 1.0 470
1764663611503 1.0 475
1764663646208 1.0 480
1764663680864 1.0 485
1764663715203 1.0 490
1764663749900 1.0 495
1764663784466 1.0 500
1764663839852 1.0 505
1764663875128 1.0 510
1764663910042 1.0 515
1764663944787 1.0 520
1764663979258 1.0 525
1764664013922 1.0 530
1764664048622 1.0 535
1764664083016 1.0 540
1764664117673 1.0 545
1764664152162 1.0 550
1764664186674 1.0 555
1764664221374 1.0 560
1764664255905 1.0 565
1764664290379 1.0 570
1764664325000 1.0 575
1764664359436 1.0 580
1764664394181 1.0 585
1764664428715 1.0 590
1764664463277 1.0 595
1764664498046 1.0 600
1764664532448 1.0 605
1764664567189 1.0 610
1764664601723 1.0 615
1764664636217 1.0 620
1764664670840 1.0 625
1764664705250 1.0 630
1764664739842 1.0 635
1764664774454 1.0 640
1764664808912 1.0 645
1764664843592 1.0 650
1764664877943 1.0 655
1764664912631 1.0 660
1764664947199 1.0 665
1764664981782 1.0 670
1764665016565 1.0 675
1764665051177 1.0 680
1764665085802 1.0 685
1764665120300 1.0 690
1764665154848 1.0 695
1764665189344 1.0 700
1764665223852 1.0 705
1764665258431 1.0 710
1764665293074 1.0 715
1764665327718 1.0 720
1764665362291 1.0 725
1764665396652 1.0 730
1764665431207 1.0 735
1764665465859 1.0 740
1764665500487 1.0 745
1764665535016 1.0 750
1764665590589 1.0 755
1764665625795 1.0 760
1764665661024 1.0 765
1764665695609 1.0 770
1764665730203 1.0 775
1764665764842 1.0 780
1764665799515 1.0 785
1764665834035 1.0 790
1764665868635 1.0 795
1764665903142 1.0 800
1764665937783 1.0 805
1764665972450 1.0 810
1764666006946 1.0 815
1764666041471 1.0 820
1764666076061 1.0 825
1764666110823 1.0 830
1764666145402 1.0 835
1764666179937 1.0 840
1764666214583 1.0 845
1764666249133 1.0 850
1764666283814 1.0 855
1764666318333 1.0 860
1764666352949 1.0 865
1764666387760 1.0 870
1764666422299 1.0 875
1764666456918 1.0 880
1764666491389 1.0 885
1764666525951 1.0 890
1764666560648 1.0 895
1764666595155 1.0 900
1764666629855 1.0 905
1764666664415 1.0 910
1764666699239 1.0 915
1764666733803 1.0 920
1764666768338 1.0 925
1764666802918 1.0 930
1764666837757 1.0 935
1764666872351 1.0 940
1764666906863 1.0 945
1764666941323 1.0 950
1764666976018 1.0 955
1764667010605 1.0 960
1764667045154 1.0 965
1764667079581 1.0 970
1764667114209 1.0 975
1764667148863 1.0 980
1764667183370 1.0 985
1764667217781 1.0 990
1764667252367 1.0 995
1764667286845 1.0 1000
1764667342141 1.0 1005
1764667377317 1.0 1010
1764667412342 1.0 1015
1764667446860 1.0 1020
1764667481474 1.0 1025
1764667515931 1.0 1030
1764667550530 1.0 1035
1764667585340 1.0 1040
1764667619870 1.0 1045
1764667654412 1.0 1050
1764667688964 1.0 1055
1764667723572 1.0 1060
1764667758217 1.0 1065
1764667792651 1.0 1070
1764667827196 1.0 1075
1764667861669 1.0 1080
1764667896348 1.0 1085
1764667930877 1.0 1090
1764667965333 1.0 1095
1764667999922 1.0 1100
1764668034505 1.0 1105
1764668069036 1.0 1110
1764668103585 1.0 1115
1764668138029 1.0 1120
1764668172675 1.0 1125
1764668207223 1.0 1130
1764668241682 1.0 1135
1764668276293 1.0 1140
1764668311088 1.0 1145
1764668345583 1.0 1150
1764668380158 1.0 1155
1764668414806 1.0 1160
1764668449272 1.0 1165
1764668483961 1.0 1170
1764668518555 1.0 1175
1764668553030 1.0 1180
1764668587499 1.0 1185
1764668622048 1.0 1190
1764668656685 1.0 1195
1764668691215 1.0 1200
1764668725719 1.0 1205
1764668760253 1.0 1210
1764668794988 1.0 1215
1764668829571 1.0 1220
1764668864105 1.0 1225
1764668898693 1.0 1230
1764668933357 1.0 1235
1764668968123 1.0 1240
1764669002660 1.0 1245
1764669037273 1.0 1250
1764669092721 1.0 1255
1764669127942 1.0 1260
1764669163017 1.0 1265
1764669197599 1.0 1270
1764669232083 1.0 1275
1764669266866 1.0 1280
1764669301334 1.0 1285
1764669335892 1.0 1290
1764669370532 1.0 1295
1764669405037 1.0 1300
1764669439794 1.0 1305
1764669474343 1.0 1310
1764669508869 1.0 1315
1764669543565 1.0 1320
1764669578113 1.0 1325
1764669612844 1.0 1330
1764669647439 1.0 1335
1764669682018 1.0 1340
1764669716696 1.0 1345
1764669751175 1.0 1350
1764669785785 1.0 1355
1764669820386 1.0 1360
1764669854850 1.0 1365
1764669889662 1.0 1370
1764669924348 1.0 1375
1764669958928 1.0 1380
1764669993551 1.0 1385
1764670028227 1.0 1390
1764670062957 1.0 1395
1764670097523 1.0 1400
1764670132045 1.0 1405
1764670166757 1.0 1410
1764670201192 1.0 1415
1764670235983 1.0 1420
1764670270517 1.0 1425
1764670305216 1.0 1430
1764670339981 1.0 1435
1764670374618 1.0 1440
1764670409324 1.0 1445
1764670444011 1.0 1450
1764670478423 1.0 1455
1764670513200 1.0 1460
1764670547833 1.0 1465
1764670582373 1.0 1470
1764670617021 1.0 1475
1764670651528 1.0 1480
1764670686227 1.0 1485
1764670720977 1.0 1490
1764670755578 1.0 1495
1764670790200 1.0 1500
1764670845831 1.0 1505
1764670880989 1.0 1510
1764670916012 1.0 1515
1764670950483 1.0 1520
1764670985215 1.0 1525
1764671019949 1.0 1530
1764671054435 1.0 1535
1764671089007 1.0 1540
1764671123584 1.0 1545
1764671158365 1.0 1550
1764671192930 1.0 1555
1764671227480 1.0 1560
1764671262131 1.0 1565
1764671296607 1.0 1570
1764671331420 1.0 1575
1764671366036 1.0 1580
1764671400608 1.0 1585
1764671435294 1.0 1590
1764671469830 1.0 1595
1764671504514 1.0 1600
1764671539037 1.0 1605
1764671573595 1.0 1610
1764671608515 1.0 1615
1764671643028 1.0 1620
1764671677653 1.0 1625
1764671712309 1.0 1630
1764671746782 1.0 1635
1764671781499 1.0 1640
1764671815928 1.0 1645
1764671850522 1.0 1650
1764671885167 1.0 1655
1764671919680 1.0 1660
1764671954477 1.0 1665
1764671989164 1.0 1670
1764672023634 1.0 1675
1764672058244 1.0 1680
1764672092753 1.0 1685
1764672127364 1.0 1690
1764672162006 1.0 1695
1764672196420 1.0 1700
1764672231138 1.0 1705
1764672265655 1.0 1710
1764672300294 1.0 1715
1764672335007 1.0 1720
1764672369454 1.0 1725
1764672404213 1.0 1730
1764672438854 1.0 1735
1764672473397 1.0 1740
1764672508070 1.0 1745
1764672542654 1.0 1750
1764672598114 1.0 1755
1764672633526 1.0 1760
1764672668505 1.0 1765
1764672703198 1.0 1770
1764672737906 1.0 1775
1764672772520 1.0 1780
1764672807297 1.0 1785
1764672841841 1.0 1790
1764672876550 1.0 1795
1764672911115 1.0 1800
1764672945602 1.0 1805
1764672980252 1.0 1810
1764673015049 1.0 1815
1764673049569 1.0 1820
1764673084242 1.0 1825
1764673118741 1.0 1830
1764673153505 1.0 1835
1764673188141 1.0 1840
1764673222688 1.0 1845
1764673257445 1.0 1850
1764673292114 1.0 1855
1764673326800 1.0 1860
1764673361492 1.0 1865
1764673396061 1.0 1870
1764673430753 1.0 1875
1764673465434 1.0 1880
1764673500046 1.0 1885
1764673534609 1.0 1890
1764673569190 1.0 1895
1764673603847 1.0 1900
1764673638445 1.0 1905
1764673673045 1.0 1910
1764673707783 1.0 1915
1764673742370 1.0 1920
1764673777036 1.0 1925
1764673811940 1.0 1930
1764673846575 1.0 1935
1764673881512 1.0 1940
1764673916163 1.0 1945
1764673950722 1.0 1950
1764673985639 1.0 1955
1764674020137 1.0 1960
1764674054882 1.0 1965
1764674089677 1.0 1970
1764674124361 1.0 1975
1764674159181 1.0 1980
1764674193903 1.0 1985
1764674228621 1.0 1990
1764674263489 1.0 1995
1764674350831 1.0 2005
1764674386156 1.0 2010
1764674421275 1.0 2015
1764674455891 1.0 2020
1764674490668 1.0 2025
1764674525479 1.0 2030
1764674560220 1.0 2035
1764674594901 1.0 2040
1764674629611 1.0 2045
1764674664261 1.0 2050
1764674699103 1.0 2055
1764674733801 1.0 2060
1764674768593 1.0 2065
1764674803565 1.0 2070
1764674838316 1.0 2075
1764674872897 1.0 2080
1764674907600 1.0 2085
1764674942574 1.0 2090
1764674977232 1.0 2095
1764675011872 1.0 2100
1764675046375 1.0 2105
1764675081265 1.0 2110
1764675116118 1.0 2115
1764675150757 1.0 2120
1764675185455 1.0 2125
1764675220201 1.0 2130
1764675255148 1.0 2135
1764675289832 1.0 2140
1764675324466 1.0 2145
1764675359121 1.0 2150
1764675393810 1.0 2155
1764675428625 1.0 2160
1764675463380 1.0 2165
1764675498001 1.0 2170
1764675532767 1.0 2175
1764675567465 1.0 2180
1764675602270 1.0 2185
1764675636928 1.0 2190
1764675671654 1.0 2195
1764675706470 1.0 2200
1764675741380 1.0 2205
1764675776011 1.0 2210
1764675810687 1.0 2215
1764675845594 1.0 2220
1764675880397 1.0 2225
1764675915165 1.0 2230
1764675949904 1.0 2235
1764675984991 1.0 2240
1764676019714 1.0 2245
1764676054662 1.0 2250
1764676107069 1.0 2255
1764676142592 1.0 2260
1764676178116 1.0 2265
1764676212993 1.0 2270
1764676247625 1.0 2275
1764676282230 1.0 2280
1764676317000 1.0 2285
1764676351987 1.0 2290
1764676386544 1.0 2295
1764676421449 1.0 2300
1764676456069 1.0 2305
1764676490866 1.0 2310
1764676525767 1.0 2315
1764676560362 1.0 2320
1764676595013 1.0 2325
1764676629773 1.0 2330
1764676664436 1.0 2335
1764676699309 1.0 2340
1764676734112 1.0 2345
1764676768789 1.0 2350
1764676803683 1.0 2355
1764676838193 1.0 2360
1764676872949 1.0 2365
1764676907517 1.0 2370
1764676942027 1.0 2375
1764676976923 1.0 2380
1764677011379 1.0 2385
1764677046049 1.0 2390
1764677080835 1.0 2395
1764677115240 1.0 2400
1764677149870 1.0 2405
1764677184360 1.0 2410
1764677218965 1.0 2415
1764677253738 1.0 2420
1764677288283 1.0 2425
1764677322869 1.0 2430
1764677357346 1.0 2435
1764677392046 1.0 2440
1764677426778 1.0 2445
1764677461333 1.0 2450
1764677495930 1.0 2455
1764677530451 1.0 2460
1764677564958 1.0 2465
1764677599672 1.0 2470
1764677634159 1.0 2475
1764677668774 1.0 2480
1764677703616 1.0 2485
1764677738120 1.0 2490
1764677772746 1.0 2495
1764677807321 1.0 2500
