1764660343598 0.419921875 5
1764660377876 0.408203125 10
1764660412356 0.2421875 15
1764660446905 0.1650390625 20
1764660481414 0.1796875 25
1764660516037 0.150390625 30
1764660550342 0.16796875 35
1764660584787 0.166015625 40
1764660619328 0.1572265625 45
1764660653616 0.1474609375 50
1764660688161 0.154296875 55
1764660722559 0.13671875 60
1764660757015 0.166015625 65
1764660791468 0.1689453125 70
1764660825907 0.138671875 75
1764660860400 0.1396484375 80
1764660895032 0.12890625 85
1764660929437 0.130859375 90
1764660964071 0.146484375 95
1764660998332 0.1708984375 100
1764661032957 0.1337890625 105
1764661067473 0.14453125 110
1764661101847 0.13671875 115
1764661136436 0.1279296875 120
1764661170969 0.146484375 125
1764661205519 0.1611328125 130
1764661240135 0.140625 135
1764661274582 0.1552734375 140
1764661309128 0.13671875 145
1764661343740 0.138671875 150
1764661378231 0.14453125 155
1764661412877 0.1396484375 160
1764661447246 0.1650390625 165
1764661481936 0.1357421875 170
1764661516497 0.1572265625 175
1764661550985 0.1279296875 180
1764661585720 0.1259765625 185
1764661620155 0.15234375 190
1764661654757 0.1396484375 195
1764661689379 0.1474609375 200
1764661723812 0.146484375 205
1764661758393 0.1513671875 210
1764661792890 0.1552734375 215
1764661827418 0.1357421875 220
1764661862082 0.142578125 225
1764661896369 0.15234375 230
1764661930907 0.140625 235
1764661965402 0.1533203125 240
1764661999818 0.158203125 245
1764662034401 0.16015625 250
1764662089488 0.13671875 255
1764662124695 0.1689453125 260
1764662159706 0.146484375 265
1764662194030 0.146484375 270
1764662228636 0.1533203125 275
1764662263042 0.1484375 280
1764662297725 0.1455078125 285
1764662332541 0.15234375 290
1764662366901 0.166015625 295
1764662401595 0.1298828125 300
1764662436179 0.146484375 305
1764662470644 0.1494140625 310
1764662505263 0.1435546875 315
1764662539577 0.1552734375 320
1764662574271 0.1494140625 325
1764662609068 0.1484375 330
1764662643512 0.166015625 335
1764662678230 0.177734375 340
1764662712529 0.166015625 345
1764662747112 0.1376953125 350
1764662781798 0.16015625 355
1764662816234 0.1484375 360
1764662850892 0.1533203125 365
1764662885299 0.154296875 370
1764662919940 0.16015625 375
1764662954688 0.15625 380
1764662988998 0.16015625 385
1764663023707 0.162109375 390
1764663058262 0.158203125 395
1764663092690 0.14453125 400
1764663127420 0.1591796875 405
1764663161913 0.150390625 410
1764663196569 0.1552734375 415
1764663231222 0.16015625 420
1764663265656 0.158203125 425
1764663300319 0.177734375 430
1764663334790 0.1630859375 435
1764663369249 0.15625 440
1764663403889 0.1533203125 445
1764663438351 0.1474609375 450
1764663473244 0.146484375 455
1764663507884 0.150390625 460
1764663542429 0.166015625 465
1764663577114 0.15625 470
1764663611503 0.1474609375 475
1764663646208 0.16015625 480
1764663680864 0.1474609375 485
1764663715203 0.14453125 490
1764663749900 0.1396484375 495
1764663784466 0.162109375 500
1764663839852 0.1630859375 505
1764663875128 0.1689453125 510
1764663910042 0.1728515625 515
1764663944787 0.1572265625 520
1764663979258 0.1611328125 525
1764664013922 0.169921875 530
1764664048622 0.171875 535
1764664083016 0.1611328125 540
1764664117673 0.173828125 545
1764664152162 0.1572265625 550
1764664186674 0.1572265625 555
1764664221374 0.17578125 560
1764664255905 0.16015625 565
1764664290379 0.1650390625 570
1764664325000 0.1455078125 575
1764664359436 0.1630859375 580
1764664394181 0.1767578125 585
1764664428715 0.171875 590
1764664463277 0.1728515625 595
1764664498046 0.162109375 600
1764664532448 0.1826171875 605
1764664567189 0.1826171875 610
1764664601723 0.146484375 615
1764664636217 0.169921875 620
1764664670840 0.169921875 625
1764664705250 0.1962890625 630
1764664739842 0.1689453125 635
1764664774454 0.154296875 640
1764664808912 0.171875 645
1764664843592 0.1630859375 650
1764664877943 0.1806640625 655
1764664912631 0.1513671875 660
1764664947199 0.16015625 665
1764664981782 0.162109375 670
1764665016565 0.1611328125 675
1764665051177 0.171875 680
1764665085802 0.1748046875 685
1764665120300 0.1640625 690
1764665154848 0.173828125 695
1764665189344 0.162109375 700
1764665223852 0.1708984375 705
1764665258431 0.181640625 710
1764665293074 0.1669921875 715
1764665327718 0.1845703125 720
1764665362291 0.17578125 725
1764665396652 0.17578125 730
1764665431207 0.1748046875 735
1764665465859 0.1748046875 740
1764665500487 0.1552734375 745
1764665535016 0.1904296875 750
1764665590589 0.1728515625 755
1764665625795 0.1728515625 760
1764665661024 0.166015625 765
1764665695609 0.1708984375 770
1764665730203 0.181640625 775
1764665764842 0.15625 780
1764665799515 0.1865234375 785
1764665834035 0.1845703125 790
1764665868635 0.1875 795
1764665903142 0.1689453125 800
1764665937783 0.1865234375 805
1764665972450 0.185546875 810
1764666006946 0.1982421875 815
1764666041471 0.19921875 820
1764666076061 0.173828125 825
1764666110823 0.189453125 830
1764666145402 0.18359375 835
1764666179937 0.18359375 840
1764666214583 0.181640625 845
1764666249133 0.1943359375 850
1764666283814 0.1953125 855
1764666318333 0.1708984375 860
1764666352949 0.169921875 865
1764666387760 0.1728515625 870
1764666422299 0.1875 875
1764666456918 0.1669921875 880
1764666491389 0.220703125 885
1764666525951 0.189453125 890
1764666560648 0.1865234375 895
1764666595155 0.1943359375 900
1764666629855 0.1884765625 905
1764666664415 0.197265625 910
1764666699239 0.189453125 915
1764666733803 0.2021484375 920
1764666768338 0.1923828125 925
1764666802918 0.18359375 930
1764666837757 0.2109375 935
1764666872351 0.1708984375 940
1764666906863 0.1923828125 945
1764666941323 0.1875 950
1764666976018 0.17578125 955
1764667010605 0.1669921875 960
1764667045154 0.19140625 965
1764667079581 0.212890625 970
1764667114209 0.2119140625 975
1764667148863 0.2060546875 980
1764667183370 0.185546875 985
1764667217781 0.18359375 990
1764667252367 0.19921875 995
1764667286845 0.18359375 1000
1764667342141 0.1943359375 1005
1764667377317 0.177734375 1010
1764667412342 0.201171875 1015
1764667446860 0.208984375 1020
1764667481474 0.1953125 1025
1764667515931 0.189453125 1030
1764667550530 0.173828125 1035
1764667585340 0.1845703125 1040
1764667619870 0.1943359375 1045
1764667654412 0.1875 1050
1764667688964 0.197265625 1055
1764667723572 0.1845703125 1060
1764667758217 0.181640625 1065
1764667792651 0.1943359375 1070
1764667827196 0.1923828125 1075
1764667861669 0.20703125 1080
1764667896348 0.181640625 1085
1764667930877 0.1982421875 1090
1764667965333 0.189453125 1095
1764667999922 0.1796875 1100
1764668034505 0.208984375 1105
1764668069036 0.19921875 1110
1764668103585 0.212890625 1115
1764668138029 0.17578125 1120
1764668172675 0.2119140625 1125
1764668207223 0.1943359375 1130
1764668241682 0.1796875 1135
1764668276293 0.19140625 1140
1764668311088 0.185546875 1145
1764668345583 0.2109375 1150
1764668380158 0.201171875 1155
1764668414806 0.20703125 1160
1764668449272 0.19921875 1165
1764668483961 0.2109375 1170
1764668518555 0.2197265625 1175
1764668553030 0.2021484375 1180
1764668587499 0.173828125 1185
1764668622048 0.2080078125 1190
1764668656685 0.20703125 1195
1764668691215 0.2177734375 1200
1764668725719 0.181640625 1205
1764668760253 0.1904296875 1210
1764668794988 0.205078125 1215
1764668829571 0.21484375 1220
1764668864105 0.197265625 1225
1764668898693 0.21875 1230
1764668933357 0.193359375 1235
1764668968123 0.2236328125 1240
1764669002660 0.203125 1245
1764669037273 0.1962890625 1250
1764669092721 0.2060546875 1255
1764669127942 0.197265625 1260
1764669163017 0.2060546875 1265
1764669197599 0.2109375 1270
1764669232083 0.20703125 1275
1764669266866 0.197265625 1280
1764669301334 0.2119140625 1285
1764669335892 0.21484375 1290
1764669370532 0.2197265625 1295
1764669405037 0.1904296875 1300
1764669439794 0.216796875 1305
1764669474343 0.2041015625 1310
1764669508869 0.1962890625 1315
1764669543565 0.2177734375 1320
1764669578113 0.2177734375 1325
1764669612844 0.2099609375 1330
1764669647439 0.1953125 1335
1764669682018 0.2041015625 1340
1764669716696 0.251953125 1345
1764669751175 0.2060546875 1350
1764669785785 0.189453125 1355
1764669820386 0.22265625 1360
1764669854850 0.212890625 1365
1764669889662 0.2080078125 1370
1764669924348 0.201171875 1375
1764669958928 0.24609375 1380
1764669993551 0.23046875 1385
1764670028227 0.2060546875 1390
1764670062957 0.2158203125 1395
1764670097523 0.2080078125 1400
1764670132045 0.232421875 1405
1764670166757 0.2216796875 1410
1764670201192 0.2265625 1415
1764670235983 0.2197265625 1420
1764670270517 0.2021484375 1425
1764670305216 0.2109375 1430
1764670339981 0.2138671875 1435
1764670374618 0.216796875 1440
1764670409324 0.1904296875 1445
1764670444011 0.2021484375 1450
1764670478423 0.2041015625 1455
1764670513200 0.251953125 1460
1764670547833 0.1953125 1465
1764670582373 0.21484375 1470
1764670617021 0.234375 1475
1764670651528 0.224609375 1480
1764670686227 0.248046875 1485
1764670720977 0.2109375 1490
1764670755578 0.216796875 1495
1764670790200 0.2294921875 1500
1764670845831 0.2138671875 1505
1764670880989 0.2333984375 1510
1764670916012 0.22265625 1515
1764670950483 0.240234375 1520
1764670985215 0.21484375 1525
1764671019949 0.224609375 1530
1764671054435 0.2138671875 1535
1764671089007 0.2333984375 1540
1764671123584 0.2197265625 1545
1764671158365 0.1982421875 1550
1764671192930 0.23046875 1555
1764671227480 0.2314453125 1560
1764671262131 0.228515625 1565
1764671296607 0.2216796875 1570
1764671331420 0.2275390625 1575
1764671366036 0.2158203125 1580
1764671400608 0.2353515625 1585
1764671435294 0.2216796875 1590
1764671469830 0.2255859375 1595
1764671504514 0.2041015625 1600
1764671539037 0.208984375 1605
1764671573595 0.2314453125 1610
1764671608515 0.21875 1615
1764671643028 0.2314453125 1620
1764671677653 0.2197265625 1625
1764671712309 0.2353515625 1630
1764671746782 0.2421875 1635
1764671781499 0.23046875 1640
1764671815928 0.2099609375 1645
1764671850522 0.2294921875 1650
1764671885167 0.2333984375 1655
1764671919680 0.2021484375 1660
1764671954477 0.265625 1665
1764671989164 0.2138671875 1670
1764672023634 0.236328125 1675
1764672058244 0.228515625 1680
1764672092753 0.2060546875 1685
1764672127364 0.2275390625 1690
1764672162006 0.255859375 1695
1764672196420 0.22265625 1700
1764672231138 0.21875 1705
1764672265655 0.2216796875 1710
1764672300294 0.2216796875 1715
1764672335007 0.203125 1720
1764672369454 0.20703125 1725
1764672404213 0.2353515625 1730
1764672438854 0.2265625 1735
1764672473397 0.224609375 1740
1764672508070 0.2275390625 1745
1764672542654 0.224609375 1750
1764672598114 0.20703125 1755
1764672633526 0.236328125 1760
1764672668505 0.2236328125 1765
1764672703198 0.203125 1770
1764672737906 0.21875 1775
1764672772520 0.2265625 1780
1764672807297 0.2373046875 1785
1764672841841 0.232421875 1790
1764672876550 0.220703125 1795
1764672911115 0.234375 1800
1764672945602 0.234375 1805
1764672980252 0.2421875 1810
1764673015049 0.2490234375 1815
1764673049569 0.224609375 1820
1764673084242 0.232421875 1825
1764673118741 0.2333984375 1830
1764673153505 0.1923828125 1835
1764673188141 0.2294921875 1840
1764673222688 0.234375 1845
1764673257445 0.21875 1850
1764673292114 0.220703125 1855
1764673326800 0.232421875 1860
1764673361492 0.21484375 1865
1764673396061 0.2333984375 1870
1764673430753 0.25390625 1875
1764673465434 0.236328125 1880
1764673500046 0.234375 1885
1764673534609 0.228515625 1890
1764673569190 0.2138671875 1895
1764673603847 0.21875 1900
1764673638445 0.255859375 1905
1764673673045 0.251953125 1910
1764673707783 0.2236328125 1915
1764673742370 0.25390625 1920
1764673777036 0.244140625 1925
1764673811940 0.232421875 1930
1764673846575 0.2216796875 1935
1764673881512 0.21875 1940
1764673916163 0.2275390625 1945
1764673950722 0.232421875 1950
1764673985639 0.21484375 1955
1764674020137 0.2275390625 1960
1764674054882 0.2236328125 1965
1764674089677 0.216796875 1970
1764674124361 0.244140625 1975
1764674159181 0.228515625 1980
1764674193903 0.2275390625 1985
1764674228621 0.2177734375 1990
1764674263489 0.22265625 1995
1764674350831 0.21484375 2005
1764674386156 0.21484375 2010
1764674421275 0.2216796875 2015
1764674455891 0.236328125 2020
1764674490668 0.2197265625 2025
1764674525479 0.2265625 2030
1764674560220 0.2294921875 2035
1764674594901 0.2265625 2040
1764674629611 0.2431640625 2045
1764674664261 0.22265625 2050
1764674699103 0.2314453125 2055
1764674733801 0.2314453125 2060
1764674768593 0.2236328125 2065
1764674803565 0.228515625 2070
1764674838316 0.2392578125 2075
1764674872897 0.24609375 2080
1764674907600 0.232421875 2085
1764674942574 0.224609375 2090
1764674977232 0.2158203125 2095
1764675011872 0.2197265625 2100
1764675046375 0.21875 2105
1764675081265 0.240234375 2110
1764675116118 0.220703125 2115
1764675150757 0.259765625 2120
1764675185455 0.2314453125 2125
1764675220201 0.2197265625 2130
1764675255148 0.2275390625 2135
1764675289832 0.2490234375 2140
1764675324466 0.21484375 2145
1764675359121 0.2275390625 2150
1764675393810 0.236328125 2155
1764675428625 0.2294921875 2160
1764675463380 0.2099609375 2165
1764675498001 0.2236328125 2170
1764675532767 0.21875 2175
1764675567465 0.21875 2180
1764675602270 0.2451171875 2185
1764675636928 0.2041015625 2190
1764675671654 0.19921875 2195
1764675706470 0.251953125 2200
1764675741380 0.228515625 2205
1764675776011 0.2255859375 2210
1764675810687 0.2578125 2215
1764675845594 0.2099609375 2220
1764675880397 0.2470703125 2225
1764675915165 0.2412109375 2230
1764675949904 0.220703125 2235
1764675984991 0.2412109375 2240
1764676019714 0.203125 2245
1764676054662 0.2275390625 2250
1764676107069 0.224609375 2255
1764676142592 0.216796875 2260
1764676178116 0.23046875 2265
1764676212993 0.224609375 2270
1764676247625 0.2236328125 2275
1764676282230 0.240234375 2280
1764676317000 0.2451171875 2285
1764676351987 0.228515625 2290
1764676386544 0.236328125 2295
1764676421449 0.2177734375 2300
1764676456069 0.2138671875 2305
1764676490866 0.2177734375 2310
1764676525767 0.2353515625 2315
1764676560362 0.2197265625 2320
1764676595013 0.2255859375 2325
1764676629773 0.22265625 2330
1764676664436 0.232421875 2335
1764676699309 0.25390625 2340
1764676734112 0.2099609375 2345
1764676768789 0.21484375 2350
1764676803683 0.255859375 2355
1764676838193 0.228515625 2360
1764676872949 0.2353515625 2365
1764676907517 0.2392578125 2370
1764676942027 0.2001953125 2375
1764676976923 0.2421875 2380
1764677011379 0.244140625 2385
1764677046049 0.240234375 2390
1764677080835 0.2314453125 2395
1764677115240 0.2216796875 2400
1764677149870 0.2255859375 2405
1764677184360 0.23828125 2410
1764677218965 0.25390625 2415
1764677253738 0.224609375 2420
1764677288283 0.24609375 2425
1764677322869 0.2060546875 2430
1764677357346 0.2451171875 2435
1764677392046 0.2197265625 2440
1764677426778 0.236328125 2445
1764677461333 0.2431640625 2450
1764677495930 0.255859375 2455
1764677530451 0.265625 2460
1764677564958 0.248046875 2465
1764677599672 0.2578125 2470
1764677634159 0.2490234375 2475
1764677668774 0.2138671875 2480
1764677703616 0.2177734375 2485
1764677738120 0.21484375 2490
1764677772746 0.212890625 2495
1764677807321 0.212890625 2500
