1764660343598 1.232421875 5
1764660377876 1.40234375 10
1764660412356 1.14453125 15
1764660446905 1.041015625 20
1764660481414 1.107421875 25
1764660516037 1.021484375 30
1764660550342 1.150390625 35
1764660584787 1.162109375 40
1764660619328 1.12890625 45
1764660653616 1.1220703125 50
1764660688161 1.056640625 55
1764660722559 1.12890625 60
1764660757015 1.0859375 65
1764660791468 1.15234375 70
1764660825907 1.03125 75
1764660860400 1.0234375 80
1764660895032 0.994140625 85
1764660929437 1.078125 90
1764660964071 1.0205078125 95
1764660998332 1.0634765625 100
1764661032957 1.05859375 105
1764661067473 1.138671875 110
1764661101847 1.0458984375 115
1764661136436 1.0390625 120
1764661170969 0.9814453125 125
1764661205519 1.20703125 130
1764661240135 1.103515625 135
1764661274582 1.0546875 140
1764661309128 1.08203125 145
1764661343740 1.021484375 150
1764661378231 1.119140625 155
1764661412877 1.14453125 160
1764661447246 1.076171875 165
1764661481936 1.017578125 170
1764661516497 1.080078125 175
1764661550985 1.091796875 180
1764661585720 1.0546875 185
1764661620155 1.1953125 190
1764661654757 1.0390625 195
1764661689379 0.9931640625 200
1764661723812 1.05078125 205
1764661758393 1.142578125 210
1764661792890 1.126953125 215
1764661827418 0.986328125 220
1764661862082 1.0146484375 225
1764661896369 1.0078125 230
1764661930907 1.09765625 235
1764661965402 1.09375 240
1764661999818 1.1640625 245
1764662034401 1.072265625 250
1764662089488 1.05078125 255
1764662124695 1.064453125 260
1764662159706 1.0859375 265
1764662194030 1.02734375 270
1764662228636 1.0576171875 275
1764662263042 1.07421875 280
1764662297725 1.1064453125 285
1764662332541 0.9599609375 290
1764662366901 1.056640625 295
1764662401595 0.98046875 300
1764662436179 1.001953125 305
1764662470644 0.9599609375 310
1764662505263 1.03515625 315
1764662539577 1.048828125 320
1764662574271 1.009765625 325
1764662609068 0.9775390625 330
1764662643512 1.11328125 335
1764662678230 1.0205078125 340
1764662712529 1.138671875 345
1764662747112 0.99609375 350
1764662781798 1.08203125 355
1764662816234 1.060546875 360
1764662850892 0.9951171875 365
1764662885299 1.021484375 370
1764662919940 1.08984375 375
1764662954688 1.037109375 380
1764662988998 0.9736328125 385
1764663023707 0.955078125 390
1764663058262 0.951171875 395
1764663092690 0.9453125 400
1764663127420 0.8525390625 405
1764663161913 1.015625 410
1764663196569 0.97265625 415
1764663231222 1.0048828125 420
1764663265656 1.0087890625 425
1764663300319 0.97265625 430
1764663334790 1.0263671875 435
1764663369249 0.9599609375 440
1764663403889 0.974609375 445
1764663438351 1.0322265625 450
1764663473244 1.017578125 455
1764663507884 0.94140625 460
1764663542429 0.9853515625 465
1764663577114 0.9775390625 470
1764663611503 0.92578125 475
1764663646208 1.0390625 480
1764663680864 0.9951171875 485
1764663715203 0.9287109375 490
1764663749900 0.9482421875 495
1764663784466 1.01953125 500
1764663839852 0.900390625 505
1764663875128 0.9716796875 510
1764663910042 1.03515625 515
1764663944787 1.12109375 520
1764663979258 1.05859375 525
1764664013922 0.87890625 530
1764664048622 0.927734375 535
1764664083016 0.9501953125 540
1764664117673 0.984375 545
1764664152162 1.01171875 550
1764664186674 1.015625 555
1764664221374 0.9384765625 560
1764664255905 0.912109375 565
1764664290379 1.021484375 570
1764664325000 0.9892578125 575
1764664359436 0.908203125 580
1764664394181 0.9736328125 585
1764664428715 0.994140625 590
1764664463277 1.03515625 595
1764664498046 0.9892578125 600
1764664532448 0.978515625 605
1764664567189 0.98828125 610
1764664601723 0.9326171875 615
1764664636217 0.9912109375 620
1764664670840 0.9453125 625
1764664705250 0.9443359375 630
1764664739842 0.94140625 635
1764664774454 0.8857421875 640
1764664808912 0.96875 645
1764664843592 0.9775390625 650
1764664877943 0.966796875 655
1764664912631 0.822265625 660
1764664947199 1.068359375 665
1764664981782 0.9638671875 670
1764665016565 0.876953125 675
1764665051177 0.91796875 680
1764665085802 1.255859375 685
1764665120300 0.931640625 690
1764665154848 1.05078125 695
1764665189344 0.91796875 700
1764665223852 1.021484375 705
1764665258431 0.9990234375 710
1764665293074 0.9775390625 715
1764665327718 1.009765625 720
1764665362291 1.0302734375 725
1764665396652 0.9970703125 730
1764665431207 0.9453125 735
1764665465859 0.93359375 740
1764665500487 0.912109375 745
1764665535016 1.064453125 750
1764665590589 1.0556640625 755
1764665625795 0.984375 760
1764665661024 0.8828125 765
1764665695609 0.8349609375 770
1764665730203 0.9375 775
1764665764842 0.8662109375 780
1764665799515 0.8916015625 785
1764665834035 0.9072265625 790
1764665868635 0.833984375 795
1764665903142 0.861328125 800
1764665937783 0.966796875 805
1764665972450 0.9658203125 810
1764666006946 1.0703125 815
1764666041471 0.9677734375 820
1764666076061 0.890625 825
1764666110823 0.96875 830
1764666145402 0.96875 835
1764666179937 0.9462890625 840
1764666214583 0.8076171875 845
1764666249133 0.8984375 850
1764666283814 0.822265625 855
1764666318333 0.86328125 860
1764666352949 0.9970703125 865
1764666387760 0.8701171875 870
1764666422299 1.005859375 875
1764666456918 0.93359375 880
1764666491389 1.0419921875 885
1764666525951 0.9111328125 890
1764666560648 0.962890625 895
1764666595155 0.9638671875 900
1764666629855 0.791015625 905
1764666664415 0.9248046875 910
1764666699239 1.126953125 915
1764666733803 0.9228515625 920
1764666768338 1.0625 925
1764666802918 1.0078125 930
1764666837757 0.935546875 935
1764666872351 1.0390625 940
1764666906863 1.0478515625 945
1764666941323 0.8935546875 950
1764666976018 0.8984375 955
1764667010605 0.9501953125 960
1764667045154 1.0390625 965
1764667079581 1.0703125 970
1764667114209 0.9755859375 975
1764667148863 0.97265625 980
1764667183370 0.876953125 985
1764667217781 0.916015625 990
1764667252367 0.966796875 995
1764667286845 0.94921875 1000
1764667342141 0.919921875 1005
1764667377317 0.931640625 1010
1764667412342 0.970703125 1015
1764667446860 0.9033203125 1020
1764667481474 0.8115234375 1025
1764667515931 0.8720703125 1030
1764667550530 1.025390625 1035
1764667585340 0.875 1040
1764667619870 0.9541015625 1045
1764667654412 0.818359375 1050
1764667688964 0.8798828125 1055
1764667723572 0.8876953125 1060
1764667758217 0.80859375 1065
1764667792651 0.994140625 1070
1764667827196 0.892578125 1075
1764667861669 1.013671875 1080
1764667896348 0.888671875 1085
1764667930877 0.8115234375 1090
1764667965333 0.8408203125 1095
1764667999922 0.7763671875 1100
1764668034505 0.822265625 1105
1764668069036 0.916015625 1110
1764668103585 1.0166015625 1115
1764668138029 0.833984375 1120
1764668172675 0.955078125 1125
1764668207223 0.8046875 1130
1764668241682 0.744140625 1135
1764668276293 0.9169921875 1140
1764668311088 0.9580078125 1145
1764668345583 0.923828125 1150
1764668380158 0.919921875 1155
1764668414806 0.90625 1160
1764668449272 0.9462890625 1165
1764668483961 0.8662109375 1170
1764668518555 1.0078125 1175
1764668553030 1.0029296875 1180
1764668587499 0.861328125 1185
1764668622048 0.75 1190
1764668656685 0.8583984375 1195
1764668691215 0.888671875 1200
1764668725719 0.9931640625 1205
1764668760253 0.8115234375 1210
1764668794988 0.8876953125 1215
1764668829571 0.896484375 1220
1764668864105 0.884765625 1225
1764668898693 0.947265625 1230
1764668933357 0.8310546875 1235
1764668968123 0.8857421875 1240
1764669002660 0.958984375 1245
1764669037273 0.8720703125 1250
1764669092721 0.859375 1255
1764669127942 0.900390625 1260
1764669163017 0.955078125 1265
1764669197599 0.8955078125 1270
1764669232083 0.8876953125 1275
1764669266866 0.875 1280
1764669301334 0.951171875 1285
1764669335892 0.900390625 1290
1764669370532 0.9267578125 1295
1764669405037 0.9208984375 1300
1764669439794 0.9482421875 1305
1764669474343 0.830078125 1310
1764669508869 0.9150390625 1315
1764669543565 0.8916015625 1320
1764669578113 0.9404296875 1325
1764669612844 1.072265625 1330
1764669647439 0.81640625 1335
1764669682018 0.951171875 1340
1764669716696 1.0 1345
1764669751175 0.849609375 1350
1764669785785 0.7919921875 1355
1764669820386 0.861328125 1360
1764669854850 1.015625 1365
1764669889662 0.9716796875 1370
1764669924348 0.873046875 1375
1764669958928 0.8623046875 1380
1764669993551 0.9580078125 1385
1764670028227 0.919921875 1390
1764670062957 0.94140625 1395
1764670097523 0.783203125 1400
1764670132045 1.0234375 1405
1764670166757 0.814453125 1410
1764670201192 0.951171875 1415
1764670235983 0.7734375 1420
1764670270517 0.859375 1425
1764670305216 0.833984375 1430
1764670339981 0.80859375 1435
1764670374618 0.869140625 1440
1764670409324 0.9130859375 1445
1764670444011 0.638671875 1450
1764670478423 0.8564453125 1455
1764670513200 0.857421875 1460
1764670547833 0.673828125 1465
1764670582373 0.880859375 1470
1764670617021 0.841796875 1475
1764670651528 0.8642578125 1480
1764670686227 0.9287109375 1485
1764670720977 0.7763671875 1490
1764670755578 0.8916015625 1495
1764670790200 0.8583984375 1500
1764670845831 0.841796875 1505
1764670880989 0.900390625 1510
1764670916012 0.900390625 1515
1764670950483 0.9638671875 1520
1764670985215 0.9111328125 1525
1764671019949 0.9248046875 1530
1764671054435 0.7998046875 1535
1764671089007 0.814453125 1540
1764671123584 0.8974609375 1545
1764671158365 0.736328125 1550
1764671192930 0.8779296875 1555
1764671227480 0.8740234375 1560
1764671262131 0.896484375 1565
1764671296607 0.9912109375 1570
1764671331420 0.876953125 1575
1764671366036 0.900390625 1580
1764671400608 0.810546875 1585
1764671435294 0.9169921875 1590
1764671469830 0.822265625 1595
1764671504514 0.6962890625 1600
1764671539037 0.890625 1605
1764671573595 0.9326171875 1610
1764671608515 0.880859375 1615
1764671643028 0.9130859375 1620
1764671677653 0.79296875 1625
1764671712309 0.9248046875 1630
1764671746782 0.8974609375 1635
1764671781499 0.8740234375 1640
1764671815928 0.67578125 1645
1764671850522 0.865234375 1650
1764671885167 0.9228515625 1655
1764671919680 0.974609375 1660
1764671954477 0.83203125 1665
1764671989164 0.9375 1670
1764672023634 0.80078125 1675
1764672058244 0.8740234375 1680
1764672092753 0.8271484375 1685
1764672127364 0.927734375 1690
1764672162006 1.03515625 1695
1764672196420 0.845703125 1700
1764672231138 0.796875 1705
1764672265655 0.919921875 1710
1764672300294 0.8310546875 1715
1764672335007 0.861328125 1720
1764672369454 0.86328125 1725
1764672404213 0.958984375 1730
1764672438854 0.9189453125 1735
1764672473397 0.91796875 1740
1764672508070 0.865234375 1745
1764672542654 0.791015625 1750
1764672598114 0.833984375 1755
1764672633526 0.9443359375 1760
1764672668505 0.8837890625 1765
1764672703198 0.9130859375 1770
1764672737906 0.826171875 1775
1764672772520 0.8232421875 1780
1764672807297 0.794921875 1785
1764672841841 0.9140625 1790
1764672876550 0.9248046875 1795
1764672911115 0.931640625 1800
1764672945602 0.8095703125 1805
1764672980252 0.876953125 1810
1764673015049 0.8251953125 1815
1764673049569 0.876953125 1820
1764673084242 0.8193359375 1825
1764673118741 0.82421875 1830
1764673153505 0.8046875 1835
1764673188141 0.822265625 1840
1764673222688 0.8828125 1845
1764673257445 0.9150390625 1850
1764673292114 0.783203125 1855
1764673326800 0.7861328125 1860
1764673361492 0.8134765625 1865
1764673396061 0.91796875 1870
1764673430753 1.068359375 1875
1764673465434 0.9482421875 1880
1764673500046 0.99609375 1885
1764673534609 0.759765625 1890
1764673569190 0.873046875 1895
1764673603847 0.8037109375 1900
1764673638445 0.8310546875 1905
1764673673045 1.046875 1910
1764673707783 0.8408203125 1915
1764673742370 0.96484375 1920
1764673777036 0.921875 1925
1764673811940 0.751953125 1930
1764673846575 0.8525390625 1935
1764673881512 0.908203125 1940
1764673916163 0.94140625 1945
1764673950722 0.8291015625 1950
1764673985639 0.8359375 1955
1764674020137 0.908203125 1960
1764674054882 0.869140625 1965
1764674089677 0.8291015625 1970
1764674124361 1.00390625 1975
1764674159181 0.8369140625 1980
1764674193903 0.91015625 1985
1764674228621 0.79296875 1990
1764674263489 0.8359375 1995
1764674350831 0.8193359375 2005
1764674386156 0.853515625 2010
1764674421275 0.8779296875 2015
1764674455891 0.8984375 2020
1764674490668 0.7060546875 2025
1764674525479 0.798828125 2030
1764674560220 0.9140625 2035
1764674594901 0.8017578125 2040
1764674629611 0.904296875 2045
1764674664261 0.818359375 2050
1764674699103 0.81640625 2055
1764674733801 0.9208984375 2060
1764674768593 1.017578125 2065
1764674803565 0.8828125 2070
1764674838316 0.94921875 2075
1764674872897 0.9033203125 2080
1764674907600 0.8759765625 2085
1764674942574 0.7802734375 2090
1764674977232 0.7998046875 2095
1764675011872 0.7822265625 2100
1764675046375 0.8740234375 2105
1764675081265 0.896484375 2110
1764675116118 0.8671875 2115
1764675150757 0.8662109375 2120
1764675185455 0.82421875 2125
1764675220201 0.8720703125 2130
1764675255148 0.9599609375 2135
1764675289832 0.9169921875 2140
1764675324466 0.8369140625 2145
1764675359121 0.865234375 2150
1764675393810 0.91796875 2155
1764675428625 0.8583984375 2160
1764675463380 0.8681640625 2165
1764675498001 0.859375 2170
1764675532767 0.861328125 2175
1764675567465 0.859375 2180
1764675602270 0.9140625 2185
1764675636928 0.7080078125 2190
1764675671654 0.927734375 2195
1764675706470 0.9267578125 2200
1764675741380 0.8369140625 2205
1764675776011 0.853515625 2210
1764675810687 0.826171875 2215
1764675845594 0.9052734375 2220
1764675880397 0.8896484375 2225
1764675915165 0.7900390625 2230
1764675949904 0.9189453125 2235
1764675984991 0.9931640625 2240
1764676019714 0.8828125 2245
1764676054662 0.77734375 2250
1764676107069 0.86328125 2255
1764676142592 0.7001953125 2260
1764676178116 0.9013671875 2265
1764676212993 0.7333984375 2270
1764676247625 0.888671875 2275
1764676282230 0.908203125 2280
1764676317000 0.9560546875 2285
1764676351987 0.830078125 2290
1764676386544 0.908203125 2295
1764676421449 0.822265625 2300
1764676456069 0.9677734375 2305
1764676490866 0.794921875 2310
1764676525767 0.8564453125 2315
1764676560362 0.791015625 2320
1764676595013 0.837890625 2325
1764676629773 0.990234375 2330
1764676664436 0.888671875 2335
1764676699309 0.8671875 2340
1764676734112 0.861328125 2345
1764676768789 0.978515625 2350
1764676803683 0.8095703125 2355
1764676838193 0.806640625 2360
1764676872949 0.833984375 2365
1764676907517 0.91796875 2370
1764676942027 0.8837890625 2375
1764676976923 0.8857421875 2380
1764677011379 1.03125 2385
1764677046049 0.84375 2390
1764677080835 0.8427734375 2395
1764677115240 0.7890625 2400
1764677149870 0.919921875 2405
1764677184360 0.890625 2410
1764677218965 0.9169921875 2415
1764677253738 0.845703125 2420
1764677288283 0.8623046875 2425
1764677322869 0.73046875 2430
1764677357346 0.8046875 2435
1764677392046 0.8447265625 2440
1764677426778 0.8017578125 2445
1764677461333 0.8515625 2450
1764677495930 0.8662109375 2455
1764677530451 0.8203125 2460
1764677564958 0.951171875 2465
1764677599672 0.8681640625 2470
1764677634159 0.8994140625 2475
1764677668774 0.9287109375 2480
1764677703616 0.826171875 2485
1764677738120 0.7822265625 2490
1764677772746 0.875 2495
1764677807321 0.787109375 2500
