1764887105264 0.421875 5
1764887127659 0.3359375 10
1764887150047 0.408203125 15
1764887172853 0.44921875 20
1764887195296 0.306640625 25
1764887217732 0.25390625 30
1764887240474 0.248046875 35
1764887262909 0.1748046875 40
1764887285416 0.173828125 45
1764887308057 0.1611328125 50
1764887330484 0.1474609375 55
1764887353038 0.1416015625 60
1764887375642 0.1455078125 65
1764887398072 0.130859375 70
1764887420825 0.138671875 75
1764887443271 0.123046875 80
1764887465692 0.1376953125 85
1764887488405 0.1513671875 90
1764887510830 0.146484375 95
1764887533286 0.130859375 100
1764887556063 0.1376953125 105
1764887578502 0.1416015625 110
1764887600933 0.1669921875 115
1764887623627 0.17578125 120
1764887646071 0.171875 125
1764887668489 0.1640625 130
1764887691207 0.2041015625 135
1764887713647 0.1748046875 140
1764887736075 0.189453125 145
1764887758775 0.2109375 150
1764887781215 0.201171875 155
1764887803670 0.1904296875 160
1764887826414 0.2001953125 165
1764887848804 0.2294921875 170
1764887871188 0.20703125 175
1764887893901 0.1943359375 180
1764887916326 0.19921875 185
1764887938844 0.189453125 190
1764887961503 0.2109375 195
1764887983947 0.193359375 200
1764888006482 0.228515625 205
1764888029081 0.2080078125 210
1764888051504 0.2109375 215
1764888074369 0.240234375 220
1764888096766 0.2138671875 225
1764888119155 0.22265625 230
1764888141883 0.2265625 235
1764888164269 0.2294921875 240
1764888186667 0.234375 245
1764888209408 0.2578125 250
1764888231855 0.2451171875 255
1764888254301 0.234375 260
1764888277011 0.255859375 265
1764888299416 0.236328125 270
1764888321816 0.2392578125 275
1764888344500 0.25390625 280
1764888366899 0.2392578125 285
1764888389275 0.279296875 290
1764888411998 0.28125 295
1764888434429 0.25390625 300
1764888456854 0.2373046875 305
1764888479659 0.240234375 310
1764888502115 0.25390625 315
1764888524523 0.259765625 320
1764888547313 0.2890625 325
1764888569717 0.263671875 330
1764888592272 0.25390625 335
1764888614878 0.267578125 340
1764888637275 0.30078125 345
1764888659795 0.3046875 350
1764888682430 0.27734375 355
1764888704843 0.30078125 360
1764888727568 0.294921875 365
1764888750017 0.314453125 370
1764888772464 0.279296875 375
1764888795225 0.27734375 380
1764888817644 0.263671875 385
1764888840099 0.279296875 390
1764888862995 0.2890625 395
1764888885453 0.29296875 400
1764888907914 0.28515625 405
1764888930768 0.283203125 410
1764888953193 0.287109375 415
1764888975588 0.3046875 420
1764888998417 0.283203125 425
1764889020848 0.3046875 430
1764889043286 0.2890625 435
1764889066113 0.24609375 440
1764889088574 0.287109375 445
1764889111002 0.359375 450
1764889133768 0.3203125 455
1764889156230 0.27734375 460
1764889178669 0.28125 465
1764889201491 0.28515625 470
1764889223980 0.26171875 475
1764889246550 0.287109375 480
1764889269213 0.263671875 485
1764889291647 0.326171875 490
1764889314226 0.287109375 495
1764889336901 0.3046875 500
1764889359371 0.28125 505
1764889382052 0.326171875 510
1764889404624 0.318359375 515
1764889427072 0.294921875 520
1764889449871 0.318359375 525
1764889472294 0.298828125 530
1764889494743 0.287109375 535
1764889517499 0.2734375 540
1764889539932 0.330078125 545
1764889562411 0.298828125 550
1764889585192 0.283203125 555
1764889607640 0.345703125 560
1764889630101 0.30859375 565
1764889652831 0.30859375 570
1764889675241 0.318359375 575
1764889697642 0.283203125 580
1764889720399 0.310546875 585
1764889742800 0.318359375 590
1764889765218 0.2734375 595
1764889787969 0.333984375 600
1764889810383 0.349609375 605
1764889832795 0.31640625 610
1764889855613 0.302734375 615
1764889878127 0.375 620
1764889900683 0.353515625 625
1764889923363 0.314453125 630
1764889945795 0.310546875 635
1764889968351 0.353515625 640
1764889991092 0.3125 645
1764890013530 0.322265625 650
1764890036217 0.333984375 655
1764890058772 0.330078125 660
1764890081223 0.328125 665
1764890103989 0.326171875 670
1764890126421 0.326171875 675
1764890148849 0.330078125 680
1764890171616 0.361328125 685
1764890194036 0.33203125 690
1764890216483 0.328125 695
1764890239268 0.30859375 700
1764890261715 0.31640625 705
1764890284160 0.314453125 710
1764890306979 0.310546875 715
1764890329451 0.3125 720
1764890351914 0.30859375 725
1764890374710 0.337890625 730
1764890397148 0.3046875 735
1764890419612 0.30078125 740
1764890442370 0.32421875 745
1764890464812 0.3046875 750
1764890487229 0.345703125 755
1764890510000 0.3359375 760
1764890532447 0.31640625 765
1764890555037 0.326171875 770
1764890577657 0.3671875 775
1764890600105 0.33984375 780
1764890622678 0.318359375 785
1764890645351 0.33203125 790
1764890667791 0.27734375 795
1764890690491 0.34375 800
1764890713052 0.34375 805
1764890735496 0.345703125 810
1764890758283 0.29296875 815
1764890780696 0.3203125 820
1764890803112 0.32421875 825
1764890825905 0.2890625 830
1764890858795 0.380859375 835
1764890881720 0.33984375 840
1764890904729 0.341796875 845
1764890927675 0.373046875 850
1764890950613 0.341796875 855
1764890973611 0.337890625 860
1764890996104 0.341796875 865
1764891018519 0.341796875 870
1764891041130 0.349609375 875
1764891063534 0.330078125 880
1764891085944 0.291015625 885
1764891108873 0.30078125 890
1764891131284 0.32421875 895
1764891153689 0.341796875 900
1764891176436 0.357421875 905
1764891198846 0.32421875 910
1764891221403 0.3203125 915
1764891244256 0.3203125 920
1764891266702 0.302734375 925
1764891289371 0.3046875 930
1764891311932 0.35546875 935
1764891334417 0.345703125 940
1764891357072 0.328125 945
1764891379749 0.310546875 950
1764891402161 0.33984375 955
1764891424814 0.337890625 960
1764891447257 0.345703125 965
1764891469663 0.337890625 970
1764891492478 0.376953125 975
1764891514886 0.349609375 980
1764891537283 0.3515625 985
1764891559964 0.369140625 990
1764891582405 0.33203125 995
1764891604857 0.318359375 1000
1764891627785 0.359375 1005
1764891650226 0.361328125 1010
1764891672648 0.34375 1015
1764891695385 0.326171875 1020
1764891717823 0.345703125 1025
1764891740249 0.33203125 1030
1764891763186 0.31640625 1035
1764891785617 0.333984375 1040
1764891808030 0.326171875 1045
1764891830758 0.337890625 1050
1764891853207 0.33203125 1055
1764891875736 0.294921875 1060
1764891898571 0.3203125 1065
1764891921019 0.384765625 1070
1764891943591 0.333984375 1075
1764891966155 0.337890625 1080
1764891988610 0.37890625 1085
1764892011267 0.34765625 1090
1764892034065 0.3515625 1095
1764892056504 0.3203125 1100
1764892079112 0.361328125 1105
1764892101671 0.35546875 1110
1764892124122 0.3359375 1115
1764892147145 0.36328125 1120
1764892169603 0.328125 1125
1764892192036 0.34765625 1130
1764892214791 0.330078125 1135
1764892237289 0.32421875 1140
1764892259747 0.3515625 1145
1764892282618 0.34765625 1150
1764892305032 0.337890625 1155
1764892327445 0.294921875 1160
1764892350113 0.341796875 1165
1764892372513 0.33203125 1170
1764892394927 0.3203125 1175
1764892417833 0.322265625 1180
1764892440294 0.373046875 1185
1764892462740 0.345703125 1190
1764892485471 0.330078125 1195
1764892507943 0.345703125 1200
1764892530527 0.32421875 1205
1764892553353 0.34375 1210
1764892575752 0.345703125 1215
1764892598366 0.3515625 1220
1764892620934 0.314453125 1225
1764892643363 0.337890625 1230
1764892666005 0.376953125 1235
1764892688670 0.44140625 1240
1764892711053 0.34375 1245
1764892733644 0.314453125 1250
1764892756254 0.345703125 1255
1764892778717 0.30859375 1260
1764892801480 0.328125 1265
1764892824030 0.357421875 1270
1764892846471 0.388671875 1275
1764892869082 0.326171875 1280
1764892891727 0.357421875 1285
1764892914139 0.373046875 1290
1764892937016 0.330078125 1295
1764892959482 0.345703125 1300
1764892981951 0.333984375 1305
1764893004721 0.392578125 1310
1764893027172 0.33984375 1315
1764893049590 0.306640625 1320
1764893072396 0.326171875 1325
1764893094790 0.310546875 1330
1764893117194 0.3359375 1335
1764893139924 0.341796875 1340
1764893162404 0.34765625 1345
1764893184970 0.337890625 1350
1764893207737 0.349609375 1355
1764893230178 0.34765625 1360
1764893252800 0.388671875 1365
1764893275417 0.349609375 1370
1764893297895 0.380859375 1375
1764893320562 0.341796875 1380
1764893343249 0.369140625 1385
1764893365689 0.345703125 1390
1764893388272 0.3359375 1395
1764893410829 0.34765625 1400
1764893433265 0.345703125 1405
1764893456044 0.32421875 1410
1764893478578 0.341796875 1415
1764893501027 0.337890625 1420
1764893523640 0.359375 1425
1764893546231 0.349609375 1430
1764893568703 0.376953125 1435
1764893591470 0.345703125 1440
1764893614003 0.3046875 1445
1764893636402 0.322265625 1450
1764893659056 0.35546875 1455
1764893681467 0.337890625 1460
1764893703901 0.345703125 1465
1764893726721 0.353515625 1470
1764893749189 0.3984375 1475
1764893771698 0.357421875 1480
1764893794438 0.318359375 1485
1764893816896 0.369140625 1490
1764893839436 0.35546875 1495
1764893862265 0.37109375 1500
1764893884712 0.35546875 1505
1764893907275 0.375 1510
1764893929831 0.365234375 1515
1764893952265 0.34375 1520
1764893974936 0.337890625 1525
1764893997650 0.341796875 1530
1764894020087 0.37109375 1535
1764894042999 0.384765625 1540
1764894065572 0.349609375 1545
1764894088021 0.3359375 1550
1764894110746 0.38671875 1555
1764894133296 0.3828125 1560
1764894155778 0.37890625 1565
1764894178372 0.345703125 1570
1764894200910 0.33984375 1575
1764894223360 0.34765625 1580
1764894246102 0.322265625 1585
1764894268693 0.33203125 1590
1764894291179 0.33984375 1595
1764894313922 0.34375 1600
1764894336410 0.318359375 1605
1764894358889 0.361328125 1610
1764894381759 0.328125 1615
1764894404220 0.35546875 1620
1764894426659 0.3125 1625
1764894449443 0.34375 1630
1764894471866 0.3984375 1635
1764894494439 0.33203125 1640
1764894517184 0.310546875 1645
1764894539638 0.361328125 1650
1764894562257 0.369140625 1655
1764894584925 0.5234375 1660
1764894607401 0.361328125 1665
1764894640912 0.365234375 1670
1764894663844 0.357421875 1675
1764894686809 0.345703125 1680
1764894710032 0.3359375 1685
1764894733007 0.328125 1690
1764894755849 0.36328125 1695
1764894778631 0.349609375 1700
1764894801171 0.41015625 1705
1764894823589 0.37109375 1710
1764894846431 0.369140625 1715
1764894868984 0.330078125 1720
1764894891464 0.357421875 1725
1764894914239 0.353515625 1730
1764894936782 0.33984375 1735
1764894959240 0.359375 1740
1764894982094 0.310546875 1745
1764895004613 0.333984375 1750
1764895027031 0.36328125 1755
1764895049851 0.318359375 1760
1764895072423 0.34375 1765
1764895094862 0.310546875 1770
1764895117657 0.392578125 1775
1764895140297 0.33203125 1780
1764895162826 0.341796875 1785
1764895185699 0.3203125 1790
1764895208163 0.361328125 1795
1764895230776 0.31640625 1800
1764895253598 0.333984375 1805
1764895276058 0.353515625 1810
1764895298719 0.34375 1815
1764895321485 0.380859375 1820
1764895343934 0.330078125 1825
1764895366707 0.361328125 1830
1764895389320 0.357421875 1835
1764895411730 0.353515625 1840
1764895434537 0.380859375 1845
1764895457110 0.36328125 1850
1764895479551 0.33984375 1855
1764895502280 0.40625 1860
1764895524923 0.3515625 1865
1764895547399 0.318359375 1870
1764895570230 0.328125 1875
1764895592984 0.333984375 1880
1764895615440 0.333984375 1885
1764895638176 0.419921875 1890
1764895660766 0.349609375 1895
1764895683306 0.380859375 1900
1764895706008 0.357421875 1905
1764895728498 0.35546875 1910
1764895751028 0.400390625 1915
1764895773613 0.390625 1920
1764895796237 0.37109375 1925
1764895818827 0.3671875 1930
1764895841604 0.36328125 1935
1764895864076 0.333984375 1940
1764895886618 0.34765625 1945
1764895909459 0.361328125 1950
1764895931916 0.41796875 1955
1764895954606 0.330078125 1960
1764895977305 0.35546875 1965
1764895999764 0.34765625 1970
1764896022500 0.34765625 1975
1764896045168 0.3203125 1980
1764896067635 0.337890625 1985
1764896090493 0.330078125 1990
1764896113049 0.375 1995
1764896135487 0.375 2000
1764896158224 0.345703125 2005
1764896180876 0.373046875 2010
1764896203325 0.37890625 2015
1764896226163 0.326171875 2020
1764896248699 0.3515625 2025
1764896271176 0.38671875 2030
1764896293876 0.365234375 2035
1764896316501 0.35546875 2040
1764896339028 0.34375 2045
1764896361780 0.345703125 2050
1764896384345 0.359375 2055
1764896406905 0.38671875 2060
1764896429475 0.373046875 2065
1764896452097 0.337890625 2070
1764896474626 0.33984375 2075
1764896497448 0.375 2080
1764896519893 0.35546875 2085
1764896542444 0.34375 2090
1764896565269 0.337890625 2095
1764896587730 0.37890625 2100
1764896610381 0.369140625 2105
1764896633092 0.353515625 2110
1764896655510 0.365234375 2115
1764896678228 0.3359375 2120
1764896700849 0.3984375 2125
1764896723294 0.380859375 2130
1764896746174 0.376953125 2135
1764896768765 0.400390625 2140
1764896791209 0.390625 2145
1764896813975 0.330078125 2150
1764896836598 0.392578125 2155
1764896858997 0.37109375 2160
1764896881845 0.330078125 2165
1764896904396 0.359375 2170
1764896926840 0.3984375 2175
1764896949555 0.3515625 2180
1764896972161 0.380859375 2185
1764896994701 0.345703125 2190
1764897017452 0.3984375 2195
1764897040015 0.333984375 2200
1764897062551 0.310546875 2205
1764897085183 0.3515625 2210
1764897107804 0.37890625 2215
1764897130373 0.34765625 2220
1764897153238 0.36328125 2225
1764897175714 0.37890625 2230
1764897198291 0.333984375 2235
1764897221103 0.333984375 2240
1764897243547 0.365234375 2245
1764897266183 0.35546875 2250
1764897288911 0.359375 2255
1764897311325 0.37890625 2260
1764897334072 0.369140625 2265
1764897356657 0.341796875 2270
1764897379151 0.375 2275
1764897401994 0.37109375 2280
1764897424550 0.359375 2285
1764897447023 0.341796875 2290
1764897469767 0.365234375 2295
1764897492418 0.330078125 2300
1764897514875 0.36328125 2305
1764897537706 0.35546875 2310
1764897560240 0.365234375 2315
1764897582723 0.37109375 2320
1764897605570 0.37109375 2325
1764897628212 0.36328125 2330
1764897650774 0.3515625 2335
1764897673517 0.3359375 2340
1764897696063 0.3828125 2345
1764897718617 0.357421875 2350
1764897741265 0.3515625 2355
1764897763926 0.396484375 2360
1764897786460 0.400390625 2365
1764897809301 0.357421875 2370
1764897831804 0.376953125 2375
1764897854384 0.40625 2380
1764897877236 0.3828125 2385
1764897899715 0.373046875 2390
1764897922387 0.37109375 2395
1764897945109 0.3671875 2400
1764897967581 0.3828125 2405
1764897990312 0.365234375 2410
1764898012902 0.392578125 2415
1764898035361 0.376953125 2420
1764898058201 0.3984375 2425
1764898080832 0.35546875 2430
1764898103288 0.37109375 2435
1764898126024 0.416015625 2440
1764898148636 0.341796875 2445
1764898171091 0.361328125 2450
1764898193962 0.369140625 2455
1764898216497 0.34765625 2460
1764898238905 0.376953125 2465
1764898261609 0.34765625 2470
1764898284190 0.34765625 2475
1764898306687 0.373046875 2480
1764898329396 0.3828125 2485
1764898351928 0.37890625 2490
1764898374475 0.326171875 2495
1764898407430 0.42578125 2500
1764898430322 0.349609375 2505
1764898453278 0.388671875 2510
1764898476353 0.3984375 2515
1764898499277 0.39453125 2520
1764898522265 0.400390625 2525
1764898545050 0.38671875 2530
1764898567504 0.361328125 2535
1764898590057 0.3671875 2540
1764898612807 0.388671875 2545
1764898635240 0.32421875 2550
1764898657948 0.36328125 2555
1764898680468 0.37109375 2560
1764898702878 0.37109375 2565
1764898725588 0.365234375 2570
1764898748153 0.365234375 2575
1764898770576 0.37890625 2580
1764898793313 0.384765625 2585
1764898815879 0.35546875 2590
1764898838339 0.3828125 2595
1764898861105 0.3671875 2600
1764898883655 0.359375 2605
1764898906079 0.392578125 2610
1764898928812 0.396484375 2615
1764898951341 0.388671875 2620
1764898973800 0.341796875 2625
1764898996588 0.3671875 2630
1764899019115 0.369140625 2635
1764899041635 0.345703125 2640
1764899064376 0.390625 2645
1764899086821 0.349609375 2650
1764899109390 0.38671875 2655
1764899132134 0.37109375 2660
1764899154543 0.390625 2665
1764899177149 0.326171875 2670
1764899199784 0.353515625 2675
