1764887105264 1.0 5
1764887127659 1.0 10
1764887150047 1.0 15
1764887172853 1.0 20
1764887195296 1.0 25
1764887217732 1.0 30
1764887240474 1.0 35
1764887262909 1.0 40
1764887285416 1.0 45
1764887308057 1.0 50
1764887330484 1.0 55
1764887353038 1.0 60
1764887375642 1.0 65
1764887398072 1.0 70
1764887420825 1.0 75
1764887443271 1.0 80
1764887465692 1.0 85
1764887488405 1.0 90
1764887510830 1.0 95
1764887533286 1.0 100
1764887556063 1.0 105
1764887578502 1.0 110
1764887600933 1.0 115
1764887623627 1.0 120
1764887646071 1.0 125
1764887668489 1.0 130
1764887691207 1.0 135
1764887713647 1.0 140
1764887736075 1.0 145
1764887758775 1.0 150
1764887781215 1.0 155
1764887803670 1.0 160
1764887826414 1.0 165
1764887848804 1.0 170
1764887871188 1.0 175
1764887893901 1.0 180
1764887916326 1.0 185
1764887938844 1.0 190
1764887961503 1.0 195
1764887983947 1.0 200
1764888006482 1.0 205
1764888029081 1.0 210
1764888051504 1.0 215
1764888074369 1.0 220
1764888096766 1.0 225
1764888119155 1.0 230
1764888141883 1.0 235
1764888164269 1.0 240
1764888186667 1.0 245
1764888209408 1.0 250
1764888231855 1.0 255
1764888254301 1.0 260
1764888277011 1.0 265
1764888299416 1.0 270
1764888321816 1.0 275
1764888344500 1.0 280
1764888366899 1.0 285
1764888389275 1.0 290
1764888411998 1.0 295
1764888434429 1.0 300
1764888456854 1.0 305
1764888479659 1.0 310
1764888502115 1.0 315
1764888524523 1.0 320
1764888547313 1.0 325
1764888569717 1.0 330
1764888592272 1.0 335
1764888614878 1.0 340
1764888637275 1.0 345
1764888659795 1.0 350
1764888682430 1.0 355
1764888704843 1.0 360
1764888727568 1.0 365
1764888750017 1.0 370
1764888772464 1.0 375
1764888795225 1.0 380
1764888817644 1.0 385
1764888840099 1.0 390
1764888862995 1.0 395
1764888885453 1.0 400
1764888907914 1.0 405
1764888930768 1.0 410
1764888953193 1.0 415
1764888975588 1.0 420
1764888998417 1.0 425
1764889020848 1.0 430
1764889043286 1.0 435
1764889066113 1.0 440
1764889088574 1.0 445
1764889111002 1.0 450
1764889133768 1.0 455
1764889156230 1.0 460
1764889178669 1.0 465
1764889201491 1.0 470
1764889223980 1.0 475
1764889246550 1.0 480
1764889269213 1.0 485
1764889291647 1.0 490
1764889314226 1.0 495
1764889336901 1.0 500
1764889359371 1.0 505
1764889382052 1.0 510
1764889404624 1.0 515
1764889427072 1.0 520
1764889449871 1.0 525
1764889472294 1.0 530
1764889494743 1.0 535
1764889517499 1.0 540
1764889539932 1.0 545
1764889562411 1.0 550
1764889585192 1.0 555
1764889607640 1.0 560
1764889630101 1.0 565
1764889652831 1.0 570
1764889675241 1.0 575
1764889697642 1.0 580
1764889720399 1.0 585
1764889742800 1.0 590
1764889765218 1.0 595
1764889787969 1.0 600
1764889810383 1.0 605
1764889832795 1.0 610
1764889855613 1.0 615
1764889878127 1.0 620
1764889900683 1.0 625
1764889923363 1.0 630
1764889945795 1.0 635
1764889968351 1.0 640
1764889991092 1.0 645
1764890013530 1.0 650
1764890036217 1.0 655
1764890058772 1.0 660
1764890081223 1.0 665
1764890103989 1.0 670
1764890126421 1.0 675
1764890148849 1.0 680
1764890171616 1.0 685
1764890194036 1.0 690
1764890216483 1.0 695
1764890239268 1.0 700
1764890261715 1.0 705
1764890284160 1.0 710
1764890306979 1.0 715
1764890329451 1.0 720
1764890351914 1.0 725
1764890374710 1.0 730
1764890397148 1.0 735
1764890419612 1.0 740
1764890442370 1.0 745
1764890464812 1.0 750
1764890487229 1.0 755
1764890510000 1.0 760
1764890532447 1.0 765
1764890555037 1.0 770
1764890577657 1.0 775
1764890600105 1.0 780
1764890622678 1.0 785
1764890645351 1.0 790
1764890667791 1.0 795
1764890690491 1.0 800
1764890713052 1.0 805
1764890735496 1.0 810
1764890758283 1.0 815
1764890780696 1.0 820
1764890803112 1.0 825
1764890825905 1.0 830
1764890858795 1.0 835
1764890881720 1.0 840
1764890904729 1.0 845
1764890927675 1.0 850
1764890950613 1.0 855
1764890973611 1.0 860
1764890996104 1.0 865
1764891018519 1.0 870
1764891041130 1.0 875
1764891063534 1.0 880
1764891085944 1.0 885
1764891108873 1.0 890
1764891131284 1.0 895
1764891153689 1.0 900
1764891176436 1.0 905
1764891198846 1.0 910
1764891221403 1.0 915
1764891244256 1.0 920
1764891266702 1.0 925
1764891289371 1.0 930
1764891311932 1.0 935
1764891334417 1.0 940
1764891357072 1.0 945
1764891379749 1.0 950
1764891402161 1.0 955
1764891424814 1.0 960
1764891447257 1.0 965
1764891469663 1.0 970
1764891492478 1.0 975
1764891514886 1.0 980
1764891537283 1.0 985
1764891559964 1.0 990
1764891582405 1.0 995
1764891604857 1.0 1000
1764891627785 1.0 1005
1764891650226 1.0 1010
1764891672648 1.0 1015
1764891695385 1.0 1020
1764891717823 1.0 1025
1764891740249 1.0 1030
1764891763186 1.0 1035
1764891785617 1.0 1040
1764891808030 1.0 1045
1764891830758 1.0 1050
1764891853207 1.0 1055
1764891875736 1.0 1060
1764891898571 1.0 1065
1764891921019 1.0 1070
1764891943591 1.0 1075
1764891966155 1.0 1080
1764891988610 1.0 1085
1764892011267 1.0 1090
1764892034065 1.0 1095
1764892056504 1.0 1100
1764892079112 1.0 1105
1764892101671 1.0 1110
1764892124122 1.0 1115
1764892147145 1.0 1120
1764892169603 1.0 1125
1764892192036 1.0 1130
1764892214791 1.0 1135
1764892237289 1.0 1140
1764892259747 1.0 1145
1764892282618 1.0 1150
1764892305032 1.0 1155
1764892327445 1.0 1160
1764892350113 1.0 1165
1764892372513 1.0 1170
1764892394927 1.0 1175
1764892417833 1.0 1180
1764892440294 1.0 1185
1764892462740 1.0 1190
1764892485471 1.0 1195
1764892507943 1.0 1200
1764892530527 1.0 1205
1764892553353 1.0 1210
1764892575752 1.0 1215
1764892598366 1.0 1220
1764892620934 1.0 1225
1764892643363 1.0 1230
1764892666005 1.0 1235
1764892688670 1.0 1240
1764892711053 1.0 1245
1764892733644 1.0 1250
1764892756254 1.0 1255
1764892778717 1.0 1260
1764892801480 1.0 1265
1764892824030 1.0 1270
1764892846471 1.0 1275
1764892869082 1.0 1280
1764892891727 1.0 1285
1764892914139 1.0 1290
1764892937016 1.0 1295
1764892959482 1.0 1300
1764892981951 1.0 1305
1764893004721 1.0 1310
1764893027172 1.0 1315
1764893049590 1.0 1320
1764893072396 1.0 1325
1764893094790 1.0 1330
1764893117194 1.0 1335
1764893139924 1.0 1340
1764893162404 1.0 1345
1764893184970 1.0 1350
1764893207737 1.0 1355
1764893230178 1.0 1360
1764893252800 1.0 1365
1764893275417 1.0 1370
1764893297895 1.0 1375
1764893320562 1.0 1380
1764893343249 1.0 1385
1764893365689 1.0 1390
1764893388272 1.0 1395
1764893410829 1.0 1400
1764893433265 1.0 1405
1764893456044 1.0 1410
1764893478578 1.0 1415
1764893501027 1.0 1420
1764893523640 1.0 1425
1764893546231 1.0 1430
1764893568703 1.0 1435
1764893591470 1.0 1440
1764893614003 1.0 1445
1764893636402 1.0 1450
1764893659056 1.0 1455
1764893681467 1.0 1460
1764893703901 1.0 1465
1764893726721 1.0 1470
1764893749189 1.0 1475
1764893771698 1.0 1480
1764893794438 1.0 1485
1764893816896 1.0 1490
1764893839436 1.0 1495
1764893862265 1.0 1500
1764893884712 1.0 1505
1764893907275 1.0 1510
1764893929831 1.0 1515
1764893952265 1.0 1520
1764893974936 1.0 1525
1764893997650 1.0 1530
1764894020087 1.0 1535
1764894042999 1.0 1540
1764894065572 1.0 1545
1764894088021 1.0 1550
1764894110746 1.0 1555
1764894133296 1.0 1560
1764894155778 1.0 1565
1764894178372 1.0 1570
1764894200910 1.0 1575
1764894223360 1.0 1580
1764894246102 1.0 1585
1764894268693 1.0 1590
1764894291179 1.0 1595
1764894313922 1.0 1600
1764894336410 1.0 1605
1764894358889 1.0 1610
1764894381759 1.0 1615
1764894404220 1.0 1620
1764894426659 1.0 1625
1764894449443 1.0 1630
1764894471866 1.0 1635
1764894494439 1.0 1640
1764894517184 1.0 1645
1764894539638 1.0 1650
1764894562257 1.0 1655
1764894584925 1.0 1660
1764894607401 1.0 1665
1764894640912 1.0 1670
1764894663844 1.0 1675
1764894686809 1.0 1680
1764894710032 1.0 1685
1764894733007 1.0 1690
1764894755849 1.0 1695
1764894778631 1.0 1700
1764894801171 1.0 1705
1764894823589 1.0 1710
1764894846431 1.0 1715
1764894868984 1.0 1720
1764894891464 1.0 1725
1764894914239 1.0 1730
1764894936782 1.0 1735
1764894959240 1.0 1740
1764894982094 1.0 1745
1764895004613 1.0 1750
1764895027031 1.0 1755
1764895049851 1.0 1760
1764895072423 1.0 1765
1764895094862 1.0 1770
1764895117657 1.0 1775
1764895140297 1.0 1780
1764895162826 1.0 1785
1764895185699 1.0 1790
1764895208163 1.0 1795
1764895230776 1.0 1800
1764895253598 1.0 1805
1764895276058 1.0 1810
1764895298719 1.0 1815
1764895321485 1.0 1820
1764895343934 1.0 1825
1764895366707 1.0 1830
1764895389320 1.0 1835
1764895411730 1.0 1840
1764895434537 1.0 1845
1764895457110 1.0 1850
1764895479551 1.0 1855
1764895502280 1.0 1860
1764895524923 1.0 1865
1764895547399 1.0 1870
1764895570230 1.0 1875
1764895592984 1.0 1880
1764895615440 1.0 1885
1764895638176 1.0 1890
1764895660766 1.0 1895
1764895683306 1.0 1900
1764895706008 1.0 1905
1764895728498 1.0 1910
1764895751028 1.0 1915
1764895773613 1.0 1920
1764895796237 1.0 1925
1764895818827 1.0 1930
1764895841604 1.0 1935
1764895864076 1.0 1940
1764895886618 1.0 1945
1764895909459 1.0 1950
1764895931916 1.0 1955
1764895954606 1.0 1960
1764895977305 1.0 1965
1764895999764 1.0 1970
1764896022500 1.0 1975
1764896045168 1.0 1980
1764896067635 1.0 1985
1764896090493 1.0 1990
1764896113049 1.0 1995
1764896135487 1.0 2000
1764896158224 1.0 2005
1764896180876 1.0 2010
1764896203325 1.0 2015
1764896226163 1.0 2020
1764896248699 1.0 2025
1764896271176 1.0 2030
1764896293876 1.0 2035
1764896316501 1.0 2040
1764896339028 1.0 2045
1764896361780 1.0 2050
1764896384345 1.0 2055
1764896406905 1.0 2060
1764896429475 1.0 2065
1764896452097 1.0 2070
1764896474626 1.0 2075
1764896497448 1.0 2080
1764896519893 1.0 2085
1764896542444 1.0 2090
1764896565269 1.0 2095
1764896587730 1.0 2100
1764896610381 1.0 2105
1764896633092 1.0 2110
1764896655510 1.0 2115
1764896678228 1.0 2120
1764896700849 1.0 2125
1764896723294 1.0 2130
1764896746174 1.0 2135
1764896768765 1.0 2140
1764896791209 1.0 2145
1764896813975 1.0 2150
1764896836598 1.0 2155
1764896858997 1.0 2160
1764896881845 1.0 2165
1764896904396 1.0 2170
1764896926840 1.0 2175
1764896949555 1.0 2180
1764896972161 1.0 2185
1764896994701 1.0 2190
1764897017452 1.0 2195
1764897040015 1.0 2200
1764897062551 1.0 2205
1764897085183 1.0 2210
1764897107804 1.0 2215
1764897130373 1.0 2220
1764897153238 1.0 2225
1764897175714 1.0 2230
1764897198291 1.0 2235
1764897221103 1.0 2240
1764897243547 1.0 2245
1764897266183 1.0 2250
1764897288911 1.0 2255
1764897311325 1.0 2260
1764897334072 1.0 2265
1764897356657 1.0 2270
1764897379151 1.0 2275
1764897401994 1.0 2280
1764897424550 1.0 2285
1764897447023 1.0 2290
1764897469767 1.0 2295
1764897492418 1.0 2300
1764897514875 1.0 2305
1764897537706 1.0 2310
1764897560240 1.0 2315
1764897582723 1.0 2320
1764897605570 1.0 2325
1764897628212 1.0 2330
1764897650774 1.0 2335
1764897673517 1.0 2340
1764897696063 1.0 2345
1764897718617 1.0 2350
1764897741265 1.0 2355
1764897763926 1.0 2360
1764897786460 1.0 2365
1764897809301 1.0 2370
1764897831804 1.0 2375
1764897854384 1.0 2380
1764897877236 1.0 2385
1764897899715 1.0 2390
1764897922387 1.0 2395
1764897945109 1.0 2400
1764897967581 1.0 2405
1764897990312 1.0 2410
1764898012902 1.0 2415
1764898035361 1.0 2420
1764898058201 1.0 2425
1764898080832 1.0 2430
1764898103288 1.0 2435
1764898126024 1.0 2440
1764898148636 1.0 2445
1764898171091 1.0 2450
1764898193962 1.0 2455
1764898216497 1.0 2460
1764898238905 1.0 2465
1764898261609 1.0 2470
1764898284190 1.0 2475
1764898306687 1.0 2480
1764898329396 1.0 2485
1764898351928 1.0 2490
1764898374475 1.0 2495
1764898407430 1.0 2500
1764898430322 1.0 2505
1764898453278 1.0 2510
1764898476353 1.0 2515
1764898499277 1.0 2520
1764898522265 1.0 2525
1764898545050 1.0 2530
1764898567504 1.0 2535
1764898590057 1.0 2540
1764898612807 1.0 2545
1764898635240 1.0 2550
1764898657948 1.0 2555
1764898680468 1.0 2560
1764898702878 1.0 2565
1764898725588 1.0 2570
1764898748153 1.0 2575
1764898770576 1.0 2580
1764898793313 1.0 2585
1764898815879 1.0 2590
1764898838339 1.0 2595
1764898861105 1.0 2600
1764898883655 1.0 2605
1764898906079 1.0 2610
1764898928812 1.0 2615
1764898951341 1.0 2620
1764898973800 1.0 2625
1764898996588 1.0 2630
1764899019115 1.0 2635
1764899041635 1.0 2640
1764899064376 1.0 2645
1764899086821 1.0 2650
1764899109390 1.0 2655
1764899132134 1.0 2660
1764899154543 1.0 2665
1764899177149 1.0 2670
1764899199784 1.0 2675
