1764887105264 2.016129512096775e-06 5
1764887127659 4.03225852419355e-06 10
1764887150047 6.048387536290324e-06 15
1764887172853 8.064516548387098e-06 20
1764887195296 1.0080645560483878e-05 25
1764887217732 1.2096774572580653e-05 30
1764887240474 1.411290358467743e-05 35
1764887262909 1.612903259677421e-05 40
1764887285416 1.8145161608870986e-05 45
1764887308057 2.016129062096776e-05 50
1764887330484 2.217741963306454e-05 55
1764887353038 2.4193548645161316e-05 60
1764887375642 2.620967765725809e-05 65
1764887398072 2.8225806669354874e-05 70
1764887420825 3.0241935681451652e-05 75
1764887443271 3.2258064693548426e-05 80
1764887465692 3.42741937056452e-05 85
1764887488405 3.6290322717741974e-05 90
1764887510830 3.8306451729838766e-05 95
1764887533286 4.0322580741935563e-05 100
1764887556063 4.233870975403235e-05 105
1764887578502 4.435483876612912e-05 110
1764887600933 4.63709677782259e-05 115
1764887623627 4.83870967903227e-05 120
1764887646071 4.999999248653619e-05 125
1764887668489 4.999972951577941e-05 130
1764887691207 4.9999090876370936e-05 135
1764887713647 4.999807657795581e-05 140
1764887736075 4.999668663585237e-05 145
1764887758775 4.99949210710521e-05 150
1764887781215 4.999277991021934e-05 155
1764887803670 4.9990263185690764e-05 160
1764887826414 4.9987370935475025e-05 165
1764887848804 4.99841032032521e-05 170
1764887871188 4.9980460038372664e-05 175
1764887893901 4.997644149585731e-05 180
1764887916326 4.99720476363958e-05 185
1764887938844 4.996727852634601e-05 190
1764887961503 4.996213423773308e-05 195
1764887983947 4.9956614848248216e-05 200
1764888006482 4.995072044124755e-05 205
1764888029081 4.994445110575092e-05 210
1764888051504 4.993780693644048e-05 215
1764888074369 4.993078803365926e-05 220
1764888096766 4.992339450340969e-05 225
1764888119155 4.991562645735199e-05 230
1764888141883 4.990748401280246e-05 235
1764888164269 4.989896729273173e-05 240
1764888186667 4.989007642576289e-05 245
1764888209408 4.988081154616957e-05 250
1764888231855 4.98711727938739e-05 255
1764888254301 4.986116031444436e-05 260
1764888277011 4.985077425909363e-05 265
1764888299416 4.984001478467632e-05 270
1764888321816 4.982888205368655e-05 275
1764888344500 4.981737623425549e-05 280
1764888366899 4.9805497500148894e-05 285
1764888389275 4.979324603076441e-05 290
1764888411998 4.9780622011128884e-05 295
1764888434429 4.9767625631895594e-05 300
1764888456854 4.975425708934133e-05 305
1764888479659 4.974051658536348e-05 310
1764888502115 4.972640432747689e-05 315
1764888524523 4.971192052881086e-05 320
1764888547313 4.969706540810579e-05 325
1764888569717 4.968183918971002e-05 330
1764888592272 4.966624210357627e-05 335
1764888614878 4.965027438525834e-05 340
1764888637275 4.9633936275907435e-05 345
1764888659795 4.961722802226858e-05 350
1764888682430 4.9600149876676865e-05 355
1764888704843 4.958270209705363e-05 360
1764888727568 4.9564884946902604e-05 365
1764888750017 4.954669869530591e-05 370
1764888772464 4.952814361691998e-05 375
1764888795225 4.9509219991971434e-05 380
1764888817644 4.9489928106252835e-05 385
1764888840099 4.9470268251118346e-05 390
1764888862995 4.945024072347943e-05 395
1764888885453 4.942984582580022e-05 400
1764888907914 4.9409083866093074e-05 405
1764888930768 4.938795515791385e-05 410
1764888953193 4.936646002035721e-05 415
1764888975588 4.93445987780518e-05 420
1764888998417 4.9322371761155293e-05 425
1764889020848 4.929977930534948e-05 430
1764889043286 4.927682175183515e-05 435
1764889066113 4.925349944732696e-05 440
1764889088574 4.9229812744048195e-05 445
1764889111002 4.920576199972541e-05 450
1764889133768 4.91813475775831e-05 455
1764889156230 4.915656984633815e-05 460
1764889178669 4.9131429180194294e-05 465
1764889201491 4.9105925958836514e-05 470
1764889223980 4.908006056742516e-05 475
1764889246550 4.90538333965903e-05 480
1764889269213 4.902724484242572e-05 485
1764889291647 4.900029530648299e-05 490
1764889314226 4.897298519576534e-05 495
1764889336901 4.89453149227216e-05 500
1764889359371 4.8917284905239875e-05 505
1764889382052 4.8888895566641316e-05 510
1764889404624 4.8860147335673674e-05 515
1764889427072 4.883104064650486e-05 520
1764889449871 4.880157593871637e-05 525
1764889472294 4.877175365729663e-05 530
1764889494743 4.874157425263432e-05 535
1764889517499 4.871103818051153e-05 540
1764889539932 4.868014590209688e-05 545
1764889562411 4.864889788393859e-05 550
1764889585192 4.8617294597957424e-05 555
1764889607640 4.858533652143951e-05 560
1764889630101 4.8553024137029195e-05 565
1764889652831 4.8520357932721714e-05 570
1764889675241 4.848733840185587e-05 575
1764889697642 4.8453966043106544e-05 580
1764889720399 4.8420241360477164e-05 585
1764889742800 4.838616486329211e-05 590
1764889765218 4.835173706618899e-05 595
1764889787969 4.8316958489110925e-05 600
1764889810383 4.828182965729864e-05 605
1764889832795 4.824635110128256e-05 610
1764889855613 4.821052335687481e-05 615
1764889878127 4.817434696516109e-05 620
1764889900683 4.813782247249249e-05 625
1764889923363 4.810095043047732e-05 630
1764889945795 4.80637313959727e-05 635
1764889968351 4.802616593107618e-05 640
1764889991092 4.7988254603117244e-05 645
1764890013530 4.794999798464875e-05 650
1764890036217 4.791139665343829e-05 655
1764890058772 4.7872451192459417e-05 660
1764890081223 4.783316218988291e-05 665
1764890103989 4.779353023906786e-05 670
1764890126421 4.775355593855268e-05 675
1764890148849 4.771323989204611e-05 680
1764890171616 4.7672582708418105e-05 685
1764890194036 4.763158500169056e-05 690
1764890216483 4.7590247391028145e-05 695
1764890239268 4.754857050072887e-05 700
1764890261715 4.750655496021473e-05 705
1764890284160 4.7464201404022086e-05 710
1764890306979 4.742151047179224e-05 715
1764890329451 4.737848280826164e-05 720
1764890351914 4.733511906325217e-05 725
1764890374710 4.7291419891661424e-05 730
1764890397148 4.724738595345269e-05 735
1764890419612 4.7203017913645084e-05 740
1764890442370 4.715831644230344e-05 745
1764890464812 4.711328221452823e-05 750
1764890487229 4.7067915910445335e-05 755
1764890510000 4.7022218215195796e-05 760
1764890532447 4.6976189818925496e-05 765
1764890555037 4.6929831416774665e-05 770
1764890577657 4.6883143708867436e-05 775
1764890600105 4.683612740030127e-05 780
1764890622678 4.6788783201136256e-05 785
1764890645351 4.674111182638446e-05 790
1764890667791 4.66931139959991e-05 795
1764890690491 4.6644790434863615e-05 800
1764890713052 4.6596141872780816e-05 805
1764890735496 4.654716904446179e-05 810
1764890758283 4.649787268951484e-05 815
1764890780696 4.644825355243429e-05 820
1764890803112 4.639831238258927e-05 825
1764890825905 4.6348049934212395e-05 830
1764890858795 4.6297466966388335e-05 835
1764890881720 4.6246564243042396e-05 840
1764890904729 4.6195342532928976e-05 845
1764890927675 4.6143802609619914e-05 850
1764890950613 4.609194525149288e-05 855
1764890973611 4.603977124171954e-05 860
1764890996104 4.59872813682538e-05 865
1764891018519 4.593447642381986e-05 870
1764891041130 4.588135720590024e-05 875
1764891063534 4.582792451672376e-05 880
1764891085944 4.5774179163253426e-05 885
1764891108873 4.572012195717423e-05 890
1764891131284 4.5665753714880877e-05 895
1764891153689 4.5611075257465476e-05 900
1764891176436 4.5556087410705155e-05 905
1764891198846 4.5500791005049555e-05 910
1764891221403 4.544518687560831e-05 915
1764891244256 4.53892758621384e-05 920
1764891266702 4.5333058809031546e-05 925
1764891289371 4.527653656530138e-05 930
1764891311932 4.521970998457064e-05 935
1764891334417 4.516257992505834e-05 940
1764891357072 4.510514724956668e-05 945
1764891379749 4.5047412825468164e-05 950
1764891402161 4.4989377524692395e-05 955
1764891424814 4.493104222371295e-05 960
1764891447257 4.487240780353415e-05 965
1764891469663 4.481347514967772e-05 970
1764891492478 4.475424515216943e-05 975
1764891514886 4.469471870552569e-05 980
1764891537283 4.4634896708739996e-05 985
1764891559964 4.4574780065269334e-05 990
1764891582405 4.451436968302062e-05 995
1764891604857 4.445366647433692e-05 1000
1764891627785 4.439267135598366e-05 1005
1764891650226 4.4331385249134846e-05 1010
1764891672648 4.426980907935909e-05 1015
1764891695385 4.4207943776605686e-05 1020
1764891717823 4.4145790275190494e-05 1025
1764891740249 4.4083349513781914e-05 1030
1764891763186 4.4020622435386634e-05 1035
1764891785617 4.395760998733544e-05 1040
1764891808030 4.38943131212689e-05 1045
1764891830758 4.383073279312295e-05 1050
1764891853207 4.3766869963114514e-05 1055
1764891875736 4.370272559572698e-05 1060
1764891898571 4.363830065969561e-05 1065
1764891921019 4.357359612799298e-05 1070
1764891943591 4.350861297781418e-05 1075
1764891966155 4.344335219056215e-05 1080
1764891988610 4.3377814751832795e-05 1085
1764892011267 4.3312001651400155e-05 1090
1764892034065 4.324591388320143e-05 1095
1764892056504 4.3179552445321945e-05 1100
1764892079112 4.311291833998011e-05 1105
1764892101671 4.3046012573512273e-05 1110
1764892124122 4.297883615635753e-05 1115
1764892147145 4.2911390103042456e-05 1120
1764892169603 4.2843675432165774e-05 1125
1764892192036 4.2775693166382985e-05 1130
1764892214791 4.2707444332390925e-05 1135
1764892237289 4.2638929960912274e-05 1140
1764892259747 4.2570151086679945e-05 1145
1764892282618 4.250110874842149e-05 1150
1764892305032 4.2431803988843404e-05 1155
1764892327445 4.23622378546154e-05 1160
1764892350113 4.229241139635455e-05 1165
1764892372513 4.2222325668609454e-05 1170
1764892394927 4.215198172984435e-05 1175
1764892417833 4.208138064242302e-05 1180
1764892440294 4.2010523472592875e-05 1185
1764892462740 4.1939411290468764e-05 1190
1764892485471 4.1868045170016835e-05 1195
1764892507943 4.179642618903832e-05 1200
1764892530527 4.172455542915327e-05 1205
1764892553353 4.165243397578419e-05 1210
1764892575752 4.1580062918139684e-05 1215
1764892598366 4.150744334919797e-05 1220
1764892620934 4.143457636569041e-05 1225
1764892643363 4.136146306808487e-05 1230
1764892666005 4.1288104560569216e-05 1235
1764892688670 4.121450195103455e-05 1240
1764892711053 4.1140656351058514e-05 1245
1764892733644 4.1066568875888476e-05 1250
1764892756254 4.0992240644424746e-05 1255
1764892778717 4.09176727792036e-05 1260
1764892801480 4.084286640638036e-05 1265
1764892824030 4.076782265571242e-05 1270
1764892846471 4.069254266054214e-05 1275
1764892869082 4.0617027557779735e-05 1280
1764892891727 4.0541278487886116e-05 1285
1764892914139 4.046529659485568e-05 1290
1764892937016 4.038908302619901e-05 1295
1764892959482 4.031263893292555e-05 1300
1764892981951 4.0235965469526216e-05 1305
1764893004721 4.0159063793955984e-05 1310
1764893027172 4.0081935067616366e-05 1315
1764893049590 4.000458045533792e-05 1320
1764893072396 3.99270011253626e-05 1325
1764893094790 3.9849198249326146e-05 1330
1764893117194 3.97711730022404e-05 1335
1764893139924 3.969292656247554e-05 1340
1764893162404 3.961446011174228e-05 1345
1764893184970 3.953577483507404e-05 1350
1764893207737 3.945687192080905e-05 1355
1764893230178 3.937775256057236e-05 1360
1764893252800 3.929841794925792e-05 1365
1764893275417 3.921886928501048e-05 1370
1764893297895 3.91391077692075e-05 1375
1764893320562 3.9059134606441004e-05 1380
1764893343249 3.897895100449943e-05 1385
1764893365689 3.889855817434932e-05 1390
1764893388272 3.8817957330117094e-05 1395
1764893410829 3.873714968907068e-05 1400
1764893433265 3.865613647160114e-05 1405
1764893456044 3.857491890120423e-05 1410
1764893478578 3.849349820446197e-05 1415
1764893501027 3.841187561102401e-05 1420
1764893523640 3.833005235358917e-05 1425
1764893546231 3.824802966788679e-05 1430
1764893568703 3.816580879265805e-05 1435
1764893591470 3.808339096963726e-05 1440
1764893614003 3.800077744353314e-05 1445
1764893636402 3.791796946200997e-05 1450
1764893659056 3.783496827566881e-05 1455
1764893681467 3.775177513802856e-05 1460
1764893703901 3.766839130550707e-05 1465
1764893726721 3.758481803740213e-05 1470
1764893749189 3.750105659587246e-05 1475
1764893771698 3.7417108245918655e-05 1480
1764893794438 3.733297425536409e-05 1485
1764893816896 3.724865589483576e-05 1490
1764893839436 3.71641544377451e-05 1495
1764893862265 3.707947116026874e-05 1500
1764893884712 3.699460734132923e-05 1505
1764893907275 3.6909564262575746e-05 1510
1764893929831 3.6824343208364694e-05 1515
1764893952265 3.6738945465740386e-05 1520
1764893974936 3.665337232441551e-05 1525
1764893997650 3.6567625076751736e-05 1530
1764894020087 3.648170501774015e-05 1535
1764894042999 3.6395613444981694e-05 1540
1764894065572 3.6309351658667607e-05 1545
1764894088021 3.622292096155975e-05 1550
1764894110746 3.6136322658970927e-05 1555
1764894133296 3.604955805874524e-05 1560
1764894155778 3.596262847123824e-05 1565
1764894178372 3.5875535209297214e-05 1570
1764894200910 3.578827958824132e-05 1575
1764894223360 3.570086292584173e-05 1580
1764894246102 3.561328654230173e-05 1585
1764894268693 3.552555176023678e-05 1590
1764894291179 3.543765990465455e-05 1595
1764894313922 3.534961230293489e-05 1600
1764894336410 3.5261410284809816e-05 1605
1764894358889 3.5173055182343365e-05 1610
1764894381759 3.508454832991158e-05 1615
1764894404220 3.4995891064182204e-05 1620
1764894426659 3.4907084724094686e-05 1625
1764894449443 3.481813065083981e-05 1630
1764894471866 3.4729030187839464e-05 1635
1764894494439 3.463978468072643e-05 1640
1764894517184 3.455039547732396e-05 1645
1764894539638 3.446086392762548e-05 1650
1764894562257 3.437119138377424e-05 1655
1764894584925 3.428137920004277e-05 1660
1764894607401 3.419142873281253e-05 1665
1764894640912 3.410134134055339e-05 1670
1764894663844 3.401111838380314e-05 1675
1764894686809 3.392076122514691e-05 1680
1764894710032 3.38302712291966e-05 1685
1764894733007 3.3739649762570276e-05 1690
1764894755849 3.364889819387152e-05 1695
1764894778631 3.3558017893668805e-05 1700
1764894801171 3.346701023447471e-05 1705
1764894823589 3.3375876590725285e-05 1710
1764894846431 3.328461833875924e-05 1715
1764894868984 3.319323685679716e-05 1720
1764894891464 3.3101733524920716e-05 1725
1764894914239 3.30101097250518e-05 1730
1764894936782 3.291836684093166e-05 1735
1764894959240 3.282650625810002e-05 1740
1764894982094 3.273452936387411e-05 1745
1764895004613 3.264243754732777e-05 1750
1764895027031 3.255023219927044e-05 1755
1764895049851 3.2457914712226154e-05 1760
1764895072423 3.236548648041252e-05 1765
1764895094862 3.2272948899719676e-05 1770
1764895117657 3.218030336768916e-05 1775
1764895140297 3.208755128349286e-05 1780
1764895162826 3.199469404791183e-05 1785
1764895185699 3.190173306331523e-05 1790
1764895208163 3.1808669733639e-05 1795
1764895230776 3.171550546436481e-05 1800
1764895253598 3.1622241662498704e-05 1805
1764895276058 3.1528879736549945e-05 1810
1764895298719 3.1435421096509706e-05 1815
1764895321485 3.1341867153829764e-05 1820
1764895343934 3.1248219321401185e-05 1825
1764895366707 3.115447901353303e-05 1830
1764895389320 3.1060647645930955e-05 1835
1764895411730 3.096672663567581e-05 1840
1764895434537 3.0872717401202305e-05 1845
1764895457110 3.077862136227753e-05 1850
1764895479551 3.0684439939979526e-05 1855
1764895502280 3.0590174556675846e-05 1860
1764895524923 3.049582663600202e-05 1865
1764895547399 3.040139760284013e-05 1870
1764895570230 3.030688888329726e-05 1875
1764895592984 3.021230190468392e-05 1880
1764895615440 3.0117638095492548e-05 1885
1764895638176 3.0022898885375897e-05 1890
1764895660766 2.992808570512545e-05 1895
1764895683306 2.9833199986649833e-05 1900
1764895706008 2.9738243162953158e-05 1905
1764895728498 2.964321666811342e-05 1910
1764895751028 2.9548121937260808e-05 1915
1764895773613 2.9452960406556016e-05 1920
1764895796237 2.935773351316862e-05 1925
1764895818827 2.92624426952553e-05 1930
1764895841604 2.9167089391938147e-05 1935
1764895864076 2.9071675043282973e-05 1940
1764895886618 2.8976201090277478e-05 1945
1764895909459 2.888066897480955e-05 1950
1764895931916 2.8785080139645486e-05 1955
1764895954606 2.868943602840816e-05 1960
1764895977305 2.8593738085555245e-05 1965
1764895999764 2.849798775635745e-05 1970
1764896022500 2.8402186486876583e-05 1975
1764896045168 2.8306335723943823e-05 1980
1764896067635 2.8210436915137796e-05 1985
1764896090493 2.8114491508762735e-05 1990
1764896113049 2.8018500953826627e-05 1995
1764896135487 2.7922466700019283e-05 2000
1764896158224 2.7826390197690498e-05 2005
1764896180876 2.7730272897828115e-05 2010
1764896203325 2.7634116252036114e-05 2015
1764896226163 2.7537921712512697e-05 2020
1764896248699 2.7441690732028348e-05 2025
1764896271176 2.7345424763903907e-05 2030
1764896293876 2.7249125261988624e-05 2035
1764896316501 2.7152793680638156e-05 2040
1764896339028 2.7056431474692655e-05 2045
1764896361780 2.696004009945479e-05 2050
1764896384345 2.6863621010667728e-05 2055
1764896406905 2.6767175664493202e-05 2060
1764896429475 2.6670705517489503e-05 2065
1764896452097 2.657421202658945e-05 2070
1764896474626 2.647769664907842e-05 2075
1764896497448 2.6381160842572344e-05 2080
1764896519893 2.6284606064995642e-05 2085
1764896542444 2.6188033774559298e-05 2090
1764896565269 2.609144542973874e-05 2095
1764896587730 2.5994842489251877e-05 2100
1764896610381 2.589822641203705e-05 2105
1764896633092 2.580159865723096e-05 2110
1764896655510 2.570496068414672e-05 2115
1764896678228 2.5608313952251725e-05 2120
1764896700849 2.551165992114567e-05 2125
1764896723294 2.5415000050538488e-05 2130
1764896746174 2.5318335800228282e-05 2135
1764896768765 2.5221668630079317e-05 2140
1764896791209 2.5124999999999953e-05 2145
1764896813975 2.5028331369920586e-05 2150
1764896836598 2.493166419977162e-05 2155
1764896858997 2.4834999949461422e-05 2160
1764896881845 2.4738340078854233e-05 2165
1764896904396 2.4641686047748186e-05 2170
1764896926840 2.45450393158532e-05 2175
1764896949555 2.4448401342768956e-05 2180
1764896972161 2.4351773587962874e-05 2185
1764896994701 2.425515751074803e-05 2190
1764897017452 2.4158554570261164e-05 2195
1764897040015 2.4061966225440605e-05 2200
1764897062551 2.3965393935004258e-05 2205
1764897085183 2.3868839157427566e-05 2210
1764897107804 2.3772303350921482e-05 2215
1764897130373 2.3675787973410445e-05 2220
1764897153238 2.3579294482510387e-05 2225
1764897175714 2.348282433550669e-05 2230
1764897198291 2.3386378989332175e-05 2235
1764897221103 2.3289959900545118e-05 2240
1764897243547 2.3193568525307252e-05 2245
1764897266183 2.3097206319361744e-05 2250
1764897288911 2.3000874738011276e-05 2255
1764897311325 2.2904575236095986e-05 2260
1764897334072 2.280830926797156e-05 2265
1764897356657 2.2712078287487216e-05 2270
1764897379151 2.2615883747963796e-05 2275
1764897401994 2.2519727102171795e-05 2280
1764897424550 2.2423609802309406e-05 2285
1764897447023 2.2327533299980624e-05 2290
1764897469767 2.223149904617328e-05 2295
1764897492418 2.2135508491237158e-05 2300
1764897514875 2.20395630848621e-05 2305
1764897537706 2.1943664276056074e-05 2310
1764897560240 2.1847813513123313e-05 2315
1764897582723 2.1752012243642455e-05 2320
1764897605570 2.165626191444466e-05 2325
1764897628212 2.156056397159175e-05 2330
1764897650774 2.146491986035442e-05 2335
1764897673517 2.136933102519035e-05 2340
1764897696063 2.127379890972243e-05 2345
1764897718617 2.1178324956716937e-05 2350
1764897741265 2.1082910608061753e-05 2355
1764897763926 2.0987557304744614e-05 2360
1764897786460 2.0892266486831296e-05 2365
1764897809301 2.0797039593443894e-05 2370
1764897831804 2.0701878062739113e-05 2375
1764897854384 2.0606783331886493e-05 2380
1764897877236 2.0511756837046756e-05 2385
1764897899715 2.041680001335009e-05 2390
1764897922387 2.032191429487447e-05 2395
1764897945109 2.022710111462403e-05 2400
1764897967581 2.0132361904507382e-05 2405
1764897990312 2.0037698095316e-05 2410
1764898012902 1.9943111116702667e-05 2415
1764898035361 1.9848602397159797e-05 2420
1764898058201 1.9754173363997912e-05 2425
1764898080832 1.9659825443324088e-05 2430
1764898103288 1.956556006002039e-05 2435
1764898126024 1.9471378637722366e-05 2440
1764898148636 1.9377282598797578e-05 2445
1764898171091 1.928327336432407e-05 2450
1764898193962 1.9189352354068925e-05 2455
1764898216497 1.9095520986466847e-05 2460
1764898238905 1.9001780678598698e-05 2465
1764898261609 1.8908132846170133e-05 2470
1764898284190 1.881457890349018e-05 2475
1764898306687 1.8721120263449944e-05 2480
1764898329396 1.8627758337501193e-05 2485
1764898351928 1.8534494535635088e-05 2490
1764898374475 1.8441330266360882e-05 2495
1764898407430 1.834826693668466e-05 2500
1764898430322 1.8255305952088053e-05 2505
1764898453278 1.8162448716507036e-05 2510
1764898476353 1.806969663231073e-05 2515
1764898499277 1.7977051100280207e-05 2520
1764898522265 1.788451351958736e-05 2525
1764898545050 1.7792085287773736e-05 2530
1764898567504 1.769976780072946e-05 2535
1764898590057 1.760756245267213e-05 2540
1764898612807 1.7515470636125795e-05 2545
1764898635240 1.7423493741899893e-05 2550
1764898657948 1.733163315906825e-05 2555
1764898680468 1.723989027494812e-05 2560
1764898702878 1.7148266475079208e-05 2565
1764898725588 1.7056763143202766e-05 2570
1764898748153 1.6965381661240685e-05 2575
1764898770576 1.6874123409274642e-05 2580
1764898793313 1.678298976552522e-05 2585
1764898815879 1.6691982106331135e-05 2590
1764898838339 1.6601101806128417e-05 2595
1764898861105 1.6510350237429658e-05 2600
1764898883655 1.6419728770803327e-05 2605
1764898906079 1.6329238774853014e-05 2610
1764898928812 1.623888161619678e-05 2615
1764898951341 1.6148658659446532e-05 2620
1764898973800 1.6058571267187402e-05 2625
1764898996588 1.5968620799957153e-05 2630
1764899019115 1.5878808616225674e-05 2635
1764899041635 1.5789136072374425e-05 2640
1764899064376 1.5699604522675963e-05 2645
1764899086821 1.5610215319273497e-05 2650
1764899109390 1.552096981216045e-05 2655
1764899132134 1.5431869349160116e-05 2660
1764899154543 1.5342915275905234e-05 2665
1764899177149 1.525410893581773e-05 2670
1764899199784 1.5165451670088376e-05 2675
