1764887105264 1.182655394077301 5
1764887127659 1.255961537361145 10
1764887150047 1.1955839693546295 15
1764887172853 1.2027216851711273 20
1764887195296 1.1305438876152039 25
1764887217732 1.1001965403556824 30
1764887240474 1.0987464785575867 35
1764887262909 1.0985944271087646 40
1764887285416 1.068773478269577 45
1764887308057 1.0647822469472885 50
1764887330484 1.013320729136467 55
1764887353038 1.0102566927671432 60
1764887375642 1.0210715234279633 65
1764887398072 0.9977262020111084 70
1764887420825 0.9267425984144211 75
1764887443271 1.0025215148925781 80
1764887465692 0.9441474080085754 85
1764887488405 0.9995676726102829 90
1764887510830 0.9733570665121078 95
1764887533286 0.8616813272237778 100
1764887556063 0.9132051765918732 105
1764887578502 0.9117004126310349 110
1764887600933 0.9774104654788971 115
1764887623627 0.9146862775087357 120
1764887646071 0.9544376730918884 125
1764887668489 0.8766195178031921 130
1764887691207 0.9120097607374191 135
1764887713647 0.915979877114296 140
1764887736075 0.8795927613973618 145
1764887758775 0.8841602355241776 150
1764887781215 0.9311480522155762 155
1764887803670 0.8973094671964645 160
1764887826414 0.8727532774209976 165
1764887848804 0.8726054728031158 170
1764887871188 0.8977247029542923 175
1764887893901 0.8950371891260147 180
1764887916326 0.8530923128128052 185
1764887938844 0.7471118271350861 190
1764887961503 0.8673397153615952 195
1764887983947 0.868190199136734 200
1764888006482 0.8843791633844376 205
1764888029081 0.8231946229934692 210
1764888051504 0.9472989439964294 215
1764888074369 0.8775155246257782 220
1764888096766 0.7879386097192764 225
1764888119155 0.7813059389591217 230
1764888141883 0.852570652961731 235
1764888164269 0.8459442108869553 240
1764888186667 0.80687215924263 245
1764888209408 0.8646954447031021 250
1764888231855 0.7983275502920151 255
1764888254301 0.8329845517873764 260
1764888277011 0.8889590203762054 265
1764888299416 0.7791541814804077 270
1764888321816 0.8321592956781387 275
1764888344500 0.8338766992092133 280
1764888366899 0.8099199682474136 285
1764888389275 0.8937152028083801 290
1764888411998 0.8866664618253708 295
1764888434429 0.8464894592761993 300
1764888456854 0.7854856550693512 305
1764888479659 0.8381938636302948 310
1764888502115 0.8375504314899445 315
1764888524523 0.8653943985700607 320
1764888547313 0.8270183056592941 325
1764888569717 0.7968513518571854 330
1764888592272 0.8108605295419693 335
1764888614878 0.8335607200860977 340
1764888637275 0.754991352558136 345
1764888659795 0.8636795729398727 350
1764888682430 0.8217665702104568 355
1764888704843 0.8077333867549896 360
1764888727568 0.8473597019910812 365
1764888750017 0.8489142507314682 370
1764888772464 0.8180534988641739 375
1764888795225 0.838243767619133 380
1764888817644 0.7486780881881714 385
1764888840099 0.776943564414978 390
1764888862995 0.8054040968418121 395
1764888885453 0.8148364722728729 400
1764888907914 0.8070568740367889 405
1764888930768 0.7900647670030594 410
1764888953193 0.848823755979538 415
1764888975588 0.808540016412735 420
1764888998417 0.8117102086544037 425
1764889020848 0.8338536471128464 430
1764889043286 0.765394389629364 435
1764889066113 0.7357275187969208 440
1764889088574 0.8110435009002686 445
1764889111002 0.8779847025871277 450
1764889133768 0.7984796464443207 455
1764889156230 0.8001596182584763 460
1764889178669 0.7572219222784042 465
1764889201491 0.8082304000854492 470
1764889223980 0.7760478407144547 475
1764889246550 0.7725326418876648 480
1764889269213 0.7207240015268326 485
1764889291647 0.805541530251503 490
1764889314226 0.7538318485021591 495
1764889336901 0.8397940993309021 500
1764889359371 0.844129279255867 505
1764889382052 0.8104180246591568 510
1764889404624 0.8210531920194626 515
1764889427072 0.7968371361494064 520
1764889449871 0.7802002727985382 525
1764889472294 0.7513269782066345 530
1764889494743 0.793622300028801 535
1764889517499 0.7777712047100067 540
1764889539932 0.8449553549289703 545
1764889562411 0.8388404846191406 550
1764889585192 0.7795764952898026 555
1764889607640 0.7714104056358337 560
1764889630101 0.7721393257379532 565
1764889652831 0.750826045870781 570
1764889675241 0.7414471358060837 575
1764889697642 0.6918579041957855 580
1764889720399 0.7227887809276581 585
1764889742800 0.823733851313591 590
1764889765218 0.7741304337978363 595
1764889787969 0.8067599684000015 600
1764889810383 0.799095407128334 605
1764889832795 0.803105041384697 610
1764889855613 0.816957101225853 615
1764889878127 0.82858607172966 620
1764889900683 0.7922726720571518 625
1764889923363 0.773838073015213 630
1764889945795 0.818226620554924 635
1764889968351 0.7634454965591431 640
1764889991092 0.720194011926651 645
1764890013530 0.6987075954675674 650
1764890036217 0.7715639173984528 655
1764890058772 0.777890607714653 660
1764890081223 0.7789809107780457 665
1764890103989 0.7932359278202057 670
1764890126421 0.7082067131996155 675
1764890148849 0.7247712314128876 680
1764890171616 0.8272913545370102 685
1764890194036 0.7701163291931152 690
1764890216483 0.7900751680135727 695
1764890239268 0.6802420914173126 700
1764890261715 0.7463304102420807 705
1764890284160 0.7708715945482254 710
1764890306979 0.7749111354351044 715
1764890329451 0.794934093952179 720
1764890351914 0.7606356292963028 725
1764890374710 0.7696498930454254 730
1764890397148 0.795193538069725 735
1764890419612 0.759137898683548 740
1764890442370 0.8553666025400162 745
1764890464812 0.7503325492143631 750
1764890487229 0.8027688711881638 755
1764890510000 0.8438338786363602 760
1764890532447 0.7696387320756912 765
1764890555037 0.7623647749423981 770
1764890577657 0.7911527454853058 775
1764890600105 0.7515708059072495 780
1764890622678 0.780052587389946 785
1764890645351 0.7289357781410217 790
1764890667791 0.7361913472414017 795
1764890690491 0.7806910127401352 800
1764890713052 0.8033377826213837 805
1764890735496 0.7827453017234802 810
1764890758283 0.7501704394817352 815
1764890780696 0.7607220262289047 820
1764890803112 0.7966901808977127 825
1764890825905 0.7268024682998657 830
1764890858795 0.7287286221981049 835
1764890881720 0.7303403317928314 840
1764890904729 0.7319134324789047 845
1764890927675 0.7795157432556152 850
1764890950613 0.7610914558172226 855
1764890973611 0.6908001899719238 860
1764890996104 0.7760840654373169 865
1764891018519 0.7767113894224167 870
1764891041130 0.7714338153600693 875
1764891063534 0.7286235988140106 880
1764891085944 0.7301440984010696 885
1764891108873 0.7174149006605148 890
1764891131284 0.817591056227684 895
1764891153689 0.7606408894062042 900
1764891176436 0.7957360595464706 905
1764891198846 0.7651323229074478 910
1764891221403 0.7971942871809006 915
1764891244256 0.7622928321361542 920
1764891266702 0.6553694158792496 925
1764891289371 0.7396841943264008 930
1764891311932 0.7246206551790237 935
1764891334417 0.794559046626091 940
1764891357072 0.749890998005867 945
1764891379749 0.7038061767816544 950
1764891402161 0.7363613545894623 955
1764891424814 0.733862891793251 960
1764891447257 0.7446680665016174 965
1764891469663 0.7679415643215179 970
1764891492478 0.8049326986074448 975
1764891514886 0.779975563287735 980
1764891537283 0.7257768660783768 985
1764891559964 0.7355732470750809 990
1764891582405 0.7838677316904068 995
1764891604857 0.7241876721382141 1000
1764891627785 0.7566652446985245 1005
1764891650226 0.7582876682281494 1010
1764891672648 0.7629195600748062 1015
1764891695385 0.6971567422151566 1020
1764891717823 0.7456770986318588 1025
1764891740249 0.8782227039337158 1030
1764891763186 0.7286580502986908 1035
1764891785617 0.718077227473259 1040
1764891808030 0.735069528222084 1045
1764891830758 0.7500748783349991 1050
1764891853207 0.7431239485740662 1055
1764891875736 0.7506452053785324 1060
1764891898571 0.7880922704935074 1065
1764891921019 0.7669249027967453 1070
1764891943591 0.775757223367691 1075
1764891966155 0.7810392677783966 1080
1764891988610 0.7739780396223068 1085
1764892011267 0.7320580631494522 1090
1764892034065 0.7568156570196152 1095
1764892056504 0.7366503924131393 1100
1764892079112 0.7235725075006485 1105
1764892101671 0.7632544189691544 1110
1764892124122 0.7540225386619568 1115
1764892147145 0.7640317380428314 1120
1764892169603 0.7680417746305466 1125
1764892192036 0.7558646947145462 1130
1764892214791 0.7140961140394211 1135
1764892237289 0.7339016646146774 1140
1764892259747 0.7484302520751953 1145
1764892282618 0.8278460055589676 1150
1764892305032 0.7722742408514023 1155
1764892327445 0.6949482262134552 1160
1764892350113 0.7303626984357834 1165
1764892372513 0.7373384982347488 1170
1764892394927 0.6458438485860825 1175
1764892417833 0.7234550714492798 1180
1764892440294 0.8257573992013931 1185
1764892462740 0.6905043870210648 1190
1764892485471 0.7172126322984695 1195
1764892507943 0.718996599316597 1200
1764892530527 0.6979856938123703 1205
1764892553353 0.7437246441841125 1210
1764892575752 0.7712287157773972 1215
1764892598366 0.7013871669769287 1220
1764892620934 0.7199787646532059 1225
1764892643363 0.7622114270925522 1230
1764892666005 0.7505684196949005 1235
1764892688670 0.7219812124967575 1240
1764892711053 0.6650961488485336 1245
1764892733644 0.7050290554761887 1250
1764892756254 0.8039140999317169 1255
1764892778717 0.737236738204956 1260
1764892801480 0.7883238345384598 1265
1764892824030 0.7359953075647354 1270
1764892846471 0.8101725578308105 1275
1764892869082 0.744014784693718 1280
1764892891727 0.7799325734376907 1285
1764892914139 0.6897981762886047 1290
1764892937016 0.7679054290056229 1295
1764892959482 0.7998184859752655 1300
1764892981951 0.7443789541721344 1305
1764893004721 0.6864123344421387 1310
1764893027172 0.6815224885940552 1315
1764893049590 0.7133052051067352 1320
1764893072396 0.7500530034303665 1325
1764893094790 0.7557761818170547 1330
1764893117194 0.7315766960382462 1335
1764893139924 0.7427195012569427 1340
1764893162404 0.778462216258049 1345
1764893184970 0.7005687654018402 1350
1764893207737 0.7106390297412872 1355
1764893230178 0.6878240406513214 1360
1764893252800 0.7598538845777512 1365
1764893275417 0.7693389654159546 1370
1764893297895 0.8002744764089584 1375
1764893320562 0.6960235834121704 1380
1764893343249 0.7479305118322372 1385
1764893365689 0.7436656057834625 1390
1764893388272 0.7419147193431854 1395
1764893410829 0.7698700428009033 1400
1764893433265 0.7685900032520294 1405
1764893456044 0.6692178398370743 1410
1764893478578 0.7107565551996231 1415
1764893501027 0.7247796207666397 1420
1764893523640 0.7520571649074554 1425
1764893546231 0.7064679712057114 1430
1764893568703 0.7821412980556488 1435
1764893591470 0.677461251616478 1440
1764893614003 0.6570118814706802 1445
1764893636402 0.7014764249324799 1450
1764893659056 0.7206385582685471 1455
1764893681467 0.7282370030879974 1460
1764893703901 0.7945336997509003 1465
1764893726721 0.7660656422376633 1470
1764893749189 0.7326672673225403 1475
1764893771698 0.7530121803283691 1480
1764893794438 0.7423224449157715 1485
1764893816896 0.7465328127145767 1490
1764893839436 0.7419984638690948 1495
1764893862265 0.7230862677097321 1500
1764893884712 0.7540266662836075 1505
1764893907275 0.7923753559589386 1510
1764893929831 0.7933134287595749 1515
1764893952265 0.7415881603956223 1520
1764893974936 0.7026146203279495 1525
1764893997650 0.7619952410459518 1530
1764894020087 0.7109896689653397 1535
1764894042999 0.732956662774086 1540
1764894065572 0.7869392186403275 1545
1764894088021 0.776156559586525 1550
1764894110746 0.7472488433122635 1555
1764894133296 0.7033074498176575 1560
1764894155778 0.7585969865322113 1565
1764894178372 0.8194423466920853 1570
1764894200910 0.7308409065008163 1575
1764894223360 0.752356544137001 1580
1764894246102 0.7495371699333191 1585
1764894268693 0.677155539393425 1590
1764894291179 0.7817849069833755 1595
1764894313922 0.8049890846014023 1600
1764894336410 0.6957466900348663 1605
1764894358889 0.8746076673269272 1610
1764894381759 0.7224370241165161 1615
1764894404220 0.761596605181694 1620
1764894426659 0.7345560193061829 1625
1764894449443 0.7198956310749054 1630
1764894471866 0.7507862895727158 1635
1764894494439 0.7230600118637085 1640
1764894517184 0.6831736266613007 1645
1764894539638 0.791660875082016 1650
1764894562257 0.7242623269557953 1655
1764894584925 0.6811604797840118 1660
1764894607401 0.7874716967344284 1665
1764894640912 0.7993088364601135 1670
1764894663844 0.7196484506130219 1675
1764894686809 0.7320061326026917 1680
1764894710032 0.6863799542188644 1685
1764894733007 0.6589424014091492 1690
1764894755849 0.7308004796504974 1695
1764894778631 0.7428815960884094 1700
1764894801171 0.7293987721204758 1705
1764894823589 0.7546785324811935 1710
1764894846431 0.7487088590860367 1715
1764894868984 0.6895658820867538 1720
1764894891464 0.7388996928930283 1725
1764894914239 0.6983826756477356 1730
1764894936782 0.7147240042686462 1735
1764894959240 0.7747807502746582 1740
1764894982094 0.7177240699529648 1745
1764895004613 0.7180037200450897 1750
1764895027031 0.9094531536102295 1755
1764895049851 0.6675649434328079 1760
1764895072423 0.8080662786960602 1765
1764895094862 0.660455659031868 1770
1764895117657 0.7902559489011765 1775
1764895140297 0.7057402282953262 1780
1764895162826 0.772320345044136 1785
1764895185699 0.7154294103384018 1790
1764895208163 0.7529134452342987 1795
1764895230776 0.6771892011165619 1800
1764895253598 0.7778299003839493 1805
1764895276058 0.7237792462110519 1810
1764895298719 0.6734256893396378 1815
1764895321485 0.6606374084949493 1820
1764895343934 0.6915024518966675 1825
1764895366707 0.7063168585300446 1830
1764895389320 0.6837350428104401 1835
1764895411730 0.7298086583614349 1840
1764895434537 0.7035720348358154 1845
1764895457110 0.7079186141490936 1850
1764895479551 0.7405835390090942 1855
1764895502280 0.7451229244470596 1860
1764895524923 0.7703846395015717 1865
1764895547399 0.7316371202468872 1870
1764895570230 0.7681331783533096 1875
1764895592984 0.7324588298797607 1880
1764895615440 0.6934102326631546 1885
1764895638176 0.7020376324653625 1890
1764895660766 0.6843019276857376 1895
1764895683306 0.742250993847847 1900
1764895706008 0.7346231043338776 1905
1764895728498 0.7013331800699234 1910
1764895751028 0.7144187241792679 1915
1764895773613 0.8106105476617813 1920
1764895796237 0.7804037183523178 1925
1764895818827 0.6738828122615814 1930
1764895841604 0.7117823958396912 1935
1764895864076 0.7571258693933487 1940
1764895886618 0.6925818771123886 1945
1764895909459 0.7019819170236588 1950
1764895931916 0.7003616988658905 1955
1764895954606 0.6613046526908875 1960
1764895977305 0.7270565778017044 1965
1764895999764 0.7552013099193573 1970
1764896022500 0.7579555362462997 1975
1764896045168 0.7419434934854507 1980
1764896067635 0.7294734418392181 1985
1764896090493 0.6548516899347305 1990
1764896113049 0.7951135337352753 1995
1764896135487 0.6974188834428787 2000
1764896158224 0.6726392358541489 2005
1764896180876 0.7770955413579941 2010
1764896203325 0.71307073533535 2015
1764896226163 0.6564450562000275 2020
1764896248699 0.6282254606485367 2025
1764896271176 0.686585009098053 2030
1764896293876 0.7237756699323654 2035
1764896316501 0.7273144423961639 2040
1764896339028 0.6947540789842606 2045
1764896361780 0.6936722248792648 2050
1764896384345 0.6828939020633698 2055
1764896406905 0.696962520480156 2060
1764896429475 0.7821510136127472 2065
1764896452097 0.7207558155059814 2070
1764896474626 0.7311495840549469 2075
1764896497448 0.7010006308555603 2080
1764896519893 0.7028668075799942 2085
1764896542444 0.6983626037836075 2090
1764896565269 0.6776094287633896 2095
1764896587730 0.7533191591501236 2100
1764896610381 0.7320087552070618 2105
1764896633092 0.6932857781648636 2110
1764896655510 0.6727727800607681 2115
1764896678228 0.6632158905267715 2120
1764896700849 0.7270365953445435 2125
1764896723294 0.7348014265298843 2130
1764896746174 0.7100551575422287 2135
1764896768765 0.6653521806001663 2140
1764896791209 0.7234971821308136 2145
1764896813975 0.6455695033073425 2150
1764896836598 0.7446911334991455 2155
1764896858997 0.73712357878685 2160
1764896881845 0.7008506804704666 2165
1764896904396 0.6970983147621155 2170
1764896926840 0.6299567520618439 2175
1764896949555 0.7317155450582504 2180
1764896972161 0.693509966135025 2185
1764896994701 0.6863016784191132 2190
1764897017452 0.737690344452858 2195
1764897040015 0.6650949418544769 2200
1764897062551 0.6894990354776382 2205
1764897085183 0.7114699929952621 2210
1764897107804 0.7775292098522186 2215
1764897130373 0.7061622142791748 2220
1764897153238 0.7041908949613571 2225
1764897175714 0.7214077711105347 2230
1764897198291 0.7215330451726913 2235
1764897221103 0.6594550758600235 2240
1764897243547 0.7232756316661835 2245
1764897266183 0.7492609173059464 2250
1764897288911 0.6950641423463821 2255
1764897311325 0.7423360645771027 2260
1764897334072 0.7623813599348068 2265
1764897356657 0.6928391009569168 2270
1764897379151 0.6758903563022614 2275
1764897401994 0.7908904105424881 2280
1764897424550 0.6995987743139267 2285
1764897447023 0.6883462965488434 2290
1764897469767 0.7488154321908951 2295
1764897492418 0.7028573304414749 2300
1764897514875 0.7006034702062607 2305
1764897537706 0.6731474995613098 2310
1764897560240 0.669830858707428 2315
1764897582723 0.6978635191917419 2320
1764897605570 0.7122049182653427 2325
1764897628212 0.7065968066453934 2330
1764897650774 0.6595865041017532 2335
1764897673517 0.6753315180540085 2340
1764897696063 0.7038878351449966 2345
1764897718617 0.716293528676033 2350
1764897741265 0.7491719424724579 2355
1764897763926 0.6742013245820999 2360
1764897786460 0.7082468718290329 2365
1764897809301 0.69963338971138 2370
1764897831804 0.7249475717544556 2375
1764897854384 0.7331116795539856 2380
1764897877236 0.7108154445886612 2385
1764897899715 0.6683606058359146 2390
1764897922387 0.7431619018316269 2395
1764897945109 0.66678586602211 2400
1764897967581 0.7158951014280319 2405
1764897990312 0.7223463654518127 2410
1764898012902 0.6528119146823883 2415
1764898035361 0.717580184340477 2420
1764898058201 0.7498161494731903 2425
1764898080832 0.6658187061548233 2430
1764898103288 0.6906844973564148 2435
1764898126024 0.7314808815717697 2440
1764898148636 0.7091745138168335 2445
1764898171091 0.6984257847070694 2450
1764898193962 0.6856896579265594 2455
1764898216497 0.7121217250823975 2460
1764898238905 0.6881935298442841 2465
1764898261609 0.6516248881816864 2470
1764898284190 0.6524425446987152 2475
1764898306687 0.6973291337490082 2480
1764898329396 0.6871216595172882 2485
1764898351928 0.8020380735397339 2490
1764898374475 0.678346648812294 2495
1764898407430 0.7422032654285431 2500
1764898430322 0.7027305513620377 2505
1764898453278 0.6427473425865173 2510
1764898476353 0.7231941223144531 2515
1764898499277 0.7539073377847672 2520
1764898522265 0.7372724264860153 2525
1764898545050 0.7398966997861862 2530
1764898567504 0.6986656486988068 2535
1764898590057 0.7133748531341553 2540
1764898612807 0.7336193472146988 2545
1764898635240 0.6497127562761307 2550
1764898657948 0.729850247502327 2555
1764898680468 0.7851027995347977 2560
1764898702878 0.6900003999471664 2565
1764898725588 0.6861035227775574 2570
1764898748153 0.6857447922229767 2575
1764898770576 0.7875029146671295 2580
1764898793313 0.7225077897310257 2585
1764898815879 0.746280312538147 2590
1764898838339 0.7413809150457382 2595
1764898861105 0.7180609703063965 2600
1764898883655 0.715326264500618 2605
1764898906079 0.731670543551445 2610
1764898928812 0.7319297194480896 2615
1764898951341 0.7398746758699417 2620
1764898973800 0.7151072472333908 2625
1764898996588 0.6987741738557816 2630
1764899019115 0.7423595041036606 2635
1764899041635 0.6958683729171753 2640
1764899064376 0.6735433042049408 2645
1764899086821 0.6039271950721741 2650
1764899109390 0.7455352395772934 2655
1764899132134 0.7180665284395218 2660
1764899154543 0.6593588590621948 2665
1764899177149 0.6741188168525696 2670
1764899199784 0.6947700530290604 2675
