1764183262819 23.840444564819336 1
1764183273967 23.840444564819336 2
1764183284720 23.840444564819336 3
1764183295513 23.840444564819336 4
1764183306300 23.840444564819336 5
1764183317127 23.840444564819336 6
1764183327974 23.840444564819336 7
1764183338798 23.840444564819336 8
1764183349595 23.840444564819336 9
1764183360408 23.840444564819336 10
1764183371209 23.840444564819336 11
1764183382005 23.840444564819336 12
1764183392792 23.840444564819336 13
1764183403618 23.840444564819336 14
1764183414396 23.840444564819336 15
1764183425177 23.840444564819336 16
1764183435976 23.840444564819336 17
1764183446838 23.840444564819336 18
1764183457615 23.840444564819336 19
1764183468500 23.840444564819336 20
1764183479246 23.840444564819336 21
1764183490018 23.840444564819336 22
1764183500768 23.840444564819336 23
1764183511529 23.840444564819336 24
1764183522279 23.840444564819336 25
1764183533051 23.840444564819336 26
1764183543802 23.840444564819336 27
1764183554580 23.840444564819336 28
1764183565310 23.840444564819336 29
1764183576023 23.840444564819336 30
1764183586763 23.840444564819336 31
1764183597514 23.840444564819336 32
1764183608254 23.840444564819336 33
1764183618975 23.840444564819336 34
1764183629710 23.840444564819336 35
1764183640477 23.840444564819336 36
1764183651227 23.840444564819336 37
1764183661967 23.840444564819336 38
1764183672691 23.840444564819336 39
1764183683394 23.840444564819336 40
1764183694136 23.840444564819336 41
1764183704848 23.840444564819336 42
1764183715575 23.840444564819336 43
1764183726333 23.840444564819336 44
1764183737075 23.840444564819336 45
1764183747852 23.840444564819336 46
1764183758567 23.840444564819336 47
1764183769332 23.840444564819336 48
1764183780037 23.840444564819336 49
1764183790751 23.840444564819336 50
1764183801509 23.840444564819336 51
1764183812279 23.840444564819336 52
1764183823019 23.840444564819336 53
1764183833736 23.840444564819336 54
1764183844447 23.840444564819336 55
1764183855169 23.840444564819336 56
1764183865909 23.840444564819336 57
1764183876613 23.840444564819336 58
1764183887428 23.840444564819336 59
1764183898217 23.840444564819336 60
1764183908915 23.840444564819336 61
1764183919628 23.840444564819336 62
1764183930322 23.840444564819336 63
1764183941093 23.840444564819336 64
1764183951802 23.840444564819336 65
1764183962535 23.840444564819336 66
1764183973231 23.840444564819336 67
1764183984000 23.840444564819336 68
1764183994704 23.840444564819336 69
1764184005428 23.840444564819336 70
1764184016129 23.840444564819336 71
1764184026829 23.840444564819336 72
1764184037574 23.840444564819336 73
1764184048306 23.840444564819336 74
1764184059040 23.840444564819336 75
1764184069736 23.840444564819336 76
1764184080461 23.840444564819336 77
1764184091184 23.840444564819336 78
1764184101896 23.840444564819336 79
1764184112649 23.840444564819336 80
1764184123344 23.840444564819336 81
1764184134129 23.840444564819336 82
1764184144898 23.840444564819336 83
1764184155617 23.840444564819336 84
1764184166351 23.840444564819336 85
1764184177115 23.840444564819336 86
1764184187815 23.840444564819336 87
1764184198577 23.840444564819336 88
1764184209263 23.840444564819336 89
1764184220006 23.840444564819336 90
1764184230691 23.840444564819336 91
1764184241415 23.840444564819336 92
1764184252136 23.840444564819336 93
1764184262880 23.840444564819336 94
1764184273645 23.840444564819336 95
1764184284387 23.840444564819336 96
1764184295182 23.840444564819336 97
1764184305926 23.840444564819336 98
1764184316747 23.840444564819336 99
1764184327446 23.840444564819336 100
1764184338148 23.840444564819336 101
1764184348871 23.840444564819336 102
1764184359605 23.840444564819336 103
1764184370347 23.840444564819336 104
1764184381060 23.840444564819336 105
1764184391799 23.840444564819336 106
1764184402558 23.840444564819336 107
1764184413285 23.840444564819336 108
1764184424019 23.840444564819336 109
1764184434711 23.840444564819336 110
1764184445445 23.840444564819336 111
1764184456156 23.840444564819336 112
1764184466842 23.840444564819336 113
1764184477550 23.840444564819336 114
1764184488254 23.840444564819336 115
1764184498953 23.840444564819336 116
1764184509664 23.840444564819336 117
1764184520373 23.840444564819336 118
1764184531107 23.840444564819336 119
1764184541824 23.840444564819336 120
1764184552550 23.840444564819336 121
1764184563289 23.840444564819336 122
1764184574025 23.840444564819336 123
1764184584788 23.840444564819336 124
1764184595499 23.840444564819336 125
1764184606228 23.840444564819336 126
1764184616922 23.840444564819336 127
1764184627656 23.840444564819336 128
1764184638337 23.840444564819336 129
1764184649093 23.840444564819336 130
1764184659771 23.840444564819336 131
1764184670535 23.840444564819336 132
1764184681266 23.840444564819336 133
1764184692007 23.840444564819336 134
1764184702739 23.840444564819336 135
1764184713447 23.840444564819336 136
1764184724168 23.840444564819336 137
1764184735016 23.840444564819336 138
1764184745817 23.840444564819336 139
1764184756537 23.840444564819336 140
1764184767283 23.840444564819336 141
1764184778013 23.840444564819336 142
1764184788739 23.840444564819336 143
1764184799435 23.840444564819336 144
1764184810136 23.840444564819336 145
1764184820833 23.840444564819336 146
1764184831527 23.840444564819336 147
1764184842246 23.840444564819336 148
1764184853005 23.840444564819336 149
1764184863744 23.840444564819336 150
1764184874444 23.840444564819336 151
1764184885183 23.840444564819336 152
1764184895903 23.840444564819336 153
1764184906645 23.840444564819336 154
1764184917343 23.840444564819336 155
1764184928079 23.840444564819336 156
1764184938799 23.840444564819336 157
1764184949553 23.840444564819336 158
1764184960348 23.840444564819336 159
1764184971029 23.840444564819336 160
1764184981744 23.840444564819336 161
1764184992467 23.840444564819336 162
1764185003218 23.840444564819336 163
1764185013943 23.840444564819336 164
1764185024666 23.840444564819336 165
1764185035384 23.840444564819336 166
1764185046118 23.840444564819336 167
1764185056859 23.840444564819336 168
1764185067522 23.840444564819336 169
1764185078224 23.840444564819336 170
1764185088915 23.840444564819336 171
1764185099628 23.840444564819336 172
1764185110361 23.840444564819336 173
1764185121093 23.840444564819336 174
1764185131790 23.840444564819336 175
1764185142632 23.840444564819336 176
1764185153370 23.840444564819336 177
1764185164111 23.840444564819336 178
1764185174825 23.840444564819336 179
1764185185521 23.840444564819336 180
1764185196245 23.840444564819336 181
1764185206975 23.840444564819336 182
1764185217673 23.840444564819336 183
1764185228459 23.840444564819336 184
1764185239188 23.840444564819336 185
1764185249883 23.840444564819336 186
1764185260616 23.840444564819336 187
1764185271436 23.840444564819336 188
1764185282151 23.840444564819336 189
1764185292855 23.840444564819336 190
1764185303622 23.840444564819336 191
1764185314387 23.840444564819336 192
1764185325106 23.840444564819336 193
1764185335859 23.840444564819336 194
1764185346571 23.840444564819336 195
1764185388009 23.840444564819336 196
1764185398699 23.840444564819336 197
1764185409398 23.840444564819336 198
1764185420111 23.840444564819336 199
1764185430861 23.840444564819336 200
1764185441589 23.840444564819336 201
1764185452322 23.840444564819336 202
1764185463070 23.840444564819336 203
1764185473822 23.840444564819336 204
1764185484527 23.840444564819336 205
1764185495257 23.840444564819336 206
1764185506055 23.840444564819336 207
1764185516797 23.840444564819336 208
1764185527563 23.840444564819336 209
1764185538364 23.840444564819336 210
1764185549114 23.840444564819336 211
1764185559837 23.840444564819336 212
1764185570564 23.840444564819336 213
1764185581310 23.840444564819336 214
1764185592038 23.840444564819336 215
1764185602883 23.840444564819336 216
1764185613788 23.840444564819336 217
1764185624541 23.840444564819336 218
1764185635286 23.840444564819336 219
1764185646051 23.840444564819336 220
1764185656760 23.840444564819336 221
1764185667523 23.840444564819336 222
1764185678277 23.840444564819336 223
1764185689004 23.840444564819336 224
1764185699731 23.840444564819336 225
1764185710460 23.840444564819336 226
1764185721195 23.840444564819336 227
1764185731917 23.840444564819336 228
1764185742688 23.840444564819336 229
1764185753404 23.840444564819336 230
1764185764175 23.840444564819336 231
1764185774875 23.840444564819336 232
1764185785589 23.840444564819336 233
1764185796326 23.840444564819336 234
1764185807043 23.840444564819336 235
1764185817760 23.840444564819336 236
1764185828506 23.840444564819336 237
1764185839229 23.840444564819336 238
1764185849935 23.840444564819336 239
1764185860711 23.840444564819336 240
1764185871420 23.840444564819336 241
1764185882144 23.840444564819336 242
1764185892933 23.840444564819336 243
1764185903676 23.840444564819336 244
1764185914434 23.840444564819336 245
1764185925219 23.840444564819336 246
1764185935959 23.840444564819336 247
1764185946751 23.840444564819336 248
1764185957486 23.840444564819336 249
1764185968204 23.840444564819336 250
1764185978944 23.840444564819336 251
1764185989666 23.840444564819336 252
1764186000392 23.840444564819336 253
1764186011115 23.840444564819336 254
1764186021830 23.840444564819336 255
1764186032588 23.840444564819336 256
1764186043410 23.840444564819336 257
1764186054155 23.840444564819336 258
1764186064866 23.840444564819336 259
1764186075601 23.840444564819336 260
1764186086302 23.840444564819336 261
1764186097049 23.840444564819336 262
1764186107807 23.840444564819336 263
1764186118564 23.840444564819336 264
1764186129293 23.840444564819336 265
1764186140061 23.840444564819336 266
1764186150817 23.840444564819336 267
1764186161520 23.840444564819336 268
1764186172261 23.840444564819336 269
1764186182976 23.840444564819336 270
1764186193696 23.840444564819336 271
1764186204410 23.840444564819336 272
1764186215137 23.840444564819336 273
1764186225901 23.840444564819336 274
1764186236611 23.840444564819336 275
1764186247332 23.840444564819336 276
1764186258049 23.840444564819336 277
1764186268764 23.840444564819336 278
1764186279501 23.840444564819336 279
1764186290224 23.840444564819336 280
1764186300965 23.840444564819336 281
1764186311737 23.840444564819336 282
1764186322422 23.840444564819336 283
1764186333159 23.840444564819336 284
1764186343920 23.840444564819336 285
1764186354663 23.840444564819336 286
1764186365379 23.840444564819336 287
1764186376101 23.840444564819336 288
1764186386798 23.840444564819336 289
1764186397531 23.840444564819336 290
1764186408255 23.840444564819336 291
1764186419009 23.840444564819336 292
1764186429761 23.840444564819336 293
1764186440465 23.840444564819336 294
1764186451211 23.840444564819336 295
1764186461984 23.840444564819336 296
1764186472817 23.840444564819336 297
1764186483557 23.840444564819336 298
1764186494290 23.840444564819336 299
1764186505049 23.840444564819336 300
1764186515799 23.840444564819336 301
1764186526502 23.840444564819336 302
1764186537260 23.840444564819336 303
1764186548009 23.840444564819336 304
1764186558777 23.840444564819336 305
1764186569506 23.840444564819336 306
1764186580259 23.840444564819336 307
1764186591003 23.840444564819336 308
1764186601744 23.840444564819336 309
1764186612484 23.840444564819336 310
1764186623311 23.840444564819336 311
1764186634056 23.840444564819336 312
1764186644790 23.840444564819336 313
1764186655527 23.840444564819336 314
1764186666228 23.840444564819336 315
1764186676939 23.840444564819336 316
1764186687670 23.840444564819336 317
1764186698386 23.840444564819336 318
1764186709112 23.840444564819336 319
1764186719851 23.840444564819336 320
1764186730603 23.840444564819336 321
1764186741366 23.840444564819336 322
1764186752126 23.840444564819336 323
1764186762877 23.840444564819336 324
1764186773594 23.840444564819336 325
1764186784287 23.840444564819336 326
1764186795013 23.840444564819336 327
1764186805732 23.840444564819336 328
1764186816458 23.840444564819336 329
1764186827181 23.840444564819336 330
1764186837902 23.840444564819336 331
1764186848635 23.840444564819336 332
1764186859319 23.840444564819336 333
1764186870159 23.840444564819336 334
1764186880914 23.840444564819336 335
1764186891674 23.840444564819336 336
1764186902395 23.840444564819336 337
1764186913158 23.840444564819336 338
1764186923977 23.840444564819336 339
1764186934718 23.840444564819336 340
1764186945435 23.840444564819336 341
1764186956206 23.840444564819336 342
1764186966951 23.840444564819336 343
1764186977711 23.840444564819336 344
1764186988444 23.840444564819336 345
1764186999182 23.840444564819336 346
1764187009908 23.840444564819336 347
1764187020642 23.840444564819336 348
1764187031364 23.840444564819336 349
1764187042094 23.840444564819336 350
1764187052844 23.840444564819336 351
1764187063575 23.840444564819336 352
1764187074303 23.840444564819336 353
1764187085044 23.840444564819336 354
1764187095821 23.840444564819336 355
1764187106554 23.840444564819336 356
1764187117276 23.840444564819336 357
1764187128029 23.840444564819336 358
1764187138787 23.840444564819336 359
1764187149543 23.840444564819336 360
1764187160271 23.840444564819336 361
1764187170994 23.840444564819336 362
1764187181708 23.840444564819336 363
1764187192424 23.840444564819336 364
1764187203143 23.840444564819336 365
1764187213905 23.840444564819336 366
1764187224639 23.840444564819336 367
1764187235344 23.840444564819336 368
1764187246117 23.840444564819336 369
1764187256835 23.840444564819336 370
1764187267572 23.840444564819336 371
1764187278288 23.840444564819336 372
1764187289008 23.840444564819336 373
1764187299811 23.840444564819336 374
1764187310596 23.840444564819336 375
1764187321367 23.840444564819336 376
1764187332093 23.840444564819336 377
1764187342811 23.840444564819336 378
1764187353518 23.840444564819336 379
1764187364222 23.840444564819336 380
1764187374924 23.840444564819336 381
1764187385657 23.840444564819336 382
1764187396357 23.840444564819336 383
1764187407059 23.840444564819336 384
1764187417745 23.840444564819336 385
1764187428475 23.840444564819336 386
1764187439182 23.840444564819336 387
1764187449922 23.840444564819336 388
1764187460642 23.840444564819336 389
1764187471343 23.840444564819336 390
1764187512791 23.840444564819336 391
1764187523481 23.840444564819336 392
1764187534170 23.840444564819336 393
1764187544868 23.840444564819336 394
1764187555600 23.840444564819336 395
1764187566355 23.840444564819336 396
1764187577087 23.840444564819336 397
1764187587871 23.840444564819336 398
1764187598608 23.840444564819336 399
1764187609319 23.840444564819336 400
1764187620047 23.840444564819336 401
1764187630804 23.840444564819336 402
1764187641527 23.840444564819336 403
1764187652317 23.840444564819336 404
1764187663053 23.840444564819336 405
1764187673779 23.840444564819336 406
1764187684568 23.840444564819336 407
1764187695274 23.840444564819336 408
1764187705995 23.840444564819336 409
1764187716727 23.840444564819336 410
1764187727482 23.840444564819336 411
1764187738199 23.840444564819336 412
1764187748980 23.840444564819336 413
1764187759692 23.840444564819336 414
1764187770531 23.840444564819336 415
1764187781233 23.840444564819336 416
1764187791944 23.840444564819336 417
1764187802669 23.840444564819336 418
1764187813391 23.840444564819336 419
1764187824108 23.840444564819336 420
1764187834810 23.840444564819336 421
1764187845551 23.840444564819336 422
1764187856288 23.840444564819336 423
1764187867084 23.840444564819336 424
1764187877829 23.840444564819336 425
1764187888544 23.840444564819336 426
1764187899246 23.840444564819336 427
1764187909932 23.840444564819336 428
1764187920651 23.840444564819336 429
1764187931366 23.840444564819336 430
1764187942076 23.840444564819336 431
1764187952809 23.840444564819336 432
1764187963529 23.840444564819336 433
1764187974252 23.840444564819336 434
1764187985005 23.840444564819336 435
1764187995719 23.840444564819336 436
1764188006387 23.840444564819336 437
1764188017159 23.840444564819336 438
1764188027883 23.840444564819336 439
1764188038588 23.840444564819336 440
1764188049302 23.840444564819336 441
1764188060036 23.840444564819336 442
1764188070749 23.840444564819336 443
1764188081517 23.840444564819336 444
1764188092253 23.840444564819336 445
1764188103017 23.840444564819336 446
1764188113725 23.840444564819336 447
1764188124488 23.840444564819336 448
1764188135213 23.840444564819336 449
1764188145952 23.840444564819336 450
1764188156714 23.840444564819336 451
1764188167468 23.840444564819336 452
1764188178230 23.840444564819336 453
1764188189022 23.840444564819336 454
1764188199872 23.840444564819336 455
1764188210601 23.840444564819336 456
1764188221340 23.840444564819336 457
1764188232084 23.840444564819336 458
1764188242788 23.840444564819336 459
1764188253505 23.840444564819336 460
1764188264254 23.840444564819336 461
1764188274995 23.840444564819336 462
1764188285758 23.840444564819336 463
1764188296480 23.840444564819336 464
1764188307212 23.840444564819336 465
1764188317941 23.840444564819336 466
1764188328672 23.840444564819336 467
1764188339387 23.840444564819336 468
1764188350105 23.840444564819336 469
1764188360863 23.840444564819336 470
1764188371606 23.840444564819336 471
1764188382331 23.840444564819336 472
1764188393050 23.840444564819336 473
1764188403804 23.840444564819336 474
1764188414527 23.840444564819336 475
1764188425259 23.840444564819336 476
1764188435979 23.840444564819336 477
1764188446717 23.840444564819336 478
1764188457452 23.840444564819336 479
1764188468180 23.840444564819336 480
1764188478901 23.840444564819336 481
1764188489620 23.840444564819336 482
1764188500362 23.840444564819336 483
1764188511095 23.840444564819336 484
1764188521824 23.840444564819336 485
1764188532558 23.840444564819336 486
1764188543296 23.840444564819336 487
1764188554023 23.840444564819336 488
1764188564791 23.840444564819336 489
1764188575560 23.840444564819336 490
1764188586270 23.840444564819336 491
1764188597148 23.840444564819336 492
1764188607874 23.840444564819336 493
1764188618647 23.840444564819336 494
1764188629425 23.840444564819336 495
1764188640157 23.840444564819336 496
1764188650885 23.840444564819336 497
1764188661696 23.840444564819336 498
1764188672425 23.840444564819336 499
1764188683188 23.840444564819336 500
1764188694003 23.840444564819336 501
1764188704689 23.840444564819336 502
1764188715405 23.840444564819336 503
1764188726218 23.840444564819336 504
1764188736995 23.840444564819336 505
1764188747737 23.840444564819336 506
1764188758456 23.840444564819336 507
1764188769162 23.840444564819336 508
1764188779879 23.840444564819336 509
1764188790613 23.840444564819336 510
1764188801351 23.840444564819336 511
1764188812070 23.840444564819336 512
1764188822801 23.840444564819336 513
1764188833539 23.840444564819336 514
1764188844298 23.840444564819336 515
1764188855028 23.840444564819336 516
1764188865735 23.840444564819336 517
1764188876473 23.840444564819336 518
1764188887177 23.840444564819336 519
1764188897920 23.840444564819336 520
1764188908656 23.840444564819336 521
1764188919368 23.840444564819336 522
1764188930079 23.840444564819336 523
1764188940816 23.840444564819336 524
1764188951502 23.840444564819336 525
1764188962204 23.840444564819336 526
1764188972922 23.840444564819336 527
1764188983619 23.840444564819336 528
1764188994307 23.840444564819336 529
1764189005042 23.840444564819336 530
1764189015756 23.840444564819336 531
1764189026529 23.840444564819336 532
1764189037267 23.840444564819336 533
1764189048050 23.840444564819336 534
1764189058808 23.840444564819336 535
1764189069493 23.840444564819336 536
1764189080297 23.840444564819336 537
1764189091029 23.840444564819336 538
1764189101765 23.840444564819336 539
1764189112493 23.840444564819336 540
1764189123211 23.840444564819336 541
1764189133930 23.840444564819336 542
1764189144676 23.840444564819336 543
1764189155425 23.840444564819336 544
1764189166166 23.840444564819336 545
1764189176863 23.840444564819336 546
1764189187575 23.840444564819336 547
1764189198302 23.840444564819336 548
1764189209038 23.840444564819336 549
1764189219795 23.840444564819336 550
1764189230495 23.840444564819336 551
1764189241247 23.840444564819336 552
1764189251996 23.840444564819336 553
1764189262733 23.840444564819336 554
1764189273444 23.840444564819336 555
1764189284223 23.840444564819336 556
1764189294980 23.840444564819336 557
1764189305730 23.840444564819336 558
1764189316456 23.840444564819336 559
1764189327173 23.840444564819336 560
1764189337895 23.840444564819336 561
1764189348628 23.840444564819336 562
1764189359342 23.840444564819336 563
1764189370051 23.840444564819336 564
1764189380788 23.840444564819336 565
1764189391472 23.840444564819336 566
1764189402173 23.840444564819336 567
1764189412947 23.840444564819336 568
1764189423687 23.840444564819336 569
1764189434402 23.840444564819336 570
1764189445137 23.840444564819336 571
1764189455914 23.840444564819336 572
1764189466610 23.840444564819336 573
1764189477314 23.840444564819336 574
1764189488131 23.840444564819336 575
1764189498826 23.840444564819336 576
1764189509563 23.840444564819336 577
1764189520245 23.840444564819336 578
1764189530983 23.840444564819336 579
1764189541667 23.840444564819336 580
1764189552408 23.840444564819336 581
1764189563121 23.840444564819336 582
1764189573841 23.840444564819336 583
1764189584556 23.840444564819336 584
1764189595251 23.840444564819336 585
1764189636667 23.840444564819336 586
1764189647353 23.840444564819336 587
1764189658067 23.840444564819336 588
1764189668787 23.840444564819336 589
1764189679534 23.840444564819336 590
1764189690246 23.840444564819336 591
1764189700947 23.840444564819336 592
1764189711645 23.840444564819336 593
1764189722369 23.840444564819336 594
1764189733098 23.840444564819336 595
1764189743823 23.840444564819336 596
1764189754543 23.840444564819336 597
1764189765258 23.840444564819336 598
1764189775982 23.840444564819336 599
1764189786702 23.840444564819336 600
1764189797436 23.840444564819336 601
1764189808135 23.840444564819336 602
1764189818863 23.840444564819336 603
1764189829613 23.840444564819336 604
1764189840327 23.840444564819336 605
1764189851062 23.840444564819336 606
1764189861863 23.840444564819336 607
1764189872546 23.840444564819336 608
1764189883348 23.840444564819336 609
1764189894087 23.840444564819336 610
1764189904917 23.840444564819336 611
1764189915633 23.840444564819336 612
1764189926366 23.840444564819336 613
1764189937058 23.840444564819336 614
1764189947814 23.840444564819336 615
1764189958544 23.840444564819336 616
1764189969228 23.840444564819336 617
1764189979984 23.840444564819336 618
1764189990728 23.840444564819336 619
1764190001424 23.840444564819336 620
1764190012192 23.840444564819336 621
1764190022906 23.840444564819336 622
1764190033699 23.840444564819336 623
1764190044423 23.840444564819336 624
1764190055159 23.840444564819336 625
1764190065868 23.840444564819336 626
1764190076568 23.840444564819336 627
1764190087237 23.840444564819336 628
1764190097956 23.840444564819336 629
1764190108712 23.840444564819336 630
1764190119467 23.840444564819336 631
1764190130203 23.840444564819336 632
1764190140918 23.840444564819336 633
1764190151616 23.840444564819336 634
1764190162349 23.840444564819336 635
1764190173080 23.840444564819336 636
1764190183780 23.840444564819336 637
1764190194478 23.840444564819336 638
1764190205211 23.840444564819336 639
1764190215963 23.840444564819336 640
1764190226669 23.840444564819336 641
1764190237386 23.840444564819336 642
1764190248099 23.840444564819336 643
1764190258802 23.840444564819336 644
1764190269507 23.840444564819336 645
1764190280232 23.840444564819336 646
1764190290951 23.840444564819336 647
1764190301684 23.840444564819336 648
1764190312505 23.840444564819336 649
1764190323200 23.840444564819336 650
1764190334023 23.840444564819336 651
1764190344729 23.840444564819336 652
1764190355471 23.840444564819336 653
1764190366186 23.840444564819336 654
1764190376968 23.840444564819336 655
1764190387724 23.840444564819336 656
1764190398532 23.840444564819336 657
1764190409301 23.840444564819336 658
1764190420071 23.840444564819336 659
1764190430824 23.840444564819336 660
1764190441578 23.840444564819336 661
1764190452319 23.840444564819336 662
1764190463073 23.840444564819336 663
1764190473832 23.840444564819336 664
1764190484548 23.840444564819336 665
1764190495264 23.840444564819336 666
1764190505982 23.840444564819336 667
1764190516725 23.840444564819336 668
1764190527423 23.840444564819336 669
1764190538120 23.840444564819336 670
1764190548845 23.840444564819336 671
1764190559613 23.840444564819336 672
1764190570336 23.840444564819336 673
1764190581072 23.840444564819336 674
1764190591783 23.840444564819336 675
1764190602511 23.840444564819336 676
1764190613224 23.840444564819336 677
1764190623958 23.840444564819336 678
1764190634692 23.840444564819336 679
1764190645488 23.840444564819336 680
1764190656158 23.840444564819336 681
1764190666863 23.840444564819336 682
1764190677624 23.840444564819336 683
1764190688393 23.840444564819336 684
1764190699081 23.840444564819336 685
1764190709817 23.840444564819336 686
1764190720534 23.840444564819336 687
1764190731392 23.840444564819336 688
1764190742065 23.840444564819336 689
1764190752819 23.840444564819336 690
1764190763550 23.840444564819336 691
1764190774280 23.840444564819336 692
1764190785055 23.840444564819336 693
1764190795784 23.840444564819336 694
1764190806508 23.840444564819336 695
1764190817233 23.840444564819336 696
1764190828008 23.840444564819336 697
1764190838735 23.840444564819336 698
1764190849481 23.840444564819336 699
1764190860193 23.840444564819336 700
1764190870937 23.840444564819336 701
1764190881724 23.840444564819336 702
1764190892456 23.840444564819336 703
1764190903144 23.840444564819336 704
1764190913857 23.840444564819336 705
1764190924582 23.840444564819336 706
1764190935289 23.840444564819336 707
1764190946040 23.840444564819336 708
1764190956787 23.840444564819336 709
1764190967503 23.840444564819336 710
1764190978274 23.840444564819336 711
1764190989012 23.840444564819336 712
1764190999777 23.840444564819336 713
1764191010484 23.840444564819336 714
1764191021200 23.840444564819336 715
1764191031902 23.840444564819336 716
1764191042622 23.840444564819336 717
1764191053339 23.840444564819336 718
1764191064027 23.840444564819336 719
1764191074721 23.840444564819336 720
1764191085494 23.840444564819336 721
1764191096223 23.840444564819336 722
1764191106968 23.840444564819336 723
1764191117728 23.840444564819336 724
1764191128447 23.840444564819336 725
1764191139175 23.840444564819336 726
1764191149896 23.840444564819336 727
1764191160674 23.840444564819336 728
1764191171392 23.840444564819336 729
1764191182116 23.840444564819336 730
1764191192855 23.840444564819336 731
1764191203562 23.840444564819336 732
1764191214312 23.840444564819336 733
1764191225019 23.840444564819336 734
1764191235762 23.840444564819336 735
1764191246495 23.840444564819336 736
1764191257217 23.840444564819336 737
1764191267950 23.840444564819336 738
1764191278705 23.840444564819336 739
1764191289418 23.840444564819336 740
1764191300140 23.840444564819336 741
1764191310862 23.840444564819336 742
1764191321564 23.840444564819336 743
1764191332270 23.840444564819336 744
1764191342976 23.840444564819336 745
1764191353704 23.840444564819336 746
1764191364429 23.840444564819336 747
1764191375136 23.840444564819336 748
1764191385889 23.840444564819336 749
1764191396582 23.840444564819336 750
1764191407288 23.840444564819336 751
1764191418022 23.840444564819336 752
1764191428782 23.840444564819336 753
1764191439525 23.840444564819336 754
1764191450216 23.840444564819336 755
1764191460945 23.840444564819336 756
1764191471654 23.840444564819336 757
1764191482350 23.840444564819336 758
1764191493050 23.840444564819336 759
1764191503817 23.840444564819336 760
1764191514567 23.840444564819336 761
1764191525275 23.840444564819336 762
1764191535985 23.840444564819336 763
1764191546701 23.840444564819336 764
1764191557457 23.840444564819336 765
1764191568175 23.840444564819336 766
1764191578929 23.840444564819336 767
1764191589753 23.840444564819336 768
1764191600460 23.840444564819336 769
1764191611194 23.840444564819336 770
1764191622008 23.840444564819336 771
1764191632712 23.840444564819336 772
1764191643441 23.840444564819336 773
1764191654182 23.840444564819336 774
1764191664963 23.840444564819336 775
1764191675709 23.840444564819336 776
1764191686411 23.840444564819336 777
1764191697136 23.840444564819336 778
1764191707909 23.840444564819336 779
1764191718683 23.840444564819336 780
1764191729435 23.840444564819336 781
1764191753442 23.840444564819336 782
1764191764198 23.840444564819336 783
1764191774950 23.840444564819336 784
1764191785696 23.840444564819336 785
1764191796449 23.840444564819336 786
1764191807212 23.840444564819336 787
1764191817907 23.840444564819336 788
1764191828636 23.840444564819336 789
1764191839363 23.840444564819336 790
1764191850091 23.840444564819336 791
1764191860794 23.840444564819336 792
1764191871547 23.840444564819336 793
1764191882251 23.840444564819336 794
1764191892964 23.840444564819336 795
1764191903676 23.840444564819336 796
1764191914393 23.840444564819336 797
1764191925119 23.840444564819336 798
1764191935838 23.840444564819336 799
1764191946605 23.840444564819336 800
1764191957304 23.840444564819336 801
1764191968090 23.840444564819336 802
1764191978820 23.840444564819336 803
1764191989559 23.840444564819336 804
1764192000335 23.840444564819336 805
1764192011060 23.840444564819336 806
1764192021792 23.840444564819336 807
1764192032532 23.840444564819336 808
1764192043248 23.840444564819336 809
1764192053972 23.840444564819336 810
1764192064681 23.840444564819336 811
1764192075388 23.840444564819336 812
1764192086103 23.840444564819336 813
1764192096877 23.840444564819336 814
1764192107561 23.840444564819336 815
1764192118289 23.840444564819336 816
1764192129043 23.840444564819336 817
1764192139783 23.840444564819336 818
1764192150507 23.840444564819336 819
1764192161212 23.840444564819336 820
1764192171999 23.840444564819336 821
1764192182715 23.840444564819336 822
1764192193428 23.840444564819336 823
1764192204209 23.840444564819336 824
1764192215015 23.840444564819336 825
1764192225748 23.840444564819336 826
1764192236451 23.840444564819336 827
1764192247190 23.840444564819336 828
1764192257886 23.840444564819336 829
1764192268602 23.840444564819336 830
1764192279358 23.840444564819336 831
1764192290084 23.840444564819336 832
1764192300817 23.840444564819336 833
1764192311564 23.840444564819336 834
1764192322289 23.840444564819336 835
1764192333032 23.840444564819336 836
1764192343749 23.840444564819336 837
1764192354419 23.840444564819336 838
1764192365139 23.840444564819336 839
1764192375829 23.840444564819336 840
1764192386572 23.840444564819336 841
1764192397312 23.840444564819336 842
1764192408041 23.840444564819336 843
1764192418795 23.840444564819336 844
1764192429489 23.840444564819336 845
1764192440222 23.840444564819336 846
1764192451075 23.840444564819336 847
1764192461812 23.840444564819336 848
1764192472530 23.840444564819336 849
1764192483241 23.840444564819336 850
1764192493987 23.840444564819336 851
1764192504751 23.840444564819336 852
1764192515450 23.840444564819336 853
1764192526152 23.840444564819336 854
1764192536926 23.840444564819336 855
1764192547668 23.840444564819336 856
1764192558382 23.840444564819336 857
1764192569156 23.840444564819336 858
1764192579877 23.840444564819336 859
1764192590594 23.840444564819336 860
1764192601312 23.840444564819336 861
1764192612057 23.840444564819336 862
1764192622818 23.840444564819336 863
1764192633520 23.840444564819336 864
1764192644238 23.840444564819336 865
1764192654977 23.840444564819336 866
1764192665723 23.840444564819336 867
1764192676470 23.840444564819336 868
1764192687225 23.840444564819336 869
1764192697908 23.840444564819336 870
1764192708621 23.840444564819336 871
1764192719375 23.840444564819336 872
1764192730081 23.840444564819336 873
1764192740805 23.840444564819336 874
1764192751492 23.840444564819336 875
1764192762208 23.840444564819336 876
1764192772905 23.840444564819336 877
1764192783660 23.840444564819336 878
1764192794409 23.840444564819336 879
1764192805146 23.840444564819336 880
1764192815868 23.840444564819336 881
1764192826618 23.840444564819336 882
1764192837330 23.840444564819336 883
1764192848192 23.840444564819336 884
1764192858901 23.840444564819336 885
1764192869648 23.840444564819336 886
1764192880347 23.840444564819336 887
1764192891044 23.840444564819336 888
1764192901804 23.840444564819336 889
1764192912519 23.840444564819336 890
1764192923256 23.840444564819336 891
1764192933987 23.840444564819336 892
1764192944682 23.840444564819336 893
1764192955435 23.840444564819336 894
1764192966135 23.840444564819336 895
1764192976856 23.840444564819336 896
1764192987589 23.840444564819336 897
1764192998304 23.840444564819336 898
1764193009014 23.840444564819336 899
1764193019743 23.840444564819336 900
1764193030524 23.840444564819336 901
1764193041254 23.840444564819336 902
1764193052000 23.840444564819336 903
1764193062766 23.840444564819336 904
1764193073499 23.840444564819336 905
1764193084186 23.840444564819336 906
1764193094910 23.840444564819336 907
1764193105643 23.840444564819336 908
1764193116354 23.840444564819336 909
1764193127077 23.840444564819336 910
1764193137808 23.840444564819336 911
1764193148533 23.840444564819336 912
1764193159277 23.840444564819336 913
1764193169967 23.840444564819336 914
1764193180679 23.840444564819336 915
1764193191448 23.840444564819336 916
1764193202210 23.840444564819336 917
1764193212904 23.840444564819336 918
1764193223622 23.840444564819336 919
1764193234336 23.840444564819336 920
1764193245142 23.840444564819336 921
1764193255879 23.840444564819336 922
1764193266593 23.840444564819336 923
1764193277397 23.840444564819336 924
1764193288156 23.840444564819336 925
1764193298850 23.840444564819336 926
1764193309579 23.840444564819336 927
1764193320301 23.840444564819336 928
1764193331015 23.840444564819336 929
1764193341730 23.840444564819336 930
1764193352435 23.840444564819336 931
1764193363162 23.840444564819336 932
1764193373920 23.840444564819336 933
1764193384632 23.840444564819336 934
1764193395374 23.840444564819336 935
1764193406100 23.840444564819336 936
1764193416859 23.840444564819336 937
1764193427596 23.840444564819336 938
1764193438334 23.840444564819336 939
1764193449074 23.840444564819336 940
1764193459886 23.840444564819336 941
1764193470607 23.840444564819336 942
1764193481334 23.840444564819336 943
1764193492052 23.840444564819336 944
1764193502755 23.840444564819336 945
1764193513448 23.840444564819336 946
1764193524173 23.840444564819336 947
1764193534882 23.840444564819336 948
1764193545629 23.840444564819336 949
1764193556348 23.840444564819336 950
1764193567041 23.840444564819336 951
1764193577764 23.840444564819336 952
1764193588508 23.840444564819336 953
1764193599197 23.840444564819336 954
1764193609949 23.840444564819336 955
1764193620692 23.840444564819336 956
1764193631440 23.840444564819336 957
1764193642183 23.840444564819336 958
1764193652934 23.840444564819336 959
1764193663645 23.840444564819336 960
1764193674348 23.840444564819336 961
1764193685041 23.840444564819336 962
1764193695753 23.840444564819336 963
1764193706524 23.840444564819336 964
1764193717201 23.840444564819336 965
1764193727912 23.840444564819336 966
1764193738635 23.840444564819336 967
1764193749343 23.840444564819336 968
1764193760059 23.840444564819336 969
1764193770788 23.840444564819336 970
1764193781536 23.840444564819336 971
1764193792302 23.840444564819336 972
1764193803017 23.840444564819336 973
1764193813761 23.840444564819336 974
1764193824481 23.840444564819336 975
1764193835177 23.840444564819336 976
1764193859313 23.840444564819336 977
1764193870111 23.840444564819336 978
1764193880832 23.840444564819336 979
1764193891530 23.840444564819336 980
1764193902277 23.840444564819336 981
1764193913031 23.840444564819336 982
1764193923787 23.840444564819336 983
1764193934577 23.840444564819336 984
1764193945261 23.840444564819336 985
1764193955947 23.840444564819336 986
1764193966648 23.840444564819336 987
1764193977355 23.840444564819336 988
1764193988063 23.840444564819336 989
1764193998805 23.840444564819336 990
1764194009574 23.840444564819336 991
1764194020299 23.840444564819336 992
1764194031047 23.840444564819336 993
1764194041848 23.840444564819336 994
1764194052571 23.840444564819336 995
1764194063285 23.840444564819336 996
1764194073983 23.840444564819336 997
1764194084691 23.840444564819336 998
1764194095380 23.840444564819336 999
1764194106086 23.840444564819336 1000
1764194116837 23.840444564819336 1001
1764194127560 23.840444564819336 1002
1764194138409 23.840444564819336 1003
1764194149120 23.840444564819336 1004
1764194159818 23.840444564819336 1005
1764194170577 23.840444564819336 1006
1764194181380 23.840444564819336 1007
1764194192104 23.840444564819336 1008
1764194202855 23.840444564819336 1009
1764194213588 23.840444564819336 1010
1764194224304 23.840444564819336 1011
1764194235046 23.840444564819336 1012
1764194245762 23.840444564819336 1013
1764194256473 23.840444564819336 1014
1764194267241 23.840444564819336 1015
1764194277989 23.840444564819336 1016
1764194288759 23.840444564819336 1017
1764194299470 23.840444564819336 1018
1764194310227 23.840444564819336 1019
1764194320979 23.840444564819336 1020
1764194331752 23.840444564819336 1021
1764194342471 23.840444564819336 1022
1764194353227 23.840444564819336 1023
1764194363932 23.840444564819336 1024
1764194374658 23.840444564819336 1025
1764194385384 23.840444564819336 1026
1764194396084 23.840444564819336 1027
1764194406793 23.840444564819336 1028
1764194417539 23.840444564819336 1029
1764194428232 23.840444564819336 1030
1764194438976 23.840444564819336 1031
1764194449670 23.840444564819336 1032
1764194460375 23.840444564819336 1033
1764194471126 23.840444564819336 1034
1764194481823 23.840444564819336 1035
1764194492564 23.840444564819336 1036
1764194503309 23.840444564819336 1037
1764194514050 23.840444564819336 1038
1764194524799 23.840444564819336 1039
1764194535503 23.840444564819336 1040
1764194546267 23.840444564819336 1041
1764194556990 23.840444564819336 1042
1764194567752 23.840444564819336 1043
1764194578489 23.840444564819336 1044
1764194589239 23.840444564819336 1045
1764194600035 23.840444564819336 1046
1764194610747 23.840444564819336 1047
1764194621462 23.840444564819336 1048
1764194632199 23.840444564819336 1049
1764194642919 23.840444564819336 1050
1764194653619 23.840444564819336 1051
1764194664360 23.840444564819336 1052
1764194675052 23.840444564819336 1053
1764194685813 23.840444564819336 1054
1764194696520 23.840444564819336 1055
1764194707281 23.840444564819336 1056
1764194718056 23.840444564819336 1057
1764194728787 23.840444564819336 1058
1764194739526 23.840444564819336 1059
1764194750255 23.840444564819336 1060
1764194760981 23.840444564819336 1061
1764194771758 23.840444564819336 1062
1764194782511 23.840444564819336 1063
1764194793268 23.840444564819336 1064
1764194803998 23.840444564819336 1065
1764194814699 23.840444564819336 1066
1764194825417 23.840444564819336 1067
1764194836167 23.840444564819336 1068
1764194846877 23.840444564819336 1069
1764194857688 23.840444564819336 1070
1764194868363 23.840444564819336 1071
1764194879082 23.840444564819336 1072
1764194889827 23.840444564819336 1073
1764194900558 23.840444564819336 1074
1764194911293 23.840444564819336 1075
1764194922006 23.840444564819336 1076
1764194932707 23.840444564819336 1077
1764194943438 23.840444564819336 1078
1764194954164 23.840444564819336 1079
1764194964997 23.840444564819336 1080
1764194975724 23.840444564819336 1081
1764194986415 23.840444564819336 1082
1764194997156 23.840444564819336 1083
1764195007882 23.840444564819336 1084
1764195018597 23.840444564819336 1085
1764195029345 23.840444564819336 1086
1764195040081 23.840444564819336 1087
1764195050792 23.840444564819336 1088
1764195061499 23.840444564819336 1089
1764195072286 23.840444564819336 1090
1764195082983 23.840444564819336 1091
1764195093704 23.840444564819336 1092
1764195104464 23.840444564819336 1093
1764195115183 23.840444564819336 1094
1764195125903 23.840444564819336 1095
1764195136643 23.840444564819336 1096
1764195147419 23.840444564819336 1097
1764195158177 23.840444564819336 1098
1764195168919 23.840444564819336 1099
1764195179632 23.840444564819336 1100
1764195190330 23.840444564819336 1101
1764195201068 23.840444564819336 1102
1764195211811 23.840444564819336 1103
1764195222489 23.840444564819336 1104
1764195233211 23.840444564819336 1105
1764195243952 23.840444564819336 1106
1764195254687 23.840444564819336 1107
1764195265419 23.840444564819336 1108
1764195276164 23.840444564819336 1109
1764195286853 23.840444564819336 1110
1764195297550 23.840444564819336 1111
1764195308281 23.840444564819336 1112
1764195318996 23.840444564819336 1113
1764195329707 23.840444564819336 1114
1764195340444 23.840444564819336 1115
1764195351207 23.840444564819336 1116
1764195361947 23.840444564819336 1117
1764195372655 23.840444564819336 1118
1764195383356 23.840444564819336 1119
1764195394167 23.840444564819336 1120
1764195404914 23.840444564819336 1121
1764195415611 23.840444564819336 1122
1764195426338 23.840444564819336 1123
1764195437036 23.840444564819336 1124
1764195447770 23.840444564819336 1125
1764195458527 23.840444564819336 1126
1764195469258 23.840444564819336 1127
1764195479956 23.840444564819336 1128
1764195490666 23.840444564819336 1129
1764195501366 23.840444564819336 1130
1764195512124 23.840444564819336 1131
1764195522865 23.840444564819336 1132
1764195533629 23.840444564819336 1133
1764195544357 23.840444564819336 1134
1764195555086 23.840444564819336 1135
1764195565844 23.840444564819336 1136
1764195576665 23.840444564819336 1137
1764195587426 23.840444564819336 1138
1764195598215 23.840444564819336 1139
1764195608920 23.840444564819336 1140
1764195619674 23.840444564819336 1141
1764195630408 23.840444564819336 1142
1764195641095 23.840444564819336 1143
1764195651826 23.840444564819336 1144
1764195662557 23.840444564819336 1145
1764195673307 23.840444564819336 1146
1764195684011 23.840444564819336 1147
1764195694727 23.840444564819336 1148
1764195705449 23.840444564819336 1149
1764195716180 23.840444564819336 1150
1764195726899 23.840444564819336 1151
1764195737616 23.840444564819336 1152
1764195748343 23.840444564819336 1153
1764195759068 23.840444564819336 1154
1764195769812 23.840444564819336 1155
1764195780553 23.840444564819336 1156
1764195791273 23.840444564819336 1157
1764195802012 23.840444564819336 1158
1764195812751 23.840444564819336 1159
1764195823532 23.840444564819336 1160
1764195834234 23.840444564819336 1161
1764195844948 23.840444564819336 1162
1764195855645 23.840444564819336 1163
1764195866367 23.840444564819336 1164
1764195877104 23.840444564819336 1165
1764195887927 23.840444564819336 1166
1764195898651 23.840444564819336 1167
1764195909379 23.840444564819336 1168
1764195920088 23.840444564819336 1169
1764195930860 23.840444564819336 1170
1764195941589 23.840444564819336 1171
1764195965588 23.840444564819336 1172
1764195976323 23.840444564819336 1173
1764195987039 23.840444564819336 1174
1764195997728 23.840444564819336 1175
1764196008490 23.840444564819336 1176
1764196019172 23.840444564819336 1177
1764196029926 23.840444564819336 1178
1764196040638 23.840444564819336 1179
1764196051395 23.840444564819336 1180
1764196062117 23.840444564819336 1181
1764196072819 23.840444564819336 1182
1764196083594 23.840444564819336 1183
1764196094372 23.840444564819336 1184
1764196105111 23.840444564819336 1185
1764196115861 23.840444564819336 1186
1764196126564 23.840444564819336 1187
1764196137273 23.840444564819336 1188
1764196147999 23.840444564819336 1189
1764196158769 23.840444564819336 1190
1764196169482 23.840444564819336 1191
1764196180269 23.840444564819336 1192
1764196190955 23.840444564819336 1193
1764196201691 23.840444564819336 1194
1764196212426 23.840444564819336 1195
1764196223169 23.840444564819336 1196
1764196233908 23.840444564819336 1197
1764196244630 23.840444564819336 1198
1764196255443 23.840444564819336 1199
1764196266171 23.840444564819336 1200
1764196276937 23.840444564819336 1201
1764196287651 23.840444564819336 1202
1764196298403 23.840444564819336 1203
1764196309196 23.840444564819336 1204
1764196319908 23.840444564819336 1205
1764196330622 23.840444564819336 1206
1764196341326 23.840444564819336 1207
1764196352097 23.840444564819336 1208
1764196362789 23.840444564819336 1209
1764196373487 23.840444564819336 1210
1764196384218 23.840444564819336 1211
1764196394963 23.840444564819336 1212
1764196405690 23.840444564819336 1213
1764196416392 23.840444564819336 1214
1764196427131 23.840444564819336 1215
1764196437843 23.840444564819336 1216
1764196448550 23.840444564819336 1217
1764196459306 23.840444564819336 1218
1764196470080 23.840444564819336 1219
1764196480833 23.840444564819336 1220
1764196491559 23.840444564819336 1221
1764196502309 23.840444564819336 1222
1764196513042 23.840444564819336 1223
1764196523869 23.840444564819336 1224
1764196534595 23.840444564819336 1225
1764196545312 23.840444564819336 1226
1764196556060 23.840444564819336 1227
1764196566782 23.840444564819336 1228
1764196577502 23.840444564819336 1229
1764196588263 23.840444564819336 1230
1764196599055 23.840444564819336 1231
1764196609770 23.840444564819336 1232
1764196620490 23.840444564819336 1233
1764196631216 23.840444564819336 1234
1764196641979 23.840444564819336 1235
1764196652759 23.840444564819336 1236
1764196663545 23.840444564819336 1237
1764196674372 23.840444564819336 1238
1764196685105 23.840444564819336 1239
1764196695846 23.840444564819336 1240
1764196706577 23.840444564819336 1241
1764196717332 23.840444564819336 1242
1764196728064 23.840444564819336 1243
1764196738807 23.840444564819336 1244
1764196749530 23.840444564819336 1245
1764196760249 23.840444564819336 1246
1764196770970 23.840444564819336 1247
1764196781682 23.840444564819336 1248
1764196792392 23.840444564819336 1249
1764196803109 23.840444564819336 1250
1764196813810 23.840444564819336 1251
1764196824506 23.840444564819336 1252
1764196835231 23.840444564819336 1253
1764196845943 23.840444564819336 1254
1764196856623 23.840444564819336 1255
1764196867333 23.840444564819336 1256
1764196878039 23.840444564819336 1257
1764196888777 23.840444564819336 1258
1764196899508 23.840444564819336 1259
1764196910230 23.840444564819336 1260
1764196920941 23.840444564819336 1261
1764196931672 23.840444564819336 1262
1764196942403 23.840444564819336 1263
1764196953143 23.840444564819336 1264
1764196963873 23.840444564819336 1265
1764196974603 23.840444564819336 1266
1764196985327 23.840444564819336 1267
1764196996075 23.840444564819336 1268
1764197006851 23.840444564819336 1269
1764197017642 23.840444564819336 1270
1764197028377 23.840444564819336 1271
1764197039122 23.840444564819336 1272
1764197049853 23.840444564819336 1273
1764197060634 23.840444564819336 1274
1764197071377 23.840444564819336 1275
1764197082214 23.840444564819336 1276
1764197092931 23.840444564819336 1277
1764197103691 23.840444564819336 1278
1764197114430 23.840444564819336 1279
1764197125128 23.840444564819336 1280
1764197135892 23.840444564819336 1281
1764197146649 23.840444564819336 1282
1764197157385 23.840444564819336 1283
1764197168172 23.840444564819336 1284
1764197178994 23.840444564819336 1285
1764197189738 23.840444564819336 1286
1764197200462 23.840444564819336 1287
1764197211163 23.840444564819336 1288
1764197221908 23.840444564819336 1289
1764197232608 23.840444564819336 1290
1764197243365 23.840444564819336 1291
1764197254081 23.840444564819336 1292
1764197264818 23.840444564819336 1293
1764197275575 23.840444564819336 1294
1764197286261 23.840444564819336 1295
1764197297004 23.840444564819336 1296
1764197307690 23.840444564819336 1297
1764197318384 23.840444564819336 1298
1764197329133 23.840444564819336 1299
1764197339838 23.840444564819336 1300
1764197350588 23.840444564819336 1301
1764197361280 23.840444564819336 1302
1764197372048 23.840444564819336 1303
1764197382758 23.840444564819336 1304
1764197393483 23.840444564819336 1305
1764197404185 23.840444564819336 1306
1764197414894 23.840444564819336 1307
1764197425618 23.840444564819336 1308
1764197436329 23.840444564819336 1309
1764197447055 23.840444564819336 1310
1764197457772 23.840444564819336 1311
1764197468486 23.840444564819336 1312
1764197479202 23.840444564819336 1313
1764197489952 23.840444564819336 1314
1764197500683 23.840444564819336 1315
1764197511403 23.840444564819336 1316
1764197522131 23.840444564819336 1317
1764197532969 23.840444564819336 1318
1764197543690 23.840444564819336 1319
1764197554412 23.840444564819336 1320
1764197565139 23.840444564819336 1321
1764197575891 23.840444564819336 1322
1764197586618 23.840444564819336 1323
1764197597354 23.840444564819336 1324
1764197608057 23.840444564819336 1325
1764197618841 23.840444564819336 1326
1764197629645 23.840444564819336 1327
1764197640392 23.840444564819336 1328
1764197651119 23.840444564819336 1329
1764197661854 23.840444564819336 1330
1764197672619 23.840444564819336 1331
1764197683341 23.840444564819336 1332
1764197694051 23.840444564819336 1333
1764197704756 23.840444564819336 1334
1764197715559 23.840444564819336 1335
1764197726265 23.840444564819336 1336
1764197737015 23.840444564819336 1337
1764197747760 23.840444564819336 1338
1764197758505 23.840444564819336 1339
1764197769241 23.840444564819336 1340
1764197779975 23.840444564819336 1341
1764197790665 23.840444564819336 1342
1764197801411 23.840444564819336 1343
1764197812121 23.840444564819336 1344
1764197822871 23.840444564819336 1345
1764197833619 23.840444564819336 1346
1764197844374 23.840444564819336 1347
1764197855125 23.840444564819336 1348
1764197865878 23.840444564819336 1349
1764197876640 23.840444564819336 1350
1764197887350 23.840444564819336 1351
1764197898041 23.840444564819336 1352
1764197908749 23.840444564819336 1353
1764197919478 23.840444564819336 1354
1764197930333 23.840444564819336 1355
1764197941049 23.840444564819336 1356
1764197951797 23.840444564819336 1357
1764197962507 23.840444564819336 1358
1764197973195 23.840444564819336 1359
1764197983897 23.840444564819336 1360
1764197994612 23.840444564819336 1361
1764198005328 23.840444564819336 1362
1764198016087 23.840444564819336 1363
1764198026830 23.840444564819336 1364
1764198037526 23.840444564819336 1365
1764198048257 23.840444564819336 1366
1764198072328 23.840444564819336 1367
1764198083035 23.840444564819336 1368
1764198093831 23.840444564819336 1369
1764198104562 23.840444564819336 1370
1764198115282 23.840444564819336 1371
1764198125995 23.840444564819336 1372
1764198136772 23.840444564819336 1373
1764198147487 23.840444564819336 1374
1764198158219 23.840444564819336 1375
1764198168922 23.840444564819336 1376
1764198179692 23.840444564819336 1377
1764198190421 23.840444564819336 1378
1764198201169 23.840444564819336 1379
1764198211906 23.840444564819336 1380
1764198222626 23.840444564819336 1381
1764198233339 23.840444564819336 1382
1764198244030 23.840444564819336 1383
1764198254819 23.840444564819336 1384
1764198265575 23.840444564819336 1385
1764198276307 23.840444564819336 1386
1764198287036 23.840444564819336 1387
1764198297759 23.840444564819336 1388
1764198308449 23.840444564819336 1389
1764198319175 23.840444564819336 1390
1764198329951 23.840444564819336 1391
1764198340719 23.840444564819336 1392
1764198351392 23.840444564819336 1393
1764198362196 23.840444564819336 1394
1764198372884 23.840444564819336 1395
1764198383612 23.840444564819336 1396
1764198394432 23.840444564819336 1397
1764198405184 23.840444564819336 1398
1764198415925 23.840444564819336 1399
1764198426657 23.840444564819336 1400
1764198437470 23.840444564819336 1401
1764198448180 23.840444564819336 1402
1764198458924 23.840444564819336 1403
1764198469674 23.840444564819336 1404
1764198480416 23.840444564819336 1405
1764198491123 23.840444564819336 1406
1764198501876 23.840444564819336 1407
1764198512612 23.840444564819336 1408
1764198523355 23.840444564819336 1409
1764198534112 23.840444564819336 1410
1764198544839 23.840444564819336 1411
1764198555533 23.840444564819336 1412
1764198566269 23.840444564819336 1413
1764198577031 23.840444564819336 1414
1764198587757 23.840444564819336 1415
1764198598525 23.840444564819336 1416
1764198609245 23.840444564819336 1417
1764198619970 23.840444564819336 1418
1764198630711 23.840444564819336 1419
1764198641450 23.840444564819336 1420
1764198652226 23.840444564819336 1421
1764198662979 23.840444564819336 1422
1764198673697 23.840444564819336 1423
1764198684472 23.840444564819336 1424
1764198695257 23.840444564819336 1425
1764198705969 23.840444564819336 1426
1764198716679 23.840444564819336 1427
1764198727473 23.840444564819336 1428
1764198738232 23.840444564819336 1429
1764198748938 23.840444564819336 1430
1764198759668 23.840444564819336 1431
1764198770395 23.840444564819336 1432
1764198781093 23.840444564819336 1433
1764198791930 23.840444564819336 1434
1764198802636 23.840444564819336 1435
1764198813371 23.840444564819336 1436
1764198824095 23.840444564819336 1437
1764198834815 23.840444564819336 1438
1764198845536 23.840444564819336 1439
1764198856269 23.840444564819336 1440
1764198867015 23.840444564819336 1441
1764198877750 23.840444564819336 1442
1764198888469 23.840444564819336 1443
1764198899237 23.840444564819336 1444
1764198909990 23.840444564819336 1445
1764198920714 23.840444564819336 1446
1764198931444 23.840444564819336 1447
1764198942216 23.840444564819336 1448
1764198952954 23.840444564819336 1449
1764198963665 23.840444564819336 1450
1764198974388 23.840444564819336 1451
1764198985111 23.840444564819336 1452
1764198995820 23.840444564819336 1453
1764199006516 23.840444564819336 1454
1764199017238 23.840444564819336 1455
1764199027983 23.840444564819336 1456
1764199038676 23.840444564819336 1457
1764199049401 23.840444564819336 1458
1764199060139 23.840444564819336 1459
1764199070903 23.840444564819336 1460
1764199081622 23.840444564819336 1461
1764199092358 23.840444564819336 1462
1764199103051 23.840444564819336 1463
1764199113770 23.840444564819336 1464
1764199124499 23.840444564819336 1465
1764199135238 23.840444564819336 1466
1764199145950 23.840444564819336 1467
1764199156738 23.840444564819336 1468
1764199167512 23.840444564819336 1469
1764199178300 23.840444564819336 1470
1764199189060 23.840444564819336 1471
1764199199835 23.840444564819336 1472
1764199210617 23.840444564819336 1473
1764199221429 23.840444564819336 1474
1764199232208 23.840444564819336 1475
1764199242968 23.840444564819336 1476
1764199253689 23.840444564819336 1477
1764199264418 23.840444564819336 1478
1764199275163 23.840444564819336 1479
1764199285892 23.840444564819336 1480
1764199296686 23.840444564819336 1481
1764199307493 23.840444564819336 1482
1764199318249 23.840444564819336 1483
1764199328932 23.840444564819336 1484
1764199339640 23.840444564819336 1485
1764199350356 23.840444564819336 1486
1764199361056 23.840444564819336 1487
1764199371760 23.840444564819336 1488
1764199382443 23.840444564819336 1489
1764199393187 23.840444564819336 1490
1764199403887 23.840444564819336 1491
1764199414613 23.840444564819336 1492
1764199425369 23.840444564819336 1493
1764199436123 23.840444564819336 1494
1764199446866 23.840444564819336 1495
1764199457556 23.840444564819336 1496
1764199468312 23.840444564819336 1497
1764199479041 23.840444564819336 1498
1764199489791 23.840444564819336 1499
1764199500515 23.840444564819336 1500
1764199511317 23.840444564819336 1501
1764199522048 23.840444564819336 1502
1764199532770 23.840444564819336 1503
1764199543464 23.840444564819336 1504
1764199554217 23.840444564819336 1505
1764199564923 23.840444564819336 1506
1764199575693 23.840444564819336 1507
1764199586419 23.840444564819336 1508
1764199597148 23.840444564819336 1509
1764199607865 23.840444564819336 1510
1764199618585 23.840444564819336 1511
1764199629320 23.840444564819336 1512
1764199640042 23.840444564819336 1513
1764199650871 23.840444564819336 1514
1764199661620 23.840444564819336 1515
1764199672361 23.840444564819336 1516
1764199683081 23.840444564819336 1517
1764199693834 23.840444564819336 1518
1764199704555 23.840444564819336 1519
1764199715292 23.840444564819336 1520
1764199726102 23.840444564819336 1521
1764199736805 23.840444564819336 1522
1764199747537 23.840444564819336 1523
1764199758271 23.840444564819336 1524
1764199768999 23.840444564819336 1525
1764199779775 23.840444564819336 1526
1764199790522 23.840444564819336 1527
1764199801261 23.840444564819336 1528
1764199812022 23.840444564819336 1529
1764199822760 23.840444564819336 1530
1764199833482 23.840444564819336 1531
1764199844190 23.840444564819336 1532
1764199854892 23.840444564819336 1533
1764199865626 23.840444564819336 1534
1764199876396 23.840444564819336 1535
1764199887122 23.840444564819336 1536
1764199897844 23.840444564819336 1537
1764199908580 23.840444564819336 1538
1764199919319 23.840444564819336 1539
1764199930029 23.840444564819336 1540
1764199940820 23.840444564819336 1541
1764199951573 23.840444564819336 1542
1764199962353 23.840444564819336 1543
1764199973122 23.840444564819336 1544
1764199983813 23.840444564819336 1545
1764199994530 23.840444564819336 1546
1764200005249 23.840444564819336 1547
1764200015968 23.840444564819336 1548
1764200026721 23.840444564819336 1549
1764200037465 23.840444564819336 1550
1764200048283 23.840444564819336 1551
1764200059032 23.840444564819336 1552
1764200069804 23.840444564819336 1553
1764200080516 23.840444564819336 1554
1764200091236 23.840444564819336 1555
1764200101959 23.840444564819336 1556
1764200112667 23.840444564819336 1557
1764200123420 23.840444564819336 1558
1764200134149 23.840444564819336 1559
1764200144875 23.840444564819336 1560
1764200155669 23.840444564819336 1561
1764200166413 23.840444564819336 1562
