1764909900518 0.63671875 5
1764909948181 0.6328125 10
1764909995925 0.6328125 15
1764910043622 0.58203125 20
1764910091450 0.408203125 25
1764910139275 0.259765625 30
1764910187027 0.435546875 35
1764910234229 0.11767578125 40
1764910282023 0.287109375 45
1764910329707 0.2734375 50
1764910377151 0.09814453125 55
1764910425001 0.10400390625 60
1764910472432 0.09619140625 65
1764910520109 0.08349609375 70
1764910568018 0.111328125 75
1764910615396 0.1435546875 80
1764910663095 0.255859375 85
1764910711051 0.306640625 90
1764910758681 0.1337890625 95
1764910806405 0.1953125 100
1764910854334 0.11865234375 105
1764910902013 0.48828125 110
1764910949657 0.201171875 115
1764910997254 0.275390625 120
1764911044917 0.298828125 125
1764911092908 0.40234375 130
1764911140711 0.19921875 135
1764911188048 0.1474609375 140
1764911235656 0.373046875 145
1764911283334 0.2353515625 150
1764911331093 0.189453125 155
1764911378534 0.1669921875 160
1764911425941 0.11767578125 165
1764911473514 0.68359375 170
1764911521093 0.3984375 175
1764911568888 0.1728515625 180
1764911616549 0.294921875 185
1764911664196 0.96484375 190
1764911711968 0.470703125 195
1764911759582 0.609375 200
1764911807108 0.1875 205
1764911854876 0.232421875 210
1764911902377 0.2392578125 215
1764911949805 0.0966796875 220
1764911997207 0.5234375 225
1764912044850 0.478515625 230
1764912092335 0.1435546875 235
1764912139968 0.408203125 240
1764912187353 0.35546875 245
1764912234855 0.263671875 250
1764912281804 0.5703125 255
1764912329281 0.34765625 260
1764912376804 0.3984375 265
1764912424263 0.32421875 270
1764912471905 0.45703125 275
1764912519561 0.2255859375 280
1764912567133 0.294921875 285
1764912614746 0.416015625 290
1764912662283 0.388671875 295
1764912709784 0.427734375 300
1764912757122 0.228515625 305
1764912804798 0.359375 310
1764912852192 0.1923828125 315
1764912899476 0.1591796875 320
1764912947360 0.431640625 325
1764912995027 0.224609375 330
1764913042542 0.1630859375 335
1764913090352 0.3671875 340
1764913137841 0.291015625 345
1764913185530 0.1904296875 350
1764913233408 0.33203125 355
1764913280744 0.4140625 360
1764913328575 0.357421875 365
1764913376094 0.32421875 370
1764913423611 0.45703125 375
1764913471338 0.4296875 380
1764913518779 0.2236328125 385
1764913566325 0.12353515625 390
1764913614054 0.1875 395
1764913661324 0.171875 400
1764913709220 0.53125 405
1764913757061 0.6171875 410
1764913804292 0.3203125 415
1764913873162 0.38671875 420
1764913921177 0.53125 425
1764913969413 0.310546875 430
1764914017701 0.78125 435
1764914066166 0.5859375 440
1764914114320 0.33203125 445
1764914161874 0.248046875 450
1764914209242 0.328125 455
1764914256884 0.265625 460
1764914304311 0.1953125 465
1764914351779 0.341796875 470
1764914399500 0.189453125 475
1764914447206 0.2275390625 480
1764914494849 0.5078125 485
1764914542473 0.126953125 490
1764914590104 0.1689453125 495
1764914637828 0.63671875 500
1764914685150 0.65625 505
1764914732683 0.11962890625 510
1764914780286 0.15234375 515
1764914827600 0.2353515625 520
1764914875025 0.9296875 525
1764914922690 0.95703125 530
1764914970750 0.359375 535
1764915018707 0.423828125 540
1764915065990 0.302734375 545
1764915113181 0.1875 550
1764915160761 0.1904296875 555
1764915208376 0.173828125 560
1764915256074 0.486328125 565
1764915303918 0.423828125 570
1764915351444 0.96875 575
1764915399082 0.384765625 580
1764915447183 0.193359375 585
1764915495098 0.1806640625 590
1764915542670 0.91015625 595
1764915589805 0.55859375 600
1764915637736 0.4375 605
1764915685409 0.2470703125 610
1764915733023 0.1455078125 615
1764915780491 0.462890625 620
1764915828099 0.419921875 625
1764915875354 0.27734375 630
1764915922682 0.220703125 635
1764915970520 0.1953125 640
1764916018033 0.29296875 645
1764916065325 0.228515625 650
1764916112703 0.291015625 655
1764916160260 0.189453125 660
1764916207882 0.1357421875 665
1764916255159 0.2275390625 670
1764916302588 0.58203125 675
1764916349914 0.130859375 680
1764916397551 0.306640625 685
1764916444908 0.2001953125 690
1764916492219 0.76953125 695
1764916539212 0.2275390625 700
1764916586534 0.1943359375 705
1764916634201 0.1865234375 710
1764916681510 0.20703125 715
1764916728951 0.330078125 720
1764916776287 0.1640625 725
1764916823917 0.333984375 730
1764916870838 0.1943359375 735
1764916918438 0.181640625 740
1764916965966 0.1884765625 745
1764917013485 0.46875 750
1764917060984 0.19140625 755
1764917108656 0.443359375 760
1764917156090 0.1875 765
1764917203951 0.35546875 770
1764917251298 0.546875 775
1764917298900 0.55859375 780
1764917346309 0.2734375 785
1764917393877 0.361328125 790
1764917441442 0.2041015625 795
1764917488999 0.37890625 800
1764917536308 0.271484375 805
1764917583677 0.41015625 810
1764917631312 0.28125 815
1764917678685 0.16796875 820
1764917726061 0.2109375 825
1764917773769 0.64453125 830
1764917842611 0.2216796875 835
1764917890445 0.259765625 840
1764917938480 0.4921875 845
1764917986871 0.28515625 850
1764918035122 0.2080078125 855
1764918083348 1.0 860
1764918130666 0.55078125 865
1764918177913 0.7265625 870
1764918225016 0.4375 875
1764918272513 0.23046875 880
1764918320303 0.12890625 885
1764918367811 0.2021484375 890
1764918415157 0.2353515625 895
1764918463060 0.66796875 900
1764918510785 0.396484375 905
1764918558341 0.2177734375 910
1764918605619 0.1806640625 915
1764918653217 0.228515625 920
1764918700641 0.1845703125 925
1764918748266 0.140625 930
1764918795750 0.546875 935
1764918842943 0.57421875 940
1764918890505 0.1923828125 945
1764918937910 0.169921875 950
1764918985133 0.484375 955
1764919032858 0.4140625 960
1764919080458 0.1435546875 965
1764919128037 0.37109375 970
1764919175444 0.703125 975
1764919222988 0.177734375 980
1764919270518 0.31640625 985
1764919317929 0.1689453125 990
1764919365650 0.171875 995
1764919413125 0.2490234375 1000
1764919460895 0.1474609375 1005
1764919508151 0.1689453125 1010
1764919555736 0.3984375 1015
1764919603220 0.1669921875 1020
1764919650846 0.146484375 1025
1764919698101 0.45703125 1030
1764919745288 0.453125 1035
1764919792493 0.328125 1040
1764919840054 0.271484375 1045
1764919887266 0.1787109375 1050
1764919934651 0.2451171875 1055
1764919982171 0.267578125 1060
1764920029668 0.359375 1065
1764920077272 0.330078125 1070
1764920124769 0.56640625 1075
1764920172030 0.2109375 1080
1764920219581 0.357421875 1085
1764920267142 0.39453125 1090
1764920314348 0.291015625 1095
