1764909900518 0.995 5
1764909948181 0.995 10
1764909995925 0.995 15
1764910043622 0.995 20
1764910091450 0.995 25
1764910139275 0.995 30
1764910187027 0.995 35
1764910234229 0.995 40
1764910282023 0.995 45
1764910329707 0.995 50
1764910377151 0.995 55
1764910425001 0.995 60
1764910472432 0.995 65
1764910520109 0.995 70
1764910568018 0.995 75
1764910615396 0.995 80
1764910663095 0.995 85
1764910711051 0.995 90
1764910758681 0.995 95
1764910806405 0.995 100
1764910854334 0.995 105
1764910902013 0.995 110
1764910949657 0.995 115
1764910997254 0.995 120
1764911044917 0.995 125
1764911092908 0.995 130
1764911140711 0.995 135
1764911188048 0.995 140
1764911235656 0.995 145
1764911283334 0.995 150
1764911331093 0.995 155
1764911378534 0.995 160
1764911425941 0.995 165
1764911473514 0.995 170
1764911521093 0.995 175
1764911568888 0.995 180
1764911616549 0.995 185
1764911664196 0.995 190
1764911711968 0.995 195
1764911759582 0.995 200
1764911807108 0.995 205
1764911854876 0.995 210
1764911902377 0.995 215
1764911949805 0.995 220
1764911997207 0.995 225
1764912044850 0.995 230
1764912092335 0.995 235
1764912139968 0.995 240
1764912187353 0.995 245
1764912234855 0.995 250
1764912281804 0.995 255
1764912329281 0.995 260
1764912376804 0.995 265
1764912424263 0.995 270
1764912471905 0.995 275
1764912519561 0.995 280
1764912567133 0.995 285
1764912614746 0.995 290
1764912662283 0.995 295
1764912709784 0.995 300
1764912757122 0.995 305
1764912804798 0.995 310
1764912852192 0.995 315
1764912899476 0.995 320
1764912947360 0.995 325
1764912995027 0.995 330
1764913042542 0.995 335
1764913090352 0.995 340
1764913137841 0.995 345
1764913185530 0.995 350
1764913233408 0.995 355
1764913280744 0.995 360
1764913328575 0.995 365
1764913376094 0.995 370
1764913423611 0.995 375
1764913471338 0.995 380
1764913518779 0.995 385
1764913566325 0.995 390
1764913614054 0.995 395
1764913661324 0.995 400
1764913709220 0.995 405
1764913757061 0.995 410
1764913804292 0.995 415
1764913873162 0.995 420
1764913921177 0.995 425
1764913969413 0.995 430
1764914017701 0.995 435
1764914066166 0.995 440
1764914114320 0.995 445
1764914161874 0.995 450
1764914209242 0.995 455
1764914256884 0.995 460
1764914304311 0.995 465
1764914351779 0.995 470
1764914399500 0.995 475
1764914447206 0.995 480
1764914494849 0.995 485
1764914542473 0.995 490
1764914590104 0.995 495
1764914637828 0.995 500
1764914685150 0.995 505
1764914732683 0.995 510
1764914780286 0.995 515
1764914827600 0.995 520
1764914875025 0.995 525
1764914922690 0.995 530
1764914970750 0.995 535
1764915018707 0.995 540
1764915065990 0.995 545
1764915113181 0.995 550
1764915160761 0.995 555
1764915208376 0.995 560
1764915256074 0.995 565
1764915303918 0.995 570
1764915351444 0.995 575
1764915399082 0.995 580
1764915447183 0.995 585
1764915495098 0.995 590
1764915542670 0.995 595
1764915589805 0.995 600
1764915637736 0.995 605
1764915685409 0.995 610
1764915733023 0.995 615
1764915780491 0.995 620
1764915828099 0.995 625
1764915875354 0.995 630
1764915922682 0.995 635
1764915970520 0.995 640
1764916018033 0.995 645
1764916065325 0.995 650
1764916112703 0.995 655
1764916160260 0.995 660
1764916207882 0.995 665
1764916255159 0.995 670
1764916302588 0.995 675
1764916349914 0.995 680
1764916397551 0.995 685
1764916444908 0.995 690
1764916492219 0.995 695
1764916539212 0.995 700
1764916586534 0.995 705
1764916634201 0.995 710
1764916681510 0.995 715
1764916728951 0.995 720
1764916776287 0.995 725
1764916823917 0.995 730
1764916870838 0.995 735
1764916918438 0.995 740
1764916965966 0.995 745
1764917013485 0.995 750
1764917060984 0.995 755
1764917108656 0.995 760
1764917156090 0.995 765
1764917203951 0.995 770
1764917251298 0.995 775
1764917298900 0.995 780
1764917346309 0.995 785
1764917393877 0.995 790
1764917441442 0.995 795
1764917488999 0.995 800
1764917536308 0.995 805
1764917583677 0.995 810
1764917631312 0.995 815
1764917678685 0.995 820
1764917726061 0.995 825
1764917773769 0.995 830
1764917842611 0.995 835
1764917890445 0.995 840
1764917938480 0.995 845
1764917986871 0.995 850
1764918035122 0.995 855
1764918083348 0.995 860
1764918130666 0.995 865
1764918177913 0.995 870
1764918225016 0.995 875
1764918272513 0.995 880
1764918320303 0.995 885
1764918367811 0.995 890
1764918415157 0.995 895
1764918463060 0.995 900
1764918510785 0.995 905
1764918558341 0.995 910
1764918605619 0.995 915
1764918653217 0.995 920
1764918700641 0.995 925
1764918748266 0.995 930
1764918795750 0.995 935
1764918842943 0.995 940
1764918890505 0.995 945
1764918937910 0.995 950
1764918985133 0.995 955
1764919032858 0.995 960
1764919080458 0.995 965
1764919128037 0.995 970
1764919175444 0.995 975
1764919222988 0.995 980
1764919270518 0.995 985
1764919317929 0.995 990
1764919365650 0.995 995
1764919413125 0.995 1000
1764919460895 0.995 1005
1764919508151 0.995 1010
1764919555736 0.995 1015
1764919603220 0.995 1020
1764919650846 0.995 1025
1764919698101 0.995 1030
1764919745288 0.995 1035
1764919792493 0.995 1040
1764919840054 0.995 1045
1764919887266 0.995 1050
1764919934651 0.995 1055
1764919982171 0.995 1060
1764920029668 0.995 1065
1764920077272 0.995 1070
1764920124769 0.995 1075
1764920172030 0.995 1080
1764920219581 0.995 1085
1764920267142 0.995 1090
1764920314348 0.995 1095
