1764909900518 2.4038466298076923e-06 5
1764909948181 4.807692759615385e-06 10
1764909995925 7.211538889423077e-06 15
1764910043622 9.615385019230767e-06 20
1764910091450 1.2019231149038456e-05 25
1764910139275 1.4423077278846148e-05 30
1764910187027 1.682692340865384e-05 35
1764910234229 1.9230769538461532e-05 40
1764910282023 2.1634615668269224e-05 45
1764910329707 2.4038461798076923e-05 50
1764910377151 2.644230792788462e-05 55
1764910425001 2.8846154057692314e-05 60
1764910472432 3.12500001875e-05 65
1764910520109 3.3653846317307695e-05 70
1764910568018 3.6057692447115384e-05 75
1764910615396 3.846153857692307e-05 80
1764910663095 4.0865384706730755e-05 85
1764910711051 4.326923083653844e-05 90
1764910758681 4.5673076966346126e-05 95
1764910806405 4.8076923096153815e-05 100
1764910854334 4.99999684994542e-05 105
1764910902013 4.999886598868626e-05 110
1764910949657 4.999618853001002e-05 115
1764910997254 4.999193629210745e-05 120
1764911044917 4.9986109542872825e-05 125
1764911092908 4.9978708649395866e-05 130
1764911140711 4.996973407793859e-05 135
1764911188048 4.995918639390592e-05 140
1764911235656 4.994706626181015e-05 145
1764911283334 4.9933374445228965e-05 150
1764911331093 4.991811180675741e-05 155
1764911378534 4.990127930795351e-05 160
1764911425941 4.988287800927775e-05 165
1764911473514 4.986290907002617e-05 170
1764911521093 4.9841373748257406e-05 175
1764911568888 4.9818273400713394e-05 180
1764911616549 4.979360948273393e-05 185
1764911664196 4.976738354816492e-05 190
1764911711968 4.973959724926055e-05 195
1764911759582 4.971025233657915e-05 200
1764911807108 4.967935065887295e-05 205
1764911854876 4.964689416297154e-05 210
1764911902377 4.9612884893659316e-05 215
1764911949805 4.957732499354655e-05 220
1764911997207 4.9540216702934483e-05 225
1764912044850 4.950156235967415e-05 230
1764912092335 4.94613643990191e-05 235
1764912139968 4.941962535347195e-05 240
1764912187353 4.93763478526249e-05 245
1764912234855 4.9331534622994007e-05 250
1764912281804 4.92851884878474e-05 255
1764912329281 4.92373123670275e-05 260
1764912376804 4.918790927676695e-05 265
1764912424263 4.913698232949869e-05 270
1764912471905 4.908453473365984e-05 275
1764912519561 4.903056979348951e-05 280
1764912567133 4.897509090882071e-05 285
1764912614746 4.8918101574866134e-05 290
1764912662283 4.885960538199791e-05 295
1764912709784 4.879960601552148e-05 300
1764912757122 4.8738107255443364e-05 305
1764912804798 4.867511297623306e-05 310
1764912852192 4.8610627146578935e-05 315
1764912899476 4.854465382913817e-05 320
1764912947360 4.8477197180280835e-05 325
1764912995027 4.8408261449828e-05 330
1764913042542 4.8337850980784044e-05 335
1764913090352 4.826597020906306e-05 340
1764913137841 4.819262366320928e-05 345
1764913185530 4.811781596411187e-05 350
1764913233408 4.804155182471378e-05 355
1764913280744 4.796383604971483e-05 360
1764913328575 4.7884673535269005e-05 365
1764913376094 4.780406926867598e-05 370
1764913423611 4.7722028328066944e-05 375
1764913471338 4.763855588208469e-05 380
1764913518779 4.75536571895579e-05 385
1764913566325 4.746733759916993e-05 390
1764913614054 4.737960254912181e-05 395
1764913661324 4.729045756678958e-05 400
1764913709220 4.719990826837614e-05 405
1764913757061 4.710796035855738e-05 410
1764913804292 4.7014619630122806e-05 415
1764913873162 4.691989196361055e-05 420
1764913921177 4.6823783326936934e-05 425
1764913969413 4.672629977502045e-05 430
1764914017701 4.662744744940035e-05 435
1764914066166 4.652723257784965e-05 440
1764914114320 4.6425661473982844e-05 445
1764914161874 4.6322740536858094e-05 450
1764914209242 4.621847625057409e-05 455
1764914256884 4.6112875183861615e-05 460
1764914304311 4.600594398966959e-05 465
1764914351779 4.589768940474603e-05 470
1764914399500 4.5788118249213565e-05 475
1764914447206 4.567723742613982e-05 480
1764914494849 4.5565053921102495e-05 485
1764914542473 4.5451574801749223e-05 490
1764914590104 4.533680721735238e-05 495
1764914637828 4.5220758398358624e-05 500
1764914685150 4.510343565593336e-05 505
1764914732683 4.4984846381500206e-05 510
1764914780286 4.486499804627523e-05 515
1764914827600 4.474389820079634e-05 520
1764914875025 4.462155447444752e-05 525
1764914922690 4.449797457497823e-05 530
1764914970750 4.437316628801782e-05 535
1764915018707 4.4247137476584965e-05 540
1764915065990 4.4119896080592346e-05 545
1764915113181 4.399145011634641e-05 550
1764915160761 4.386180767604231e-05 555
1764915208376 4.373097692725416e-05 560
1764915256074 4.359896611242041e-05 565
1764915303918 4.3465783548324556e-05 570
1764915351444 4.333143762557124e-05 575
1764915399082 4.319593680805761e-05 580
1764915447183 4.305928963244004e-05 585
1764915495098 4.292150470759636e-05 590
1764915542670 4.27825907140835e-05 595
1764915589805 4.264255640359058e-05 600
1764915637736 4.250141059838758e-05 605
1764915685409 4.235916219076944e-05 610
1764915733023 4.221582014249599e-05 615
1764915780491 4.2071393484227214e-05 620
1764915828099 4.1925891314954375e-05 625
1764915875354 4.177932280142678e-05 630
1764915922682 4.1631697177574225e-05 635
1764915970520 4.1483023743925285e-05 640
1764916018033 4.133331186702138e-05 645
1764916065325 4.118257097882662e-05 650
1764916112703 4.103081057613367e-05 655
1764916160260 4.087804021996536e-05 660
1764916207882 4.072426953497238e-05 665
1764916255159 4.056950820882693e-05 670
1764916302588 4.041376599161235e-05 675
1764916349914 4.025705269520888e-05 680
1764916397551 4.009937819267548e-05 685
1764916444908 3.99407524176279e-05 690
1764916492219 3.978118536361272e-05 695
1764916539212 3.962068708347788e-05 700
1764916586534 3.9459267688739274e-05 705
1764916634201 3.929693734894371e-05 710
1764916681510 3.913370629102824e-05 715
1764916728951 3.896958479867589e-05 720
1764916776287 3.8804583211667704e-05 725
1764916823917 3.8638711925231385e-05 730
1764916870838 3.847198138938639e-05 735
1764916918438 3.8304402108285536e-05 740
1764916965966 3.8135984639553235e-05 745
1764917013485 3.79667395936204e-05 750
1764917060984 3.7796677633055925e-05 755
1764917108656 3.762580947189498e-05 760
1764917156090 3.7454145874963954e-05 765
1764917203951 3.7281697657202365e-05 770
1764917251298 3.710847568298141e-05 775
1764917298900 3.693449086541956e-05 780
1764917346309 3.675975416569499e-05 785
1764917393877 3.658427659235503e-05 790
1764917441442 3.640806920062265e-05 795
1764917488999 3.623114309169991e-05 800
1764917536308 3.605350941206865e-05 805
1764917583677 3.587517935278817e-05 810
1764917631312 3.569616414879026e-05 815
1764917678685 3.551647507817133e-05 820
1764917726061 3.533612346148193e-05 825
1764917773769 3.515512066101352e-05 830
1764917842611 3.497347808008264e-05 835
1764917890445 3.479120716231248e-05 840
1764917938480 3.4608319390911964e-05 845
1764917986871 3.442482628795225e-05 850
1764918035122 3.424073941364089e-05 855
1764918083348 3.4056070365593405e-05 860
1764918130666 3.387083077810282e-05 865
1764918177913 3.368503232140652e-05 870
1764918225016 3.349868670095109e-05 875
1764918272513 3.331180565665488e-05 880
1764918320303 3.3124400962168324e-05 885
1764918367811 3.293648442413227e-05 890
1764918415157 3.274806788143405e-05 895
1764918463060 3.2559163204461695e-05 900
1764918510785 3.236978229435612e-05 905
1764918558341 3.217993708226122e-05 910
1764918605619 3.198963952857231e-05 915
1764918653217 3.1798901622182604e-05 920
1764918700641 3.160773537972784e-05 925
1764918748266 3.141615284482926e-05 930
1764918795750 3.122416608733487e-05 935
1764918842943 3.1031787202558986e-05 940
1764918890505 3.08390283105203e-05 945
1764918937910 3.064590155517819e-05 950
1764918985133 3.045241910366775e-05 955
1764919032858 3.0258593145533196e-05 960
1764919080458 3.0064435891959922e-05 965
1764919128037 2.9869959575005197e-05 970
1764919175444 2.967517644682754e-05 975
1764919222988 2.948009877891478e-05 980
1764919270518 2.9284738861311024e-05 985
1764919317929 2.908910900184229e-05 990
1764919365650 2.8893221525341147e-05 995
1764919413125 2.8697088772870277e-05 1000
1764919460895 2.8500723100944887e-05 1005
1764919508151 2.83041368807543e-05 1010
1764919555736 2.810734249738258e-05 1015
1764919603220 2.791035234902822e-05 1020
1764919650846 2.771317884622303e-05 1025
1764919698101 2.7515834411050322e-05 1030
1764919745288 2.731833147636227e-05 1035
1764919792493 2.7120682484996642e-05 1040
1764919840054 2.692289988899289e-05 1045
1764919887266 2.6724996148807664e-05 1050
1764919934651 2.6526983732529792e-05 1055
1764919982171 2.6328875115094765e-05 1060
1764920029668 2.6130682777498828e-05 1065
1764920077272 2.5932419206012688e-05 1070
1764920124769 2.5734096891394797e-05 1075
1764920172030 2.5535728328104507e-05 1080
1764920219581 2.533732601351485e-05 1085
1764920267142 2.513890244712522e-05 1090
1764920314348 2.4940470129773912e-05 1095
