1764909900518 0.18478530645370483 5
1764909948181 0.18452415987849236 10
1764909995925 0.18596706166863441 15
1764910043622 0.18583985418081284 20
1764910091450 0.1801680512726307 25
1764910139275 0.15900573134422302 30
1764910187027 0.14537424594163895 35
1764910234229 0.15778102353215218 40
1764910282023 0.166741281747818 45
1764910329707 0.15844571590423584 50
1764910377151 0.15331775695085526 55
1764910425001 0.16057457774877548 60
1764910472432 0.16532674059271812 65
1764910520109 0.15551026165485382 70
1764910568018 0.16073406487703323 75
1764910615396 0.16045814380049706 80
1764910663095 0.15908553823828697 85
1764910711051 0.15979285165667534 90
1764910758681 0.15540282800793648 95
1764910806405 0.15053092688322067 100
1764910854334 0.15944114327430725 105
1764910902013 0.16447625681757927 110
1764910949657 0.16021059080958366 115
1764910997254 0.1613600067794323 120
1764911044917 0.1558620072901249 125
1764911092908 0.14050884917378426 130
1764911140711 0.14544087648391724 135
1764911188048 0.14736920967698097 140
1764911235656 0.142735306173563 145
1764911283334 0.14356425777077675 150
1764911331093 0.1494428776204586 155
1764911378534 0.14744234830141068 160
1764911425941 0.15196742117404938 165
1764911473514 0.14943833276629448 170
1764911521093 0.1376391053199768 175
1764911568888 0.15054118260741234 180
1764911616549 0.14610883221030235 185
1764911664196 0.14340990781784058 190
1764911711968 0.142836082726717 195
1764911759582 0.1435643769800663 200
1764911807108 0.15928112715482712 205
1764911854876 0.14848584681749344 210
1764911902377 0.1522226333618164 215
1764911949805 0.14443204924464226 220
1764911997207 0.13730160892009735 225
1764912044850 0.1420268826186657 230
1764912092335 0.14142877608537674 235
1764912139968 0.1391163505613804 240
1764912187353 0.14593273773789406 245
1764912234855 0.13978160172700882 250
1764912281804 0.1476053074002266 255
1764912329281 0.13873650133609772 260
1764912376804 0.14242898300290108 265
1764912424263 0.1561608389019966 270
1764912471905 0.1534276157617569 275
1764912519561 0.14312831684947014 280
1764912567133 0.13963845372200012 285
1764912614746 0.1325419284403324 290
1764912662283 0.13722143694758415 295
1764912709784 0.14652053639292717 300
1764912757122 0.14038673043251038 305
1764912804798 0.13874312117695808 310
1764912852192 0.13812844827771187 315
1764912899476 0.13843132928013802 320
1764912947360 0.13647959008812904 325
1764912995027 0.14599991589784622 330
1764913042542 0.1473439484834671 335
1764913090352 0.14455965533852577 340
1764913137841 0.14302432537078857 345
1764913185530 0.13845344632863998 350
1764913233408 0.14474084973335266 355
1764913280744 0.14174921438097954 360
1764913328575 0.12828082591295242 365
1764913376094 0.14640803635120392 370
1764913423611 0.14780577644705772 375
1764913471338 0.14127160236239433 380
1764913518779 0.14514374732971191 385
1764913566325 0.1407419890165329 390
1764913614054 0.13628923147916794 395
1764913661324 0.14016707986593246 400
1764913709220 0.13489632308483124 405
1764913757061 0.13138405233621597 410
1764913804292 0.13527236878871918 415
1764913873162 0.14792842417955399 420
1764913921177 0.13524194434285164 425
1764913969413 0.13738945871591568 430
1764914017701 0.1457982286810875 435
1764914066166 0.13224238343536854 440
1764914114320 0.14234990626573563 445
1764914161874 0.15106547251343727 450
1764914209242 0.14652929082512856 455
1764914256884 0.14895396307110786 460
1764914304311 0.14601588249206543 465
1764914351779 0.14489838480949402 470
1764914399500 0.1376500315964222 475
1764914447206 0.14651748910546303 480
1764914494849 0.14826813340187073 485
1764914542473 0.1311403475701809 490
1764914590104 0.1377783603966236 495
1764914637828 0.1442861706018448 500
1764914685150 0.1472507007420063 505
1764914732683 0.13791368156671524 510
1764914780286 0.14024001359939575 515
1764914827600 0.13530293852090836 520
1764914875025 0.15321093425154686 525
1764914922690 0.13609853014349937 530
1764914970750 0.13597612082958221 535
1764915018707 0.13918237760663033 540
1764915065990 0.14806902408599854 545
1764915113181 0.14882388338446617 550
1764915160761 0.13468638807535172 555
1764915208376 0.1347068604081869 560
1764915256074 0.13206536136567593 565
1764915303918 0.1431708112359047 570
1764915351444 0.12612487748265266 575
1764915399082 0.13786133378744125 580
1764915447183 0.14170240983366966 585
1764915495098 0.13224342837929726 590
1764915542670 0.14730869978666306 595
1764915589805 0.14175103977322578 600
1764915637736 0.13189172931015491 605
1764915685409 0.13301463983953 610
1764915733023 0.1320883221924305 615
1764915780491 0.12859282828867435 620
1764915828099 0.15410002693533897 625
1764915875354 0.15014488250017166 630
1764915922682 0.14628706127405167 635
1764915970520 0.13355139270424843 640
1764916018033 0.13451525568962097 645
1764916065325 0.1375306323170662 650
1764916112703 0.13888894021511078 655
1764916160260 0.13716018199920654 660
1764916207882 0.14452696219086647 665
1764916255159 0.13849566876888275 670
1764916302588 0.1514154076576233 675
1764916349914 0.13715822994709015 680
1764916397551 0.1273663304746151 685
1764916444908 0.13027289137244225 690
1764916492219 0.14113113656640053 695
1764916539212 0.14207961782813072 700
1764916586534 0.13467540219426155 705
1764916634201 0.13348177447915077 710
1764916681510 0.14031799510121346 715
1764916728951 0.1388177964836359 720
1764916776287 0.13616249151527882 725
1764916823917 0.1350737251341343 730
1764916870838 0.13324662297964096 735
1764916918438 0.1264642160385847 740
1764916965966 0.1407674066722393 745
1764917013485 0.14080315083265305 750
1764917060984 0.1318590883165598 755
1764917108656 0.14302250370383263 760
1764917156090 0.12987885251641273 765
1764917203951 0.14127428084611893 770
1764917251298 0.14879456907510757 775
1764917298900 0.1421394944190979 780
1764917346309 0.13326715677976608 785
1764917393877 0.13035788387060165 790
1764917441442 0.1423516906797886 795
1764917488999 0.15494050085544586 800
1764917536308 0.14268925040960312 805
1764917583677 0.1430218629539013 810
1764917631312 0.12905357778072357 815
1764917678685 0.1289140321314335 820
1764917726061 0.14002982154488564 825
1764917773769 0.130015192553401 830
1764917842611 0.14786125347018242 835
1764917890445 0.14134296029806137 840
1764917938480 0.13502263650298119 845
1764917986871 0.13953934982419014 850
1764918035122 0.13870220631361008 855
1764918083348 0.13320020958781242 860
1764918130666 0.1337168999016285 865
1764918177913 0.13075529225170612 870
1764918225016 0.12743655405938625 875
1764918272513 0.13509964384138584 880
1764918320303 0.12822605669498444 885
1764918367811 0.14446501433849335 890
1764918415157 0.13500646129250526 895
1764918463060 0.13216854259371758 900
1764918510785 0.1326083168387413 905
1764918558341 0.1362638771533966 910
1764918605619 0.1428961679339409 915
1764918653217 0.14520317688584328 920
1764918700641 0.139381542801857 925
1764918748266 0.12906334549188614 930
1764918795750 0.1358553059399128 935
1764918842943 0.1419476978480816 940
1764918890505 0.15448029339313507 945
1764918937910 0.14463654905557632 950
1764918985133 0.13104676268994808 955
1764919032858 0.13245048746466637 960
1764919080458 0.13414742052555084 965
1764919128037 0.13233930245041847 970
1764919175444 0.14893224835395813 975
1764919222988 0.13093636743724346 980
1764919270518 0.13056566566228867 985
1764919317929 0.13896306231617928 990
1764919365650 0.1324823908507824 995
1764919413125 0.1333794854581356 1000
1764919460895 0.13602018728852272 1005
1764919508151 0.133227014914155 1010
1764919555736 0.1349743790924549 1015
1764919603220 0.12886092253029346 1020
1764919650846 0.13326482474803925 1025
1764919698101 0.12316777184605598 1030
1764919745288 0.14159993082284927 1035
1764919792493 0.14570069685578346 1040
1764919840054 0.14501138776540756 1045
1764919887266 0.14118188992142677 1050
1764919934651 0.13475712575018406 1055
1764919982171 0.12940255925059319 1060
1764920029668 0.1351143643260002 1065
1764920077272 0.13787664473056793 1070
1764920124769 0.12914232350885868 1075
1764920172030 0.13643186911940575 1080
1764920219581 0.13720881193876266 1085
1764920267142 0.13709937408566475 1090
1764920314348 0.1381058134138584 1095
