1764909900518 0.1458333358168602 5
1764909948181 0.5208333358168602 10
1764909995925 0.6354166865348816 15
1764910043622 0.4375000074505806 20
1764910091450 0.520833358168602 25
1764910139275 0.5937500074505806 30
1764910187027 0.614583358168602 35
1764910234229 0.6354166865348816 40
1764910282023 0.4895833507180214 45
1764910329707 0.6979166865348816 50
1764910377151 0.5625000074505806 55
1764910425001 0.5833333432674408 60
1764910472432 0.6458333432674408 65
1764910520109 0.5520833507180214 70
1764910568018 0.583333358168602 75
1764910615396 0.645833358168602 80
1764910663095 0.5937500149011612 85
1764910711051 0.4687500074505806 90
1764910758681 0.5937500223517418 95
1764910806405 0.6041666865348816 100
1764910854334 0.6041666716337204 105
1764910902013 0.6041667014360428 110
1764910949657 0.541666679084301 115
1764910997254 0.552083358168602 120
1764911044917 0.645833358168602 125
1764911092908 0.5729166716337204 130
1764911140711 0.6562500149011612 135
1764911188048 0.645833358168602 140
1764911235656 0.5520833507180214 145
1764911283334 0.6666666716337204 150
1764911331093 0.6354166865348816 155
1764911378534 0.6041666865348816 160
1764911425941 0.604166679084301 165
1764911473514 0.7187500298023224 170
1764911521093 0.6666666865348816 175
1764911568888 0.6354166865348816 180
1764911616549 0.6354166865348816 185
1764911664196 0.5312500149011612 190
1764911711968 0.6250000298023224 195
1764911759582 0.6145833432674408 200
1764911807108 0.6250000149011612 205
1764911854876 0.6666666865348816 210
1764911902377 0.6041666716337204 215
1764911949805 0.6041666865348816 220
1764911997207 0.6562500149011612 225
1764912044850 0.6041666865348816 230
1764912092335 0.614583358168602 235
1764912139968 0.635416679084301 240
1764912187353 0.5520833432674408 245
1764912234855 0.6666666865348816 250
1764912281804 0.6875 255
1764912329281 0.6354166865348816 260
1764912376804 0.645833358168602 265
1764912424263 0.6875000149011612 270
1764912471905 0.5520833656191826 275
1764912519561 0.6979166865348816 280
1764912567133 0.6979166865348816 285
1764912614746 0.6041666865348816 290
1764912662283 0.7604166865348816 295
1764912709784 0.6562500149011612 300
1764912757122 0.5937500223517418 305
1764912804798 0.645833358168602 310
1764912852192 0.6458333432674408 315
1764912899476 0.6458333730697632 320
1764912947360 0.6666666865348816 325
1764912995027 0.6250000298023224 330
1764913042542 0.6250000149011612 335
1764913090352 0.6666666865348816 340
1764913137841 0.6562500149011612 345
1764913185530 0.635416679084301 350
1764913233408 0.6250000149011612 355
1764913280744 0.6145833432674408 360
1764913328575 0.645833358168602 365
1764913376094 0.614583358168602 370
1764913423611 0.6145833432674408 375
1764913471338 0.5833333432674408 380
1764913518779 0.645833358168602 385
1764913566325 0.583333358168602 390
1764913614054 0.6250000298023224 395
1764913661324 0.6875000149011612 400
1764913709220 0.708333358168602 405
1764913757061 0.7187500298023224 410
1764913804292 0.6250000149011612 415
1764913873162 0.4791666865348816 420
1764913921177 0.6354166865348816 425
1764913969413 0.6875000149011612 430
1764914017701 0.7291666865348816 435
1764914066166 0.6354167014360428 440
1764914114320 0.6250000298023224 445
1764914161874 0.5625000149011612 450
1764914209242 0.6458333432674408 455
1764914256884 0.6875000149011612 460
1764914304311 0.6250000149011612 465
1764914351779 0.6041666865348816 470
1764914399500 0.7187500149011612 475
1764914447206 0.6666666865348816 480
1764914494849 0.5729166865348816 485
1764914542473 0.666666679084301 490
1764914590104 0.6562500149011612 495
1764914637828 0.6562500149011612 500
1764914685150 0.6041666865348816 505
1764914732683 0.677083358168602 510
1764914780286 0.6562500149011612 515
1764914827600 0.708333358168602 520
1764914875025 0.5520833507180214 525
1764914922690 0.7187500149011612 530
1764914970750 0.7604166865348816 535
1764915018707 0.6875000149011612 540
1764915065990 0.6250000149011612 545
1764915113181 0.677083358168602 550
1764915160761 0.6458333730697632 555
1764915208376 0.7187500298023224 560
1764915256074 0.7187500149011612 565
1764915303918 0.6979166716337204 570
1764915351444 0.7604166865348816 575
1764915399082 0.6562500298023224 580
1764915447183 0.6979166865348816 585
1764915495098 0.6979166716337204 590
1764915542670 0.6354166865348816 595
1764915589805 0.6770833432674408 600
1764915637736 0.7291666865348816 605
1764915685409 0.6458333432674408 610
1764915733023 0.5625000298023224 615
1764915780491 0.739583358168602 620
1764915828099 0.552083358168602 625
1764915875354 0.6041666865348816 630
1764915922682 0.6250000298023224 635
1764915970520 0.7187500149011612 640
1764916018033 0.6458333432674408 645
1764916065325 0.6979166865348816 650
1764916112703 0.6354166865348816 655
1764916160260 0.6979166865348816 660
1764916207882 0.6458333432674408 665
1764916255159 0.6458333432674408 670
1764916302588 0.6041666716337204 675
1764916349914 0.6666666865348816 680
1764916397551 0.6666666865348816 685
1764916444908 0.739583358168602 690
1764916492219 0.5833333507180214 695
1764916539212 0.6562500149011612 700
1764916586534 0.6562500149011612 705
1764916634201 0.6666666865348816 710
1764916681510 0.5833333432674408 715
1764916728951 0.645833358168602 720
1764916776287 0.6145833432674408 725
1764916823917 0.6666666716337204 730
1764916870838 0.739583358168602 735
1764916918438 0.708333358168602 740
1764916965966 0.6979166716337204 745
1764917013485 0.7500000149011612 750
1764917060984 0.708333358168602 755
1764917108656 0.583333358168602 760
1764917156090 0.6666667014360428 765
1764917203951 0.6041666865348816 770
1764917251298 0.5937500149011612 775
1764917298900 0.6562500298023224 780
1764917346309 0.6875000149011612 785
1764917393877 0.7500000149011612 790
1764917441442 0.6354166865348816 795
1764917488999 0.6458333432674408 800
1764917536308 0.6979166865348816 805
1764917583677 0.614583358168602 810
1764917631312 0.6875000149011612 815
1764917678685 0.6458333432674408 820
1764917726061 0.6041666865348816 825
1764917773769 0.7395833432674408 830
1764917842611 0.6979166865348816 835
1764917890445 0.6875000149011612 840
1764917938480 0.739583358168602 845
1764917986871 0.7604167014360428 850
1764918035122 0.6562500149011612 855
1764918083348 0.5833333432674408 860
1764918130666 0.6979166716337204 865
1764918177913 0.7187500149011612 870
1764918225016 0.6354166865348816 875
1764918272513 0.614583358168602 880
1764918320303 0.6250000149011612 885
1764918367811 0.6458333432674408 890
1764918415157 0.6979166865348816 895
1764918463060 0.739583358168602 900
1764918510785 0.645833358168602 905
1764918558341 0.6041666865348816 910
1764918605619 0.6354166716337204 915
1764918653217 0.6666666865348816 920
1764918700641 0.6666666865348816 925
1764918748266 0.7187500149011612 930
1764918795750 0.6354166865348816 935
1764918842943 0.572916679084301 940
1764918890505 0.677083358168602 945
1764918937910 0.6250000298023224 950
1764918985133 0.5520833432674408 955
1764919032858 0.6979166865348816 960
1764919080458 0.645833358168602 965
1764919128037 0.614583358168602 970
1764919175444 0.5208333358168602 975
1764919222988 0.6458333432674408 980
1764919270518 0.7395833432674408 985
1764919317929 0.6354166865348816 990
1764919365650 0.708333358168602 995
1764919413125 0.6666666865348816 1000
1764919460895 0.6666666865348816 1005
1764919508151 0.6979167014360428 1010
1764919555736 0.6458333432674408 1015
1764919603220 0.6875000298023224 1020
1764919650846 0.7187500298023224 1025
1764919698101 0.7187500149011612 1030
1764919745288 0.6666666865348816 1035
1764919792493 0.6562500298023224 1040
1764919840054 0.5625000149011612 1045
1764919887266 0.677083358168602 1050
1764919934651 0.6875000149011612 1055
1764919982171 0.7187500298023224 1060
1764920029668 0.645833358168602 1065
1764920077272 0.6666666716337204 1070
1764920124769 0.7187500298023224 1075
1764920172030 0.7187500298023224 1080
1764920219581 0.6875000298023224 1085
1764920267142 0.6666667014360428 1090
1764920314348 0.6562500149011612 1095
