1764909900518 9.61538651923077e-06 5
1764909948181 1.923077103846154e-05 10
1764909995925 2.884615555769231e-05 15
1764910043622 3.846154007692307e-05 20
1764910091450 4.807692459615382e-05 25
1764910139275 5.769230911538459e-05 30
1764910187027 6.730769363461536e-05 35
1764910234229 7.692307815384613e-05 40
1764910282023 8.65384626730769e-05 45
1764910329707 9.61538471923077e-05 50
1764910377151 0.00010576923171153848 55
1764910425001 0.00011538461623076926 60
1764910472432 0.00012500000075 65
1764910520109 0.00013461538526923078 70
1764910568018 0.00014423076978846154 75
1764910615396 0.0001538461543076923 80
1764910663095 0.00016346153882692302 85
1764910711051 0.00017307692334615375 90
1764910758681 0.0001826923078653845 95
1764910806405 0.00019230769238461526 100
1764910854334 0.0001999998739978168 105
1764910902013 0.00019999546395474505 110
1764910949657 0.00019998475412004007 115
1764910997254 0.0001999677451684298 120
1764911044917 0.0001999444381714913 125
1764911092908 0.00019991483459758346 130
1764911140711 0.00019987893631175435 135
1764911188048 0.00019983674557562368 140
1764911235656 0.0001997882650472406 145
1764911283334 0.00019973349778091586 150
1764911331093 0.00019967244722702963 155
1764911378534 0.00019960511723181404 160
1764911425941 0.000199531512037111 165
1764911473514 0.00019945163628010468 170
1764911521093 0.00019936549499302962 175
1764911568888 0.00019927309360285358 180
1764911616549 0.00019917443793093572 185
1764911664196 0.00019906953419265969 190
1764911711968 0.0001989583889970422 195
1764911759582 0.0001988410093463166 200
1764911807108 0.0001987174026354918 205
1764911854876 0.00019858757665188617 210
1764911902377 0.00019845153957463726 215
1764911949805 0.0001983092999741862 220
1764911997207 0.00019816086681173793 225
1764912044850 0.0001980062494386966 230
1764912092335 0.0001978454575960764 235
1764912139968 0.0001976785014138878 240
1764912187353 0.0001975053914104996 245
1764912234855 0.00019732613849197603 250
1764912281804 0.0001971407539513896 255
1764912329281 0.00019694924946811 260
1764912376804 0.0001967516371070678 265
1764912424263 0.00019654792931799475 270
1764912471905 0.00019633813893463935 275
1764912519561 0.00019612227917395803 280
1764912567133 0.00019590036363528285 285
1764912614746 0.00019567240629946454 290
1764912662283 0.00019543842152799164 295
1764912709784 0.00019519842406208593 300
1764912757122 0.00019495242902177346 305
1764912804798 0.00019470045190493225 310
1764912852192 0.00019444250858631574 315
1764912899476 0.00019417861531655268 320
1764912947360 0.00019390878872112334 325
1764912995027 0.000193633045799312 330
1764913042542 0.00019335140392313618 335
1764913090352 0.00019306388083625224 340
1764913137841 0.00019277049465283712 345
1764913185530 0.00019247126385644748 350
1764913233408 0.00019216620729885513 355
1764913280744 0.00019185534419885933 360
1764913328575 0.00019153869414107602 365
1764913376094 0.0001912162770747039 370
1764913423611 0.00019088811331226778 375
1764913471338 0.00019055422352833875 380
1764913518779 0.0001902146287582316 385
1764913566325 0.00018986935039667972 390
1764913614054 0.00018951841019648725 395
1764913661324 0.00018916183026715833 400
1764913709220 0.00018879963307350455 405
1764913757061 0.00018843184143422953 410
1764913804292 0.00018805847852049122 415
1764913873162 0.0001876795678544422 420
1764913921177 0.00018729513330774774 425
1764913969413 0.0001869051991000818 430
1764914017701 0.0001865097897976014 435
1764914066166 0.0001861089303113986 440
1764914114320 0.00018570264589593138 445
1764914161874 0.00018529096214743237 450
1764914209242 0.00018487390500229636 455
1764914256884 0.00018445150073544646 460
1764914304311 0.00018402377595867837 465
1764914351779 0.00018359075761898412 470
1764914399500 0.00018315247299685426 475
1764914447206 0.00018270894970455928 480
1764914494849 0.00018226021568440998 485
1764914542473 0.0001818062992069969 490
1764914590104 0.00018134722886940953 495
1764914637828 0.0001808830335934345 500
1764914685150 0.00018041374262373343 505
1764914732683 0.00017993938552600083 510
1764914780286 0.00017945999218510093 515
1764914827600 0.00017897559280318536 520
1764914875025 0.0001784862178977901 525
1764914922690 0.00017799189829991293 530
1764914970750 0.00017749266515207127 535
1764915018707 0.00017698854990633986 540
1764915065990 0.00017647958432236938 545
1764915113181 0.00017596580046538564 550
1764915160761 0.00017544723070416924 555
1764915208376 0.00017492390770901665 560
1764915256074 0.00017439586444968164 565
1764915303918 0.00017386313419329822 570
1764915351444 0.00017332575050228496 575
1764915399082 0.00017278374723223044 580
1764915447183 0.00017223715852976017 585
1764915495098 0.00017168601883038543 590
1764915542670 0.000171130362856334 595
1764915589805 0.00017057022561436233 600
1764915637736 0.0001700056423935503 605
1764915685409 0.00016943664876307776 610
1764915733023 0.00016886328056998397 615
1764915780491 0.00016828557393690886 620
1764915828099 0.0001677035652598175 625
1764915875354 0.0001671172912057071 630
1764915922682 0.0001665267887102969 635
1764915970520 0.00016593209497570114 640
1764916018033 0.00016533324746808553 645
1764916065325 0.00016473028391530647 650
1764916112703 0.00016412324230453469 655
1764916160260 0.00016351216087986145 660
1764916207882 0.00016289707813988953 665
1764916255159 0.0001622780328353077 670
1764916302588 0.0001616550639664494 675
1764916349914 0.0001610282107808355 680
1764916397551 0.00016039751277070193 685
1764916444908 0.0001597630096705116 690
1764916492219 0.00015912474145445089 695
1764916539212 0.0001584827483339115 700
1764916586534 0.0001578370707549571 705
1764916634201 0.00015718774939577483 710
1764916681510 0.00015653482516411296 715
1764916728951 0.00015587833919470355 720
1764916776287 0.00015521833284667082 725
1764916823917 0.00015455484770092554 730
1764916870838 0.00015388792555754555 735
1764916918438 0.00015321760843314215 740
1764916965966 0.00015254393855821294 745
1764917013485 0.0001518669583744816 750
1764917060984 0.0001511867105322237 755
1764917108656 0.0001505032378875799 760
1764917156090 0.00014981658349985582 765
1764917203951 0.00014912679062880946 770
1764917251298 0.00014843390273192565 775
1764917298900 0.00014773796346167825 780
1764917346309 0.00014703901666277995 785
1764917393877 0.00014633710636942013 790
1764917441442 0.0001456322768024906 795
1764917488999 0.00014492457236679965 800
1764917536308 0.0001442140376482746 805
1764917583677 0.0001435007174111527 810
1764917631312 0.00014278465659516105 815
1764917678685 0.00014206590031268533 820
1764917726061 0.00014134449384592773 825
1764917773769 0.00014062048264405408 830
1764917842611 0.00013989391232033057 835
1764917890445 0.0001391648286492499 840
1764917938480 0.00013843327756364785 845
1764917986871 0.000137699305151809 850
1764918035122 0.00013696295765456355 855
1764918083348 0.00013622428146237362 860
1764918130666 0.00013548332311241127 865
1764918177913 0.00013474012928562607 870
1764918225016 0.00013399474680380436 875
1764918272513 0.00013324722262661953 880
1764918320303 0.0001324976038486733 885
1764918367811 0.00013174593769652907 890
1764918415157 0.0001309922715257362 895
1764918463060 0.00013023665281784678 900
1764918510785 0.00012947912917742448 905
1764918558341 0.00012871974832904487 910
1764918605619 0.00012795855811428925 915
1764918653217 0.00012719560648873042 920
1764918700641 0.00012643094151891136 925
1764918748266 0.00012566461137931704 930
1764918795750 0.00012489666434933948 935
1764918842943 0.00012412714881023594 940
1764918890505 0.0001233561132420812 945
1764918937910 0.00012258360622071276 950
1764918985133 0.000121809676414671 955
1764919032858 0.00012103437258213278 960
1764919080458 0.00012025774356783969 965
1764919128037 0.00011947983830002079 970
1764919175444 0.00011870070578731016 975
1764919222988 0.00011792039511565913 980
1764919270518 0.0001171389554452441 985
1764919317929 0.00011635643600736916 990
1764919365650 0.00011557288610136459 995
1764919413125 0.00011478835509148111 1000
1764919460895 0.00011400289240377955 1005
1764919508151 0.0001132165475230172 1010
1764919555736 0.00011242936998953032 1015
1764919603220 0.00011164140939611287 1020
1764919650846 0.00011085271538489211 1025
1764919698101 0.00011006333764420129 1030
1764919745288 0.00010927332590544908 1035
1764919792493 0.00010848272993998657 1040
1764919840054 0.00010769159955597156 1045
1764919887266 0.00010689998459523066 1050
1764919934651 0.00010610793493011917 1055
1764919982171 0.00010531550046037906 1060
1764920029668 0.00010452273110999531 1065
1764920077272 0.00010372967682405075 1070
1764920124769 0.00010293638756557919 1075
1764920172030 0.00010214291331241803 1080
1764920219581 0.0001013493040540594 1085
1764920267142 0.00010055560978850088 1090
1764920314348 9.976188051909565e-05 1095
