1764796302134 1.128742516040802 5
1764796342560 1.136051207780838 10
1764796383158 1.1233422756195068 15
1764796423634 1.1127370297908783 20
1764796464354 1.1213622689247131 25
1764796505080 1.079114317893982 30
1764796545485 1.105937421321869 35
1764796586310 1.1033518016338348 40
1764796627064 1.1169398427009583 45
1764796667404 1.1135612726211548 50
1764796708075 1.1065153181552887 55
1764796748641 1.1005498170852661 60
1764796789263 1.1370254755020142 65
1764796829895 1.1303957998752594 70
1764796870434 1.1041358411312103 75
1764796911102 1.1075594425201416 80
1764796951734 1.0990485548973083 85
1764796992073 1.089195340871811 90
1764797032575 1.1094267070293427 95
1764797073167 1.093162715435028 100
1764797113616 1.1125533878803253 105
1764797154233 1.1031337678432465 110
1764797194679 1.1198075115680695 115
1764797235201 1.125572293996811 120
1764797275860 1.1178309619426727 125
1764797316148 1.1123738586902618 130
1764797356875 1.1214419305324554 135
1764797397392 1.1060591638088226 140
1764797437992 1.1280647218227386 145
1764797478703 1.1087165176868439 150
1764797519052 1.124286025762558 155
1764797559662 1.0954684913158417 160
1764797600476 1.1159434914588928 165
1764797640770 1.098421424627304 170
1764797681463 1.0948501229286194 175
1764797722189 1.1118665635585785 180
1764797762538 1.11202073097229 185
1764797803256 1.1048527359962463 190
1764797843902 1.1092404425144196 195
1764797884346 1.1270959973335266 200
1764797924969 1.1154896020889282 205
1764797965485 1.1285357475280762 210
1764798006081 1.0990480780601501 215
1764798046696 1.107230544090271 220
1764798087117 1.1228083372116089 225
1764798127700 1.1109536290168762 230
1764798168296 1.109696388244629 235
1764798208757 1.1258485615253448 240
1764798249283 1.1140515804290771 245
1764798289943 1.1163554787635803 250
1764798330415 1.145980715751648 255
1764798371032 1.1006556451320648 260
1764798411564 1.1038545668125153 265
1764798452137 1.124019742012024 270
1764798492929 1.1274413168430328 275
1764798533567 1.0984424948692322 280
1764798574124 1.1196084022521973 285
1764798614612 1.1414231956005096 290
1764798655162 1.1063975095748901 295
1764798695792 1.1135026216506958 300
1764798736399 1.0883809626102448 305
1764798776948 1.103335052728653 310
1764798817576 1.1094247698783875 315
1764798858147 1.0959391593933105 320
1764798898693 1.1134032607078552 325
1764798939116 1.1014561355113983 330
1764798979928 1.1060299575328827 335
1764799020316 1.1090472340583801 340
1764799060868 1.0920433402061462 345
1764799101475 1.103702872991562 350
1764799142066 1.1088034212589264 355
1764799182576 1.1124215722084045 360
1764799223067 1.1079402267932892 365
1764799263516 1.1242996156215668 370
1764799304196 1.1081296503543854 375
1764799344684 1.1089007556438446 380
1764799385238 1.1049710512161255 385
1764799425832 1.1048673689365387 390
1764799466168 1.0915419459342957 395
1764799506870 1.1186558604240417 400
1764799547333 1.1268722712993622 405
1764799587869 1.1034281849861145 410
1764799628569 1.1257880926132202 415
1764799669009 1.1061562299728394 420
1764799709559 1.1186723411083221 425
1764799750184 1.0942027270793915 430
1764799790534 1.1238508820533752 435
1764799831238 1.104564517736435 440
1764799871754 1.1417847573757172 445
1764799912210 1.1398819983005524 450
1764799952832 1.1129515767097473 455
1764799993474 1.106452763080597 460
1764800034032 1.134366899728775 465
1764800074571 1.115239143371582 470
1764800115126 1.1162060499191284 475
1764800155663 1.1104759871959686 480
1764800196255 1.1196601688861847 485
1764800236775 1.0982842147350311 490
1764800277436 1.1023005247116089 495
1764800317845 1.0776869654655457 500
1764800358409 1.1306364238262177 505
1764800399052 1.1192418932914734 510
1764800439571 1.1087494492530823 515
1764800480125 1.1011390089988708 520
1764800541843 1.1077803075313568 525
1764800583060 1.1102985739707947 530
1764800624244 1.1030346751213074 535
1764800664763 1.1315596401691437 540
1764800705484 1.1282037794589996 545
1764800746050 1.107738196849823 550
1764800786527 1.0943546295166016 555
1764800827151 1.1125916838645935 560
1764800867815 1.1169981956481934 565
1764800908401 1.1266081035137177 570
1764800948879 1.1074900925159454 575
1764800989471 1.0984289646148682 580
1764801030086 1.112267941236496 585
1764801070647 1.1044809520244598 590
1764801111044 1.1194291412830353 595
1764801151604 1.0920411348342896 600
1764801192207 1.1209470927715302 605
1764801232726 1.1204771995544434 610
1764801273302 1.1195741891860962 615
1764801313848 1.09811070561409 620
1764801354395 1.0792777240276337 625
1764801394948 1.101072520017624 630
1764801435524 1.1359484493732452 635
1764801475983 1.1157927513122559 640
1764801516572 1.1040617227554321 645
1764801557042 1.101826250553131 650
1764801597592 1.1197478473186493 655
1764801638228 1.1019209325313568 660
1764801678855 1.1219781935214996 665
1764801719288 1.106625348329544 670
1764801759916 1.1198619604110718 675
1764801800477 1.1404133439064026 680
1764801840946 1.1132660508155823 685
1764801881472 1.1089358031749725 690
1764801922143 1.1043380796909332 695
1764801962622 1.1001942157745361 700
1764802003227 1.1012330949306488 705
1764802043698 1.1184543371200562 710
1764802084295 1.1104353070259094 715
1764802125021 1.136009693145752 720
1764802165489 1.1347533464431763 725
1764802206030 1.1203357875347137 730
1764802246607 1.116937279701233 735
1764802287163 1.1174319684505463 740
1764802327812 1.1133889853954315 745
1764802368325 1.0943881571292877 750
1764802408959 1.1187950372695923 755
1764802449863 1.0926657617092133 760
1764802490423 1.127471536397934 765
1764802531018 1.1018413603305817 770
1764802571506 1.1220245361328125 775
1764802612043 1.1177930533885956 780
1764802652607 1.09761381149292 785
1764802693096 1.1142759323120117 790
1764802733665 1.1141356825828552 795
1764802774218 1.1038897931575775 800
1764802814824 1.0963099896907806 805
1764802855436 1.1141782999038696 810
1764802896074 1.0925821661949158 815
1764802936667 1.118797242641449 820
1764802977178 1.1187956929206848 825
1764803017783 1.0970076322555542 830
1764803058418 1.1117068827152252 835
1764803098853 1.129838079214096 840
1764803139604 1.1192021667957306 845
1764803180172 1.1159747242927551 850
1764803220734 1.0952206552028656 855
1764803261324 1.1098579168319702 860
1764803301850 1.1154611706733704 865
1764803342510 1.117917686700821 870
1764803383152 1.1414067149162292 875
1764803423693 1.0922108888626099 880
1764803464405 1.1182418763637543 885
1764803504929 1.1033320426940918 890
1764803545409 1.1200374066829681 895
1764803585979 1.1029987931251526 900
1764803626560 1.11558336019516 905
1764803667138 1.1044241786003113 910
1764803707713 1.1326626241207123 915
1764803748275 1.1232824325561523 920
1764803788890 1.1158900558948517 925
1764803829453 1.1149120926856995 930
1764803869912 1.1216698586940765 935
1764803910612 1.1288849413394928 940
1764803951210 1.1082846820354462 945
1764803991628 1.091215431690216 950
1764804032173 1.1053297519683838 955
1764804072694 1.116505354642868 960
1764804113290 1.1144890189170837 965
1764804153852 1.0954809486865997 970
1764804194471 1.1028668880462646 975
1764804235096 1.1279651820659637 980
1764804275755 1.1247133314609528 985
1764804316387 1.1283645331859589 990
1764804356880 1.1228529512882233 995
1764804397485 1.0926090478897095 1000
1764804438065 1.1195030510425568 1005
1764804478643 1.122568666934967 1010
1764804519179 1.120355874300003 1015
1764804559803 1.1237755417823792 1020
1764804600496 1.105718195438385 1025
1764804641061 1.0891827642917633 1030
1764804681589 1.1067293286323547 1035
1764804722193 1.1061737835407257 1040
1764804787743 1.103826642036438 1045
1764804828926 1.1240328252315521 1050
1764804869980 1.094902217388153 1055
1764804910754 1.113125592470169 1060
1764804951284 1.1363941133022308 1065
1764804991818 1.132500022649765 1070
1764805032351 1.1094070076942444 1075
1764805072965 1.1040502488613129 1080
1764805113628 1.1147573590278625 1085
1764805154152 1.1218281686306 1090
1764805194828 1.1200891137123108 1095
1764805235525 1.1180374324321747 1100
1764805276106 1.0986501276493073 1105
1764805316618 1.1080094277858734 1110
1764805357047 1.1117015182971954 1115
1764805397934 1.0988585352897644 1120
1764805438488 1.12569198012352 1125
1764805479105 1.0972691476345062 1130
1764805519683 1.12112095952034 1135
1764805560194 1.1296929121017456 1140
1764805600816 1.1017777919769287 1145
1764805641433 1.114862084388733 1150
1764805681949 1.1375784575939178 1155
1764805722510 1.126065343618393 1160
1764805763066 1.117493599653244 1165
1764805803747 1.139870047569275 1170
1764805844336 1.1177628636360168 1175
1764805884908 1.103818655014038 1180
1764805925418 1.0954118967056274 1185
1764805965958 1.1105013489723206 1190
1764806006471 1.1179834604263306 1195
1764806047268 1.0934894382953644 1200
1764806087722 1.1174692213535309 1205
1764806128253 1.111607700586319 1210
1764806168878 1.1308312118053436 1215
1764806209420 1.1004074215888977 1220
1764806250011 1.116241067647934 1225
1764806290545 1.1181285381317139 1230
1764806331063 1.1139620542526245 1235
1764806371788 1.1101289689540863 1240
1764806412250 1.1078848540782928 1245
1764806452808 1.095795065164566 1250
1764806493385 1.098956972360611 1255
1764806534058 1.1054384112358093 1260
1764806574774 1.1188803017139435 1265
1764806615365 1.1001366972923279 1270
1764806655993 1.1106739044189453 1275
1764806696568 1.1098658442497253 1280
1764806737256 1.1095848083496094 1285
1764806777769 1.1267099380493164 1290
1764806818438 1.098499447107315 1295
1764806859042 1.1224686801433563 1300
1764806899491 1.1208929121494293 1305
1764806940066 1.1196925342082977 1310
1764806980667 1.1376865208148956 1315
1764807021188 1.1269788444042206 1320
1764807061778 1.126849114894867 1325
1764807102394 1.087774932384491 1330
1764807143004 1.1137646734714508 1335
1764807183570 1.1146454215049744 1340
1764807224186 1.1331109702587128 1345
1764807264814 1.1076490581035614 1350
1764807305252 1.1134203970432281 1355
1764807345770 1.1267081201076508 1360
1764807386345 1.1011657416820526 1365
1764807426910 1.114648699760437 1370
1764807467461 1.1190347373485565 1375
1764807508001 1.1017477214336395 1380
1764807548470 1.1193745732307434 1385
1764807589132 1.095326006412506 1390
1764807629698 1.1248069107532501 1395
1764807670183 1.1148332059383392 1400
1764807710928 1.1194705069065094 1405
1764807751420 1.10215163230896 1410
1764807791982 1.1146153211593628 1415
1764807832578 1.0995739996433258 1420
1764807873029 1.088928759098053 1425
1764807913729 1.130169004201889 1430
1764807954238 1.0929898023605347 1435
1764807994738 1.1190721094608307 1440
1764808035432 1.1209505200386047 1445
1764808075971 1.1068149209022522 1450
1764808116538 1.0997318923473358 1455
1764808156999 1.1053465604782104 1460
1764808197681 1.1062490344047546 1465
1764808238336 1.1276517808437347 1470
1764808278884 1.1109991669654846 1475
1764808319471 1.113247960805893 1480
1764808360047 1.1222487092018127 1485
1764808400706 1.1361222565174103 1490
1764808441327 1.0989421904087067 1495
1764808481893 1.1118108332157135 1500
1764808522463 1.106373280286789 1505
1764808563050 1.1168770492076874 1510
1764808603622 1.1000895500183105 1515
1764808644260 1.128389984369278 1520
1764808684742 1.1066102087497711 1525
1764808725336 1.1202654838562012 1530
1764808766020 1.0967109203338623 1535
1764808806538 1.119193285703659 1540
1764808847134 1.119586855173111 1545
1764808887727 1.1083056926727295 1550
1764808928238 1.1168232560157776 1555
1764808968916 1.0918770730495453 1560
1764809030292 1.1146906912326813 1565
1764809071481 1.1105984151363373 1570
1764809112682 1.1328941881656647 1575
1764809153499 1.1087616384029388 1580
1764809194056 1.1041093170642853 1585
1764809234501 1.1172471344470978 1590
1764809274984 1.1154870986938477 1595
1764809315523 1.106385588645935 1600
1764809355956 1.1088451147079468 1605
1764809396408 1.1149414777755737 1610
1764809437090 1.1135502755641937 1615
1764809477537 1.1151845455169678 1620
1764809518150 1.0989832282066345 1625
1764809558706 1.1343854069709778 1630
1764809599248 1.110080599784851 1635
1764809639879 1.0877399742603302 1640
1764809680381 1.1054079830646515 1645
1764809721094 1.1122479438781738 1650
1764809761748 1.0967799127101898 1655
1764809802162 1.098423570394516 1660
1764809842735 1.1232111155986786 1665
1764809883359 1.124275118112564 1670
1764809923847 1.0989533960819244 1675
1764809964466 1.1121567487716675 1680
1764810004909 1.1059273183345795 1685
1764810045580 1.1026067733764648 1690
1764810086236 1.0949362814426422 1695
1764810126788 1.114462435245514 1700
1764810167343 1.0995295941829681 1705
1764810208018 1.1110036969184875 1710
1764810248565 1.1192766726016998 1715
1764810289236 1.1474070847034454 1720
1764810329779 1.1089803576469421 1725
1764810370248 1.107389122247696 1730
1764810410909 1.1039611995220184 1735
1764810451470 1.090715080499649 1740
1764810492030 1.123114675283432 1745
1764810532660 1.1044714748859406 1750
1764810573117 1.1226829290390015 1755
1764810613817 1.0906766653060913 1760
1764810654401 1.1207664906978607 1765
1764810695101 1.1287950277328491 1770
1764810735756 1.1236173212528229 1775
1764810776254 1.1015515327453613 1780
1764810816886 1.1060211956501007 1785
1764810857499 1.1100159883499146 1790
1764810898041 1.1120612621307373 1795
1764810938702 1.1431823372840881 1800
1764810979311 1.1066387295722961 1805
1764811019749 1.108298808336258 1810
1764811060515 1.1322029829025269 1815
1764811101134 1.0953206717967987 1820
1764811141691 1.0899847149848938 1825
1764811182234 1.1303598582744598 1830
1764811222750 1.1162279546260834 1835
1764811263286 1.1015632450580597 1840
1764811303843 1.0942507982254028 1845
1764811344376 1.1365242004394531 1850
1764811385182 1.1087241172790527 1855
1764811425603 1.1110871136188507 1860
1764811466244 1.0935395956039429 1865
1764811506998 1.1441926658153534 1870
1764811547500 1.1088584661483765 1875
1764811588143 1.1000980734825134 1880
1764811628751 1.1368143558502197 1885
1764811669184 1.130353718996048 1890
1764811709776 1.112553060054779 1895
1764811750345 1.156628429889679 1900
1764811790944 1.1215616166591644 1905
1764811831595 1.1304235756397247 1910
1764811872150 1.1333470940589905 1915
1764811912867 1.103185087442398 1920
1764811953446 1.1251229047775269 1925
1764811994068 1.1366568505764008 1930
1764812034582 1.1284211575984955 1935
1764812075181 1.099947452545166 1940
1764812115705 1.1035178899765015 1945
1764812156314 1.1146640181541443 1950
1764812196939 1.1043107211589813 1955
1764812237547 1.1030345261096954 1960
1764812278120 1.122162789106369 1965
1764812318722 1.1162920892238617 1970
1764812359273 1.1072695553302765 1975
1764812399864 1.1114947497844696 1980
1764812440341 1.0964407920837402 1985
1764812480893 1.1308189630508423 1990
1764812521457 1.1272456645965576 1995
1764812562014 1.111387938261032 2000
1764812602633 1.1128876507282257 2005
1764812643175 1.100877732038498 2010
1764812683661 1.1138223707675934 2015
1764812724205 1.1065674424171448 2020
1764812764881 1.1058352887630463 2025
1764812805480 1.1233872771263123 2030
1764812845984 1.118709921836853 2035
1764812886626 1.0921961665153503 2040
1764812927237 1.1410410106182098 2045
1764812967854 1.12437504529953 2050
1764813008418 1.1168106198310852 2055
1764813048922 1.1096895039081573 2060
1764813089567 1.1224627494812012 2065
1764813130052 1.1185799837112427 2070
1764813170646 1.1340018510818481 2075
1764813211223 1.1131542026996613 2080
1764813276583 1.0930612087249756 2085
1764813317805 1.1050074398517609 2090
1764813358963 1.113378643989563 2095
1764813400075 1.129892498254776 2100
1764813440635 1.107417106628418 2105
1764813481243 1.0990889966487885 2110
1764813521785 1.1001922488212585 2115
1764813562495 1.0969693660736084 2120
1764813603138 1.088702380657196 2125
1764813643667 1.13622185587883 2130
1764813684243 1.0921509265899658 2135
1764813724859 1.1113720536231995 2140
1764813765469 1.0993647873401642 2145
1764813806136 1.1049695312976837 2150
1764813846656 1.107714295387268 2155
1764813887329 1.115882158279419 2160
1764813928002 1.1237282454967499 2165
1764813968430 1.101164072751999 2170
1764814009168 1.101599395275116 2175
1764814049677 1.0950173735618591 2180
1764814090262 1.1014167666435242 2185
1764814130821 1.1003914773464203 2190
1764814171313 1.113214373588562 2195
1764814212029 1.1071543395519257 2200
1764814252659 1.1188217997550964 2205
1764814293129 1.1299391686916351 2210
1764814333854 1.0726964473724365 2215
1764814374320 1.1070695221424103 2220
1764814414945 1.1201306879520416 2225
1764814455496 1.0826304256916046 2230
1764814495980 1.0922170281410217 2235
1764814536834 1.0979525446891785 2240
1764814577520 1.128071367740631 2245
1764814618019 1.1232437789440155 2250
1764814658675 1.1208711862564087 2255
1764814699232 1.113779455423355 2260
1764814739660 1.1035220921039581 2265
1764814780258 1.0829308331012726 2270
1764814820770 1.1084688007831573 2275
1764814861286 1.087756186723709 2280
1764814901885 1.1128884255886078 2285
1764814942285 1.1035457253456116 2290
1764814983048 1.1055083274841309 2295
1764815023526 1.0931103825569153 2300
1764815064140 1.1046968400478363 2305
1764815104759 1.0980585813522339 2310
1764815145244 1.1061961352825165 2315
1764815185878 1.086938351392746 2320
1764815226577 1.1303347647190094 2325
1764815267043 1.096771776676178 2330
1764815307468 1.0935995280742645 2335
1764815348157 1.1103585362434387 2340
1764815388770 1.1086064875125885 2345
1764815429350 1.1074429154396057 2350
1764815469941 1.1207978129386902 2355
1764815510607 1.1358685791492462 2360
1764815551134 1.1091991662979126 2365
1764815591676 1.1296393275260925 2370
1764815632241 1.0982007682323456 2375
1764815672850 1.1201344728469849 2380
1764815713470 1.1221952736377716 2385
1764815754094 1.1229240894317627 2390
1764815794789 1.1209214627742767 2395
1764815835356 1.107277750968933 2400
1764815876007 1.113952249288559 2405
1764815916674 1.1194796562194824 2410
1764815957405 1.1082806587219238 2415
1764815997992 1.1209929287433624 2420
1764816038511 1.1217762231826782 2425
1764816079228 1.084068477153778 2430
1764816119733 1.0916280150413513 2435
1764816160299 1.1100605428218842 2440
1764816200886 1.106339305639267 2445
1764816241357 1.116117149591446 2450
1764816282144 1.0884026288986206 2455
1764816322670 1.110663652420044 2460
1764816363267 1.0907718241214752 2465
1764816403993 1.1239474713802338 2470
1764816444519 1.0918278992176056 2475
1764816485088 1.120830774307251 2480
1764816525683 1.0990896821022034 2485
1764816566134 1.0959588289260864 2490
1764816606794 1.117864578962326 2495
1764816647351 1.1016919612884521 2500
1764816687823 1.1082825362682343 2505
1764816728539 1.1077670454978943 2510
1764816769185 1.0911039412021637 2515
1764816809658 1.1073179244995117 2520
1764816850319 1.0976598262786865 2525
1764816890735 1.1256877183914185 2530
1764816931453 1.1076918244361877 2535
1764816971937 1.1226449310779572 2540
1764817012507 1.1006900370121002 2545
1764817053210 1.1032061278820038 2550
1764817093779 1.1407495737075806 2555
1764817134270 1.1044411063194275 2560
1764817174997 1.1229144632816315 2565
1764817215451 1.1113787293434143 2570
1764817256169 1.0942160785198212 2575
1764817296797 1.1069570183753967 2580
1764817337250 1.0981176495552063 2585
1764817377932 1.1158095300197601 2590
1764817418413 1.1083378493785858 2595
1764817459005 1.1021173000335693 2600
1764817499612 1.1001134514808655 2605
