1764499568395 1.1742115020751953e-05 5
1764499629869 0.00036576390266418457 10
1764499691217 -0.0006001790364583703 15
1764499752610 0.0055944720904032574 20
1764499813827 0.005823731422424316 25
1764499875282 0.015192310015360533 30
1764499936814 0.0027196606000264856 35
1764499998351 0.004164606332778931 40
1764500060200 -0.009668231010437012 45
1764500120883 0.0009820262591044293 50
1764500182751 0.0057840744654337195 55
1764500244051 0.008778651555379213 60
1764500305471 0.002986431121826172 65
1764500366513 0.0023284852504730225 70
1764500428300 0.01164279381434119 75
1764500489698 0.008740196625391605 80
1764500550386 0.027823706467946352 85
1764500612219 0.029339760541915894 90
1764500673719 0.004396001497904423 95
1764500735048 0.009486307700475038 100
1764500796548 0.026365151007970156 105
1764500857608 0.021837174892425537 110
1764500919371 0.008319258689880371 115
1764500981062 0.014668504397074345 120
1764501041919 0.015366564194361387 125
1764501127050 0.016821324825286865 130
1764501188429 0.007352888584136963 135
1764501249625 0.015453547239303589 140
1764501310631 0.005299657583236694 145
1764501372147 0.011419306198755974 150
1764501433871 0.038674553235371945 155
1764501494763 0.06919696927070618 160
1764501556161 0.014792174100875854 165
1764501617441 0.02093611160914105 170
1764501679204 0.013557295004526737 175
1764501740734 0.029663115739822388 180
1764501802170 0.027907262245814024 185
1764501863638 0.030475149552027347 190
1764501924876 0.024841278791427612 195
1764501986003 0.02026941378911329 200
1764502047377 0.013636310895283998 205
1764502109444 0.014917482932408688 210
1764502170521 0.01425397396087641 215
1764502231099 0.04830821355183923 220
1764502292441 0.03219142556190491 225
1764502354038 0.046562860409418705 230
1764502415143 0.037334005037943485 235
1764502476130 0.025558888912200928 240
1764502537565 0.043266286452611324 245
1764502599209 0.035395681858062744 250
1764502684522 0.03453299403190613 255
1764502745858 0.03023220101992291 260
1764502807021 0.04775062203407282 265
1764502867989 0.04865317543347675 270
1764502929574 0.037306795517603575 275
1764502991299 0.03228613734245295 280
1764503052647 0.033247480789820316 285
1764503114002 0.060527582963307736 290
1764503175383 0.055900524059931456 295
1764503236662 0.04045634468396497 300
1764503297958 0.02687317132949829 305
1764503359806 0.03428831696510315 310
1764503420557 0.0315465629100799 315
1764503481709 0.028672734896341923 320
1764503542498 0.03934812545776367 325
1764503603521 0.04903968175252282 330
1764503665332 0.0674164891242981 335
1764503727173 0.055143008629481016 340
1764503788395 0.05688114960988366 345
1764503849937 0.06621524691581726 350
1764503911092 0.03564975659052527 355
1764503972701 0.05397673447926832 360
1764504034202 0.057166357835133796 365
1764504095238 0.028361519177754757 370
1764504156380 0.07679237922032667 375
1764504241616 0.06660534938176471 380
1764504302805 0.029420137405395508 385
1764504363984 0.04640716314315796 390
1764504425203 0.04579740762710571 395
1764504486628 0.06121511260668433 400
1764504547688 0.06442956129709876 405
1764504609043 0.06254646182060242 410
1764504670520 0.03762239217758179 415
1764504732313 0.0381701191266377 420
1764504793121 0.0917940735816955 425
1764504854072 0.054294804732004764 430
1764504916298 0.05338642994562781 435
1764504978457 0.05790879329045606 440
1764505039754 0.04175513982772827 445
1764505101295 0.02460215489069617 450
1764505162373 0.06647696097691852 455
1764505223531 0.06737871964772546 460
1764505285092 0.03911310434341431 465
1764505347041 0.04469041029612231 470
1764505408919 0.05614307522773743 475
1764505470124 0.102955977121989 480
1764505531890 0.03633966048558546 485
1764505592715 0.030522306760152218 490
1764505654237 0.03440765539805091 495
1764505715934 0.051117022832234627 500
1764505800748 0.06819111108779907 505
1764505861644 0.04323548078536987 510
1764505922898 0.06303872664769483 515
1764505984362 0.09600788354873657 520
1764506045804 0.0666016936302185 525
1764506107000 0.06361589829127001 530
1764506168876 0.05320398012797045 535
