1764499568395 0.4997087021668752 5
1764499629869 0.49780191977818805 10
1764499691217 0.5016077955563862 15
1764499752610 0.4960228105386098 20
1764499813827 0.51162983973821 25
1764499875282 0.5124409794807434 30
1764499936814 0.5124476353327433 35
1764499998351 0.4806453585624695 40
1764500060200 0.4566406408945719 45
1764500120883 0.4998181064923604 50
1764500182751 0.5080629189809163 55
1764500244051 0.48991482456525165 60
1764500305471 0.516904850800832 65
1764500366513 0.47933857639630634 70
1764500428300 0.522110382715861 75
1764500489698 0.4939144353071848 80
1764500550386 0.49145961801211036 85
1764500612219 0.48976966738700867 90
1764500673719 0.5146356622378031 95
1764500735048 0.48634906609853107 100
1764500796548 0.48923375209172565 105
1764500857608 0.5492459138234456 110
1764500919371 0.4714644153912862 115
1764500981062 0.5025745828946431 120
1764501041919 0.48569684227307636 125
1764501127050 0.455343226591746 130
1764501188429 0.5000260174274445 135
1764501249625 0.5164693196614583 140
1764501310631 0.4801062742869059 145
1764501372147 0.5163742899894714 150
1764501433871 0.5053650140762329 155
1764501494763 0.5396925210952759 160
1764501556161 0.512810468673706 165
1764501617441 0.5069668292999268 170
1764501679204 0.5017379323641459 175
1764501740734 0.5351067781448364 180
1764501802170 0.4952773054440816 185
1764501863638 0.5123588840166727 190
1764501924876 0.49481969078381854 195
1764501986003 0.5363988478978474 200
1764502047377 0.46521739164988196 205
1764502109444 0.5175786018371582 210
1764502170521 0.5090335210164387 215
1764502231099 0.4646625220775604 220
1764502292441 0.5209564367930094 225
1764502354038 0.5097290376822153 230
1764502415143 0.5514718095461527 235
1764502476130 0.49969741702079773 240
1764502537565 0.5384741425514221 245
1764502599209 0.4924614826838175 250
1764502684522 0.5046992103258768 255
1764502745858 0.4895160992940267 260
1764502807021 0.5395137866338093 265
1764502867989 0.5282355944315592 270
1764502929574 0.5321503281593323 275
1764502991299 0.5125116904576619 280
1764503052647 0.5217999418576558 285
1764503114002 0.5584802627563477 290
1764503175383 0.5215858221054077 295
1764503236662 0.5322107275327046 300
1764503297958 0.5164502064387003 305
1764503359806 0.5347957015037537 310
1764503420557 0.523180325826009 315
1764503481709 0.532107392946879 320
1764503542498 0.573740541934967 325
1764503603521 0.4882822334766388 330
1764503665332 0.5955225626627604 335
1764503727173 0.5489561557769775 340
1764503788395 0.5624841252962748 345
1764503849937 0.5570918321609497 350
1764503911092 0.5097408195336659 355
1764503972701 0.5304669936498005 360
1764504034202 0.5860214432080586 365
1764504095238 0.5219764709472656 370
1764504156380 0.6128489573796589 375
1764504241616 0.5470729867617289 380
1764504302805 0.5542406241099039 385
1764504363984 0.5536385377248128 390
1764504425203 0.5436421632766724 395
1764504486628 0.5363102753957112 400
1764504547688 0.5818214019139607 405
1764504609043 0.5525877475738525 410
1764504670520 0.5529152750968933 415
1764504732313 0.556761344273885 420
1764504793121 0.5822828610738118 425
1764504854072 0.5751162370045979 430
1764504916298 0.5936660965283711 435
1764504978457 0.5617514451344807 440
1764505039754 0.5628865162531534 445
1764505101295 0.5717253883679707 450
1764505162373 0.5607692996660868 455
1764505223531 0.5753077665964762 460
1764505285092 0.5642915765444437 465
1764505347041 0.5880924463272095 470
1764505408919 0.5727986097335815 475
1764505470124 0.6600805521011353 480
1764505531890 0.5865399440129597 485
1764505592715 0.5571868419647217 490
1764505654237 0.5654977758725483 495
1764505715934 0.546123464902242 500
1764505800748 0.6314352552096049 505
1764505861644 0.5872139533360798 510
1764505922898 0.6032834847768147 515
1764505984362 0.6203350822130839 520
1764506045804 0.6153799692789713 525
1764506107000 0.590981125831604 530
1764506168876 0.5863615870475769 535
