1764499568395 0.49969696005185443 5
1764499629869 0.49743615587552387 10
1764499691217 0.5022079745928446 15
1764499752610 0.49042833844820655 20
1764499813827 0.5058061083157857 25
1764499875282 0.4972486694653829 30
1764499936814 0.5097279747327168 35
1764499998351 0.47648075222969055 40
1764500060200 0.4663088719050089 45
1764500120883 0.498836080233256 50
1764500182751 0.5022788445154825 55
1764500244051 0.48113617300987244 60
1764500305471 0.5139184196790059 65
1764500366513 0.4770100911458333 70
1764500428300 0.5104675889015198 75
1764500489698 0.4851742386817932 80
1764500550386 0.463635911544164 85
1764500612219 0.4604299068450928 90
1764500673719 0.5102396607398987 95
1764500735048 0.47686275839805603 100
1764500796548 0.4628686010837555 105
1764500857608 0.52740873893102 110
1764500919371 0.4631451567014058 115
1764500981062 0.48790607849756873 120
1764501041919 0.47033027807871497 125
1764501127050 0.4385219017664591 130
1764501188429 0.4926731288433075 135
1764501249625 0.5010157724221547 140
1764501310631 0.4748066167036692 145
1764501372147 0.5049549837907155 150
1764501433871 0.46669046084086097 155
1764501494763 0.4704955518245697 160
1764501556161 0.4980182945728302 165
1764501617441 0.4860307176907857 170
1764501679204 0.48818063735961914 175
1764501740734 0.505443662405014 180
1764501802170 0.4673700431982676 185
1764501863638 0.4818837344646454 190
1764501924876 0.46997841199239093 195
1764501986003 0.5161294341087341 200
1764502047377 0.45158108075459796 205
1764502109444 0.5026611189047495 210
1764502170521 0.4947795470555623 215
1764502231099 0.4163543085257212 220
1764502292441 0.4887650112311045 225
1764502354038 0.46316617727279663 230
1764502415143 0.5141378045082092 235
1764502476130 0.4741385281085968 240
1764502537565 0.4952078560988108 245
1764502599209 0.45706580082575476 250
1764502684522 0.4701662162939707 255
1764502745858 0.45928389827410376 260
1764502807021 0.4917631645997365 265
1764502867989 0.47958241899808246 270
1764502929574 0.4948435326417287 275
1764502991299 0.4802255531152089 280
1764503052647 0.48855246106783545 285
1764503114002 0.4979526797930399 290
1764503175383 0.46568529804547626 295
1764503236662 0.4917543828487396 300
1764503297958 0.48957703510920203 305
1764503359806 0.5005073845386505 310
1764503420557 0.49163376291592914 315
1764503481709 0.5034346580505371 320
1764503542498 0.5343924164772034 325
1764503603521 0.43924255172411597 330
1764503665332 0.5281060735384623 335
1764503727173 0.4938131471474965 340
1764503788395 0.5056029756863911 345
1764503849937 0.49087658524513245 350
1764503911092 0.47409106294314063 355
1764503972701 0.4764902591705322 360
1764504034202 0.5288550853729248 365
1764504095238 0.49361495176951087 370
1764504156380 0.5360565781593323 375
1764504241616 0.4804676373799642 380
1764504302805 0.5248204867045084 385
1764504363984 0.5072313745816548 390
1764504425203 0.49784475564956665 395
1764504486628 0.47509516278902686 400
1764504547688 0.5173918406168619 405
1764504609043 0.4900412857532501 410
1764504670520 0.5152928829193115 415
1764504732313 0.5185912251472473 420
1764504793121 0.4904887874921163 425
1764504854072 0.5208214322725931 430
1764504916298 0.5402796665827433 435
1764504978457 0.5038426518440247 440
1764505039754 0.5211313764254252 445
1764505101295 0.5471232334772745 450
1764505162373 0.4942923386891683 455
1764505223531 0.5079290469487507 460
1764505285092 0.5251784722010294 465
1764505347041 0.5434020360310872 470
1764505408919 0.5166555345058441 475
1764505470124 0.5571245749791462 480
1764505531890 0.5502002835273743 485
1764505592715 0.5266645352045695 490
1764505654237 0.5310901204744974 495
1764505715934 0.4950064420700073 500
1764505800748 0.5632441441218058 505
1764505861644 0.54397847255071 510
1764505922898 0.5402447581291199 515
1764505984362 0.5243271986643473 520
1764506045804 0.5487782756487528 525
1764506107000 0.527365227540334 530
1764506168876 0.5331576069196065 535
