1764499568395 7.802800231123304e-07 5
1764499629869 1.0614246699939637e-05 10
1764499691217 0.00018268627657865483 15
1764499752610 0.0005798270382607976 20
1764499813827 0.0005062812512430052 25
1764499875282 0.0010530100747322042 30
1764499936814 0.0002727206350148966 35
1764499998351 0.00028059433680027723 40
1764500060200 0.0009196263466340799 45
1764500120883 2.6262296159984544e-05 50
1764500182751 0.00015703594059838602 55
1764500244051 0.002803962289666136 60
1764500305471 0.0005232864059507847 65
1764500366513 0.0004824650338074813 70
1764500428300 0.0007994755481680234 75
1764500489698 0.0019508416298776865 80
1764500550386 0.0025375928574552136 85
1764500612219 0.0027165984890113273 90
1764500673719 0.0004149551192919413 95
1764500735048 0.0002949208428617567 100
1764500796548 0.002097472820120553 105
1764500857608 0.001724543903643886 110
1764500919371 0.0009734730701893568 115
1764500981062 0.0005137226350295047 120
1764501041919 0.0024300621589645743 125
1764501127050 0.003295219891394178 130
1764501188429 0.00030910849454812706 135
1764501249625 0.0006450244109146297 140
1764501310631 0.001051783561706543 145
1764501372147 0.000624851129638652 150
1764501433871 0.002678637159988284 155
1764501494763 0.00516749902938803 160
1764501556161 0.0007315170951187611 165
1764501617441 0.0005020109626154105 170
1764501679204 0.0018261470443879564 175
1764501740734 0.002988407698770364 180
1764501802170 0.0022203413924823203 185
1764501863638 0.001722971210256219 190
1764501924876 0.002699255710467696 195
1764501986003 0.0012681349568689861 200
1764502047377 0.0015739229274913669 205
1764502109444 0.00033094018969374395 210
1764502170521 0.00045650219544768333 215
1764502231099 0.002670487156137824 220
1764502292441 0.002561594514797131 225
1764502354038 0.0027488204650580883 230
1764502415143 0.002187764349703987 235
1764502476130 0.0016240646752218404 240
1764502537565 0.001595436867016057 245
1764502599209 0.004149799467995763 250
1764502684522 0.001818824365424613 255
1764502745858 0.0014514336750532189 260
1764502807021 0.001978435010338823 265
1764502867989 0.0036003664912035065 270
1764502929574 0.0022198253621657687 275
1764502991299 0.0012484927816937366 280
1764503052647 0.0015988252901782591 285
1764503114002 0.003126132069155574 290
1764503175383 0.0025571880396455526 295
1764503236662 0.0010919972943762937 300
1764503297958 0.0009158727092047532 305
1764503359806 0.001404215620520214 310
1764503420557 0.002213382239763935 315
1764503481709 0.003872916102409363 320
1764503542498 0.0014473363601913054 325
1764503603521 0.0036889465215305486 330
1764503665332 0.0032057271649440127 335
1764503727173 0.003326890446866552 340
1764503788395 0.004693313191334406 345
1764503849937 0.003214433090761304 350
1764503911092 0.003896130404124657 355
1764503972701 0.003728405572474003 360
1764504034202 0.002245494824213286 365
1764504095238 0.001773452580285569 370
1764504156380 0.0024937971029430628 375
1764504241616 0.0041527444651971255 380
1764504302805 0.002947129231567184 385
1764504363984 0.0013983837561681867 390
1764504425203 0.00257911067456007 395
1764504486628 0.003945966561635335 400
1764504547688 0.003690087779735525 405
1764504609043 0.004035566079740723 410
1764504670520 0.002429773410161336 415
1764504732313 0.002141666404592494 420
1764504793121 0.006278111599385738 425
1764504854072 0.006004321078459421 430
1764504916298 0.004138857979948321 435
1764504978457 0.002350982278585434 440
1764505039754 0.0018380200490355492 445
1764505101295 0.0017791387702648838 450
1764505162373 0.004480604703227678 455
1764505223531 0.005171618269135554 460
1764505285092 0.0030270443918804326 465
1764505347041 0.003029785429437955 470
1764505408919 0.0036144292292495566 475
1764505470124 0.005958267021924257 480
1764505531890 0.003836979391053319 485
1764505592715 0.001966152029732863 490
1764505654237 0.0022317032950619855 495
1764505715934 0.0037578148767352104 500
1764505800748 0.00481217618410786 505
1764505861644 0.002630124644686778 510
1764505922898 0.003347775510822733 515
1764505984362 0.006986405390004316 520
1764506045804 0.006320548088600238 525
1764506107000 0.0023932377807796 530
1764506168876 0.004093967067698637 535
