1764499568395 7.863451211657472e-07 5
1764499629869 1.0623781539228123e-05 10
1764499691217 0.00017443659210888046 15
1764499752610 0.0005662092007696629 20
1764499813827 0.0005158546846359968 25
1764499875282 0.000908291859862705 30
1764499936814 0.0002796865883283317 35
1764499998351 0.0003042278306869169 40
1764500060200 0.0007741954953720172 45
1764500120883 2.3501851198185854e-05 50
1764500182751 0.0001548314564085255 55
1764500244051 0.0026985855462650457 60
1764500305471 0.0005797925987280905 65
1764500366513 0.0004688098269980401 70
1764500428300 0.0007410782078901926 75
1764500489698 0.001972022815607488 80
1764500550386 0.0023172464376936355 85
1764500612219 0.0022817701877405243 90
1764500673719 0.0004036858445033431 95
1764500735048 0.00026662921300157905 100
1764500796548 0.0016167042000840106 105
1764500857608 0.0015097623302911718 110
1764500919371 0.000804148439783603 115
1764500981062 0.0003180848240541915 120
1764501041919 0.002042036969214678 125
1764501127050 0.0032991415355354548 130
1764501188429 0.00031681323889642954 135
1764501249625 0.0006965986297776301 140
1764501310631 0.000869021809194237 145
1764501372147 0.0005440025706775486 150
1764501433871 0.0017991838976740837 155
1764501494763 0.002730973608170946 160
1764501556161 0.00043095002183690667 165
1764501617441 0.0005262144065151612 170
1764501679204 0.00180831264394025 175
1764501740734 0.0033540339209139347 180
1764501802170 0.0022817361168563366 185
1764501863638 0.0016213370642314353 190
1764501924876 0.0022849147984137135 195
1764501986003 0.0011119965929538012 200
1764502047377 0.0014007744612172246 205
1764502109444 0.0004066993424203247 210
1764502170521 0.0003856454277411103 215
1764502231099 0.001758538147745033 220
1764502292441 0.0022589026484638453 225
1764502354038 0.002307932241819799 230
1764502415143 0.001997947654065986 235
1764502476130 0.0013247792764256396 240
1764502537565 0.001329800502086679 245
1764502599209 0.0030276277878632145 250
1764502684522 0.0016909937839955091 255
1764502745858 0.001153406958716611 260
1764502807021 0.0012954359408468008 265
1764502867989 0.0024312650008747974 270
1764502929574 0.0016700167519350846 275
1764502991299 0.0007633987503747145 280
1764503052647 0.00102139450609684 285
1764503114002 0.003547860076650977 290
1764503175383 0.0026284460133562484 295
1764503236662 0.0011280578910373151 300
1764503297958 0.0008447616516302029 305
1764503359806 0.0009602033533155918 310
1764503420557 0.0016248894777769842 315
1764503481709 0.002551098703406751 320
1764503542498 0.001125521317590028 325
1764503603521 0.0021959592510635653 330
1764503665332 0.0025879348007341223 335
1764503727173 0.0027070002009471255 340
1764503788395 0.0028713494539260864 345
1764503849937 0.001985999949586888 350
1764503911092 0.0032620464141170182 355
1764503972701 0.002715060021728277 360
1764504034202 0.0022203755409767227 365
1764504095238 0.0017607346332321563 370
1764504156380 0.003308313510691126 375
1764504241616 0.0031440947980930405 380
1764504302805 0.002313587348908186 385
1764504363984 0.0012411434824268022 390
1764504425203 0.0018214680797730882 395
1764504486628 0.0035431826642404 400
1764504547688 0.0027541608239213624 405
1764504609043 0.002817025252928336 410
1764504670520 0.001612015029725929 415
1764504732313 0.0013784588081762195 420
1764504793121 0.0033645438185582557 425
1764504854072 0.004898233960072199 430
1764504916298 0.003731484447295467 435
1764504978457 0.002426477071518699 440
1764505039754 0.00189101529152443 445
1764505101295 0.0016263358993455768 450
1764505162373 0.003928444193055232 455
1764505223531 0.00412388052791357 460
1764505285092 0.00253506648975114 465
1764505347041 0.00276381343913575 470
1764505408919 0.0026350344996899366 475
1764505470124 0.004073425118500987 480
1764505531890 0.00397976340415577 485
1764505592715 0.0015990351481984058 490
1764505654237 0.002341957219565908 495
1764505715934 0.0034578544242928424 500
1764505800748 0.00368356107113262 505
1764505861644 0.0020530394588907557 510
1764505922898 0.0025447298927853503 515
1764505984362 0.004232596528405944 520
1764506045804 0.004540530809511741 525
1764506107000 0.0020566611395527916 530
1764506168876 0.003134047457327445 535
