1764904824663 2.621866226196289 5
1764904872196 2.621866226196289 10
1764904920029 2.621866226196289 15
1764904967909 2.621866226196289 20
1764905015631 2.621866226196289 25
1764905063338 2.621866226196289 30
1764905111129 2.621866226196289 35
1764905158279 2.621866226196289 40
1764905206043 2.621866226196289 45
1764905253720 2.621866226196289 50
1764905301065 2.621866226196289 55
1764905348626 2.621866226196289 60
1764905396313 2.621866226196289 65
1764905443873 2.621866226196289 70
1764905491940 2.621866226196289 75
1764905539462 2.621866226196289 80
1764905587080 2.621866226196289 85
1764905634748 2.621866226196289 90
