1764861635542 5.495395660400391 5
1764861658152 5.495395660400391 10
1764861680572 5.495395660400391 15
1764861703105 5.495395660400391 20
1764861725665 5.495395660400391 25
1764861748074 5.495395660400391 30
1764861770700 5.495395660400391 35
1764861793102 5.495395660400391 40
1764861815484 5.495395660400391 45
1764861837965 5.495395660400391 50
1764861860496 5.495395660400391 55
1764861882896 5.495395660400391 60
1764861905494 5.495395660400391 65
1764861927928 5.495395660400391 70
1764861950350 5.495395660400391 75
1764861973057 5.495395660400391 80
1764861995480 5.495395660400391 85
1764862017888 5.495395660400391 90
1764862040521 5.495395660400391 95
1764862062899 5.495395660400391 100
1764862085295 5.495395660400391 105
1764862108033 5.495395660400391 110
1764862130434 5.495395660400391 115
1764862152861 5.495395660400391 120
1764862175518 5.495395660400391 125
1764862197925 5.495395660400391 130
1764862220345 5.495395660400391 135
1764862243163 5.495395660400391 140
