1764861635542 89.0 5
1764861658152 100.0 10
1764861680572 100.0 15
1764861703105 100.0 20
1764861725665 100.0 25
1764861748074 100.0 30
1764861770700 100.0 35
1764861793102 100.0 40
1764861815484 100.0 45
1764861837965 100.0 50
1764861860496 100.0 55
1764861882896 100.0 60
1764861905494 100.0 65
1764861927928 100.0 70
1764861950350 100.0 75
1764861973057 100.0 80
1764861995480 100.0 85
1764862017888 100.0 90
1764862040521 100.0 95
1764862062899 100.0 100
1764862085295 100.0 105
1764862108033 100.0 110
1764862130434 100.0 115
1764862152861 100.0 120
1764862175518 100.0 125
1764862197925 100.0 130
1764862220345 100.0 135
1764862243163 100.0 140
