1764060991695 96.0 1
1764061000723 99.0 2
1764061009792 99.0 3
1764061018593 99.0 4
1764061027511 99.0 5
1764061036509 99.0 6
1764061045545 99.0 7
1764061054503 99.0 8
1764061063542 99.0 9
1764061072377 99.0 10
1764061081414 99.0 11
1764061090460 99.0 12
1764061099623 99.0 13
1764061108636 99.0 14
1764061117885 99.0 15
1764061126789 99.0 16
1764061135904 99.0 17
1764061144854 99.0 18
1764061153757 99.0 19
1764061162652 99.0 20
1764061171730 99.0 21
1764061181047 99.0 22
1764061189955 99.0 23
1764061198820 99.0 24
1764061207773 99.0 25
1764061216555 99.0 26
1764061225457 99.0 27
1764061234263 99.0 28
1764061243343 94.0 29
1764061252218 99.0 30
1764061261213 99.0 31
1764061270269 99.0 32
1764061279188 99.0 33
1764061288129 99.0 34
1764061297045 99.0 35
1764061306064 99.0 36
1764061315033 99.0 37
1764061324074 99.0 38
1764061332992 99.0 39
1764061341923 99.0 40
1764061350871 99.0 41
1764061359719 99.0 42
1764061368540 99.0 43
1764061377325 99.0 44
1764061386294 99.0 45
1764061395063 99.0 46
1764061404094 99.0 47
1764061412855 99.0 48
1764061421662 99.0 49
1764061430821 99.0 50
1764061439595 99.0 51
1764061448421 99.0 52
1764061457495 99.0 53
1764061466408 99.0 54
1764061475309 99.0 55
1764061484189 99.0 56
1764061492992 99.0 57
1764061501793 99.0 58
1764061510732 99.0 59
1764061519604 99.0 60
1764061528720 99.0 61
1764061537643 99.0 62
1764061546574 99.0 63
1764061555587 99.0 64
1764061564372 99.0 65
1764061573191 99.0 66
1764061582106 99.0 67
1764061590995 99.0 68
1764061599919 99.0 69
1764061608848 99.0 70
1764061617676 99.0 71
1764061626739 99.0 72
1764061635652 99.0 73
1764061644714 99.0 74
1764061653739 99.0 75
1764061662688 99.0 76
1764061671527 99.0 77
1764061680547 99.0 78
1764061689458 99.0 79
1764061698497 99.0 80
1764061707456 99.0 81
1764061716296 99.0 82
1764061725175 99.0 83
1764061734036 99.0 84
1764061743124 99.0 85
1764061751963 99.0 86
1764061760845 99.0 87
1764061769695 99.0 88
1764061778670 99.0 89
1764061787498 99.0 90
1764061796385 99.0 91
1764061805253 99.0 92
1764061814213 99.0 93
1764061823156 99.0 94
1764061832136 99.0 95
1764061840970 99.0 96
1764061850014 99.0 97
1764061858787 99.0 98
1764061867738 99.0 99
1764061876765 99.0 100
1764061885801 99.0 101
1764061894652 99.0 102
1764061903627 99.0 103
1764061912655 99.0 104
1764061921528 99.0 105
1764061930499 99.0 106
1764061939435 99.0 107
1764061948492 99.0 108
1764061957459 99.0 109
1764061966384 99.0 110
1764061975396 99.0 111
1764061984229 99.0 112
1764061993245 99.0 113
1764062002082 99.0 114
1764062010953 99.0 115
1764062019879 99.0 116
1764062029103 99.0 117
1764062037964 99.0 118
1764062046667 99.0 119
1764062055524 99.0 120
1764062064340 99.0 121
1764062073192 99.0 122
1764062082035 99.0 123
1764062090888 99.0 124
1764062099857 99.0 125
1764062108737 99.0 126
1764062117652 99.0 127
