1764060991695 28.74342393875122 1
1764061000723 28.74342393875122 2
1764061009792 28.74342393875122 3
1764061018593 28.74342393875122 4
1764061027511 28.74342393875122 5
1764061036509 28.74342393875122 6
1764061045545 28.74342393875122 7
1764061054503 28.74342393875122 8
1764061063542 28.74342393875122 9
1764061072377 28.74342393875122 10
1764061081414 28.74342393875122 11
1764061090460 28.74342393875122 12
1764061099623 28.74342393875122 13
1764061108636 28.74342393875122 14
1764061117885 28.74342393875122 15
1764061126789 28.74342393875122 16
1764061135904 28.74342393875122 17
1764061144854 28.74342393875122 18
1764061153757 28.74342393875122 19
1764061162652 28.74342393875122 20
1764061171730 28.74342393875122 21
1764061181047 28.74342393875122 22
1764061189955 28.74342393875122 23
1764061198820 28.74342393875122 24
1764061207773 28.74342393875122 25
1764061216555 28.74342393875122 26
1764061225457 28.74342393875122 27
1764061234263 28.74342393875122 28
1764061243343 28.74342393875122 29
1764061252218 28.74342393875122 30
1764061261213 28.74342393875122 31
1764061270269 28.74342393875122 32
1764061279188 28.74342393875122 33
1764061288129 28.74342393875122 34
1764061297045 28.74342393875122 35
1764061306064 28.74342393875122 36
1764061315033 28.74342393875122 37
1764061324074 28.74342393875122 38
1764061332992 28.74342393875122 39
1764061341923 28.74342393875122 40
1764061350871 28.74342393875122 41
1764061359719 28.74342393875122 42
1764061368540 28.74342393875122 43
1764061377325 28.74342393875122 44
1764061386294 28.74342393875122 45
1764061395063 28.74342393875122 46
1764061404094 28.74342393875122 47
1764061412855 28.74342393875122 48
1764061421662 28.74342393875122 49
1764061430821 28.74342393875122 50
1764061439595 28.74342393875122 51
1764061448421 28.74342393875122 52
1764061457495 28.74342393875122 53
1764061466408 28.74342393875122 54
1764061475309 28.74342393875122 55
1764061484189 28.74342393875122 56
1764061492992 28.74342393875122 57
1764061501793 28.74342393875122 58
1764061510732 28.74342393875122 59
1764061519604 28.74342393875122 60
1764061528720 28.74342393875122 61
1764061537643 28.74342393875122 62
1764061546574 28.74342393875122 63
1764061555587 28.74342393875122 64
1764061564372 28.74342393875122 65
1764061573191 28.74342393875122 66
1764061582106 28.74342393875122 67
1764061590995 28.74342393875122 68
1764061599919 28.74342393875122 69
1764061608848 28.74342393875122 70
1764061617676 28.74342393875122 71
1764061626739 28.74342393875122 72
1764061635652 28.74342393875122 73
1764061644714 28.74342393875122 74
1764061653739 28.74342393875122 75
1764061662688 28.74342393875122 76
1764061671527 28.74342393875122 77
1764061680547 28.74342393875122 78
1764061689458 28.74342393875122 79
1764061698497 28.74342393875122 80
1764061707456 28.74342393875122 81
1764061716296 28.74342393875122 82
1764061725175 28.74342393875122 83
1764061734036 28.74342393875122 84
1764061743124 28.74342393875122 85
1764061751963 28.74342393875122 86
1764061760845 28.74342393875122 87
1764061769695 28.74342393875122 88
1764061778670 28.74342393875122 89
1764061787498 28.74342393875122 90
1764061796385 28.74342393875122 91
1764061805253 28.74342393875122 92
1764061814213 28.74342393875122 93
1764061823156 28.74342393875122 94
1764061832136 28.74342393875122 95
1764061840970 28.74342393875122 96
1764061850014 28.74342393875122 97
1764061858787 28.74342393875122 98
1764061867738 28.74342393875122 99
1764061876765 28.74342393875122 100
1764061885801 28.74342393875122 101
1764061894652 28.74342393875122 102
1764061903627 28.74342393875122 103
1764061912655 28.74342393875122 104
1764061921528 28.74342393875122 105
1764061930499 28.74342393875122 106
1764061939435 28.74342393875122 107
1764061948492 28.74342393875122 108
1764061957459 28.74342393875122 109
1764061966384 28.74342393875122 110
1764061975396 28.74342393875122 111
1764061984229 28.74342393875122 112
1764061993245 28.74342393875122 113
1764062002082 28.74342393875122 114
1764062010953 28.74342393875122 115
1764062019879 28.74342393875122 116
1764062029103 28.74342393875122 117
1764062037964 28.74342393875122 118
1764062046667 28.74342393875122 119
1764062055524 28.74342393875122 120
1764062064340 28.74342393875122 121
1764062073192 28.74342393875122 122
1764062082035 28.74342393875122 123
1764062090888 28.74342393875122 124
1764062099857 28.74342393875122 125
1764062108737 28.74342393875122 126
1764062117652 28.74342393875122 127
