1764535366022 0.49963483214378357 5
1764535427379 0.49748997886975604 10
1764535488952 0.49714669585227966 15
1764535550752 0.4985630313555399 20
1764535611795 0.4918256302674611 25
1764535672609 0.4670831660429636 30
1764535733747 0.48558756709098816 35
1764535794949 0.5037880937258402 40
1764535856327 0.5212633609771729 45
1764535917755 0.511561930179596 50
1764535979456 0.4857418040434519 55
1764536041074 0.5174573262532551 60
1764536102640 0.5184933543205261 65
1764536164215 0.49583772818247474 70
1764536225811 0.4966697295506795 75
1764536287382 0.513685405254364 80
1764536348622 0.484659473101298 85
1764536409967 0.5227094690004984 90
1764536471483 0.4825803736845652 95
1764536532743 0.4750671982765198 100
1764536593977 0.5129729708035786 105
1764536655560 0.5046233832836151 110
1764536717007 0.5110267996788025 115
1764536778624 0.5149066050847371 120
1764536839879 0.49718145529429114 125
1764536926149 0.5267727176348368 130
1764536987360 0.5073686440785725 135
1764537049012 0.4835917254288991 140
1764537110241 0.5321594874064127 145
1764537172091 0.47168271740277606 150
1764537234255 0.5267608165740967 155
1764537295324 0.47414207458496094 160
1764537356615 0.5212522546450297 165
1764537417963 0.5176324248313904 170
1764537479745 0.5059252977371216 175
1764537541455 0.5503848393758137 180
1764537602927 0.4714513818422953 185
1764537664409 0.5200634598731995 190
1764537726027 0.5190598567326863 195
1764537787701 0.5173390905062357 200
1764537848694 0.49705400069554645 205
1764537910271 0.4873691697915395 210
1764537971911 0.5186310211817423 215
1764538033127 0.5221922794977824 220
1764538094226 0.5252142548561096 225
1764538156338 0.5000870823860168 230
1764538218160 0.5055624842643738 235
1764538279244 0.5036923090616862 240
1764538340846 0.5142016013463337 245
1764538402644 0.5103485782941182 250
1764538488979 0.4926842947800954 255
1764538550736 0.531536857287089 260
1764538612724 0.4941689372062683 265
1764538674106 0.5092178384462992 270
1764538735628 0.5190965731938679 275
1764538796813 0.5183963378270466 280
1764538857924 0.54461004336675 285
1764538918886 0.5280043880144755 290
1764538980509 0.48791576425234473 295
1764539042463 0.56410680214564 300
1764539104222 0.4994265536467234 305
1764539165564 0.5407186349232991 310
1764539227156 0.4933774471282959 315
1764539288795 0.5332745711008707 320
1764539349626 0.5007773041725159 325
1764539410962 0.4876917799313863 330
1764539473342 0.5440851251284281 335
1764539534945 0.5039249559243519 340
1764539596953 0.5341801643371582 345
1764539658592 0.5116319060325623 350
1764539719766 0.5267319281895955 355
1764539780952 0.5050007899602253 360
1764539842695 0.533031165599823 365
1764539903716 0.49934043486913043 370
1764539964927 0.5261695186297098 375
1764540051759 0.5263188083966572 380
1764540113972 0.5370441476504008 385
1764540175360 0.506688634554545 390
1764540236366 0.5288938482602437 395
1764540298875 0.5086312294006348 400
1764540360383 0.5097871621449788 405
1764540422307 0.5239313840866089 410
1764540483214 0.5528818766276041 415
1764540544585 0.557155191898346 420
1764540606200 0.5074687202771504 425
1764540668354 0.5145928064982096 430
1764540729704 0.5579349199930826 435
1764540791367 0.560651163260142 440
1764540853039 0.4992232819398244 445
1764540915195 0.5114771624406178 450
1764540976322 0.5459176898002625 455
1764541038253 0.5386987328529358 460
1764541099931 0.545537253220876 465
1764541161517 0.5599214434623718 470
1764541222535 0.5479657848676045 475
1764541284303 0.5105510552724202 480
1764541345784 0.5328435103098551 485
1764541407607 0.5843390226364136 490
1764541468954 0.5753645499547322 495
1764541530297 0.564736525217692 500
1764541616459 0.5909592906634012 505
1764541678367 0.5461125175158182 510
1764541739644 0.5680322249730427 515
1764541800962 0.571966270605723 520
1764541862542 0.5932614207267761 525
1764541923905 0.5806456208229065 530
1764541985539 0.5672377943992615 535
1764542047077 0.5732064843177795 540
1764542108060 0.5377481977144877 545
1764542170107 0.5959666570027669 550
1764542231885 0.5632683436075846 555
1764542293493 0.544998824596405 560
1764542355076 0.5795062184333801 565
1764542416288 0.5594266653060913 570
1764542477624 0.5722519357999165 575
1764542540104 0.5823432604471842 580
1764542601218 0.5485431750615437 585
1764542662751 0.5489259163538615 590
1764542724175 0.5801569223403931 595
1764542786370 0.5564509431521097 600
1764542847714 0.5789037545522053 605
1764542909395 0.5906063318252563 610
1764542971035 0.5947291453679402 615
1764543032346 0.5913039445877075 620
1764543094045 0.554422656695048 625
1764543180182 0.5884275237719218 630
1764543242477 0.6105143427848816 635
1764543304083 0.5695592164993286 640
1764543365942 0.6202962398529053 645
1764543427411 0.5750288565953572 650
1764543489705 0.6079776883125305 655
1764543551445 0.6071993907292683 660
1764543612666 0.6084232727686564 665
1764543674216 0.6090409358342488 670
1764543735137 0.6006133159001668 675
1764543797287 0.6072778900464375 680
1764543858696 0.6225492755572001 685
1764543920366 0.6080891291300455 690
1764543981909 0.5991190274556477 695
1764544043804 0.639865497748057 700
1764544105623 0.6465187867482503 705
1764544167486 0.6370153427124023 710
1764544228651 0.5966849525769551 715
1764544290123 0.6211127837498982 720
1764544351600 0.6128559112548828 725
1764544413251 0.680700143178304 730
1764544475294 0.6200029055277506 735
1764544536963 0.5543665091196696 740
1764544598855 0.5742635329564412 745
1764544660240 0.5699472427368164 750
1764544745756 0.54607621828715 755
1764544807750 0.596401035785675 760
1764544869624 0.5644945502281189 765
1764544931028 0.5083255569140116 770
1764544992778 0.5374583005905151 775
1764545054291 0.5423405170440674 780
1764545115766 0.5633143385251362 785
1764545177471 0.5620340506235758 790
1764545238729 0.5364514191945393 795
1764545300186 0.48797985911369324 800
1764545361520 0.4989859461784363 805
1764545423273 0.5294392506281534 810
1764545484812 0.5097618202368418 815
1764545546679 0.5074423750241597 820
1764545608780 0.5169031918048859 825
1764545670035 0.48500343163808185 830
1764545731639 0.4836840033531189 835
1764545792928 0.4688346187273661 840
1764545854489 0.4871741930643717 845
1764545915677 0.5100674629211426 850
1764545977080 0.4753140111764272 855
1764546038824 0.46840194861094153 860
1764546100747 0.48824766278266907 865
1764546162806 0.44378360112508136 870
1764546224040 0.448388010263443 875
1764546310278 0.4600951075553894 880
1764546371647 0.4624497095743815 885
1764546433639 0.44248896837234497 890
1764546495512 0.445301870505015 895
1764546557098 0.45860719680786133 900
1764546618366 0.4570571184158325 905
1764546679917 0.44630064566930133 910
1764546741361 0.4411247968673706 915
1764546802476 0.45203507939974463 920
1764546864062 0.43658737341562903 925
1764546925628 0.43386543790499366 930
1764546986656 0.4397314290205637 935
1764547048299 0.43577813108762103 940
1764547109913 0.4497377872467041 945
1764547170991 0.4386025269826253 950
1764547232376 0.4182437459627787 955
1764547293993 0.4143926501274109 960
1764547355654 0.45128971338272095 965
1764547416837 0.47800312439600623 970
1764547478681 0.46483047803243 975
1764547539969 0.48079880078633624 980
1764547601559 0.4789855281511942 985
1764547663258 0.47263631224632263 990
1764547724586 0.48539896806081134 995
1764547810958 0.48408176501592 1000
1764547872247 0.5098776817321777 1005
1764547933700 0.5134670337041218 1010
1764547995250 0.49823474884033203 1015
1764548056854 0.5104666550954182 1020
1764548117994 0.4844837188720703 1025
1764548179762 0.5107335646947224 1030
1764548241311 0.5169978539148966 1035
1764548302868 0.5720409552256266 1040
1764548364179 0.5127244492371876 1045
1764548425837 0.5278141895929972 1050
1764548487189 0.5554155707359314 1055
1764548548421 0.4956646958986918 1060
1764548609420 0.5017143487930298 1065
1764548671582 0.5175517996152241 1070
1764548732947 0.5464312434196472 1075
1764548794626 0.5418282945950825 1080
1764548856481 0.5401749014854431 1085
1764548917913 0.5338319341341654 1090
1764548979475 0.5731284419695536 1095
1764549041014 0.5983065565427144 1100
1764549102555 0.5641193787256876 1105
1764549164107 0.5450541178385416 1110
1764549226083 0.5829237103462219 1115
1764549287148 0.5589953064918518 1120
1764549347859 0.5693299571673075 1125
1764549434607 0.564234177271525 1130
1764549496589 0.5488569935162861 1135
1764549558194 0.5550258159637451 1140
1764549620124 0.5533324877421061 1145
1764549681527 0.6012319723765055 1150
1764549743100 0.5745086073875427 1155
1764549804628 0.5599819819132487 1160
1764549866653 0.5997332135836283 1165
1764549927777 0.5981069405873616 1170
1764549989385 0.5854891141255696 1175
1764550051264 0.6016201376914978 1180
1764550112880 0.5931411186854044 1185
1764550174258 0.5869859059651692 1190
1764550235884 0.601804773012797 1195
1764550297320 0.5981991291046143 1200
1764550358713 0.5954113006591797 1205
1764550419768 0.6378716230392456 1210
1764550481607 0.6264520684878031 1215
1764550543068 0.6053083737691243 1220
1764550604022 0.5868774056434631 1225
1764550665233 0.6124004920323689 1230
1764550726481 0.5835820833841959 1235
1764550788012 0.6358971993128458 1240
1764550849357 0.6266673803329468 1245
1764550935374 0.6442433198293049 1250
