1764535366022 0.4997587203979492 5
1764535427379 0.49700946609179175 10
1764535488952 0.49596529205640155 15
1764535550752 0.4952555398146311 20
1764535611795 0.485599140326182 25
1764535672609 0.4579444428284963 30
1764535733747 0.4783307909965515 35
1764535794949 0.48970172802607215 40
1764535856327 0.5074712634086609 45
1764535917755 0.5056948661804199 50
1764535979456 0.4707998236020406 55
1764536041074 0.49028562506039935 60
1764536102640 0.49327353636423743 65
1764536164215 0.48653198281923926 70
1764536225811 0.48426397641499835 75
1764536287382 0.47031671802202857 80
1764536348622 0.46237541238466895 85
1764536409967 0.5198300679524739 90
1764536471483 0.4796600838502248 95
1764536532743 0.46715087691942847 100
1764536593977 0.49335439006487525 105
1764536655560 0.4833829402923584 110
1764536717007 0.4944515526294708 115
1764536778624 0.4997712175051371 120
1764536839879 0.4706757764021555 125
1764536926149 0.506171961625417 130
1764536987360 0.4783713122208913 135
1764537049012 0.4501144488652547 140
1764537110241 0.5086899598439534 145
1764537172091 0.4397450486818949 150
1764537234255 0.5005063414573669 155
1764537295324 0.45778243740399677 160
1764537356615 0.49550914764404297 165
1764537417963 0.49030353625615436 170
1764537479745 0.47621071338653564 175
1764537541455 0.53010493516922 180
1764537602927 0.4531134267648061 185
1764537664409 0.5016473929087321 190
1764537726027 0.48183616002400714 195
1764537787701 0.46035289764404297 200
1764537848694 0.48391932249069214 205
1764537910271 0.4749828577041626 210
1764537971911 0.4985856016476949 215
1764538033127 0.4701063632965088 220
1764538094226 0.4731011986732483 225
1764538156338 0.4517249564329783 230
1764538218160 0.4818413654963175 235
1764538279244 0.48670852184295654 240
1764538340846 0.48934805393218994 245
1764538402644 0.48769142230351764 250
1764538488979 0.4460458656152089 255
1764538550736 0.49865373969078064 260
1764538612724 0.471583624680837 265
1764538674106 0.48388741413752234 270
1764538735628 0.5009739001592 275
1764538796813 0.4902811249097188 280
1764538857924 0.49383193254470825 285
1764538918886 0.49199535449345905 290
1764538980509 0.4591004649798075 295
1764539042463 0.5170071125030518 300
1764539104222 0.41776150465011597 305
1764539165564 0.4990111490090688 310
1764539227156 0.44092808167139685 315
1764539288795 0.4888887802759806 320
1764539349626 0.4707067310810089 325
1764539410962 0.46286559104919434 330
1764539473342 0.49344014128049213 335
1764539534945 0.45276137193044025 340
1764539596953 0.4926544924577077 345
1764539658592 0.4823578894138336 350
1764539719766 0.49698156118392944 355
1764539780952 0.48673030734062195 360
1764539842695 0.481818159421285 365
1764539903716 0.44919079542160034 370
1764539964927 0.48337605595588684 375
1764540051759 0.46520049373308814 380
1764540113972 0.4706861972808838 385
1764540175360 0.4486358563105265 390
1764540236366 0.47050291299819946 395
1764540298875 0.4652155538400014 400
1764540360383 0.47210057576497394 405
1764540422307 0.4729418953259786 410
1764540483214 0.4720769425233205 415
1764540544585 0.5053933064142863 420
1764540606200 0.4712771375974019 425
1764540668354 0.44248690207799274 430
1764540729704 0.48782214522361755 435
1764540791367 0.4977978467941284 440
1764540853039 0.44441101948420203 445
1764540915195 0.4700002570947011 450
1764540976322 0.503726065158844 455
1764541038253 0.49429839849472046 460
1764541099931 0.49982873598734534 465
1764541161517 0.44288631280263263 470
1764541222535 0.4997653365135193 475
1764541284303 0.4700145324071248 480
1764541345784 0.4910425841808319 485
1764541407607 0.5015362203121185 490
1764541468954 0.5100270509719849 495
1764541530297 0.4839848180611928 500
1764541616459 0.5371562639872233 505
1764541678367 0.46463626623153687 510
1764541739644 0.5313539107640584 515
1764541800962 0.5080894231796265 520
1764541862542 0.49415127436319983 525
1764541923905 0.4757550557454427 530
1764541985539 0.5287185509999592 535
1764542047077 0.5251935323079426 540
1764542108060 0.4783383806546529 545
1764542170107 0.5241352915763855 550
1764542231885 0.4841117262840271 555
1764542293493 0.4975493947664896 560
1764542355076 0.5195459922154744 565
1764542416288 0.4690266748269399 570
1764542477624 0.49273648858070374 575
1764542540104 0.5171034534772236 580
1764542601218 0.4975296060244242 585
1764542662751 0.47828465700149536 590
1764542724175 0.5220745205879211 595
1764542786370 0.5076304773489634 600
1764542847714 0.5228148698806763 605
1764542909395 0.5161777933438618 610
1764542971035 0.5026344259579976 615
1764543032346 0.5170322755972544 620
1764543094045 0.4824442664782206 625
1764543180182 0.5346514383951823 630
1764543242477 0.5405430396397908 635
1764543304083 0.5110552906990051 640
1764543365942 0.5431115031242371 645
1764543427411 0.515913446744283 650
1764543489705 0.5251314441363016 655
1764543551445 0.47803677121798194 660
1764543612666 0.5480721394220988 665
1764543674216 0.5365692973136902 670
1764543735137 0.5373913248380024 675
1764543797287 0.5348726312319437 680
1764543858696 0.5765469272931416 685
1764543920366 0.5363918344179789 690
1764543981909 0.5110655824343363 695
1764544043804 0.5793819626172383 700
1764544105623 0.5722532669703165 705
1764544167486 0.5774225393931071 710
1764544228651 0.5265959600607554 715
1764544290123 0.5603766043980916 720
1764544351600 0.4886244932810465 725
1764544413251 0.6176597674687703 730
1764544475294 0.5719362497329712 735
1764544536963 0.47470277547836304 740
1764544598855 0.5198678175608317 745
1764544660240 0.4807192385196686 750
1764544745756 0.4660213490327199 755
1764544807750 0.5173527995745341 760
1764544869624 0.4914793074131012 765
1764544931028 0.4570477207501729 770
1764544992778 0.4684232970078786 775
1764545054291 0.4744648536046346 780
1764545115766 0.48507611950238544 785
1764545177471 0.4624181787172953 790
1764545238729 0.4745253225167592 795
1764545300186 0.43259841203689575 800
1764545361520 0.43523117899894714 805
1764545423273 0.468059370915095 810
1764545484812 0.4346207479635874 815
1764545546679 0.42291879653930664 820
1764545608780 0.44421183069547016 825
1764545670035 0.44617200891176856 830
1764545731639 0.4267692367235819 835
1764545792928 0.3968966404596964 840
1764545854489 0.4179659386475881 845
1764545915677 0.4343050420284271 850
1764545977080 0.3859086136023203 855
1764546038824 0.41178890069325763 860
1764546100747 0.4239465494950612 865
1764546162806 0.3757451077302297 870
1764546224040 0.3948430021603902 875
1764546310278 0.3846099376678467 880
1764546371647 0.3982530335585276 885
1764546433639 0.39394606153170264 890
1764546495512 0.38793216149012244 895
1764546557098 0.4012483259042104 900
1764546618366 0.377335657676061 905
1764546679917 0.37011469403902686 910
1764546741361 0.37343600392341614 915
1764546802476 0.39710554480552673 920
1764546864062 0.3723566730817159 925
1764546925628 0.37425240874290466 930
1764546986656 0.356021523475647 935
1764547048299 0.37053585052490234 940
1764547109913 0.35696847240130103 945
1764547170991 0.37877221902211505 950
1764547232376 0.375702440738678 955
1764547293993 0.3546808759371439 960
1764547355654 0.3784266908963521 965
1764547416837 0.38882343967755634 970
1764547478681 0.3932152986526489 975
1764547539969 0.39320236444473267 980
1764547601559 0.4084631105264028 985
1764547663258 0.3784749706586202 990
1764547724586 0.39150271813074744 995
1764547810958 0.39869098862012226 1000
1764547872247 0.39003976186116535 1005
1764547933700 0.3925159076849619 1010
1764547995250 0.3763997654120127 1015
1764548056854 0.40438983837763465 1020
1764548117994 0.3780021866162618 1025
1764548179762 0.4207376539707184 1030
1764548241311 0.3866403599580129 1035
1764548302868 0.44346075256665546 1040
1764548364179 0.42206738392512 1045
1764548425837 0.4172983566919962 1050
1764548487189 0.4196027417977651 1055
1764548548421 0.41403068105379737 1060
1764548609420 0.440548837184906 1065
1764548671582 0.3963185946146647 1070
1764548732947 0.42352289954821265 1075
1764548794626 0.4297974109649658 1080
1764548856481 0.394576629002889 1085
1764548917913 0.43172747890154517 1090
1764548979475 0.4605368673801422 1095
1764549041014 0.4261235098044077 1100
1764549102555 0.44749111930529273 1105
1764549164107 0.42515841126441956 1110
1764549226083 0.4489063620567322 1115
1764549287148 0.4350228706995646 1120
1764549347859 0.440628319978714 1125
1764549434607 0.4560818274815877 1130
1764549496589 0.4287289579709371 1135
1764549558194 0.45415522654851276 1140
1764549620124 0.41092185179392493 1145
1764549681527 0.46062714854876197 1150
1764549743100 0.45155308643976844 1155
1764549804628 0.46534696221351624 1160
1764549866653 0.47345228989919025 1165
1764549927777 0.4697496096293131 1170
1764549989385 0.4745621085166931 1175
1764550051264 0.47263922293980914 1180
1764550112880 0.47441578904787696 1185
1764550174258 0.48272910714149475 1190
1764550235884 0.4908834397792816 1195
1764550297320 0.4937048852443695 1200
1764550358713 0.46701865394910175 1205
1764550419768 0.45401986440022785 1210
1764550481607 0.47503968079884845 1215
1764550543068 0.5066288709640503 1220
1764550604022 0.5008083780606587 1225
1764550665233 0.4665304124355316 1230
1764550726481 0.49280409018198645 1235
1764550788012 0.49732694029808044 1240
1764550849357 0.5059856971104939 1245
1764550935374 0.5236960450808207 1250
