1764535366022 2.7820478104937743e-06 5
1764535427379 0.00010734241125949968 10
1764535488952 0.000600961522043993 15
1764535550752 0.0005444669125912089 20
1764535611795 0.0020066691407312947 25
1764535672609 0.002327529713511467 30
1764535733747 0.0015341004667182763 35
1764535794949 0.0008459303256434698 40
1764535856327 0.0005441667744889855 45
1764535917755 0.0002526377114312102 50
1764535979456 0.0008231764077208936 55
1764536041074 0.0025984137319028378 60
1764536102640 0.0026986900872240462 65
1764536164215 0.0005512199616835762 70
1764536225811 0.0005753984830031792 75
1764536287382 0.0029890170941750207 80
1764536348622 0.0032059633328268924 85
1764536409967 8.56724800541997e-05 90
1764536471483 8.482789174498369e-05 95
1764536532743 0.0007530370882401863 100
1764536593977 0.002132044523023069 105
1764536655560 0.0015710956261803706 110
1764536717007 0.0008329546350675324 115
1764536778624 0.0011492791042352715 120
1764536839879 0.0018741567619144917 125
1764536926149 0.001521499555868407 130
1764536987360 0.002035071258433163 135
1764537049012 0.004095582291483879 140
1764537110241 0.0018911643419414759 145
1764537172091 0.003984824676687518 150
1764537234255 0.0019257940584793687 155
1764537295324 0.0011821807129308581 160
1764537356615 0.0015014523717885215 165
1764537417963 0.0027715063964327174 170
1764537479745 0.0021549135756989317 175
1764537541455 0.0011336784033725658 180
1764537602927 0.0012694973653803268 185
1764537664409 0.0005660215004657705 190
1764537726027 0.0011110852550094326 195
1764537787701 0.003444354360302289 200
1764537848694 0.0008974570858602722 205
1764537910271 0.000652635838681211 210
1764537971911 0.0009545610325100521 215
1764538033127 0.00204424614397188 220
1764538094226 0.004606188818191488 225
1764538156338 0.004572191120435794 230
1764538218160 0.0024391780607402325 235
1764538279244 0.001037003162006537 240
1764538340846 0.0008948228787630796 245
1764538402644 0.002409580396488309 250
1764538488979 0.0038201245479285717 255
1764538550736 0.0033797298092395067 260
1764538612724 0.0015546841314062476 265
1764538674106 0.0023277855943888426 270
1764538735628 0.0024208352745821076 275
1764538796813 0.0021833262871950865 280
1764538857924 0.0029771144036203623 285
1764538918886 0.0021033252123743296 290
1764538980509 0.0019752132163072624 295
1764539042463 0.0025104539624104896 300
1764539104222 0.0038086315616965294 305
1764539165564 0.0021721353211129704 310
1764539227156 0.004135220932463804 315
1764539288795 0.0024516070261597633 320
1764539349626 0.0016824863074968257 325
1764539410962 0.0014459013861293593 330
1764539473342 0.0035527010913938284 335
1764539534945 0.0035644737848391133 340
1764539596953 0.00290473410859704 345
1764539658592 0.0032457437676688032 350
1764539719766 0.0008058332411261896 355
1764539780952 0.0011865715884293118 360
1764539842695 0.0024159065602968135 365
1764539903716 0.004155476577579975 370
1764539964927 0.002373086754232645 375
1764540051759 0.003122747487698992 380
1764540113972 0.003825824086864789 385
1764540175360 0.002881191050012906 390
1764540236366 0.0026531874512632685 395
1764540298875 0.005144619848579168 400
1764540360383 0.002312982571311295 405
1764540422307 0.0019517211088289816 410
1764540483214 0.003990369848906994 415
1764540544585 0.0031207126254836717 420
1764540606200 0.0018883890006691217 425
1764540668354 0.00266214491178592 430
1764540729704 0.0035318617398540177 435
1764540791367 0.003005697236706813 440
1764540853039 0.0035002706572413445 445
1764540915195 0.002665889759858449 450
1764540976322 0.0015845265394697585 455
1764541038253 0.0013306511100381613 460
1764541099931 0.002416738386576374 465
1764541161517 0.006386423483490944 470
1764541222535 0.003323497561117013 475
1764541284303 0.002445891654739777 480
1764541345784 0.0023766629553089538 485
1764541407607 0.003978126449510455 490
1764541468954 0.00513091217726469 495
1764541530297 0.003146417594204346 500
1764541616459 0.0028353383919845023 505
1764541678367 0.0026659576687961817 510
1764541739644 0.002474220391983787 515
1764541800962 0.0030733033393820124 520
1764541862542 0.004192725600053866 525
1764541923905 0.005289917346090078 530
1764541985539 0.0021403321685890355 535
1764542047077 0.0014334849159543712 540
1764542108060 0.003452106223752101 545
1764542170107 0.0048973447022338705 550
1764542231885 0.005704182510574658 555
1764542293493 0.0032770011263589063 560
1764542355076 0.0032820500588665404 565
1764542416288 0.007053632754832506 570
1764542477624 0.00466841102267305 575
1764542540104 0.0036483880442877608 580
1764542601218 0.0041104634292423725 585
1764542662751 0.00560776749625802 590
1764542724175 0.0037149359316875534 595
1764542786370 0.0027295711915940046 600
1764542847714 0.0027882360542813935 605
1764542909395 0.004914389612774054 610
1764542971035 0.006601530437668164 615
1764543032346 0.005925741046667099 620
1764543094045 0.004139288794249296 625
1764543180182 0.00223222184771051 630
1764543242477 0.0022376800576845803 635
1764543304083 0.0035054428347696858 640
1764543365942 0.004901268829902013 645
1764543427411 0.00484646080682675 650
1764543489705 0.004867277108132839 655
1764543551445 0.006225240106383959 660
1764543612666 0.004886163864284754 665
1764543674216 0.004340889087567726 670
1764543735137 0.004279469915976127 675
1764543797287 0.007114741951227188 680
1764543858696 0.005372917279601097 685
1764543920366 0.003615382205074032 690
1764543981909 0.006526353769004345 695
1764544043804 0.005546211265027523 700
1764544105623 0.00544198858551681 705
1764544167486 0.0030053215256581702 710
1764544228651 0.005226638012876113 715
1764544290123 0.004628101363778114 720
1764544351600 0.010820635904868443 725
1764544413251 0.006638517758498589 730
1764544475294 0.004552895824114481 735
1764544536963 0.004043681158994635 740
1764544598855 0.0043844475876539946 745
1764544660240 0.005498331040143967 750
1764544745756 0.006651609670370817 755
1764544807750 0.0037198772188276052 760
1764544869624 0.0026569646627952652 765
1764544931028 0.0024864013927678266 770
1764544992778 0.002604185603559017 775
1764545054291 0.003795148339122534 780
1764545115766 0.005898115535577138 785
1764545177471 0.005393557560940583 790
1764545238729 0.0036118380570163327 795
1764545300186 0.004725678047786156 800
1764545361520 0.0038494227919727564 805
1764545423273 0.0021781571364651122 810
1764545484812 0.0030811160492400327 815
1764545546679 0.004099244950339198 820
1764545608780 0.003137697232887149 825
1764545670035 0.002670193401475747 830
1764545731639 0.0025064242848505574 835
1764545792928 0.003011909701551 840
1764545854489 0.0035285467747598886 845
1764545915677 0.003305002503717939 850
1764545977080 0.004500257705027858 855
1764546038824 0.0030280583693335452 860
1764546100747 0.002435912688573201 865
1764546162806 0.003494268748909235 870
1764546224040 0.0029979615937918425 875
1764546310278 0.0026904279366135597 880
1764546371647 0.002432009903714061 885
1764546433639 0.0032786740145335593 890
1764546495512 0.0033780019730329514 895
1764546557098 0.0028384330216795206 900
1764546618366 0.0030038263648748398 905
1764546679917 0.003666966687887907 910
1764546741361 0.0033719808949778476 915
1764546802476 0.0019149191211909056 920
1764546864062 0.0034158550358066955 925
1764546925628 0.0030177542939782143 930
1764546986656 0.0029668873952080803 935
1764547048299 0.0026636714270959296 940
1764547109913 0.003797548512617747 945
1764547170991 0.0025374493561685085 950
1764547232376 0.0028988112074633436 955
1764547293993 0.003991471215461691 960
1764547355654 0.004026716807857156 965
1764547416837 0.0037779936101287603 970
1764547478681 0.0032487975743909674 975
1764547539969 0.0047412800292174016 980
1764547601559 0.005827290626863638 985
1764547663258 0.004355747718364 990
1764547724586 0.005413256585597992 995
1764547810958 0.004496907504896322 1000
1764547872247 0.005246712050090233 1005
1764547933700 0.005921448736141125 1010
1764547995250 0.006590300860504309 1015
1764548056854 0.006767866667360067 1020
1764548117994 0.006534777116030455 1025
1764548179762 0.006144810933619738 1030
1764548241311 0.006966338027268648 1035
1764548302868 0.007669838766256968 1040
1764548364179 0.0072891117694477234 1045
1764548425837 0.006404034482936064 1050
1764548487189 0.0071098099773128825 1055
1764548548421 0.006697826863576968 1060
1764548609420 0.006358614191412926 1065
1764548671582 0.00757172175993522 1070
1764548732947 0.008851329330354929 1075
1764548794626 0.008068141527473927 1080
1764548856481 0.008032567333430052 1085
1764548917913 0.00867274651924769 1090
1764548979475 0.007785015273839235 1095
1764549041014 0.00931541621685028 1100
1764549102555 0.008166266915698845 1105
1764549164107 0.009219077726205189 1110
1764549226083 0.01031454373151064 1115
1764549287148 0.008256377341846624 1120
1764549347859 0.011461614010234673 1125
1764549434607 0.008538466257353623 1130
1764549496589 0.009215296401331821 1135
1764549558194 0.011164019194742043 1140
1764549620124 0.007889093675961096 1145
1764549681527 0.008703626226633787 1150
1764549743100 0.008553021121770144 1155
1764549804628 0.009709449950605631 1160
1764549866653 0.009798583264152208 1165
1764549927777 0.00856262103964885 1170
1764549989385 0.008305508798609177 1175
1764550051264 0.010332624738415081 1180
1764550112880 0.008838984183967113 1185
1764550174258 0.009686416946351528 1190
1764550235884 0.008959688246250153 1195
1764550297320 0.00841470466305812 1200
1764550358713 0.008941610964636007 1205
1764550419768 0.00860088753203551 1210
1764550481607 0.008490532015760738 1215
1764550543068 0.010508224988977114 1220
1764550604022 0.01086707195887963 1225
1764550665233 0.010499143662552038 1230
1764550726481 0.010367227407793203 1235
1764550788012 0.01049688458442688 1240
1764550849357 0.00970383717988928 1245
1764550935374 0.008819188922643661 1250
