1764535366022 2.9711159186263103e-06 5
1764535427379 0.0001086080204307412 10
1764535488952 0.0006007062426457802 15
1764535550752 0.0005403506608369449 20
1764535611795 0.001842588186264038 25
1764535672609 0.0022254456610729294 30
1764535733747 0.001576826248007516 35
1764535794949 0.0008704564728153248 40
1764535856327 0.0004973926115781069 45
1764535917755 0.0001919540809467435 50
1764535979456 0.0006650380479792753 55
1764536041074 0.0027025376136104264 60
1764536102640 0.002475670694063107 65
1764536164215 0.00044208529288880527 70
1764536225811 0.0004341523551071683 75
1764536287382 0.0022495314478874207 80
1764536348622 0.002598876366391778 85
1764536409967 8.681283604043225e-05 90
1764536471483 7.472201347506294e-05 95
1764536532743 0.0006864341557957232 100
1764536593977 0.0016027700621634722 105
1764536655560 0.001159480035615464 110
1764536717007 0.0005742347566410899 115
1764536778624 0.0012126414803788066 120
1764536839879 0.0018683601325998702 125
1764536926149 0.0014325715989495316 130
1764536987360 0.0012867721573760111 135
1764537049012 0.002614949286604921 140
1764537110241 0.0010456970582405725 145
1764537172091 0.00366954676186045 150
1764537234255 0.0018358237963790693 155
1764537295324 0.0009586182616961498 160
1764537356615 0.0008386494979883233 165
1764537417963 0.0016175145283341408 170
1764537479745 0.0018842206724608936 175
1764537541455 0.0009196162379036347 180
1764537602927 0.0011531587224453688 185
1764537664409 0.0004081417767641445 190
1764537726027 0.0008346257382072508 195
1764537787701 0.0031849555671215057 200
1764537848694 0.0010836949416746695 205
1764537910271 0.0003856456314679235 210
1764537971911 0.0008222791560304661 215
1764538033127 0.0015678517520427704 220
1764538094226 0.00327938050031662 225
1764538156338 0.003222610879068573 230
1764538218160 0.0021499048452824354 235
1764538279244 0.0011109592742286623 240
1764538340846 0.0008269157648707429 245
1764538402644 0.0018792088764409223 250
1764538488979 0.003048571525141597 255
1764538550736 0.0029731581453233957 260
1764538612724 0.0011317578610032797 265
1764538674106 0.0022036995117863016 270
1764538735628 0.0019077995481590428 275
1764538796813 0.0025199681986123323 280
1764538857924 0.002283162592599789 285
1764538918886 0.0016947555898999174 290
1764538980509 0.0017190207727253437 295
1764539042463 0.002703290432691574 300
1764539104222 0.002032929759783049 305
1764539165564 0.0015188230123991766 310
1764539227156 0.0023628553996483483 315
1764539288795 0.0018837279252087076 320
1764539349626 0.0011685238375018039 325
1764539410962 0.0009209226118400693 330
1764539473342 0.0030824757025887566 335
1764539534945 0.002191387970621387 340
1764539596953 0.00203967133226494 345
1764539658592 0.002863433212041855 350
1764539719766 0.0007161024065377811 355
1764539780952 0.0012147600452105203 360
1764539842695 0.0022102559839064875 365
1764539903716 0.0029906774094949165 370
1764539964927 0.0018172056491797168 375
1764540051759 0.002483280375599861 380
1764540113972 0.0028922987015297013 385
1764540175360 0.0021186990197747946 390
1764540236366 0.0015905472294737895 395
1764540298875 0.0032725492492318153 400
1764540360383 0.0017932812528063853 405
1764540422307 0.0014782385357345143 410
1764540483214 0.0026405993849039078 415
1764540544585 0.002534268229889373 420
1764540606200 0.0016579596558585763 425
1764540668354 0.0019272518111392856 430
1764540729704 0.0031897948744396367 435
1764540791367 0.0021574643130103746 440
1764540853039 0.0034977220154056945 445
1764540915195 0.0035530640743672848 450
1764540976322 0.0017010218386227884 455
1764541038253 0.001079493435099721 460
1764541099931 0.0021546154748648405 465
1764541161517 0.00445468855711321 470
1764541222535 0.003001593829443057 475
1764541284303 0.0016597306433444221 480
1764541345784 0.0015138227803011735 485
1764541407607 0.002804830359915892 490
1764541468954 0.003792968889077504 495
1764541530297 0.002284991554915905 500
1764541616459 0.002445882186293602 505
1764541678367 0.0021602996857836843 510
1764541739644 0.0023641171089063087 515
1764541800962 0.002704138867557049 520
1764541862542 0.004482725479950507 525
1764541923905 0.005284064138929049 530
1764541985539 0.002422807660574714 535
1764542047077 0.0012336499833812316 540
1764542108060 0.0023442853707820177 545
1764542170107 0.002610801563908656 550
1764542231885 0.004317405090356866 555
1764542293493 0.002155000576749444 560
1764542355076 0.0019829249940812588 565
1764542416288 0.004168857975552479 570
1764542477624 0.004228727426379919 575
1764542540104 0.0034140446223318577 580
1764542601218 0.003471197560429573 585
1764542662751 0.003084978399177392 590
1764542724175 0.0029297720175236464 595
1764542786370 0.002571835958709319 600
1764542847714 0.0020985147760560112 605
1764542909395 0.0037462087348103523 610
1764542971035 0.0033644667516152063 615
1764543032346 0.003669396974146366 620
1764543094045 0.0028235100520153837 625
1764543180182 0.0023108188761398196 630
1764543242477 0.0023663070363303023 635
1764543304083 0.00344256575529774 640
1764543365942 0.0042830719612538815 645
1764543427411 0.0035183488701780634 650
1764543489705 0.003740874817594886 655
1764543551445 0.0032081416187187033 660
1764543612666 0.002938100214426716 665
1764543674216 0.0031967414543032646 670
1764543735137 0.002508418168872595 675
1764543797287 0.004366613769282897 680
1764543858696 0.0031026946380734444 685
1764543920366 0.002274721317614118 690
1764543981909 0.003010693627099196 695
1764544043804 0.003803380609800418 700
1764544105623 0.0036446313218524056 705
1764544167486 0.002473709639161825 710
1764544228651 0.003265810975184043 715
1764544290123 0.0034027629687140384 720
1764544351600 0.006310498186697562 725
1764544413251 0.0038545775848130384 730
1764544475294 0.003074718794474999 735
1764544536963 0.0025663983542472124 740
1764544598855 0.0026837861320624747 745
1764544660240 0.003054453758522868 750
1764544745756 0.004629206067572037 755
1764544807750 0.0030955808081974583 760
1764544869624 0.0020017698407173157 765
1764544931028 0.0017500579124316573 770
1764544992778 0.0018956147832795978 775
1764545054291 0.002561729246129592 780
1764545115766 0.003971796948462725 785
1764545177471 0.002805478638038039 790
1764545238729 0.0020538766402751207 795
1764545300186 0.0029875291511416435 800
1764545361520 0.001870311292198797 805
1764545423273 0.0014661867171525955 810
1764545484812 0.0017166603356599808 815
1764545546679 0.0020726101162532964 820
1764545608780 0.0017428458280240495 825
1764545670035 0.0022646607055018344 830
1764545731639 0.0018587757755691805 835
1764545792928 0.0020238623643914857 840
1764545854489 0.001979229273274541 845
1764545915677 0.0014347710336248078 850
1764545977080 0.0026068313357730704 855
1764546038824 0.0019272502977401018 860
1764546100747 0.0015002145276715357 865
1764546162806 0.0018303565060098965 870
1764546224040 0.0022772586283584433 875
1764546310278 0.001661410128387312 880
1764546371647 0.0017416984774172306 885
1764546433639 0.0023072571493685246 890
1764546495512 0.002282796117166678 895
1764546557098 0.0017941370606422424 900
1764546618366 0.0017672046087682247 905
1764546679917 0.0021010529017075896 910
1764546741361 0.002372567153846224 915
1764546802476 0.001990877829181651 920
1764546864062 0.001813350128941238 925
1764546925628 0.002568066973860065 930
1764546986656 0.0016506415170927842 935
1764547048299 0.002376630436629057 940
1764547109913 0.0016240180314828951 945
1764547170991 0.0021581679272154966 950
1764547232376 0.0028795283287763596 955
1764547293993 0.002765979307393233 960
1764547355654 0.0028142898033062616 965
1764547416837 0.0025906582207729416 970
1764547478681 0.004530348349362612 975
1764547539969 0.006862350894759098 980
1764547601559 0.006882953767975171 985
1764547663258 0.0065485422189037 990
1764547724586 0.005560129415243864 995
1764547810958 0.005822259156654278 1000
1764547872247 0.006807226222008467 1005
1764547933700 0.00579543054724733 1010
1764547995250 0.0064158121434350806 1015
1764548056854 0.00686844065785408 1020
1764548117994 0.007740211362640062 1025
1764548179762 0.007450769344965616 1030
1764548241311 0.007801747880876064 1035
1764548302868 0.008761862913767496 1040
1764548364179 0.007706517508874336 1045
1764548425837 0.007086037968595822 1050
1764548487189 0.008971608243882656 1055
1764548548421 0.006807508102307716 1060
1764548609420 0.008016903574268023 1065
1764548671582 0.007885250107695658 1070
1764548732947 0.008057058633615572 1075
1764548794626 0.008112906012684107 1080
1764548856481 0.007882810197770596 1085
1764548917913 0.009496578636268774 1090
1764548979475 0.008928455101946989 1095
1764549041014 0.009182256956895191 1100
1764549102555 0.0086200221752127 1105
1764549164107 0.008266693291564781 1110
1764549226083 0.009054597777624924 1115
1764549287148 0.007424145936965942 1120
1764549347859 0.008397090559204418 1125
1764549434607 0.009081928990781307 1130
1764549496589 0.007714998908340931 1135
1764549558194 0.00826528730491797 1140
1764549620124 0.007426435127854347 1145
1764549681527 0.008642193706085283 1150
1764549743100 0.007490960415452719 1155
1764549804628 0.008714780366669098 1160
1764549866653 0.008885547518730164 1165
1764549927777 0.007237798223892847 1170
1764549989385 0.007897260909279186 1175
1764550051264 0.007832260491947332 1180
1764550112880 0.008270283540089924 1185
1764550174258 0.008616161843140919 1190
1764550235884 0.008141073243071634 1195
1764550297320 0.007908447024722893 1200
1764550358713 0.007950270703683296 1205
1764550419768 0.007240107748657465 1210
1764550481607 0.00787033000960946 1215
1764550543068 0.0074658676361044245 1220
1764550604022 0.00833717578401168 1225
1764550665233 0.007669533292452494 1230
1764550726481 0.007880559967209894 1235
1764550788012 0.008229757814357678 1240
1764550849357 0.008815639031430084 1245
1764550935374 0.006739002497245868 1250
