1764171083726 11.546875 1
1764171093223 11.015625 2
1764171102249 11.625 3
1764171111240 12.53125 4
1764171120277 11.359375 5
1764171129356 11.0625 6
1764171138443 11.40625 7
1764171147558 12.25 8
1764171156609 11.0 9
1764171165712 11.328125 10
1764171174816 14.328125 11
1764171183856 11.5625 12
1764171192937 11.703125 13
1764171202029 11.875 14
1764171211126 11.5625 15
1764171220213 12.296875 16
1764171229302 11.90625 17
1764171238360 13.3125 18
1764171247398 10.671875 19
1764171256441 13.125 20
1764171265482 11.515625 21
1764171274516 13.671875 22
1764171283525 12.203125 23
1764171292594 14.46875 24
1764171301636 12.390625 25
1764171310693 13.203125 26
1764171319706 11.59375 27
1764171328736 12.734375 28
1764171337792 12.921875 29
1764171346802 12.09375 30
1764171355814 13.734375 31
1764171364809 12.0 32
1764171373854 12.0625 33
1764171382844 12.84375 34
1764171391861 13.09375 35
1764171401128 14.640625 36
1764171410155 11.953125 37
1764171419156 15.171875 38
1764171428200 15.40625 39
1764171437241 13.703125 40
1764171446312 13.84375 41
1764171455328 16.4375 42
1764171464492 13.421875 43
1764171473541 15.953125 44
1764171482590 15.171875 45
1764171491622 15.640625 46
1764171500610 15.515625 47
1764171509609 14.703125 48
1764171518639 17.59375 49
1764171527630 16.859375 50
1764171536644 15.625 51
1764171545714 18.125 52
1764171554729 18.65625 53
1764171563759 21.84375 54
1764171572775 22.0625 55
1764171581829 24.59375 56
1764171590900 22.71875 57
1764171599883 27.15625 58
1764171608940 27.03125 59
1764171617993 27.25 60
1764171627020 29.53125 61
1764171636095 34.71875 62
1764171645152 32.375 63
1764171654249 36.125 64
1764171663241 36.90625 65
1764171672258 43.875 66
1764171681305 44.75 67
1764171690366 40.3125 68
1764171699420 48.0 69
1764171708423 52.625 70
1764171717430 56.75 71
1764171726442 58.1875 72
1764171735479 62.75 73
1764171744480 65.8125 74
1764171753498 67.875 75
1764171762511 77.125 76
1764171771539 73.875 77
1764171780543 83.75 78
1764171789595 83.5 79
1764171798647 94.0 80
1764171807704 97.75 81
1764171816728 109.0 82
1764171825808 113.0 83
1764171834941 110.875 84
1764171843938 128.25 85
1764171852987 125.25 86
