1764171083726 3.390625 1
1764171093223 3.30859375 2
1764171102249 3.40625 3
1764171111240 3.5234375 4
1764171120277 3.34375 5
1764171129356 3.31640625 6
1764171138443 3.36328125 7
1764171147558 3.4765625 8
1764171156609 3.3203125 9
1764171165712 3.3515625 10
1764171174816 3.74609375 11
1764171183856 3.39453125 12
1764171192937 3.4140625 13
1764171202029 3.421875 14
1764171211126 3.3828125 15
1764171220213 3.48828125 16
1764171229302 3.42578125 17
1764171238360 3.61328125 18
1764171247398 3.26171875 19
1764171256441 3.57421875 20
1764171265482 3.37890625 21
1764171274516 3.66015625 22
1764171283525 3.46484375 23
1764171292594 3.7109375 24
1764171301636 3.4921875 25
1764171310693 3.5859375 26
1764171319706 3.38671875 27
1764171328736 3.515625 28
1764171337792 3.5546875 29
1764171346802 3.4375 30
1764171355814 3.64453125 31
1764171364809 3.41015625 32
1764171373854 3.390625 33
1764171382844 3.5078125 34
1764171391861 3.52734375 35
1764171401128 3.68359375 36
1764171410155 3.3984375 37
1764171419156 3.77734375 38
1764171428200 3.76953125 39
1764171437241 3.55859375 40
1764171446312 3.57421875 41
1764171455328 3.80078125 42
1764171464492 3.50390625 43
1764171473541 3.75 44
1764171482590 3.63671875 45
1764171491622 3.69921875 46
1764171500610 3.67578125 47
1764171509609 3.546875 48
1764171518639 3.8125 49
1764171527630 3.78515625 50
1764171536644 3.56640625 51
1764171545714 3.8046875 52
1764171554729 3.828125 53
1764171563759 4.0078125 54
1764171572775 4.04296875 55
1764171581829 4.1171875 56
1764171590900 4.015625 57
1764171599883 4.21875 58
1764171608940 4.1875 59
1764171617993 4.13671875 60
1764171627020 4.2265625 61
1764171636095 4.4296875 62
1764171645152 4.2734375 63
1764171654249 4.4296875 64
1764171663241 4.4765625 65
1764171672258 4.71875 66
1764171681305 4.71875 67
1764171690366 4.515625 68
1764171699420 4.734375 69
1764171708423 4.84375 70
1764171717430 4.90625 71
1764171726442 4.90625 72
1764171735479 5.015625 73
1764171744480 5.09375 74
1764171753498 5.0859375 75
1764171762511 5.2890625 76
1764171771539 5.2578125 77
1764171780543 5.375 78
1764171789595 5.2890625 79
1764171798647 5.46875 80
1764171807704 5.6015625 81
1764171816728 5.6640625 82
1764171825808 5.796875 83
1764171834941 5.6796875 84
1764171843938 5.859375 85
1764171852987 5.8359375 86
