1764163805167 0.04878048780487805 1
1764163814327 0.04678362573099415 2
1764163823452 0.05063291139240506 3
1764163832604 0.05 4
1764163841835 0.05161290322580645 5
1764163851064 0.049689440993788817 6
1764163860279 0.04790419161676647 7
1764163869496 0.05161290322580645 8
1764163878708 0.047619047619047616 9
1764163887905 0.05063291139240506 10
1764163897219 0.05 11
1764163906408 0.046242774566473986 12
1764163915676 0.045454545454545456 13
1764163924841 0.046242774566473986 14
1764163934038 0.049079754601226995 15
1764163943250 0.046511627906976744 16
1764163952640 0.04790419161676647 17
1764163962051 0.048484848484848485 18
1764163971220 0.045454545454545456 19
1764163980406 0.049079754601226995 20
1764163989574 0.04790419161676647 21
1764163998987 0.05333333333333334 22
1764164008144 0.04878048780487805 23
1764164017344 0.05063291139240506 24
1764164026501 0.04597701149425287 25
1764164035629 0.045714285714285714 26
1764164044828 0.047619047619047616 27
1764164053995 0.04878048780487805 28
1764164063186 0.04878048780487805 29
1764164072355 0.05194805194805195 30
1764164081503 0.048484848484848485 31
1764164090683 0.04678362573099415 32
1764164099874 0.04678362573099415 33
1764164109078 0.05063291139240506 34
1764164118230 0.04938271604938271 35
1764164127352 0.047619047619047616 36
1764164136517 0.052980132450331126 37
1764164145684 0.052980132450331126 38
1764164154815 0.05128205128205128 39
1764164163970 0.04678362573099415 40
1764164173172 0.047337278106508875 41
1764164182305 0.049079754601226995 42
1764164191407 0.04819277108433735 43
1764164200556 0.047619047619047616 44
1764164209697 0.04597701149425287 45
1764164218875 0.048484848484848485 46
1764164228000 0.04371584699453552 47
1764164237140 0.04878048780487805 48
1764164246268 0.047058823529411764 49
1764164255436 0.0446927374301676 50
1764164264575 0.04519774011299435 51
1764164273721 0.04597701149425287 52
1764164282854 0.04790419161676647 53
1764164291999 0.0446927374301676 54
1764164301158 0.045714285714285714 55
1764164310358 0.047337278106508875 56
1764164319575 0.043478260869565216 57
1764164328708 0.04597701149425287 58
1764164337852 0.04 59
1764164347007 0.0446927374301676 60
1764164356140 0.041025641025641026 61
1764164365296 0.041025641025641026 62
1764164374455 0.043243243243243246 63
1764164383643 0.041666666666666664 64
1764164392754 0.041237113402061855 65
1764164401910 0.046242774566473986 66
1764164411060 0.04020100502512563 67
1764164420205 0.03587443946188341 68
1764164429399 0.0380952380952381 69
1764164438532 0.0380952380952381 70
1764164447696 0.037209302325581395 71
1764164456864 0.034934497816593885 72
1764164466072 0.03347280334728033 73
1764164475240 0.03292181069958848 74
1764164484414 0.03375527426160337 75
1764164493557 0.032520325203252036 76
1764164502798 0.031746031746031744 77
1764164511927 0.031746031746031744 78
1764164521056 0.03375527426160337 79
1764164530213 0.031007751937984496 80
1764164539399 0.025806451612903226 81
1764164548546 0.029411764705882353 82
1764164557665 0.03125 83
1764164566836 0.02877697841726619 84
1764164576007 0.027972027972027972 85
1764164585166 0.02857142857142857 86
1764164594313 0.02564102564102564 87
1764164603448 0.028169014084507043 88
1764164612593 0.02531645569620253 89
1764164621733 0.024242424242424242 90
1764164630935 0.02185792349726776 91
1764164640054 0.01990049751243781 92
1764164649215 0.02127659574468085 93
1764164658403 0.023255813953488372 94
1764164667518 0.022598870056497175 95
1764164676670 0.02072538860103627 96
1764164685828 0.018779342723004695 97
1764164694968 0.02030456852791878 98
1764164704088 0.020512820512820513 99
1764164713279 0.0196078431372549 100
1764164722438 0.019417475728155338 101
1764164731592 0.016736401673640166 102
1764164740707 0.016129032258064516 103
1764164749872 0.017777777777777778 104
1764164758993 0.015748031496062992 105
1764164768087 0.014285714285714285 106
1764164777221 0.012987012987012988 107
1764164786382 0.015384615384615385 108
1764164795487 0.014814814814814815 109
1764164804643 0.013986013986013986 110
1764164813787 0.013333333333333334 111
1764164822954 0.014184397163120567 112
1764164832111 0.012738853503184714 113
1764164841302 0.01282051282051282 114
1764164850433 0.012422360248447204 115
1764164859577 0.014285714285714285 116
1764164868752 0.011695906432748537 117
1764164877909 0.0106951871657754 118
1764164887075 0.010869565217391304 119
