1764163805167 20.5 1
1764163814327 21.375 2
1764163823452 19.75 3
1764163832604 20.0 4
1764163841835 19.375 5
1764163851064 20.125 6
1764163860279 20.875 7
1764163869496 19.375 8
1764163878708 21.0 9
1764163887905 19.75 10
1764163897219 20.0 11
1764163906408 21.625 12
1764163915676 22.0 13
1764163924841 21.625 14
1764163934038 20.375 15
1764163943250 21.5 16
1764163952640 20.875 17
1764163962051 20.625 18
1764163971220 22.0 19
1764163980406 20.375 20
1764163989574 20.875 21
1764163998987 18.75 22
1764164008144 20.5 23
1764164017344 19.75 24
1764164026501 21.75 25
1764164035629 21.875 26
1764164044828 21.0 27
1764164053995 20.5 28
1764164063186 20.5 29
1764164072355 19.25 30
1764164081503 20.625 31
1764164090683 21.375 32
1764164099874 21.375 33
1764164109078 19.75 34
1764164118230 20.25 35
1764164127352 21.0 36
1764164136517 18.875 37
1764164145684 18.875 38
1764164154815 19.5 39
1764164163970 21.375 40
1764164173172 21.125 41
1764164182305 20.375 42
1764164191407 20.75 43
1764164200556 21.0 44
1764164209697 21.75 45
1764164218875 20.625 46
1764164228000 22.875 47
1764164237140 20.5 48
1764164246268 21.25 49
1764164255436 22.375 50
1764164264575 22.125 51
1764164273721 21.75 52
1764164282854 20.875 53
1764164291999 22.375 54
1764164301158 21.875 55
1764164310358 21.125 56
1764164319575 23.0 57
1764164328708 21.75 58
1764164337852 25.0 59
1764164347007 22.375 60
1764164356140 24.375 61
1764164365296 24.375 62
1764164374455 23.125 63
1764164383643 24.0 64
1764164392754 24.25 65
1764164401910 21.625 66
1764164411060 24.875 67
1764164420205 27.875 68
1764164429399 26.25 69
1764164438532 26.25 70
1764164447696 26.875 71
1764164456864 28.625 72
1764164466072 29.875 73
1764164475240 30.375 74
1764164484414 29.625 75
1764164493557 30.75 76
1764164502798 31.5 77
1764164511927 31.5 78
1764164521056 29.625 79
1764164530213 32.25 80
1764164539399 38.75 81
1764164548546 34.0 82
1764164557665 32.0 83
1764164566836 34.75 84
1764164576007 35.75 85
1764164585166 35.0 86
1764164594313 39.0 87
1764164603448 35.5 88
1764164612593 39.5 89
1764164621733 41.25 90
1764164630935 45.75 91
1764164640054 50.25 92
1764164649215 47.0 93
1764164658403 43.0 94
1764164667518 44.25 95
1764164676670 48.25 96
1764164685828 53.25 97
1764164694968 49.25 98
1764164704088 48.75 99
1764164713279 51.0 100
1764164722438 51.5 101
1764164731592 59.75 102
1764164740707 62.0 103
1764164749872 56.25 104
1764164758993 63.5 105
1764164768087 70.0 106
1764164777221 77.0 107
1764164786382 65.0 108
1764164795487 67.5 109
1764164804643 71.5 110
1764164813787 75.0 111
1764164822954 70.5 112
1764164832111 78.5 113
1764164841302 78.0 114
1764164850433 80.5 115
1764164859577 70.0 116
1764164868752 85.5 117
1764164877909 93.5 118
1764164887075 92.0 119
