1764163805167 1.183825045824051 1
1764163814327 1.11798794567585 2
1764163823452 1.2171103358268738 3
1764163832604 1.1632342040538788 4
1764163841835 1.1094195246696472 5
1764163851064 1.2030083239078522 6
1764163860279 1.18784499168396 7
1764163869496 1.1522159278392792 8
1764163878708 1.1535737067461014 9
1764163887905 1.1594359576702118 10
1764163897219 1.2168278396129608 11
1764163906408 1.1572656333446503 12
1764163915676 1.2519910037517548 13
1764163924841 1.1735758483409882 14
1764163934038 1.2277497351169586 15
1764163943250 1.1942569613456726 16
1764163952640 1.216924786567688 17
1764163962051 1.1022792905569077 18
1764163971220 1.2563662230968475 19
1764163980406 1.2007273137569427 20
1764163989574 1.1593735814094543 21
1764163998987 1.1971604228019714 22
1764164008144 1.1458429396152496 23
1764164017344 1.1962735652923584 24
1764164026501 1.1412379145622253 25
1764164035629 1.203654021024704 26
1764164044828 1.2783180177211761 27
1764164053995 1.2099456787109375 28
1764164063186 1.165529876947403 29
1764164072355 1.1734903156757355 30
1764164081503 1.1983156502246857 31
1764164090683 1.1087865680456161 32
1764164099874 1.1140468567609787 33
1764164109078 1.2083178460597992 34
1764164118230 1.2229218780994415 35
1764164127352 1.1913087368011475 36
1764164136517 1.3211945593357086 37
1764164145684 1.2157660126686096 38
1764164154815 1.1660152524709702 39
1764164163970 1.210453599691391 40
1764164173172 1.1343766748905182 41
1764164182305 1.1509063243865967 42
1764164191407 1.1472977995872498 43
1764164200556 1.1458803415298462 44
1764164209697 1.2249747812747955 45
1764164218875 1.2912990748882294 46
1764164228000 1.0977485477924347 47
1764164237140 1.2558383643627167 48
1764164246268 1.1659474074840546 49
1764164255436 1.0610468685626984 50
1764164264575 1.162119835615158 51
1764164273721 1.1284023523330688 52
1764164282854 1.100796401500702 53
1764164291999 1.1893894374370575 54
1764164301158 1.1352112889289856 55
1764164310358 1.2644299268722534 56
1764164319575 1.2096763849258423 57
1764164328708 1.0298410803079605 58
1764164337852 1.1311875879764557 59
1764164347007 1.109532207250595 60
1764164356140 1.274927705526352 61
1764164365296 1.218782365322113 62
1764164374455 1.1798164546489716 63
1764164383643 1.353550285100937 64
1764164392754 1.1315149664878845 65
1764164401910 1.209995299577713 66
1764164411060 1.145274043083191 67
1764164420205 1.1852460503578186 68
1764164429399 1.1250423789024353 69
1764164438532 1.2202515602111816 70
1764164447696 0.9667758941650391 71
1764164456864 1.0407832860946655 72
1764164466072 1.1223748326301575 73
1764164475240 1.1153287291526794 74
1764164484414 1.2338033616542816 75
1764164493557 1.1783803403377533 76
1764164502798 0.988348200917244 77
1764164511927 1.1340734362602234 78
1764164521056 1.1068154871463776 79
1764164530213 1.105174958705902 80
1764164539399 1.1345420181751251 81
1764164548546 1.227475792169571 82
1764164557665 1.1469034552574158 83
1764164566836 1.1287681013345718 84
1764164576007 1.1623960733413696 85
1764164585166 1.0763906240463257 86
1764164594313 1.0697733610868454 87
1764164603448 1.1312986016273499 88
1764164612593 1.1199644207954407 89
1764164621733 1.2131429016590118 90
1764164630935 1.1352667212486267 91
1764164640054 1.102527067065239 92
1764164649215 1.1268375515937805 93
1764164658403 1.099540337920189 94
1764164667518 1.1963192820549011 95
1764164676670 1.23244971036911 96
1764164685828 1.0812045335769653 97
1764164694968 1.0961677432060242 98
1764164704088 1.1751791536808014 99
1764164713279 1.0136821269989014 100
1764164722438 1.2620980441570282 101
1764164731592 1.1456646174192429 102
1764164740707 1.2254169285297394 103
1764164749872 1.1265951544046402 104
1764164758993 1.0728759169578552 105
1764164768087 1.1934108138084412 106
1764164777221 1.053584799170494 107
1764164786382 1.150571495294571 108
1764164795487 1.1617349982261658 109
1764164804643 1.0761013180017471 110
1764164813787 1.1961573958396912 111
1764164822954 1.0938973724842072 112
1764164832111 1.1021542251110077 113
1764164841302 1.1746271252632141 114
1764164850433 1.1141223311424255 115
1764164859577 1.0810726284980774 116
1764164868752 1.1040798127651215 117
1764164877909 0.9880552440881729 118
1764164887075 1.0814363062381744 119
