1764163805167 0.556640625 1
1764163814327 0.609375 2
1764163823452 0.599609375 3
1764163832604 0.53955078125 4
1764163841835 0.5478515625 5
1764163851064 0.599609375 6
1764163860279 0.5712890625 7
1764163869496 0.5107421875 8
1764163878708 0.5908203125 9
1764163887905 0.58935546875 10
1764163897219 0.5517578125 11
1764163906408 0.6435546875 12
1764163915676 0.6552734375 13
1764163924841 0.62548828125 14
1764163934038 0.5673828125 15
1764163943250 0.6025390625 16
1764163952640 0.50146484375 17
1764163962051 0.595703125 18
1764163971220 0.6171875 19
1764163980406 0.6484375 20
1764163989574 0.583984375 21
1764163998987 0.47265625 22
1764164008144 0.583984375 23
1764164017344 0.5849609375 24
1764164026501 0.6240234375 25
1764164035629 0.6845703125 26
1764164044828 0.56005859375 27
1764164053995 0.60546875 28
1764164063186 0.5498046875 29
1764164072355 0.5078125 30
1764164081503 0.56689453125 31
1764164090683 0.6025390625 32
1764164099874 0.5537109375 33
1764164109078 0.6376953125 34
1764164118230 0.5751953125 35
1764164127352 0.57958984375 36
1764164136517 0.5732421875 37
1764164145684 0.474609375 38
1764164154815 0.47216796875 39
1764164163970 0.6533203125 40
1764164173172 0.56005859375 41
1764164182305 0.560546875 42
1764164191407 0.62158203125 43
1764164200556 0.546875 44
1764164209697 0.69287109375 45
1764164218875 0.580078125 46
1764164228000 0.6982421875 47
1764164237140 0.55712890625 48
1764164246268 0.609375 49
1764164255436 0.5888671875 50
1764164264575 0.66650390625 51
1764164273721 0.65234375 52
1764164282854 0.5986328125 53
1764164291999 0.63623046875 54
1764164301158 0.5888671875 55
1764164310358 0.525390625 56
1764164319575 0.50390625 57
1764164328708 0.5390625 58
1764164337852 0.666015625 59
1764164347007 0.57763671875 60
1764164356140 0.6083984375 61
1764164365296 0.62060546875 62
1764164374455 0.6201171875 63
1764164383643 0.681640625 64
1764164392754 0.5576171875 65
1764164401910 0.5205078125 66
1764164411060 0.4765625 67
1764164420205 0.6865234375 68
1764164429399 0.5791015625 69
1764164438532 0.7041015625 70
1764164447696 0.79296875 71
1764164456864 0.875 72
1764164466072 0.77197265625 73
1764164475240 0.830078125 74
1764164484414 0.71875 75
1764164493557 0.75634765625 76
1764164502798 0.8076171875 77
1764164511927 0.65234375 78
1764164521056 0.81005859375 79
1764164530213 0.6875 80
1764164539399 0.8935546875 81
1764164548546 0.75634765625 82
1764164557665 0.64111328125 83
1764164566836 1.02734375 84
1764164576007 0.689453125 85
1764164585166 0.7939453125 86
1764164594313 0.7744140625 87
1764164603448 0.66845703125 88
1764164612593 0.8505859375 89
1764164621733 0.9150390625 90
1764164630935 1.123046875 91
1764164640054 1.16796875 92
1764164649215 1.2216796875 93
1764164658403 1.037109375 94
1764164667518 1.2275390625 95
1764164676670 1.09375 96
1764164685828 1.01171875 97
1764164694968 0.9375 98
1764164704088 0.98046875 99
1764164713279 1.287109375 100
1764164722438 1.04345703125 101
1764164731592 1.3388671875 102
1764164740707 1.642578125 103
1764164749872 1.1494140625 104
1764164758993 1.3583984375 105
1764164768087 1.40625 106
1764164777221 1.609375 107
1764164786382 1.39453125 108
1764164795487 1.2958984375 109
1764164804643 1.904296875 110
1764164813787 1.689453125 111
1764164822954 1.4482421875 112
1764164832111 1.748046875 113
1764164841302 1.59375 114
1764164850433 1.57421875 115
1764164859577 1.287109375 116
1764164868752 1.392578125 117
1764164877909 3.048828125 118
1764164887075 1.4287109375 119
