1764163805167 1.2029648125171661 1
1764163814327 1.1230797171592712 2
1764163823452 1.224754512310028 3
1764163832604 1.1838673949241638 4
1764163841835 1.1351858973503113 5
1764163851064 1.2193644344806671 6
1764163860279 1.2036819756031036 7
1764163869496 1.1704904586076736 8
1764163878708 1.1627538353204727 9
1764163887905 1.19057697057724 10
1764163897219 1.2431734204292297 11
1764163906408 1.163753479719162 12
1764163915676 1.2713004350662231 13
1764163924841 1.2012641429901123 14
1764163934038 1.268749088048935 15
1764163943250 1.208427608013153 16
1764163952640 1.226900577545166 17
1764163962051 1.1098053753376007 18
1764163971220 1.262265831232071 19
1764163980406 1.2088145911693573 20
1764163989574 1.1626860201358795 21
1764163998987 1.205549418926239 22
1764164008144 1.1450483202934265 23
1764164017344 1.2024672329425812 24
1764164026501 1.1480676233768463 25
1764164035629 1.2123631834983826 26
1764164044828 1.2840965688228607 27
1764164053995 1.225452721118927 28
1764164063186 1.1649726331233978 29
1764164072355 1.1835504472255707 30
1764164081503 1.2016452252864838 31
1764164090683 1.1378802955150604 32
1764164099874 1.1188417375087738 33
1764164109078 1.214013248682022 34
1764164118230 1.2227117121219635 35
1764164127352 1.1902690529823303 36
1764164136517 1.3095888793468475 37
1764164145684 1.2232077717781067 38
1764164154815 1.1731786280870438 39
1764164163970 1.2037988901138306 40
1764164173172 1.1207914054393768 41
1764164182305 1.153660386800766 42
1764164191407 1.146287888288498 43
1764164200556 1.1397610306739807 44
1764164209697 1.2197168171405792 45
1764164218875 1.2912358343601227 46
1764164228000 1.1128908693790436 47
1764164237140 1.2549493610858917 48
1764164246268 1.152548611164093 49
1764164255436 1.0559032410383224 50
1764164264575 1.1658336520195007 51
1764164273721 1.1176370680332184 52
1764164282854 1.0946027040481567 53
1764164291999 1.1765199601650238 54
1764164301158 1.1253651976585388 55
1764164310358 1.2473457157611847 56
1764164319575 1.1992161870002747 57
1764164328708 1.0013466328382492 58
1764164337852 1.1229429244995117 59
1764164347007 1.1014633178710938 60
1764164356140 1.265537977218628 61
1764164365296 1.203185260295868 62
1764164374455 1.1607471406459808 63
1764164383643 1.3398343920707703 64
1764164392754 1.1208390593528748 65
1764164401910 1.1924375593662262 66
1764164411060 1.134330540895462 67
1764164420205 1.1638473868370056 68
1764164429399 1.0874777138233185 69
1764164438532 1.189623236656189 70
1764164447696 0.9556867033243179 71
1764164456864 1.0051910132169724 72
1764164466072 1.0823758840560913 73
1764164475240 1.0836074352264404 74
1764164484414 1.2070392370224 75
1764164493557 1.1514876186847687 76
1764164502798 0.967424064874649 77
1764164511927 1.1025138795375824 78
1764164521056 1.0565678179264069 79
1764164530213 1.0691071450710297 80
1764164539399 1.0966202020645142 81
1764164548546 1.1830267310142517 82
1764164557665 1.0883625745773315 83
1764164566836 1.0974162966012955 84
1764164576007 1.1194260716438293 85
1764164585166 1.0301640033721924 86
1764164594313 1.0199999809265137 87
1764164603448 1.0647204965353012 88
1764164612593 1.0688253343105316 89
1764164621733 1.1553142964839935 90
1764164630935 1.0725286900997162 91
1764164640054 1.039375439286232 92
1764164649215 1.0679878443479538 93
1764164658403 1.047297015786171 94
1764164667518 1.1369586288928986 95
1764164676670 1.1640986800193787 96
1764164685828 1.0167810320854187 97
1764164694968 1.026574045419693 98
1764164704088 1.1127415895462036 99
1764164713279 0.9549271166324615 100
1764164722438 1.1897711753845215 101
1764164731592 1.077444076538086 102
1764164740707 1.1421993672847748 103
1764164749872 1.0413403809070587 104
1764164758993 0.9862812757492065 105
1764164768087 1.1206166595220566 106
1764164777221 0.9663468599319458 107
1764164786382 1.0690487623214722 108
1764164795487 1.0841782093048096 109
1764164804643 0.9813262522220612 110
1764164813787 1.0996762812137604 111
1764164822954 0.9972322434186935 112
1764164832111 1.009016513824463 113
1764164841302 1.0689544826745987 114
1764164850433 0.9979557394981384 115
1764164859577 0.9815316647291183 116
1764164868752 1.0035264492034912 117
1764164877909 0.8876197189092636 118
1764164887075 0.9814141541719437 119
