1764152047712 90.0 1
1764152054215 99.0 2
1764152060703 100.0 3
1764152067218 99.0 4
1764152073734 100.0 5
1764152080256 99.0 6
1764152086803 100.0 7
1764152093362 99.0 8
1764152099962 97.0 9
1764152106532 99.0 10
1764152113078 100.0 11
1764152119629 99.0 12
1764152126191 99.0 13
1764152132754 99.0 14
1764152139301 99.0 15
1764152145870 100.0 16
1764152152433 99.0 17
1764152158983 99.0 18
1764152165547 99.0 19
1764152172106 99.0 20
1764152178672 99.0 21
1764152185218 100.0 22
1764152191752 99.0 23
1764152198298 100.0 24
1764152204830 100.0 25
1764152211374 99.0 26
1764152217922 99.0 27
1764152224461 99.0 28
1764152231014 99.0 29
1764152237543 99.0 30
1764152244078 100.0 31
1764152250601 100.0 32
1764152257121 100.0 33
1764152263743 99.0 34
1764152270270 99.0 35
1764152276800 99.0 36
1764152283326 99.0 37
1764152289839 99.0 38
1764152296366 99.0 39
1764152302959 96.0 40
1764152309483 99.0 41
1764152315999 100.0 42
1764152322517 99.0 43
1764152329037 99.0 44
1764152335561 99.0 45
1764152342076 100.0 46
1764152348611 100.0 47
1764152355116 99.0 48
1764152361615 100.0 49
1764152368139 100.0 50
1764152374661 99.0 51
1764152381180 100.0 52
1764152387680 99.0 53
1764152422751 99.0 54
1764152429236 99.0 55
1764152435755 99.0 56
1764152442277 100.0 57
1764152448815 99.0 58
1764152455339 99.0 59
1764152461856 100.0 60
1764152468376 100.0 61
1764152474882 99.0 62
1764152481399 100.0 63
1764152487919 99.0 64
1764152494438 100.0 65
1764152500963 99.0 66
1764152507452 99.0 67
1764152514038 99.0 68
1764152520547 97.0 69
1764152527058 99.0 70
1764152533608 99.0 71
1764152540115 99.0 72
1764152546629 100.0 73
1764152553157 99.0 74
1764152559679 99.0 75
1764152566249 100.0 76
1764152572760 100.0 77
1764152579275 100.0 78
1764152585779 99.0 79
1764152592296 99.0 80
1764152598815 99.0 81
1764152605336 100.0 82
1764152611856 99.0 83
1764152618378 100.0 84
1764152624903 99.0 85
1764152631436 99.0 86
1764152637956 100.0 87
1764152644480 99.0 88
1764152651045 100.0 89
1764152657545 100.0 90
1764152664057 100.0 91
1764152670575 99.0 92
1764152677099 99.0 93
1764152683615 99.0 94
1764152690138 99.0 95
1764152696659 99.0 96
1764152703180 100.0 97
1764152709684 99.0 98
1764152716194 100.0 99
1764152722697 99.0 100
1764152729220 99.0 101
1764152735736 100.0 102
1764152742254 100.0 103
1764152748778 99.0 104
1764152755274 100.0 105
1764152761778 99.0 106
1764152768280 100.0 107
1764152805142 99.0 108
1764152811633 100.0 109
1764152818134 100.0 110
1764152824639 100.0 111
1764152831144 99.0 112
1764152837655 100.0 113
1764152844176 99.0 114
1764152850697 100.0 115
1764152857221 100.0 116
1764152863762 98.0 117
1764152870314 99.0 118
1764152876837 100.0 119
1764152883360 100.0 120
1764152889879 100.0 121
1764152896397 99.0 122
1764152902915 99.0 123
1764152909418 100.0 124
1764152915937 99.0 125
1764152922457 99.0 126
1764152928983 100.0 127
1764152935502 99.0 128
1764152942018 99.0 129
1764152948516 99.0 130
1764152955037 99.0 131
1764152961559 99.0 132
1764152968080 99.0 133
1764152974598 99.0 134
1764152981131 99.0 135
1764152987636 100.0 136
1764152994161 100.0 137
1764153000744 99.0 138
1764153007256 100.0 139
1764153013780 99.0 140
1764153020302 99.0 141
1764153026859 100.0 142
1764153033382 100.0 143
1764153039902 99.0 144
1764153046416 99.0 145
1764153052946 99.0 146
1764153059483 99.0 147
1764153066000 100.0 148
1764153072519 99.0 149
1764153079034 99.0 150
1764153085562 100.0 151
1764153092078 99.0 152
1764153098599 99.0 153
1764153105119 99.0 154
1764153111633 100.0 155
1764153118158 99.0 156
1764153124685 100.0 157
1764153131189 100.0 158
1764153137716 99.0 159
1764153144235 100.0 160
1764153180653 100.0 161
1764153187140 100.0 162
1764153193617 100.0 163
1764153200143 99.0 164
1764153206659 100.0 165
1764153213177 100.0 166
1764153219702 99.0 167
1764153226216 99.0 168
1764153232718 100.0 169
1764153239244 100.0 170
1764153245763 99.0 171
1764153252312 100.0 172
1764153258840 99.0 173
1764153265358 99.0 174
1764153271873 99.0 175
1764153278398 100.0 176
1764153284924 99.0 177
1764153291441 100.0 178
1764153298018 100.0 179
1764153304546 99.0 180
1764153311058 100.0 181
1764153317604 99.0 182
1764153324121 99.0 183
1764153330640 100.0 184
1764153337162 100.0 185
1764153343679 99.0 186
1764153350199 100.0 187
1764153356717 100.0 188
1764153363238 99.0 189
1764153369764 99.0 190
1764153376323 99.0 191
1764153382870 99.0 192
1764153389384 99.0 193
1764153395904 100.0 194
1764153402403 99.0 195
1764153408918 99.0 196
1764153415438 99.0 197
1764153421980 100.0 198
1764153428500 99.0 199
1764153435001 100.0 200
1764153441521 99.0 201
1764153448064 100.0 202
1764153454578 100.0 203
1764153461078 100.0 204
1764153467602 99.0 205
1764153474118 99.0 206
1764153480635 100.0 207
1764153487156 99.0 208
1764153493680 100.0 209
1764153500197 99.0 210
1764153506721 100.0 211
1764153513244 99.0 212
1764153519778 99.0 213
1764153526300 99.0 214
1764153541858 99.0 215
1764153548352 99.0 216
1764153554842 99.0 217
1764153561351 99.0 218
1764153567884 100.0 219
1764153574379 99.0 220
1764153580889 99.0 221
1764153587404 99.0 222
1764153593937 100.0 223
1764153600480 99.0 224
1764153606973 99.0 225
1764153613480 99.0 226
1764153620001 100.0 227
1764153626516 99.0 228
1764153633038 100.0 229
1764153639557 99.0 230
1764153646076 99.0 231
1764153652590 99.0 232
1764153659100 99.0 233
1764153665611 99.0 234
1764153672119 99.0 235
1764153678635 100.0 236
1764153685160 100.0 237
1764153691678 99.0 238
1764153698180 99.0 239
1764153704697 99.0 240
1764153711219 99.0 241
1764153717736 99.0 242
1764153724258 99.0 243
1764153730759 99.0 244
1764153737282 99.0 245
1764153743802 100.0 246
1764153750322 99.0 247
1764153756817 100.0 248
1764153763337 99.0 249
1764153769848 100.0 250
1764153776359 99.0 251
1764153782865 100.0 252
1764153789378 99.0 253
1764153795903 99.0 254
1764153802416 99.0 255
1764153808933 100.0 256
1764153815459 99.0 257
1764153821980 99.0 258
1764153828571 95.0 259
1764153835078 100.0 260
1764153841591 100.0 261
1764153848122 100.0 262
1764153854635 99.0 263
1764153861159 99.0 264
1764153867679 100.0 265
1764153874199 99.0 266
1764153880784 96.0 267
1764153917038 100.0 268
1764153923542 99.0 269
1764153930037 100.0 270
1764153936540 99.0 271
1764153943040 99.0 272
1764153949564 99.0 273
1764153956101 100.0 274
1764153962621 100.0 275
1764153969137 100.0 276
1764153975657 100.0 277
1764153982156 99.0 278
1764153988678 99.0 279
1764153995195 99.0 280
1764154001718 100.0 281
1764154008241 99.0 282
1764154014765 99.0 283
1764154021279 100.0 284
1764154027804 100.0 285
1764154034344 99.0 286
1764154040919 100.0 287
1764154047442 100.0 288
1764154053956 100.0 289
1764154060552 99.0 290
1764154067078 100.0 291
1764154073630 100.0 292
1764154080138 99.0 293
1764154086652 99.0 294
1764154093183 100.0 295
1764154099701 99.0 296
1764154106207 99.0 297
1764154112727 99.0 298
1764154119291 99.0 299
1764154125800 99.0 300
1764154132318 99.0 301
1764154138839 99.0 302
1764154145366 100.0 303
1764154151887 100.0 304
1764154158385 99.0 305
1764154164902 100.0 306
1764154171422 100.0 307
1764154177923 100.0 308
1764154184440 99.0 309
1764154190964 100.0 310
1764154197481 99.0 311
1764154204003 100.0 312
1764154210520 99.0 313
1764154217046 100.0 314
1764154223563 99.0 315
1764154230084 99.0 316
1764154236602 100.0 317
1764154243102 99.0 318
1764154249601 100.0 319
1764154256099 100.0 320
1764154262622 100.0 321
1764154277621 100.0 322
1764154284122 99.0 323
1764154290623 100.0 324
1764154297139 100.0 325
1764154303663 99.0 326
1764154310185 99.0 327
1764154316689 99.0 328
1764154323202 100.0 329
1764154329725 99.0 330
1764154336225 99.0 331
1764154342726 99.0 332
1764154349244 100.0 333
1764154355765 100.0 334
1764154362306 100.0 335
1764154368849 100.0 336
1764154375367 99.0 337
1764154382023 99.0 338
1764154388543 100.0 339
1764154395095 99.0 340
1764154401604 99.0 341
1764154408128 99.0 342
1764154414648 100.0 343
1764154421172 100.0 344
1764154427686 99.0 345
1764154434289 99.0 346
1764154440804 100.0 347
1764154448554 100.0 348
1764154455041 99.0 349
1764154461564 99.0 350
1764154468085 100.0 351
1764154474591 99.0 352
1764154481160 99.0 353
1764154487689 100.0 354
1764154494205 100.0 355
1764154500726 99.0 356
1764154507255 99.0 357
1764154513785 99.0 358
1764154520304 99.0 359
1764154526833 100.0 360
1764154533509 99.0 361
1764154540020 100.0 362
1764154546511 99.0 363
1764154553027 99.0 364
1764154559546 99.0 365
1764154566063 100.0 366
1764154572590 99.0 367
1764154579105 100.0 368
1764154585792 98.0 369
1764154592389 96.0 370
1764154599814 99.0 371
1764154606337 99.0 372
1764154612845 100.0 373
1764154619386 100.0 374
1764154633384 99.0 375
1764154639889 100.0 376
1764154646406 99.0 377
1764154652927 99.0 378
1764154659446 100.0 379
1764154665940 100.0 380
1764154672464 100.0 381
1764154678984 100.0 382
1764154685503 100.0 383
1764154692019 99.0 384
1764154698527 99.0 385
1764154705048 100.0 386
1764154711562 99.0 387
1764154718079 100.0 388
1764154724659 99.0 389
1764154731169 100.0 390
1764154737688 99.0 391
1764154744230 100.0 392
1764154750745 100.0 393
1764154757246 100.0 394
1764154763769 100.0 395
1764154770289 100.0 396
1764154776804 100.0 397
1764154783323 100.0 398
1764154789846 99.0 399
1764154796364 99.0 400
1764154802891 100.0 401
1764154809404 100.0 402
1764154815926 100.0 403
1764154822444 99.0 404
1764154828965 99.0 405
1764154835473 99.0 406
1764154841977 100.0 407
1764154848483 99.0 408
1764154855004 99.0 409
1764154861504 100.0 410
1764154868008 99.0 411
1764154874508 99.0 412
1764154881006 99.0 413
1764154887567 96.0 414
1764154894082 100.0 415
1764154900613 100.0 416
1764154907145 99.0 417
1764154913667 100.0 418
1764154920187 99.0 419
1764154926682 99.0 420
1764154933182 99.0 421
1764154939688 99.0 422
1764154946205 100.0 423
1764154952709 100.0 424
1764154959210 100.0 425
1764154965725 99.0 426
1764154972241 100.0 427
1764154978767 99.0 428
1764155014808 99.0 429
1764155021289 100.0 430
1764155027787 99.0 431
1764155034270 99.0 432
1764155040758 100.0 433
1764155047287 100.0 434
1764155053781 99.0 435
1764155060287 100.0 436
1764155066811 99.0 437
1764155073308 100.0 438
1764155079832 100.0 439
1764155086348 99.0 440
1764155092865 99.0 441
1764155099385 99.0 442
1764155105912 99.0 443
1764155112428 99.0 444
1764155118946 100.0 445
1764155125467 99.0 446
1764155131988 100.0 447
1764155138518 99.0 448
1764155145028 100.0 449
1764155151546 99.0 450
1764155158056 100.0 451
1764155164567 99.0 452
1764155171090 100.0 453
1764155177614 99.0 454
1764155184130 100.0 455
1764155190652 100.0 456
1764155197192 99.0 457
1764155203711 99.0 458
1764155210209 100.0 459
1764155216730 99.0 460
1764155223275 100.0 461
1764155229786 100.0 462
1764155236367 100.0 463
1764155242889 100.0 464
1764155249439 99.0 465
1764155255968 99.0 466
1764155262489 100.0 467
1764155269004 100.0 468
1764155275528 99.0 469
1764155282111 100.0 470
1764155288628 100.0 471
1764155295144 100.0 472
1764155301664 100.0 473
1764155308154 99.0 474
1764155314702 99.0 475
1764155321186 99.0 476
1764155327690 99.0 477
1764155334187 99.0 478
1764155340703 100.0 479
1764155347206 100.0 480
1764155353725 99.0 481
1764155368746 99.0 482
1764155375266 99.0 483
1764155381772 99.0 484
1764155388288 99.0 485
1764155394789 99.0 486
1764155401295 100.0 487
1764155407791 99.0 488
1764155414306 100.0 489
1764155420805 99.0 490
1764155427307 99.0 491
1764155433827 99.0 492
1764155440343 99.0 493
1764155446862 100.0 494
1764155453396 100.0 495
1764155459906 99.0 496
1764155466404 99.0 497
1764155472908 99.0 498
1764155479424 99.0 499
1764155485946 99.0 500
1764155492464 99.0 501
1764155498982 100.0 502
1764155505509 99.0 503
1764155512015 100.0 504
1764155518529 99.0 505
1764155525050 100.0 506
1764155531587 99.0 507
1764155538097 100.0 508
1764155544609 100.0 509
1764155551128 99.0 510
1764155557621 100.0 511
1764155564148 99.0 512
1764155570659 100.0 513
1764155577188 99.0 514
1764155583705 99.0 515
1764155590234 100.0 516
1764155596751 100.0 517
1764155603259 99.0 518
1764155609789 99.0 519
1764155616305 99.0 520
1764155622827 100.0 521
1764155629332 99.0 522
1764155635843 100.0 523
1764155642354 100.0 524
1764155648892 99.0 525
1764155655462 99.0 526
1764155661970 99.0 527
1764155668488 99.0 528
1764155675010 100.0 529
1764155681555 100.0 530
1764155688112 100.0 531
1764155694629 99.0 532
1764155701151 99.0 533
1764155707681 99.0 534
1764155714184 99.0 535
1764155728248 99.0 536
1764155734763 99.0 537
1764155741294 100.0 538
1764155747791 100.0 539
1764155754308 99.0 540
1764155760807 99.0 541
1764155767306 99.0 542
1764155773814 99.0 543
1764155780329 99.0 544
1764155786850 99.0 545
1764155793371 99.0 546
1764155799890 99.0 547
1764155806397 100.0 548
1764155812931 99.0 549
1764155819449 100.0 550
1764155825962 100.0 551
1764155832488 100.0 552
1764155839007 99.0 553
1764155845513 100.0 554
1764155852039 100.0 555
1764155858604 99.0 556
1764155868162 100.0 557
1764155878195 100.0 558
1764155884685 100.0 559
1764155891194 99.0 560
1764155897715 100.0 561
1764155904242 100.0 562
1764155913396 100.0 563
1764155925565 100.0 564
1764155937753 100.0 565
1764155948963 99.0 566
1764155955438 100.0 567
1764155961926 99.0 568
1764155969393 100.0 569
1764155981543 100.0 570
1764155993682 100.0 571
1764156005837 100.0 572
1764156013052 99.0 573
1764156019575 99.0 574
1764156026086 99.0 575
1764156038134 100.0 576
1764156050310 100.0 577
1764156062488 100.0 578
1764156070730 99.0 579
1764156077256 99.0 580
1764156086819 100.0 581
1764156096883 100.0 582
1764156103363 99.0 583
1764156109885 99.0 584
1764156116418 99.0 585
1764156124422 100.0 586
1764156133805 100.0 587
1764156143202 100.0 588
1764156163037 99.0 589
1764156172450 100.0 590
1764156180269 99.0 591
1764156186794 99.0 592
1764156193332 100.0 593
1764156202309 100.0 594
1764156211685 100.0 595
1764156221110 100.0 596
1764156230572 100.0 597
1764156240057 100.0 598
1764156249506 100.0 599
1764156256472 100.0 600
1764156262987 99.0 601
1764156269798 99.0 602
1764156279278 100.0 603
1764156288687 100.0 604
1764156298103 100.0 605
1764156307580 98.0 606
1764156317015 100.0 607
1764156326429 100.0 608
1764156332948 100.0 609
1764156339793 100.0 610
1764156350343 100.0 611
1764156359046 99.0 612
1764156365570 99.0 613
1764156372091 99.0 614
1764156378647 100.0 615
1764156388268 100.0 616
1764156399654 100.0 617
1764156410938 100.0 618
1764156422342 100.0 619
1764156431849 99.0 620
1764156438373 99.0 621
1764156444891 99.0 622
1764156454397 100.0 623
1764156465840 100.0 624
1764156477165 100.0 625
1764156488612 100.0 626
1764156498395 99.0 627
1764156504914 100.0 628
1764156511433 100.0 629
1764156520771 99.0 630
1764156532213 100.0 631
1764156543514 100.0 632
1764156554922 100.0 633
1764156564891 100.0 634
1764156571434 99.0 635
1764156579348 100.0 636
1764156589983 100.0 637
1764156597635 99.0 638
1764156604174 99.0 639
1764156610716 100.0 640
1764156617272 100.0 641
1764156627820 100.0 642
1764156650619 100.0 643
1764156657145 99.0 644
1764156663685 99.0 645
1764156672230 100.0 646
1764156683704 100.0 647
1764156695155 100.0 648
1764156703057 100.0 649
1764156709591 99.0 650
1764156716115 99.0 651
1764156726966 100.0 652
1764156738436 100.0 653
1764156749153 100.0 654
1764156755672 100.0 655
1764156762190 99.0 656
1764156768713 99.0 657
1764156775230 100.0 658
1764156781748 100.0 659
1764156788271 100.0 660
1764156794815 99.0 661
1764156801358 99.0 662
1764156807947 100.0 663
1764156814508 99.0 664
1764156821086 99.0 665
1764156827618 100.0 666
1764156834135 100.0 667
1764156840675 100.0 668
1764156847219 100.0 669
1764156853734 99.0 670
1764156860269 100.0 671
1764156866818 100.0 672
1764156873353 100.0 673
1764156879893 99.0 674
1764156886482 100.0 675
1764156892990 99.0 676
1764156899513 99.0 677
1764156906026 100.0 678
1764156912553 99.0 679
1764156919148 99.0 680
1764156925678 100.0 681
1764156932187 100.0 682
1764156938687 100.0 683
1764156945215 99.0 684
1764156951735 99.0 685
1764156958248 99.0 686
1764156964771 99.0 687
1764156971291 99.0 688
1764156977814 99.0 689
1764156984328 100.0 690
1764156990848 99.0 691
1764156998467 100.0 692
1764157009083 100.0 693
1764157017015 100.0 694
1764157023529 100.0 695
1764157037537 100.0 696
1764157044055 99.0 697
1764157050654 100.0 698
1764157057172 100.0 699
1764157063697 99.0 700
1764157070232 100.0 701
1764157076748 99.0 702
1764157083274 100.0 703
1764157089816 99.0 704
1764157096343 99.0 705
1764157102872 99.0 706
1764157113167 100.0 707
1764157125019 100.0 708
1764157136825 99.0 709
1764157148708 100.0 710
1764157160495 100.0 711
1764157172298 100.0 712
1764157184098 99.0 713
1764157195877 100.0 714
1764157207692 100.0 715
1764157219520 100.0 716
1764157231432 99.0 717
1764157243290 100.0 718
1764157255104 100.0 719
1764157266891 100.0 720
1764157278647 100.0 721
1764157290496 100.0 722
1764157302327 100.0 723
1764157314109 100.0 724
1764157326004 100.0 725
1764157337826 100.0 726
1764157349618 100.0 727
1764157361462 100.0 728
1764157373296 100.0 729
1764157385082 100.0 730
1764157396924 100.0 731
1764157408802 98.0 732
1764157420646 100.0 733
1764157432452 100.0 734
1764157444265 100.0 735
1764157456118 100.0 736
1764157467955 100.0 737
1764157479854 100.0 738
1764157491727 100.0 739
1764157503533 100.0 740
1764157515376 100.0 741
1764157527224 100.0 742
1764157539070 100.0 743
1764157550967 100.0 744
1764157562773 100.0 745
1764157574649 100.0 746
1764157586513 100.0 747
1764157598307 100.0 748
1764157610215 100.0 749
1764157634893 100.0 750
1764157646683 100.0 751
1764157658538 100.0 752
1764157670370 100.0 753
1764157682173 100.0 754
1764157694010 100.0 755
1764157705802 100.0 756
1764157717619 100.0 757
1764157729442 100.0 758
1764157741259 100.0 759
1764157753052 99.0 760
1764157764894 100.0 761
1764157776707 100.0 762
1764157788541 100.0 763
1764157800364 99.0 764
1764157812177 100.0 765
1764157824022 100.0 766
1764157835340 100.0 767
1764157846943 100.0 768
1764157858767 100.0 769
1764157870579 99.0 770
1764157882401 100.0 771
1764157894287 100.0 772
1764157906118 100.0 773
1764157918005 99.0 774
1764157929883 100.0 775
1764157941730 100.0 776
1764157953508 100.0 777
1764157965340 100.0 778
1764157977187 100.0 779
1764157989049 100.0 780
1764158000845 100.0 781
1764158012658 100.0 782
1764158024509 100.0 783
1764158036334 100.0 784
1764158048173 100.0 785
1764158060027 100.0 786
1764158071843 100.0 787
1764158083697 100.0 788
1764158095535 100.0 789
1764158107326 100.0 790
1764158119125 100.0 791
1764158130977 99.0 792
1764158142782 99.0 793
1764158154582 100.0 794
1764158166430 100.0 795
1764158178208 100.0 796
1764158189997 100.0 797
1764158205037 100.0 798
1764158223229 100.0 799
1764158241479 100.0 800
1764158259692 100.0 801
1764158277868 100.0 802
1764158315359 100.0 803
1764158333601 100.0 804
1764158351841 100.0 805
1764158370060 100.0 806
1764158388262 100.0 807
1764158406538 100.0 808
1764158424823 100.0 809
1764158443055 100.0 810
1764158461250 100.0 811
1764158479544 100.0 812
1764158497772 100.0 813
1764158516036 100.0 814
1764158534353 100.0 815
1764158552620 100.0 816
1764158570831 100.0 817
1764158589056 100.0 818
1764158607308 100.0 819
1764158625607 100.0 820
1764158643948 100.0 821
1764158662228 100.0 822
1764158680469 100.0 823
1764158698745 100.0 824
1764158717006 100.0 825
1764158735284 100.0 826
1764158752966 100.0 827
1764158771239 100.0 828
1764158789457 100.0 829
1764158807695 100.0 830
1764158825946 100.0 831
1764158844213 100.0 832
