1764152047712 7.335211277008057 1
1764152054215 7.335211277008057 2
1764152060703 7.335211277008057 3
1764152067218 7.335211277008057 4
1764152073734 7.335211277008057 5
1764152080256 7.335211277008057 6
1764152086803 7.335211277008057 7
1764152093362 7.335211277008057 8
1764152099962 7.335211277008057 9
1764152106532 7.335211277008057 10
1764152113078 7.335211277008057 11
1764152119629 7.335211277008057 12
1764152126191 7.335211277008057 13
1764152132754 7.335211277008057 14
1764152139301 7.335211277008057 15
1764152145870 7.335211277008057 16
1764152152433 7.335211277008057 17
1764152158983 7.335211277008057 18
1764152165547 7.335211277008057 19
1764152172106 7.335211277008057 20
1764152178672 7.335211277008057 21
1764152185218 7.335211277008057 22
1764152191752 7.335211277008057 23
1764152198298 7.335211277008057 24
1764152204830 7.335211277008057 25
1764152211374 7.335211277008057 26
1764152217922 7.335211277008057 27
1764152224461 7.335211277008057 28
1764152231014 7.335211277008057 29
1764152237543 7.335211277008057 30
1764152244078 7.335211277008057 31
1764152250601 7.335211277008057 32
1764152257121 7.335211277008057 33
1764152263743 7.335211277008057 34
1764152270270 7.335211277008057 35
1764152276800 7.335211277008057 36
1764152283326 7.335211277008057 37
1764152289839 7.335211277008057 38
1764152296366 7.335211277008057 39
1764152302959 7.335211277008057 40
1764152309483 7.335211277008057 41
1764152315999 7.335211277008057 42
1764152322517 7.335211277008057 43
1764152329037 7.335211277008057 44
1764152335561 7.335211277008057 45
1764152342076 7.335211277008057 46
1764152348611 7.335211277008057 47
1764152355116 7.335211277008057 48
1764152361615 7.335211277008057 49
1764152368139 7.335211277008057 50
1764152374661 7.335211277008057 51
1764152381180 7.335211277008057 52
1764152387680 7.335211277008057 53
1764152422751 7.335211753845215 54
1764152429236 7.335211753845215 55
1764152435755 7.335211753845215 56
1764152442277 7.335211753845215 57
1764152448815 7.335211753845215 58
1764152455339 7.335211753845215 59
1764152461856 7.335211753845215 60
1764152468376 7.335211753845215 61
1764152474882 7.335211753845215 62
1764152481399 7.335211753845215 63
1764152487919 7.335211753845215 64
1764152494438 7.335211753845215 65
1764152500963 7.335211753845215 66
1764152507452 7.335211753845215 67
1764152514038 7.335211753845215 68
1764152520547 7.335211753845215 69
1764152527058 7.335211753845215 70
1764152533608 7.335211753845215 71
1764152540115 7.335211753845215 72
1764152546629 7.335211753845215 73
1764152553157 7.335211753845215 74
1764152559679 7.335211753845215 75
1764152566249 7.335211753845215 76
1764152572760 7.335211753845215 77
1764152579275 7.335211753845215 78
1764152585779 7.335211753845215 79
1764152592296 7.335211753845215 80
1764152598815 7.335211753845215 81
1764152605336 7.335211753845215 82
1764152611856 7.335211753845215 83
1764152618378 7.335211753845215 84
1764152624903 7.335211753845215 85
1764152631436 7.335211753845215 86
1764152637956 7.335211753845215 87
1764152644480 7.335211753845215 88
1764152651045 7.335211753845215 89
1764152657545 7.335211753845215 90
1764152664057 7.335211753845215 91
1764152670575 7.335211753845215 92
1764152677099 7.335211753845215 93
1764152683615 7.335211753845215 94
1764152690138 7.335211753845215 95
1764152696659 7.335211753845215 96
1764152703180 7.335211753845215 97
1764152709684 7.335211753845215 98
1764152716194 7.335211753845215 99
1764152722697 7.335211753845215 100
1764152729220 7.335211753845215 101
1764152735736 7.335211753845215 102
1764152742254 7.335211753845215 103
1764152748778 7.335211753845215 104
1764152755274 7.335211753845215 105
1764152761778 7.335211753845215 106
1764152768280 7.335211753845215 107
1764152805142 7.335211753845215 108
1764152811633 7.335211753845215 109
1764152818134 7.335211753845215 110
1764152824639 7.335211753845215 111
1764152831144 7.335211753845215 112
1764152837655 7.335211753845215 113
1764152844176 7.335211753845215 114
1764152850697 7.335211753845215 115
1764152857221 7.335211753845215 116
1764152863762 7.335211753845215 117
1764152870314 7.335211753845215 118
1764152876837 7.335211753845215 119
1764152883360 7.335211753845215 120
1764152889879 7.335211753845215 121
1764152896397 7.335211753845215 122
1764152902915 7.335211753845215 123
1764152909418 7.335211753845215 124
1764152915937 7.335211753845215 125
1764152922457 7.335211753845215 126
1764152928983 7.335211753845215 127
1764152935502 7.335211753845215 128
1764152942018 7.335211753845215 129
1764152948516 7.335211753845215 130
1764152955037 7.335211753845215 131
1764152961559 7.335211753845215 132
1764152968080 7.335211753845215 133
1764152974598 7.335211753845215 134
1764152981131 7.335211753845215 135
1764152987636 7.335211753845215 136
1764152994161 7.335211753845215 137
1764153000744 7.335211753845215 138
1764153007256 7.335211753845215 139
1764153013780 7.335211753845215 140
1764153020302 7.335211753845215 141
1764153026859 7.335211753845215 142
1764153033382 7.335211753845215 143
1764153039902 7.335211753845215 144
1764153046416 7.335211753845215 145
1764153052946 7.335211753845215 146
1764153059483 7.335211753845215 147
1764153066000 7.335211753845215 148
1764153072519 7.335211753845215 149
1764153079034 7.335211753845215 150
1764153085562 7.335211753845215 151
1764153092078 7.335211753845215 152
1764153098599 7.335211753845215 153
1764153105119 7.335211753845215 154
1764153111633 7.335211753845215 155
1764153118158 7.335211753845215 156
1764153124685 7.335211753845215 157
1764153131189 7.335211753845215 158
1764153137716 7.335211753845215 159
1764153144235 7.335211753845215 160
1764153180653 7.335211753845215 161
1764153187140 7.335211753845215 162
1764153193617 7.335211753845215 163
1764153200143 7.335211753845215 164
1764153206659 7.335211753845215 165
1764153213177 7.335211753845215 166
1764153219702 7.335211753845215 167
1764153226216 7.335211753845215 168
1764153232718 7.335211753845215 169
1764153239244 7.335211753845215 170
1764153245763 7.335211753845215 171
1764153252312 7.335211753845215 172
1764153258840 7.335211753845215 173
1764153265358 7.335211753845215 174
1764153271873 7.335211753845215 175
1764153278398 7.335211753845215 176
1764153284924 7.335211753845215 177
1764153291441 7.335211753845215 178
1764153298018 7.335211753845215 179
1764153304546 7.335211753845215 180
1764153311058 7.335211753845215 181
1764153317604 7.335211753845215 182
1764153324121 7.335211753845215 183
1764153330640 7.335211753845215 184
1764153337162 7.335211753845215 185
1764153343679 7.335211753845215 186
1764153350199 7.335211753845215 187
1764153356717 7.335211753845215 188
1764153363238 7.335211753845215 189
1764153369764 7.335211753845215 190
1764153376323 7.335211753845215 191
1764153382870 7.335211753845215 192
1764153389384 7.335211753845215 193
1764153395904 7.335211753845215 194
1764153402403 7.335211753845215 195
1764153408918 7.335211753845215 196
1764153415438 7.335211753845215 197
1764153421980 7.335211753845215 198
1764153428500 7.335211753845215 199
1764153435001 7.335211753845215 200
1764153441521 7.335211753845215 201
1764153448064 7.335211753845215 202
1764153454578 7.335211753845215 203
1764153461078 7.335211753845215 204
1764153467602 7.335211753845215 205
1764153474118 7.335211753845215 206
1764153480635 7.335211753845215 207
1764153487156 7.335211753845215 208
1764153493680 7.335211753845215 209
1764153500197 7.335211753845215 210
1764153506721 7.335211753845215 211
1764153513244 7.335211753845215 212
1764153519778 7.335211753845215 213
1764153526300 7.335211753845215 214
1764153541858 7.335211753845215 215
1764153548352 7.335211753845215 216
1764153554842 7.335211753845215 217
1764153561351 7.335211753845215 218
1764153567884 7.335211753845215 219
1764153574379 7.335211753845215 220
1764153580889 7.335211753845215 221
1764153587404 7.335211753845215 222
1764153593937 7.335211753845215 223
1764153600480 7.335211753845215 224
1764153606973 7.335211753845215 225
1764153613480 7.335211753845215 226
1764153620001 7.335211753845215 227
1764153626516 7.335211753845215 228
1764153633038 7.335211753845215 229
1764153639557 7.335211753845215 230
1764153646076 7.335211753845215 231
1764153652590 7.335211753845215 232
1764153659100 7.335211753845215 233
1764153665611 7.335211753845215 234
1764153672119 7.335211753845215 235
1764153678635 7.335211753845215 236
1764153685160 7.335211753845215 237
1764153691678 7.335211753845215 238
1764153698180 7.335211753845215 239
1764153704697 7.335211753845215 240
1764153711219 7.335211753845215 241
1764153717736 7.335211753845215 242
1764153724258 7.335211753845215 243
1764153730759 7.335211753845215 244
1764153737282 7.335211753845215 245
1764153743802 7.335211753845215 246
1764153750322 7.335211753845215 247
1764153756817 7.335211753845215 248
1764153763337 7.335211753845215 249
1764153769848 7.335211753845215 250
1764153776359 7.335211753845215 251
1764153782865 7.335211753845215 252
1764153789378 7.335211753845215 253
1764153795903 7.335211753845215 254
1764153802416 7.335211753845215 255
1764153808933 7.335211753845215 256
1764153815459 7.335211753845215 257
1764153821980 7.335211753845215 258
1764153828571 7.335211753845215 259
1764153835078 7.335211753845215 260
1764153841591 7.335211753845215 261
1764153848122 7.335211753845215 262
1764153854635 7.335211753845215 263
1764153861159 7.335211753845215 264
1764153867679 7.335211753845215 265
1764153874199 7.335211753845215 266
1764153880784 7.335211753845215 267
1764153917038 7.335211753845215 268
1764153923542 7.335211753845215 269
1764153930037 7.335211753845215 270
1764153936540 7.335211753845215 271
1764153943040 7.335211753845215 272
1764153949564 7.335211753845215 273
1764153956101 7.335211753845215 274
1764153962621 7.335211753845215 275
1764153969137 7.335211753845215 276
1764153975657 7.335211753845215 277
1764153982156 7.335211753845215 278
1764153988678 7.335211753845215 279
1764153995195 7.335211753845215 280
1764154001718 7.335211753845215 281
1764154008241 7.335211753845215 282
1764154014765 7.335211753845215 283
1764154021279 7.335211753845215 284
1764154027804 7.335211753845215 285
1764154034344 7.335211753845215 286
1764154040919 7.335211753845215 287
1764154047442 7.335211753845215 288
1764154053956 7.335211753845215 289
1764154060552 7.335211753845215 290
1764154067078 7.335211753845215 291
1764154073630 7.335211753845215 292
1764154080138 7.335211753845215 293
1764154086652 7.335211753845215 294
1764154093183 7.335211753845215 295
1764154099701 7.335211753845215 296
1764154106207 7.335211753845215 297
1764154112727 7.335211753845215 298
1764154119291 7.335211753845215 299
1764154125800 7.335211753845215 300
1764154132318 7.335211753845215 301
1764154138839 7.335211753845215 302
1764154145366 7.335211753845215 303
1764154151887 7.335211753845215 304
1764154158385 7.335211753845215 305
1764154164902 7.335211753845215 306
1764154171422 7.335211753845215 307
1764154177923 7.335211753845215 308
1764154184440 7.335211753845215 309
1764154190964 7.335211753845215 310
1764154197481 7.335211753845215 311
1764154204003 7.335211753845215 312
1764154210520 7.335211753845215 313
1764154217046 7.335211753845215 314
1764154223563 7.335211753845215 315
1764154230084 7.335211753845215 316
1764154236602 7.335211753845215 317
1764154243102 7.335211753845215 318
1764154249601 7.335211753845215 319
1764154256099 7.335211753845215 320
1764154262622 7.335211753845215 321
1764154277621 7.335211753845215 322
1764154284122 7.335211753845215 323
1764154290623 7.335211753845215 324
1764154297139 7.335211753845215 325
1764154303663 7.335211753845215 326
1764154310185 7.335211753845215 327
1764154316689 7.335211753845215 328
1764154323202 7.335211753845215 329
1764154329725 7.335211753845215 330
1764154336225 7.335211753845215 331
1764154342726 7.335211753845215 332
1764154349244 7.335211753845215 333
1764154355765 7.335211753845215 334
1764154362306 7.335211753845215 335
1764154368849 7.335211753845215 336
1764154375367 7.335211753845215 337
1764154382023 7.335211753845215 338
1764154388543 7.335211753845215 339
1764154395095 7.335211753845215 340
1764154401604 7.335211753845215 341
1764154408128 7.335211753845215 342
1764154414648 7.335211753845215 343
1764154421172 7.335211753845215 344
1764154427686 7.335211753845215 345
1764154434289 7.335211753845215 346
1764154440804 7.335211753845215 347
1764154448554 7.335211753845215 348
1764154455041 7.335211753845215 349
1764154461564 7.335211753845215 350
1764154468085 7.335211753845215 351
1764154474591 7.335211753845215 352
1764154481160 7.335211753845215 353
1764154487689 7.335211753845215 354
1764154494205 7.335211753845215 355
1764154500726 7.335211753845215 356
1764154507255 7.335211753845215 357
1764154513785 7.335211753845215 358
1764154520304 7.335211753845215 359
1764154526833 7.335211753845215 360
1764154533509 7.335211753845215 361
1764154540020 7.335211753845215 362
1764154546511 7.335211753845215 363
1764154553027 7.335211753845215 364
1764154559546 7.335211753845215 365
1764154566063 7.335211753845215 366
1764154572590 7.335211753845215 367
1764154579105 7.335211753845215 368
1764154585792 7.335211753845215 369
1764154592389 7.335211753845215 370
1764154599814 7.335211753845215 371
1764154606337 7.335211753845215 372
1764154612845 7.335211753845215 373
1764154619386 7.335211753845215 374
1764154633384 7.335211753845215 375
1764154639889 7.335211753845215 376
1764154646406 7.335211753845215 377
1764154652927 7.335211753845215 378
1764154659446 7.335211753845215 379
1764154665940 7.335211753845215 380
1764154672464 7.335211753845215 381
1764154678984 7.335211753845215 382
1764154685503 7.335211753845215 383
1764154692019 7.335211753845215 384
1764154698527 7.335211753845215 385
1764154705048 7.335211753845215 386
1764154711562 7.335211753845215 387
1764154718079 7.335211753845215 388
1764154724659 7.335211753845215 389
1764154731169 7.335211753845215 390
1764154737688 7.335211753845215 391
1764154744230 7.335211753845215 392
1764154750745 7.335211753845215 393
1764154757246 7.335211753845215 394
1764154763769 7.335211753845215 395
1764154770289 7.335211753845215 396
1764154776804 7.335211753845215 397
1764154783323 7.335211753845215 398
1764154789846 7.335211753845215 399
1764154796364 7.335211753845215 400
1764154802891 7.335211753845215 401
1764154809404 7.335211753845215 402
1764154815926 7.335211753845215 403
1764154822444 7.335211753845215 404
1764154828965 7.335211753845215 405
1764154835473 7.335211753845215 406
1764154841977 7.335211753845215 407
1764154848483 7.335211753845215 408
1764154855004 7.335211753845215 409
1764154861504 7.335211753845215 410
1764154868008 7.335211753845215 411
1764154874508 7.335211753845215 412
1764154881006 7.335211753845215 413
1764154887567 7.335211753845215 414
1764154894082 7.335211753845215 415
1764154900613 7.335211753845215 416
1764154907145 7.335211753845215 417
1764154913667 7.335211753845215 418
1764154920187 7.335211753845215 419
1764154926682 7.335211753845215 420
1764154933182 7.335211753845215 421
1764154939688 7.335211753845215 422
1764154946205 7.335211753845215 423
1764154952709 7.335211753845215 424
1764154959210 7.335211753845215 425
1764154965725 7.335211753845215 426
1764154972241 7.335211753845215 427
1764154978767 7.335211753845215 428
1764155014808 7.335211753845215 429
1764155021289 7.335211753845215 430
1764155027787 7.335211753845215 431
1764155034270 7.335211753845215 432
1764155040758 7.335211753845215 433
1764155047287 7.335211753845215 434
1764155053781 7.335211753845215 435
1764155060287 7.335211753845215 436
1764155066811 7.335211753845215 437
1764155073308 7.335211753845215 438
1764155079832 7.335211753845215 439
1764155086348 7.335211753845215 440
1764155092865 7.335211753845215 441
1764155099385 7.335211753845215 442
1764155105912 7.335211753845215 443
1764155112428 7.335211753845215 444
1764155118946 7.335211753845215 445
1764155125467 7.335211753845215 446
1764155131988 7.335211753845215 447
1764155138518 7.335211753845215 448
1764155145028 7.335211753845215 449
1764155151546 7.335211753845215 450
1764155158056 7.335211753845215 451
1764155164567 7.335211753845215 452
1764155171090 7.335211753845215 453
1764155177614 7.335211753845215 454
1764155184130 7.335211753845215 455
1764155190652 7.335211753845215 456
1764155197192 7.335211753845215 457
1764155203711 7.335211753845215 458
1764155210209 7.335211753845215 459
1764155216730 7.335211753845215 460
1764155223275 7.335211753845215 461
1764155229786 7.335211753845215 462
1764155236367 7.335211753845215 463
1764155242889 7.335211753845215 464
1764155249439 7.335211753845215 465
1764155255968 7.335211753845215 466
1764155262489 7.335211753845215 467
1764155269004 7.335211753845215 468
1764155275528 7.335211753845215 469
1764155282111 7.335211753845215 470
1764155288628 7.335211753845215 471
1764155295144 7.335211753845215 472
1764155301664 7.335211753845215 473
1764155308154 7.335211753845215 474
1764155314702 7.335211753845215 475
1764155321186 7.335211753845215 476
1764155327690 7.335211753845215 477
1764155334187 7.335211753845215 478
1764155340703 7.335211753845215 479
1764155347206 7.335211753845215 480
1764155353725 7.335211753845215 481
1764155368746 7.335211753845215 482
1764155375266 7.335211753845215 483
1764155381772 7.335211753845215 484
1764155388288 7.335211753845215 485
1764155394789 7.335211753845215 486
1764155401295 7.335211753845215 487
1764155407791 7.335211753845215 488
1764155414306 7.335211753845215 489
1764155420805 7.335211753845215 490
1764155427307 7.335211753845215 491
1764155433827 7.335211753845215 492
1764155440343 7.335211753845215 493
1764155446862 7.335211753845215 494
1764155453396 7.335211753845215 495
1764155459906 7.335211753845215 496
1764155466404 7.335211753845215 497
1764155472908 7.335211753845215 498
1764155479424 7.335211753845215 499
1764155485946 7.335211753845215 500
1764155492464 7.335211753845215 501
1764155498982 7.335211753845215 502
1764155505509 7.335211753845215 503
1764155512015 7.335211753845215 504
1764155518529 7.335211753845215 505
1764155525050 7.335211753845215 506
1764155531587 7.335211753845215 507
1764155538097 7.335211753845215 508
1764155544609 7.335211753845215 509
1764155551128 7.335211753845215 510
1764155557621 7.335211753845215 511
1764155564148 7.335211753845215 512
1764155570659 7.335211753845215 513
1764155577188 7.335211753845215 514
1764155583705 7.335211753845215 515
1764155590234 7.335211753845215 516
1764155596751 7.335211753845215 517
1764155603259 7.335211753845215 518
1764155609789 7.335211753845215 519
1764155616305 7.335211753845215 520
1764155622827 7.335211753845215 521
1764155629332 7.335211753845215 522
1764155635843 7.335211753845215 523
1764155642354 7.335211753845215 524
1764155648892 7.335211753845215 525
1764155655462 7.335211753845215 526
1764155661970 7.335211753845215 527
1764155668488 7.335211753845215 528
1764155675010 7.335211753845215 529
1764155681555 7.335211753845215 530
1764155688112 7.335211753845215 531
1764155694629 7.335211753845215 532
1764155701151 7.335211753845215 533
1764155707681 7.335211753845215 534
1764155714184 7.335211753845215 535
1764155728248 7.335211753845215 536
1764155734763 7.335211753845215 537
1764155741294 7.335211753845215 538
1764155747791 7.335211753845215 539
1764155754308 7.335211753845215 540
1764155760807 7.335211753845215 541
1764155767306 7.335211753845215 542
1764155773814 7.335211753845215 543
1764155780329 7.335211753845215 544
1764155786850 7.335211753845215 545
1764155793371 7.335211753845215 546
1764155799890 7.335211753845215 547
1764155806397 7.335211753845215 548
1764155812931 7.335211753845215 549
1764155819449 7.335211753845215 550
1764155825962 7.335211753845215 551
1764155832488 7.335211753845215 552
1764155839007 7.335211753845215 553
1764155845513 7.335211753845215 554
1764155852039 7.335211753845215 555
1764155858604 7.335211753845215 556
1764155868162 7.335211753845215 557
1764155878195 7.335211753845215 558
1764155884685 7.335211753845215 559
1764155891194 7.335211753845215 560
1764155897715 7.335211753845215 561
1764155904242 7.335211753845215 562
1764155913396 7.335211753845215 563
1764155925565 7.335211753845215 564
1764155937753 7.335211753845215 565
1764155948963 7.335211753845215 566
1764155955438 7.335211753845215 567
1764155961926 7.335211753845215 568
1764155969393 7.335211753845215 569
1764155981543 7.335211753845215 570
1764155993682 7.335211753845215 571
1764156005837 7.335211753845215 572
1764156013052 7.335211753845215 573
1764156019575 7.335211753845215 574
1764156026086 7.335211753845215 575
1764156038134 7.335211753845215 576
1764156050310 7.335211753845215 577
1764156062488 7.335211753845215 578
1764156070730 7.335211753845215 579
1764156077256 7.335211753845215 580
1764156086819 7.335211753845215 581
1764156096883 7.335211753845215 582
1764156103363 7.335211753845215 583
1764156109885 7.335211753845215 584
1764156116418 7.335211753845215 585
1764156124422 7.335211753845215 586
1764156133805 7.335211753845215 587
1764156143202 7.335211753845215 588
1764156163037 7.335211753845215 589
1764156172450 7.335211753845215 590
1764156180269 7.335211753845215 591
1764156186794 7.335211753845215 592
1764156193332 7.335211753845215 593
1764156202309 7.335211753845215 594
1764156211685 7.335211753845215 595
1764156221110 7.335211753845215 596
1764156230572 7.335211753845215 597
1764156240057 7.335211753845215 598
1764156249506 7.335211753845215 599
1764156256472 7.335211753845215 600
1764156262987 7.335211753845215 601
1764156269798 7.335211753845215 602
1764156279278 7.335211753845215 603
1764156288687 7.335211753845215 604
1764156298103 7.335211753845215 605
1764156307580 7.335211753845215 606
1764156317015 7.335211753845215 607
1764156326429 7.335211753845215 608
1764156332948 7.335211753845215 609
1764156339793 7.335211753845215 610
1764156350343 7.335211753845215 611
1764156359046 7.335211753845215 612
1764156365570 7.335211753845215 613
1764156372091 7.335211753845215 614
1764156378647 7.335211753845215 615
1764156388268 7.335211753845215 616
1764156399654 7.335211753845215 617
1764156410938 7.335211753845215 618
1764156422342 7.335211753845215 619
1764156431849 7.335211753845215 620
1764156438373 7.335211753845215 621
1764156444891 7.335211753845215 622
1764156454397 7.335211753845215 623
1764156465840 7.335211753845215 624
1764156477165 7.335211753845215 625
1764156488612 7.335211753845215 626
1764156498395 7.335211753845215 627
1764156504914 7.335211753845215 628
1764156511433 7.335211753845215 629
1764156520771 7.335211753845215 630
1764156532213 7.335211753845215 631
1764156543514 7.335211753845215 632
1764156554922 7.335211753845215 633
1764156564891 7.335211753845215 634
1764156571434 7.335211753845215 635
1764156579348 7.335211753845215 636
1764156589983 7.335211753845215 637
1764156597635 7.335211753845215 638
1764156604174 7.335211753845215 639
1764156610716 7.335211753845215 640
1764156617272 7.335211753845215 641
1764156627820 7.335211753845215 642
1764156650619 7.335211753845215 643
1764156657145 7.335211753845215 644
1764156663685 7.335211753845215 645
1764156672230 7.335211753845215 646
1764156683704 7.335211753845215 647
1764156695155 7.335211753845215 648
1764156703057 7.335211753845215 649
1764156709591 7.335211753845215 650
1764156716115 7.335211753845215 651
1764156726966 7.335211753845215 652
1764156738436 7.335211753845215 653
1764156749153 7.335211753845215 654
1764156755672 7.335211753845215 655
1764156762190 7.335211753845215 656
1764156768713 7.335211753845215 657
1764156775230 7.335211753845215 658
1764156781748 7.335211753845215 659
1764156788271 7.335211753845215 660
1764156794815 7.335211753845215 661
1764156801358 7.335211753845215 662
1764156807947 7.335211753845215 663
1764156814508 7.335211753845215 664
1764156821086 7.335211753845215 665
1764156827618 7.335211753845215 666
1764156834135 7.335211753845215 667
1764156840675 7.335211753845215 668
1764156847219 7.335211753845215 669
1764156853734 7.335211753845215 670
1764156860269 7.335211753845215 671
1764156866818 7.335211753845215 672
1764156873353 7.335211753845215 673
1764156879893 7.335211753845215 674
1764156886482 7.335211753845215 675
1764156892990 7.335211753845215 676
1764156899513 7.335211753845215 677
1764156906026 7.335211753845215 678
1764156912553 7.335211753845215 679
1764156919148 7.335211753845215 680
1764156925678 7.335211753845215 681
1764156932187 7.335211753845215 682
1764156938687 7.335211753845215 683
1764156945215 7.335211753845215 684
1764156951735 7.335211753845215 685
1764156958248 7.335211753845215 686
1764156964771 7.335211753845215 687
1764156971291 7.335211753845215 688
1764156977814 7.335211753845215 689
1764156984328 7.335211753845215 690
1764156990848 7.335211753845215 691
1764156998467 7.335211753845215 692
1764157009083 7.335211753845215 693
1764157017015 7.335211753845215 694
1764157023529 7.335211753845215 695
1764157037537 7.335211753845215 696
1764157044055 7.335211753845215 697
1764157050654 7.335211753845215 698
1764157057172 7.335211753845215 699
1764157063697 7.335211753845215 700
1764157070232 7.335211753845215 701
1764157076748 7.335211753845215 702
1764157083274 7.335211753845215 703
1764157089816 7.335211753845215 704
1764157096343 7.335211753845215 705
1764157102872 7.335211753845215 706
1764157113167 7.335211753845215 707
1764157125019 7.335211753845215 708
1764157136825 7.335211753845215 709
1764157148708 7.335211753845215 710
1764157160495 7.335211753845215 711
1764157172298 7.335211753845215 712
1764157184098 7.335211753845215 713
1764157195877 7.335211753845215 714
1764157207692 7.335211753845215 715
1764157219520 7.335211753845215 716
1764157231432 7.335211753845215 717
1764157243290 7.335211753845215 718
1764157255104 7.335211753845215 719
1764157266891 7.335211753845215 720
1764157278647 7.335211753845215 721
1764157290496 7.335211753845215 722
1764157302327 7.335211753845215 723
1764157314109 7.335211753845215 724
1764157326004 7.335211753845215 725
1764157337826 7.335211753845215 726
1764157349618 7.335211753845215 727
1764157361462 7.335211753845215 728
1764157373296 7.335211753845215 729
1764157385082 7.335211753845215 730
1764157396924 7.335211753845215 731
1764157408802 7.335211753845215 732
1764157420646 7.335211753845215 733
1764157432452 7.335211753845215 734
1764157444265 7.335211753845215 735
1764157456118 7.335211753845215 736
1764157467955 7.335211753845215 737
1764157479854 7.335211753845215 738
1764157491727 7.335211753845215 739
1764157503533 7.335211753845215 740
1764157515376 7.335211753845215 741
1764157527224 7.335211753845215 742
1764157539070 7.335211753845215 743
1764157550967 7.335211753845215 744
1764157562773 7.335211753845215 745
1764157574649 7.335211753845215 746
1764157586513 7.335211753845215 747
1764157598307 7.335211753845215 748
1764157610215 7.335211753845215 749
1764157634893 7.335211753845215 750
1764157646683 7.335211753845215 751
1764157658538 7.335211753845215 752
1764157670370 7.335211753845215 753
1764157682173 7.335211753845215 754
1764157694010 7.335211753845215 755
1764157705802 7.335211753845215 756
1764157717619 7.335211753845215 757
1764157729442 7.335211753845215 758
1764157741259 7.335211753845215 759
1764157753052 7.335211753845215 760
1764157764894 7.335211753845215 761
1764157776707 7.335211753845215 762
1764157788541 7.335211753845215 763
1764157800364 7.335211753845215 764
1764157812177 7.335211753845215 765
1764157824022 7.335211753845215 766
1764157835340 7.335211753845215 767
1764157846943 7.335211753845215 768
1764157858767 7.335211753845215 769
1764157870579 7.335211753845215 770
1764157882401 7.335211753845215 771
1764157894287 7.335211753845215 772
1764157906118 7.335211753845215 773
1764157918005 7.335211753845215 774
1764157929883 7.335211753845215 775
1764157941730 7.335211753845215 776
1764157953508 7.335211753845215 777
1764157965340 7.335211753845215 778
1764157977187 7.335211753845215 779
1764157989049 7.335211753845215 780
1764158000845 7.335211753845215 781
1764158012658 7.335211753845215 782
1764158024509 7.335211753845215 783
1764158036334 7.335211753845215 784
1764158048173 7.335211753845215 785
1764158060027 7.335211753845215 786
1764158071843 7.335211753845215 787
1764158083697 7.335211753845215 788
1764158095535 7.335211753845215 789
1764158107326 7.335211753845215 790
1764158119125 7.335211753845215 791
1764158130977 7.335211753845215 792
1764158142782 7.335211753845215 793
1764158154582 7.335211753845215 794
1764158166430 7.335211753845215 795
1764158178208 7.335211753845215 796
1764158189997 7.335211753845215 797
1764158205037 7.335211753845215 798
1764158223229 7.335211753845215 799
1764158241479 7.335211753845215 800
1764158259692 7.335211753845215 801
1764158277868 7.335211753845215 802
1764158315359 7.335211753845215 803
1764158333601 7.335211753845215 804
1764158351841 7.335211753845215 805
1764158370060 7.335211753845215 806
1764158388262 7.335211753845215 807
1764158406538 7.335211753845215 808
1764158424823 7.335211753845215 809
1764158443055 7.335211753845215 810
1764158461250 7.335211753845215 811
1764158479544 7.335211753845215 812
1764158497772 7.335211753845215 813
1764158516036 7.335211753845215 814
1764158534353 7.335211753845215 815
1764158552620 7.335211753845215 816
1764158570831 7.335211753845215 817
1764158589056 7.335211753845215 818
1764158607308 7.335211753845215 819
1764158625607 7.335211753845215 820
1764158643948 7.335211753845215 821
1764158662228 7.335211753845215 822
1764158680469 7.335211753845215 823
1764158698745 7.335211753845215 824
1764158717006 7.335211753845215 825
1764158735284 7.335211753845215 826
1764158752966 7.335211753845215 827
1764158771239 7.335211753845215 828
1764158789457 7.335211753845215 829
1764158807695 7.335211753845215 830
1764158825946 7.335211753845215 831
1764158844213 7.335211753845215 832
