1764449617017 1.0 5
1764449657404 1.0 10
1764449697822 1.0 15
1764449738215 1.0 20
1764449778608 1.0 25
1764449819039 1.0 30
1764449859480 1.0 35
1764449899858 1.0 40
1764449940224 1.0 45
1764449980637 1.0 50
1764450021061 1.0 55
1764450061434 0.3463932275772095 60
1764450101817 0.38406482338905334 65
1764450142222 0.30981409549713135 70
1764450182616 0.4891635775566101 75
1764450222971 0.49640119075775146 80
1764450263313 0.4295029640197754 85
1764450303691 0.2574109435081482 90
1764450344028 0.3236333429813385 95
1764450384352 0.2669500410556793 100
1764450424674 0.29447025060653687 105
1764450465078 0.15260347723960876 110
1764450505472 0.36827200651168823 115
1764450545871 0.26338517665863037 120
1764450586271 0.2928173542022705 125
1764450643418 0.24611854553222656 130
1764450683794 0.373797744512558 135
1764450724141 0.27093836665153503 140
1764450764527 0.15685655176639557 145
1764450804921 0.1605716049671173 150
1764450845355 0.2030864804983139 155
1764450885754 0.272908091545105 160
1764450926163 0.8564836382865906 165
1764450966581 0.370553582906723 170
1764451006949 0.5243294835090637 175
1764451047342 0.30186811089515686 180
1764451087731 0.41425928473472595 185
1764451128103 0.2878863513469696 190
1764451168449 0.2624977231025696 195
1764451208839 0.5320532321929932 200
1764451249312 1.0 205
1764451289723 0.3663661777973175 210
1764451330072 0.4260534644126892 215
1764451370449 0.4112677276134491 220
1764451410823 0.46694591641426086 225
1764451451171 0.5897630453109741 230
1764451491495 0.19106803834438324 235
1764451531924 0.1419270634651184 240
1764451572403 0.24718092381954193 245
1764451612875 0.1940820813179016 250
1764451669866 0.34309497475624084 255
1764451710291 0.16176897287368774 260
1764451750780 0.28761348128318787 265
1764451791233 0.30126968026161194 270
1764451831672 0.1880476474761963 275
1764451872111 0.6094582676887512 280
1764451912505 0.6554495692253113 285
1764451952966 0.5288562178611755 290
1764451993401 0.3557678163051605 295
1764452033774 0.21426118910312653 300
1764452074131 0.19772234559059143 305
1764452114495 0.17277242243289948 310
1764452154851 0.3247661590576172 315
1764452195263 0.3160437047481537 320
1764452235673 0.29111966490745544 325
1764452276048 0.19225788116455078 330
1764452316448 0.3606172204017639 335
1764452356875 0.26749128103256226 340
1764452397333 0.19289171695709229 345
1764452437735 0.33081963658332825 350
1764452478093 0.2705073356628418 355
1764452518471 0.19817499816417694 360
1764452558791 0.16847950220108032 365
1764452599187 0.5286945700645447 370
1764452639534 0.23007608950138092 375
1764452692175 0.40431755781173706 380
1764452732599 0.698951244354248 385
1764452773035 0.3733072876930237 390
1764452813453 0.7399297952651978 395
1764452853875 0.30618634819984436 400
1764452894316 0.5197657346725464 405
1764452934803 0.2209998518228531 410
1764452975156 0.3081612288951874 415
1764453015483 0.15219053626060486 420
1764453055887 0.164878249168396 425
1764453096318 0.3357718586921692 430
1764453136755 0.6017024517059326 435
1764453177228 0.1602398008108139 440
1764453217675 0.16357873380184174 445
1764453258262 0.3025682866573334 450
1764453298653 0.2362585961818695 455
1764453339036 0.23441457748413086 460
1764453379419 0.4474029242992401 465
1764453419749 0.28211814165115356 470
1764453460147 0.3341870903968811 475
1764453500514 0.25851911306381226 480
1764453540900 0.3552727699279785 485
1764453581274 0.17898526787757874 490
1764453621621 0.23264822363853455 495
1764453661995 0.2100089192390442 500
1764453714622 0.23012706637382507 505
1764453754964 0.28614020347595215 510
1764453795342 0.3708173334598541 515
1764453835637 0.4868699312210083 520
1764453876016 0.3346236050128937 525
1764453916342 0.14594830572605133 530
1764453956680 0.2856360971927643 535
1764453997065 0.1609308123588562 540
1764454037434 0.23080088198184967 545
1764454077780 0.4235687255859375 550
1764454118239 0.7051225304603577 555
1764454158684 0.2859848737716675 560
1764454199142 0.20443442463874817 565
1764454239561 0.15243732929229736 570
1764454279982 0.20504005253314972 575
1764454320423 0.23988275229930878 580
1764454360808 0.25082331895828247 585
1764454401261 0.15416082739830017 590
1764454441745 0.15494127571582794 595
1764454482143 0.2166813611984253 600
1764454522605 0.268626868724823 605
1764454563060 0.2575797438621521 610
1764454603554 0.45783326029777527 615
1764454644031 0.18468888103961945 620
1764454684543 0.2913259267807007 625
1764454737326 0.3121204078197479 630
1764454777745 0.1675499528646469 635
1764454818206 0.6934418082237244 640
1764454858736 0.5534355044364929 645
1764454899178 0.15122604370117188 650
1764454939640 0.31159448623657227 655
1764454980102 0.4663824141025543 660
1764455020566 0.18486346304416656 665
1764455060984 0.24748262763023376 670
1764455101426 0.16310448944568634 675
1764455141923 0.2347804754972458 680
1764455182424 0.1609867513179779 685
1764455222882 0.4765329360961914 690
1764455263415 0.21726557612419128 695
1764455303906 0.15769539773464203 700
1764455344324 0.13280032575130463 705
1764455384822 0.40223535895347595 710
1764455425324 0.13456599414348602 715
1764455465780 0.16382840275764465 720
1764455506323 0.20502588152885437 725
1764455546801 0.19631874561309814 730
1764455587197 0.13975682854652405 735
1764455627661 0.42066216468811035 740
1764455668080 0.29005569219589233 745
1764455708602 0.4394610822200775 750
1764455761286 0.184428870677948 755
1764455801787 0.1319538801908493 760
1764455842200 0.4457865059375763 765
1764455882639 0.2840120792388916 770
1764455923038 0.14820529520511627 775
1764455963437 0.13665124773979187 780
1764456003882 0.35708993673324585 785
1764456044360 0.17059047520160675 790
1764456084837 0.2110089361667633 795
1764456125282 0.22634658217430115 800
1764456165686 0.13100333511829376 805
1764456206122 0.3807803988456726 810
1764456246583 0.4817327857017517 815
1764456287019 0.35961538553237915 820
1764456327398 0.843306303024292 825
1764456367780 0.24601605534553528 830
1764456408221 0.1647479385137558 835
1764456448682 0.24058271944522858 840
1764456489122 0.28394243121147156 845
1764456529488 0.23239849507808685 850
1764456569897 0.2293667048215866 855
1764456610251 0.4096892178058624 860
1764456650641 0.1379968523979187 865
1764456691041 0.4804867208003998 870
1764456731440 0.21276287734508514 875
1764456784142 0.1191427931189537 880
1764456824622 0.19852419197559357 885
1764456865062 0.2625870704650879 890
1764456905614 0.24936051666736603 895
1764456946117 0.1480378955602646 900
1764456986510 0.19633568823337555 905
1764457026912 0.3683696985244751 910
1764457067330 0.30833762884140015 915
1764457107785 0.37870749831199646 920
1764457148222 0.17935329675674438 925
1764457188661 0.4645400941371918 930
1764457229080 0.34796369075775146 935
1764457269482 0.3614608645439148 940
1764457309885 0.12084724754095078 945
1764457350262 0.4653475880622864 950
1764457390624 0.4672548770904541 955
1764457431024 0.17135882377624512 960
1764457471465 0.13116084039211273 965
1764457511845 0.19808848202228546 970
1764457552323 0.13258378207683563 975
1764457592726 0.26043441891670227 980
1764457633236 0.2347269207239151 985
1764457673708 0.22612492740154266 990
1764457714187 0.5229062438011169 995
1764457767030 0.32466742396354675 1000
1764457807507 0.3836739957332611 1005
1764457847944 0.19032080471515656 1010
1764457888407 0.15041294693946838 1015
1764457928809 0.16098681092262268 1020
1764457969254 0.22529497742652893 1025
1764458009716 0.21474699676036835 1030
1764458050201 0.13932636380195618 1035
1764458090485 0.23478487133979797 1040
1764458130867 0.2291233390569687 1045
1764458171296 0.1452573537826538 1050
1764458211630 0.207596555352211 1055
1764458252011 0.23390856385231018 1060
1764458292437 0.3347751498222351 1065
1764458332832 0.20575734972953796 1070
1764458373273 0.2295936644077301 1075
1764458413649 0.16666904091835022 1080
1764458454029 0.1498917192220688 1085
1764458494371 0.35872313380241394 1090
1764458534717 0.17709334194660187 1095
1764458575112 0.26452475786209106 1100
1764458615535 0.36711597442626953 1105
1764458655953 0.3578091859817505 1110
1764458696370 0.17748041450977325 1115
1764458736751 0.20248709619045258 1120
1764458777224 0.2405986785888672 1125
1764458829870 0.2954719066619873 1130
1764458870356 0.14417661726474762 1135
1764458910854 0.21822457015514374 1140
1764458951149 0.16994443535804749 1145
1764458991497 0.1361612230539322 1150
1764459031899 0.15212894976139069 1155
1764459072276 0.42100632190704346 1160
1764459112669 0.14125925302505493 1165
1764459153121 0.3200477957725525 1170
1764459193578 0.1774122565984726 1175
1764459234010 0.17770814895629883 1180
1764459274526 0.19885674118995667 1185
1764459315009 0.20498064160346985 1190
1764459355447 0.29671359062194824 1195
1764459395908 0.4727994501590729 1200
1764459436321 0.15564899146556854 1205
1764459476765 0.17673233151435852 1210
1764459517209 0.26820409297943115 1215
1764459557634 0.16956686973571777 1220
1764459598042 0.3176344335079193 1225
1764459638482 0.16501681506633759 1230
1764459678930 0.28137707710266113 1235
1764459719378 0.36255037784576416 1240
1764459759931 0.1901099681854248 1245
1764459812672 0.31461426615715027 1250
