1764449617017 1.3513514378378378e-05 5
1764449657404 2.7027027756756756e-05 10
1764449697822 4.0540541135135136e-05 15
1764449738215 5.405405451351351e-05 20
1764449778608 6.756756789189186e-05 25
1764449819039 8.108108127027024e-05 30
1764449859480 9.459459464864861e-05 35
1764449899858 9.999850585181534e-05 40
1764449940224 9.998937527289477e-05 45
1764449980637 9.997194572664654e-05 50
1764450021061 9.994622013586439e-05 55
1764450061434 9.991220281452149e-05 60
1764450101817 9.986989946704706e-05 65
1764450142222 9.981931718736977e-05 70
1764450182616 9.976046445772816e-05 75
1764450222971 9.969335114724825e-05 80
1764450263313 9.961798851028851e-05 85
1764450303691 9.953438918455267e-05 90
1764450344028 9.944256718897045e-05 95
1764450384352 9.934253792134664e-05 100
1764450424674 9.923431815577911e-05 105
1764450465078 9.911792603984591e-05 110
1764450505472 9.899338109156197e-05 115
1764450545871 9.886070419610621e-05 120
1764450586271 9.871991760231919e-05 125
1764450643418 9.85710449189722e-05 130
1764450683794 9.841411111080823e-05 135
1764450724141 9.824914249435567e-05 140
1764450764527 9.807616673351506e-05 145
1764450804921 9.789521283492024e-05 150
1764450845355 9.770631114307417e-05 155
1764450885754 9.750949333526028e-05 160
1764450926163 9.730479241623055e-05 165
1764450966581 9.709224271267086e-05 170
1764451006949 9.687187986744465e-05 175
1764451047342 9.664374083361599e-05 180
1764451087731 9.640786386825266e-05 185
1764451128103 9.616428852601101e-05 190
1764451168449 9.591305565250274e-05 195
1764451208839 9.565420737744553e-05 200
1764451249312 9.538778710759823e-05 205
1764451289723 9.51138395194819e-05 210
1764451330072 9.483241055188782e-05 215
1764451370449 9.454354739817404e-05 220
1764451410823 9.424729849835142e-05 225
1764451451171 9.394371353096059e-05 230
1764451491495 9.363284340474128e-05 235
1764451531924 9.331474025009536e-05 240
1764451572403 9.298945741034497e-05 245
1764451612875 9.265704943278725e-05 250
1764451669866 9.231757205954728e-05 255
1764451710291 9.197108221823044e-05 260
1764451750780 9.161763801237629e-05 265
1764451791233 9.125729871171497e-05 270
1764451831672 9.089012474222816e-05 275
1764451872111 9.05161776760161e-05 280
1764451912505 9.013552022097252e-05 285
1764451952966 8.974821621026896e-05 290
1764451993401 8.935433059165054e-05 295
1764452033774 8.89539294165447e-05 300
1764452074131 8.854707982898497e-05 305
1764452114495 8.813385005435128e-05 310
1764452154851 8.771430938792937e-05 315
1764452195263 8.728852818329037e-05 320
1764452235673 8.685657784049306e-05 325
1764452276048 8.641853079411081e-05 330
1764452316448 8.597446050108473e-05 335
1764452356875 8.552444142840566e-05 340
1764452397333 8.506854904062649e-05 345
1764452437735 8.460685978720757e-05 350
1764452478093 8.413945108969663e-05 355
1764452518471 8.366640132874582e-05 360
1764452558791 8.318778983096798e-05 365
1764452599187 8.270369685563412e-05 370
1764452639534 8.221420358121464e-05 375
1764452692175 8.171939209176634e-05 380
1764452732599 8.121934536316763e-05 385
1764452773035 8.071414724920407e-05 390
1764452813453 8.020388246750688e-05 395
1764452853875 7.968863658534635e-05 400
1764452894316 7.916849600528301e-05 405
1764452934803 7.864354795067854e-05 410
1764452975156 7.811388045106918e-05 415
1764453015483 7.757958232740386e-05 420
1764453055887 7.704074317714967e-05 425
1764453096318 7.649745335926703e-05 430
1764453136755 7.59498039790573e-05 435
1764453177228 7.539788687288515e-05 440
1764453217675 7.484179459277826e-05 445
1764453258262 7.42816203909072e-05 450
1764453298653 7.371745820394772e-05 455
1764453339036 7.314940263732844e-05 460
1764453379419 7.257754894936611e-05 465
1764453419749 7.20019930352917e-05 470
1764453460147 7.142283141116952e-05 475
1764453500514 7.084016119771226e-05 480
1764453540900 7.025408010399457e-05 485
1764453581274 6.966468641106812e-05 490
1764453621621 6.907207895548065e-05 495
1764453661995 6.847635711270184e-05 500
1764453714622 6.787762078045882e-05 505
1764453754964 6.727597036198431e-05 510
1764453795342 6.667150674917958e-05 515
1764453835637 6.606433130569583e-05 520
1764453876016 6.545454584993632e-05 525
1764453916342 6.484225263798218e-05 530
1764453956680 6.422755434644498e-05 535
1764453997065 6.361055405524866e-05 540
1764454037434 6.299135523034376e-05 545
1764454077780 6.237006170635727e-05 550
1764454118239 6.174677766918011e-05 555
1764454158684 6.112160763849621e-05 560
1764454199142 6.0494656450255286e-05 565
1764454239561 5.9866029239092815e-05 570
1764454279982 5.923583142069965e-05 575
1764454320423 5.8604168674144825e-05 580
1764454360808 5.797114692415393e-05 585
1764454401261 5.733687232334646e-05 590
1764454441745 5.6701451234434764e-05 595
1764454482143 5.606499021238804e-05 600
1764454522605 5.542759598656379e-05 605
1764454563060 5.47893754428103e-05 610
1764454603554 5.415043560554259e-05 615
1764454644031 5.351088361979543e-05 620
1764454684543 5.2870826733255944e-05 625
1764454737326 5.223037227827897e-05 630
1764454777745 5.15896276538884e-05 635
1764454818206 5.094870030776718e-05 640
1764454858736 5.030769771823921e-05 645
1764454899178 4.9666727376246056e-05 650
1764454939640 4.902589676732171e-05 655
1764454980102 4.8385313353568006e-05 660
1764455020566 4.7745084555634166e-05 665
1764455060984 4.7105317734703196e-05 670
1764455101426 4.646612017448833e-05 675
1764455141923 4.5827599063242386e-05 680
1764455182424 4.518986147578316e-05 685
1764455222882 4.455301435553784e-05 690
1764455263415 4.391716449660952e-05 695
1764455303906 4.328241852586861e-05 700
1764455344324 4.264888288507239e-05 705
1764455384822 4.2016663813015703e-05 710
1764455425324 4.138586732771542e-05 715
1764455465780 4.075659920863211e-05 720
1764455506323 4.012896497893177e-05 725
1764455546801 3.950306988779033e-05 730
1764455587197 3.887901889274431e-05 735
1764455627661 3.8256916642090256e-05 740
1764455668080 3.763686745733604e-05 745
1764455708602 3.701897531570703e-05 750
1764455761286 3.640334383270991e-05 755
1764455801787 3.5790076244757233e-05 760
1764455842200 3.517927539185557e-05 765
1764455882639 3.457104370035991e-05 770
1764455923038 3.396548316579773e-05 775
1764455963437 3.3362695335765146e-05 780
1764456003882 3.2762781292898124e-05 785
1764456044360 3.21658416379219e-05 790
1764456084837 3.157197647278086e-05 795
1764456125282 3.098128538385239e-05 800
1764456165686 3.0393867425247037e-05 805
1764456206122 2.9809821102197874e-05 810
1764456246583 2.9229244354541962e-05 815
1764456287019 2.8652234540296784e-05 820
1764456327398 2.8078888419333927e-05 825
1764456367780 2.7509302137153208e-05 830
1764456408221 2.6943571208760097e-05 835
1764456448682 2.638179050264834e-05 840
1764456489122 2.5824054224891496e-05 845
1764456529488 2.52704559033452e-05 850
1764456569897 2.4721088371963338e-05 855
1764456610251 2.4176043755230613e-05 860
1764456650641 2.3635413452713926e-05 865
1764456691041 2.309928812373542e-05 870
1764456731440 2.256775767216974e-05 875
1764456784142 2.2040911231367755e-05 880
1764456824622 2.1518837149209674e-05 885
1764456865062 2.100162297328984e-05 890
1764456905614 2.0489355436235677e-05 895
1764456946117 1.9982120441163376e-05 900
1764456986510 1.9480003047272558e-05 905
1764457026912 1.89830874555826e-05 910
1764457067330 1.849145699481281e-05 915
1764457107785 1.8005194107408845e-05 920
1764457148222 1.7524380335717748e-05 925
1764457188661 1.704909630831408e-05 930
1764457229080 1.6579421726478993e-05 935
1764457269482 1.611543535083516e-05 940
1764457309885 1.5657214988139032e-05 945
1764457350262 1.5204837478233476e-05 950
1764457390624 1.4758378681162294e-05 955
1764457431024 1.4317913464449047e-05 960
1764457471465 1.3883515690542424e-05 965
1764457511845 1.3455258204430148e-05 970
1764457552323 1.3033212821423377e-05 975
1764457592726 1.2617450315113911e-05 980
1764457633236 1.2208040405506056e-05 985
1764457673708 1.1805051747325054e-05 990
1764457714187 1.1408551918504375e-05 995
1764457767030 1.1018607408853302e-05 1000
1764457807507 1.0635283608907235e-05 1005
1764457847944 1.0258644798962182e-05 1010
1764457888407 9.888754138295464e-06 1015
1764457928809 9.525673654574446e-06 1020
1764457969254 9.169464233455022e-06 1025
1764458009716 8.820185608371478e-06 1030
1764458050201 8.477896350519824e-06 1035
1764458090485 8.142653859035752e-06 1040
1764458130867 7.814514351369329e-06 1045
1764458171296 7.49353285385781e-06 1050
1764458211630 7.179763192498094e-06 1055
1764458252011 6.87325798392059e-06 1060
1764458292437 6.574068626565822e-06 1065
1764458332832 6.282245292065341e-06 1070
1764458373273 5.997836916828319e-06 1075
1764458413649 5.7208911938353535e-06 1080
1764458454029 5.451454564640676e-06 1085
1764458494371 5.18957221158436e-06 1090
1764458534717 4.935288050215532e-06 1095
1764458575112 4.688644721928129e-06 1100
1764458615535 4.4496835868103085e-06 1105
1764458655953 4.218444716708633e-06 1110
1764458696370 3.994966888508373e-06 1115
1764458736751 3.7792875776309897e-06 1120
1764458777224 3.5714429517497113e-06 1125
1764458829870 3.3714678647245873e-06 1130
1764458870356 3.179395850757746e-06 1135
1764458910854 2.99525911876998e-06 1140
1764458951149 2.8190885469995874e-06 1145
1764458991497 2.6509136778243196e-06 1150
1764459031899 2.4907627128073806e-06 1155
1764459072276 2.338662507968248e-06 1160
1764459112669 2.1946385692791352e-06 1165
1764459153121 2.058715048387834e-06 1170
1764459193578 1.930914738567718e-06 1175
1764459234010 1.8112590708954416e-06 1180
1764459274526 1.6997681106571698e-06 1185
1764459315009 1.5964605539837587e-06 1190
1764459355447 1.5013537247155853e-06 1195
1764459395908 1.4144635714974786e-06 1200
1764459436321 1.3358046651042446e-06 1205
1764459476765 1.2653901959972774e-06 1210
1764459517209 1.2032319721126337e-06 1215
1764459557634 1.149340416880933e-06 1220
1764459598042 1.1037245674794096e-06 1225
1764459638482 1.066392073316484e-06 1230
1764459678930 1.0373491947490053e-06 1235
1764459719378 1.0166008020324385e-06 1240
1764459759931 1.004150374504155e-06 1245
1764459812672 1.0000000000000002e-06 1250
