1764449617017 0.5009652574857075 5
1764449657404 0.4960418144861857 10
1764449697822 0.4849396447340647 15
1764449738215 0.4574774106343587 20
1764449778608 0.39966781934102374 25
1764449819039 0.29042852918306983 30
1764449859480 0.2814937929312388 35
1764449899858 0.27693680922190345 40
1764449940224 0.25519320368766785 45
1764449980637 0.2607044676939646 50
1764450021061 0.2566824158032735 55
1764450061434 0.25095281998316443 60
1764450101817 0.2546534736951192 65
1764450142222 0.25177337725957233 70
1764450182616 0.24835189680258432 75
1764450222971 0.25303714474042255 80
1764450263313 0.25107017159461975 85
1764450303691 0.24874101082483926 90
1764450344028 0.250784287850062 95
1764450384352 0.2519202729066213 100
1764450424674 0.24892045557498932 105
1764450465078 0.25315871834754944 110
1764450505472 0.25026388963063556 115
1764450545871 0.253190611799558 120
1764450586271 0.25395245353380835 125
1764450643418 0.24604171514511108 130
1764450683794 0.24847965439160663 135
1764450724141 0.24981433153152466 140
1764450764527 0.24945904811223346 145
1764450804921 0.24770579238732654 150
1764450845355 0.24781325459480286 155
1764450885754 0.25296087066332495 160
1764450926163 0.24729778865973154 165
1764450966581 0.24839025239149728 170
1764451006949 0.250245859225591 175
1764451047342 0.24627138674259186 180
1764451087731 0.24674960474173227 185
1764451128103 0.24905318021774292 190
1764451168449 0.24948742985725403 195
1764451208839 0.24515856802463531 200
1764451249312 0.2481327752272288 205
1764451289723 0.24903477231661478 210
1764451330072 0.24420043329397836 215
1764451370449 0.2519708772500356 220
1764451410823 0.24183167020479837 225
1764451451171 0.24606346090634662 230
1764451491495 0.24828259646892548 235
1764451531924 0.2463783621788025 240
1764451572403 0.25297440091768897 245
1764451612875 0.2481050391991933 250
1764451669866 0.24918964505195618 255
1764451710291 0.24642961223920185 260
1764451750780 0.24409856895605722 265
1764451791233 0.250098372499148 270
1764451831672 0.24484197795391083 275
1764451872111 0.24468520780404407 280
1764451912505 0.2466239382823308 285
1764451952966 0.24764114618301392 290
1764451993401 0.24709876378377277 295
1764452033774 0.24531462788581848 300
1764452074131 0.24820191661516824 305
1764452114495 0.24792960286140442 310
1764452154851 0.2528062860171 315
1764452195263 0.25099359452724457 320
1764452235673 0.247384841243426 325
1764452276048 0.24745148917039234 330
1764452316448 0.24150446554025012 335
1764452356875 0.24761320650577545 340
1764452397333 0.24957009156545001 345
1764452437735 0.2448059469461441 350
1764452478093 0.245790034532547 355
1764452518471 0.24565375844637552 360
1764452558791 0.24325321118036905 365
1764452599187 0.24265443285306293 370
1764452639534 0.24376651148001352 375
1764452692175 0.24377759794394174 380
1764452732599 0.25839687387148536 385
1764452773035 0.2417706549167633 390
1764452813453 0.2456652671098709 395
1764452853875 0.2458663334449132 400
1764452894316 0.2516180078188578 405
1764452934803 0.24727650483449298 410
1764452975156 0.24859723448753357 415
1764453015483 0.2455965479214986 420
1764453055887 0.24629050493240356 425
1764453096318 0.2470701038837433 430
1764453136755 0.244354044397672 435
1764453177228 0.24775030215581256 440
1764453217675 0.2487346331278483 445
1764453258262 0.2486982097228368 450
1764453298653 0.24981099863847095 455
1764453339036 0.24169685939947763 460
1764453379419 0.24356164534886676 465
1764453419749 0.24775255223115283 470
1764453460147 0.2448016007741292 475
1764453500514 0.24622845649719238 480
1764453540900 0.24427644908428192 485
1764453581274 0.24714129169782 490
1764453621621 0.24912478029727936 495
1764453661995 0.2411330093940099 500
1764453714622 0.24088661869366962 505
1764453754964 0.2474591036637624 510
1764453795342 0.2467350314060847 515
1764453835637 0.24621684352556863 520
1764453876016 0.24270540972550708 525
1764453916342 0.24439318974812824 530
1764453956680 0.24741544822851816 535
1764453997065 0.24463777244091034 540
1764454037434 0.24384198586146036 545
1764454077780 0.24459241827328998 550
1764454118239 0.24691392978032428 555
1764454158684 0.24332500000794727 560
1764454199142 0.2484995424747467 565
1764454239561 0.2419949769973755 570
1764454279982 0.24523895482222238 575
1764454320423 0.24142799774805704 580
1764454360808 0.24556154012680054 585
1764454401261 0.24673891067504883 590
1764454441745 0.2429744452238083 595
1764454482143 0.24926267564296722 600
1764454522605 0.2495323171218236 605
1764454563060 0.24637873967488605 610
1764454603554 0.2441901663939158 615
1764454644031 0.2434738477071126 620
1764454684543 0.24728912611802417 625
1764454737326 0.24891276160875955 630
1764454777745 0.24364043275515238 635
1764454818206 0.2412648598353068 640
1764454858736 0.23699761430422464 645
1764454899178 0.24179892738660175 650
1764454939640 0.2484908103942871 655
1764454980102 0.23879780371983844 660
1764455020566 0.24889678756395975 665
1764455060984 0.24146241943041483 670
1764455101426 0.24942741791407266 675
1764455141923 0.255873441696167 680
1764455182424 0.24634339412053424 685
1764455222882 0.24059919516245523 690
1764455263415 0.24267357091108957 695
1764455303906 0.24673622846603394 700
1764455344324 0.24268955985705057 705
1764455384822 0.2553582489490509 710
1764455425324 0.24390396972497302 715
1764455465780 0.2470712512731552 720
1764455506323 0.24407579501469928 725
1764455546801 0.2428626815478007 730
1764455587197 0.244459534684817 735
1764455627661 0.25176339348157245 740
1764455668080 0.24468322098255157 745
1764455708602 0.25109006961186725 750
1764455761286 0.24182405074437457 755
1764455801787 0.24653596679369608 760
1764455842200 0.2394464761018753 765
1764455882639 0.2410695155461629 770
1764455923038 0.24590131640434265 775
1764455963437 0.2468521992365519 780
1764456003882 0.24042669932047525 785
1764456044360 0.24711209535598755 790
1764456084837 0.2411983807881673 795
1764456125282 0.24923625588417053 800
1764456165686 0.24866238733132678 805
1764456206122 0.24509388208389282 810
1764456246583 0.24012517432371774 815
1764456287019 0.24269426862398782 820
1764456327398 0.25858181715011597 825
1764456367780 0.24212666849295297 830
1764456408221 0.24228545029958087 835
1764456448682 0.2395145297050476 840
1764456489122 0.24887492259343463 845
1764456529488 0.2512163519859314 850
1764456569897 0.2483447939157486 855
1764456610251 0.24368128677209216 860
1764456650641 0.24364402890205383 865
1764456691041 0.24720532198746997 870
1764456731440 0.24601907034715015 875
1764456784142 0.2475648025671641 880
1764456824622 0.24845770001411438 885
1764456865062 0.25271909435590106 890
1764456905614 0.23946364223957062 895
1764456946117 0.2427798310915629 900
1764456986510 0.24445496002833048 905
1764457026912 0.25126252571741736 910
1764457067330 0.2429063816865285 915
1764457107785 0.24066251516342163 920
1764457148222 0.24617606401443481 925
1764457188661 0.24140149354934692 930
1764457229080 0.24647427598635355 935
1764457269482 0.24098274111747742 940
1764457309885 0.2454252690076828 945
1764457350262 0.25149066249529517 950
1764457390624 0.24441250165303546 955
1764457431024 0.24305973450342813 960
1764457471465 0.25078075130780536 965
1764457511845 0.24367664257685342 970
1764457552323 0.24771235386530557 975
1764457592726 0.2436989148457845 980
1764457633236 0.25113095839818317 985
1764457673708 0.2501146892706553 990
1764457714187 0.24101326862970987 995
1764457767030 0.24879618485768634 1000
1764457807507 0.2461642821629842 1005
1764457847944 0.24483424425125122 1010
1764457888407 0.24125069379806519 1015
1764457928809 0.24475346505641937 1020
1764457969254 0.24673646688461304 1025
1764458009716 0.24703924854596454 1030
1764458050201 0.24716219305992126 1035
1764458090485 0.24037643273671466 1040
1764458130867 0.25031039615472156 1045
1764458171296 0.24442340930302936 1050
1764458211630 0.2434234917163849 1055
1764458252011 0.24468602736790973 1060
1764458292437 0.23674382269382477 1065
1764458332832 0.24730702737967172 1070
1764458373273 0.24821582933266956 1075
1764458413649 0.24684418737888336 1080
1764458454029 0.2478570193052292 1085
1764458494371 0.24224765102068582 1090
1764458534717 0.24116620918114978 1095
1764458575112 0.24604625503222147 1100
1764458615535 0.24450622995694477 1105
1764458655953 0.24204246699810028 1110
1764458696370 0.2516758640607198 1115
1764458736751 0.24786434570948282 1120
1764458777224 0.24292594194412231 1125
1764458829870 0.25546183188756305 1130
1764458870356 0.24719418088595072 1135
1764458910854 0.24924278259277344 1140
1764458951149 0.25040703018506366 1145
1764458991497 0.24868104855219522 1150
1764459031899 0.2485117862621943 1155
1764459072276 0.2437563141187032 1160
1764459112669 0.2435756723086039 1165
1764459153121 0.24112974107265472 1170
1764459193578 0.24675897260506946 1175
1764459234010 0.24533442656199136 1180
1764459274526 0.24258188406626383 1185
1764459315009 0.2499043842156728 1190
1764459355447 0.23804723719755808 1195
1764459395908 0.23767354091008502 1200
1764459436321 0.23981966574986774 1205
1764459476765 0.24679252008597055 1210
1764459517209 0.25086801250775653 1215
1764459557634 0.24593087037404376 1220
1764459598042 0.24231821795304614 1225
1764459638482 0.24763749539852142 1230
1764459678930 0.2383631368478139 1235
1764459719378 0.2535989781220754 1240
1764459759931 0.25134588281313575 1245
1764459812672 0.2405929962793986 1250
