1764557144395 0.0751953125 5
1764557205708 0.0576171875 10
1764557267257 0.10302734375 15
1764557329144 0.0927734375 20
1764557390242 0.2099609375 25
1764557451100 0.7578125 30
1764557512154 0.439453125 35
1764557573417 0.279296875 40
1764557634826 0.453125 45
1764557696343 0.1435546875 50
1764557758092 0.3671875 55
1764557819788 0.2060546875 60
1764557881361 1.0 65
1764557942970 0.138671875 70
1764558004626 0.28515625 75
1764558066158 0.216796875 80
1764558127440 0.97265625 85
1764558188840 0.265625 90
1764558250370 0.2470703125 95
1764558311680 0.2080078125 100
1764558372842 0.255859375 105
1764558434381 0.205078125 110
1764558495849 0.2041015625 115
1764558557363 0.08837890625 120
1764558618680 0.1806640625 125
1764558715179 0.201171875 130
1764558776409 0.220703125 135
1764558837980 0.453125 140
1764558899155 0.162109375 145
1764558960998 0.12451171875 150
1764559023138 0.20703125 155
1764559084228 0.1318359375 160
1764559145565 0.1669921875 165
1764559206930 0.171875 170
1764559268781 0.1376953125 175
1764559330456 0.30859375 180
1764559391947 0.578125 185
1764559453447 0.29296875 190
1764559514948 0.76953125 195
1764559576562 0.478515625 200
1764559637595 0.1904296875 205
1764559699175 0.1708984375 210
1764559760834 0.091796875 215
1764559822061 0.5 220
1764559883109 0.2578125 225
1764559945187 0.267578125 230
1764560007104 0.34765625 235
1764560068283 0.12890625 240
1764560129833 0.19921875 245
1764560191546 0.44921875 250
1764560277693 0.416015625 255
1764560339489 0.291015625 260
1764560401428 0.197265625 265
1764560462771 0.5625 270
1764560524317 0.4765625 275
1764560585591 0.6640625 280
1764560646725 0.1474609375 285
1764560707601 0.169921875 290
1764560769196 0.29296875 295
1764560831200 0.63671875 300
1764560893027 0.69921875 305
1764560954432 0.376953125 310
1764561016033 0.2021484375 315
1764561077777 0.3671875 320
1764561138646 0.1396484375 325
1764561199923 0.3359375 330
1764561262291 0.703125 335
1764561323897 0.21484375 340
1764561385986 0.20703125 345
1764561447728 1.0 350
1764561508890 0.84375 355
1764561570126 0.2236328125 360
1764561631847 0.390625 365
1764561692916 0.369140625 370
1764561754122 0.484375 375
1764561851468 0.390625 380
1764561913768 0.2138671875 385
1764561975204 0.4296875 390
1764562036275 0.310546875 395
1764562098698 1.0 400
1764562160256 0.5234375 405
1764562222154 0.466796875 410
1764562283054 0.78515625 415
1764562344360 0.3984375 420
1764562405876 0.41015625 425
1764562468062 0.345703125 430
1764562529374 0.28515625 435
1764562590993 0.4453125 440
1764562652725 0.68359375 445
1764562714829 0.3046875 450
1764562775962 0.6015625 455
1764562837967 0.59765625 460
1764562899685 0.2236328125 465
1764562961268 0.52734375 470
1764563022295 0.25 475
1764563083999 0.447265625 480
1764563145464 0.6640625 485
1764563207301 0.765625 490
1764563268659 0.5859375 495
1764563329863 0.8984375 500
1764563426400 0.4453125 505
1764563488445 0.466796875 510
1764563549852 0.1865234375 515
1764563611252 0.2578125 520
1764563672743 0.9453125 525
1764563734075 0.640625 530
1764563795708 0.5078125 535
1764563857277 0.8671875 540
1764563918206 0.423828125 545
1764563980212 0.326171875 550
1764564042056 0.62109375 555
1764564103698 0.375 560
1764564165303 0.671875 565
1764564226648 0.486328125 570
1764564288039 0.478515625 575
1764564350448 0.33203125 580
1764564411611 0.73828125 585
1764564473177 0.75390625 590
1764564534637 0.1572265625 595
1764564596808 0.18359375 600
1764564658136 0.349609375 605
1764564719826 0.546875 610
1764564781565 0.5 615
1764564842824 0.2236328125 620
1764564904540 0.390625 625
1764564990524 0.392578125 630
1764565052876 0.5625 635
1764565114556 0.271484375 640
1764565176447 0.333984375 645
1764565237860 0.337890625 650
1764565300256 0.169921875 655
1764565362070 0.76953125 660
1764565423361 0.30859375 665
1764565484907 0.357421875 670
1764565545888 0.283203125 675
1764565608069 0.466796875 680
1764565669534 0.4296875 685
1764565731187 0.6015625 690
1764565792779 0.625 695
1764565854759 0.30859375 700
1764565916617 0.349609375 705
1764565978402 0.2294921875 710
1764566039597 0.43359375 715
1764566101162 0.416015625 720
1764566162724 0.458984375 725
1764566224338 0.59375 730
1764566286292 0.5 735
1764566347991 0.71484375 740
1764566409892 0.341796875 745
1764566471294 0.291015625 750
1764566567150 0.9609375 755
1764566629222 0.79296875 760
1764566691096 0.462890625 765
1764566752489 0.5703125 770
1764566814083 0.49609375 775
1764566875577 0.2021484375 780
1764566937064 0.458984375 785
1764566998822 0.431640625 790
1764567060141 0.302734375 795
1764567121702 0.29296875 800
1764567183074 0.201171875 805
1764567244913 0.287109375 810
1764567306376 0.31640625 815
1764567368142 0.546875 820
1764567430283 0.357421875 825
1764567491484 0.455078125 830
1764567553134 0.267578125 835
1764567614470 0.3671875 840
1764567676069 0.330078125 845
1764567737317 0.322265625 850
1764567798775 0.42578125 855
1764567860554 0.494140625 860
1764567922504 0.26953125 865
1764567984676 0.2578125 870
1764568045930 0.6484375 875
1764568132253 0.3828125 880
1764568193653 0.23046875 885
1764568255686 0.365234375 890
1764568317714 0.26953125 895
1764568379301 0.2216796875 900
1764568440520 0.322265625 905
1764568502113 0.291015625 910
1764568563622 0.1708984375 915
1764568624780 0.255859375 920
1764568686504 0.1982421875 925
1764568748088 0.50390625 930
1764568809091 0.44140625 935
1764568870761 0.12353515625 940
1764568932361 0.388671875 945
1764568993464 0.30078125 950
1764569054957 0.53125 955
1764569116547 0.93359375 960
1764569178233 0.13671875 965
1764569239474 0.427734375 970
1764569301314 0.14453125 975
1764569362688 0.1474609375 980
1764569424346 0.1064453125 985
1764569486033 0.13671875 990
1764569547420 0.18359375 995
1764569633883 0.09765625 1000
1764569695265 0.2265625 1005
1764569756827 0.5078125 1010
1764569818431 0.1748046875 1015
1764569880149 0.357421875 1020
1764569941318 0.412109375 1025
1764570002994 0.09130859375 1030
1764570064555 0.21875 1035
1764570126069 0.25 1040
1764570187431 0.1376953125 1045
1764570249126 0.1484375 1050
1764570310508 0.376953125 1055
1764570371754 0.10302734375 1060
1764570432863 0.484375 1065
1764570494993 0.20703125 1070
1764570556400 0.224609375 1075
1764570618100 0.265625 1080
1764570680046 0.3671875 1085
1764570741595 0.279296875 1090
1764570803147 0.294921875 1095
1764570864741 0.35546875 1100
1764570926194 0.3125 1105
1764570987751 0.251953125 1110
1764571049761 0.337890625 1115
1764571110994 0.25390625 1120
1764571171736 0.298828125 1125
1764571268708 0.232421875 1130
1764571330685 0.373046875 1135
1764571392407 0.3359375 1140
1764571454423 0.41796875 1145
1764571515821 0.33984375 1150
1764571577344 0.275390625 1155
1764571638870 0.267578125 1160
1764571701013 0.20703125 1165
1764571762187 0.294921875 1170
1764571823873 0.2470703125 1175
1764571885814 0.271484375 1180
1764571947488 0.349609375 1185
1764572008999 0.314453125 1190
1764572070621 0.375 1195
1764572132035 0.271484375 1200
1764572193353 0.26953125 1205
1764572254527 0.46875 1210
1764572316353 0.2060546875 1215
1764572377845 0.40625 1220
1764572438841 0.4609375 1225
1764572500113 0.259765625 1230
1764572561381 0.5234375 1235
1764572622881 0.388671875 1240
1764572684166 0.28125 1245
1764572780649 0.38671875 1250
