1764557144395 1.0 5
1764557205708 1.0 10
1764557267257 1.0 15
1764557329144 1.0 20
1764557390242 1.0 25
1764557451100 1.0 30
1764557512154 1.0 35
1764557573417 1.0 40
1764557634826 1.0 45
1764557696343 1.0 50
1764557758092 1.0 55
1764557819788 1.0 60
1764557881361 1.0 65
1764557942970 1.0 70
1764558004626 1.0 75
1764558066158 1.0 80
1764558127440 1.0 85
1764558188840 1.0 90
1764558250370 1.0 95
1764558311680 1.0 100
1764558372842 1.0 105
1764558434381 1.0 110
1764558495849 1.0 115
1764558557363 1.0 120
1764558618680 1.0 125
1764558715179 1.0 130
1764558776409 1.0 135
1764558837980 1.0 140
1764558899155 1.0 145
1764558960998 1.0 150
1764559023138 1.0 155
1764559084228 1.0 160
1764559145565 1.0 165
1764559206930 1.0 170
1764559268781 1.0 175
1764559330456 1.0 180
1764559391947 1.0 185
1764559453447 1.0 190
1764559514948 1.0 195
1764559576562 1.0 200
1764559637595 1.0 205
1764559699175 1.0 210
1764559760834 1.0 215
1764559822061 1.0 220
1764559883109 1.0 225
1764559945187 1.0 230
1764560007104 1.0 235
1764560068283 1.0 240
1764560129833 1.0 245
1764560191546 1.0 250
1764560277693 1.0 255
1764560339489 1.0 260
1764560401428 1.0 265
1764560462771 1.0 270
1764560524317 1.0 275
1764560585591 1.0 280
1764560646725 1.0 285
1764560707601 1.0 290
1764560769196 1.0 295
1764560831200 1.0 300
1764560893027 1.0 305
1764560954432 1.0 310
1764561016033 1.0 315
1764561077777 1.0 320
1764561138646 1.0 325
1764561199923 1.0 330
1764561262291 1.0 335
1764561323897 1.0 340
1764561385986 1.0 345
1764561447728 1.0 350
1764561508890 1.0 355
1764561570126 1.0 360
1764561631847 1.0 365
1764561692916 1.0 370
1764561754122 1.0 375
1764561851468 1.0 380
1764561913768 1.0 385
1764561975204 1.0 390
1764562036275 1.0 395
1764562098698 1.0 400
1764562160256 1.0 405
1764562222154 1.0 410
1764562283054 1.0 415
1764562344360 1.0 420
1764562405876 1.0 425
1764562468062 1.0 430
1764562529374 1.0 435
1764562590993 1.0 440
1764562652725 1.0 445
1764562714829 1.0 450
1764562775962 1.0 455
1764562837967 1.0 460
1764562899685 1.0 465
1764562961268 1.0 470
1764563022295 1.0 475
1764563083999 1.0 480
1764563145464 1.0 485
1764563207301 1.0 490
1764563268659 1.0 495
1764563329863 1.0 500
1764563426400 1.0 505
1764563488445 1.0 510
1764563549852 1.0 515
1764563611252 1.0 520
1764563672743 1.0 525
1764563734075 1.0 530
1764563795708 1.0 535
1764563857277 1.0 540
1764563918206 1.0 545
1764563980212 1.0 550
1764564042056 1.0 555
1764564103698 1.0 560
1764564165303 1.0 565
1764564226648 1.0 570
1764564288039 1.0 575
1764564350448 1.0 580
1764564411611 1.0 585
1764564473177 1.0 590
1764564534637 1.0 595
1764564596808 1.0 600
1764564658136 1.0 605
1764564719826 1.0 610
1764564781565 1.0 615
1764564842824 1.0 620
1764564904540 1.0 625
1764564990524 0.999968 630
1764565052876 0.999928 635
1764565114556 0.999888 640
1764565176447 0.999848 645
1764565237860 0.999808 650
1764565300256 0.999768 655
1764565362070 0.999728 660
1764565423361 0.999688 665
1764565484907 0.999648 670
1764565545888 0.999608 675
1764565608069 0.999568 680
1764565669534 0.999528 685
1764565731187 0.999488 690
1764565792779 0.999448 695
1764565854759 0.999408 700
1764565916617 0.999368 705
1764565978402 0.999328 710
1764566039597 0.999288 715
1764566101162 0.999248 720
1764566162724 0.999208 725
1764566224338 0.999168 730
1764566286292 0.999128 735
1764566347991 0.999088 740
1764566409892 0.999048 745
1764566471294 0.999008 750
1764566567150 0.998968 755
1764566629222 0.998928 760
1764566691096 0.998888 765
1764566752489 0.998848 770
1764566814083 0.998808 775
1764566875577 0.998768 780
1764566937064 0.998728 785
1764566998822 0.998688 790
1764567060141 0.998648 795
1764567121702 0.998608 800
1764567183074 0.998568 805
1764567244913 0.998528 810
1764567306376 0.998488 815
1764567368142 0.998448 820
1764567430283 0.998408 825
1764567491484 0.998368 830
1764567553134 0.998328 835
1764567614470 0.998288 840
1764567676069 0.998248 845
1764567737317 0.998208 850
1764567798775 0.9981679999999999 855
1764567860554 0.998128 860
1764567922504 0.998088 865
1764567984676 0.998048 870
1764568045930 0.998008 875
1764568132253 0.997968 880
1764568193653 0.997928 885
1764568255686 0.997888 890
1764568317714 0.997848 895
1764568379301 0.997808 900
1764568440520 0.997768 905
1764568502113 0.997728 910
1764568563622 0.997688 915
1764568624780 0.997648 920
1764568686504 0.997608 925
1764568748088 0.997568 930
1764568809091 0.997528 935
1764568870761 0.997488 940
1764568932361 0.997448 945
1764568993464 0.997408 950
1764569054957 0.997368 955
1764569116547 0.997328 960
1764569178233 0.997288 965
1764569239474 0.997248 970
1764569301314 0.997208 975
1764569362688 0.9971679999999999 980
1764569424346 0.997128 985
1764569486033 0.997088 990
1764569547420 0.997048 995
1764569633883 0.997008 1000
1764569695265 0.996968 1005
1764569756827 0.996928 1010
1764569818431 0.996888 1015
1764569880149 0.996848 1020
1764569941318 0.996808 1025
1764570002994 0.996768 1030
1764570064555 0.996728 1035
1764570126069 0.996688 1040
1764570187431 0.996648 1045
1764570249126 0.996608 1050
1764570310508 0.996568 1055
1764570371754 0.996528 1060
1764570432863 0.996488 1065
1764570494993 0.996448 1070
1764570556400 0.996408 1075
1764570618100 0.996368 1080
1764570680046 0.996328 1085
1764570741595 0.996288 1090
1764570803147 0.996248 1095
1764570864741 0.996208 1100
1764570926194 0.9961679999999999 1105
1764570987751 0.996128 1110
1764571049761 0.996088 1115
1764571110994 0.996048 1120
1764571171736 0.996008 1125
1764571268708 0.995968 1130
1764571330685 0.995928 1135
1764571392407 0.995888 1140
1764571454423 0.995848 1145
1764571515821 0.995808 1150
1764571577344 0.995768 1155
1764571638870 0.995728 1160
1764571701013 0.995688 1165
1764571762187 0.995648 1170
1764571823873 0.995608 1175
1764571885814 0.995568 1180
1764571947488 0.995528 1185
1764572008999 0.995488 1190
1764572070621 0.995448 1195
1764572132035 0.995408 1200
1764572193353 0.995368 1205
1764572254527 0.995328 1210
1764572316353 0.995288 1215
1764572377845 0.995248 1220
1764572438841 0.995208 1225
1764572500113 0.9951679999999999 1230
1764572561381 0.995128 1235
1764572622881 0.995088 1240
1764572684166 0.995048 1245
1764572780649 0.995008 1250
