1764557144395 4.166666724999999e-05 5
1764557205708 8.333333349999995e-05 10
1764557267257 9.999862354352878e-05 15
1764557329144 9.999021215398524e-05 20
1764557390242 9.997415542542634e-05 25
1764557451100 9.995045594278754e-05 30
1764557512154 9.991911752139355e-05 35
1764557573417 9.988014520634406e-05 40
1764557634826 9.983354527170164e-05 45
1764557696343 9.977932521948158e-05 50
1764557758092 9.97174937784442e-05 55
1764557819788 9.964806090268973e-05 60
1764557881361 9.95710377700556e-05 65
1764557942970 9.948643678031713e-05 70
1764558004626 9.939427155319131e-05 75
1764558066158 9.92945569261441e-05 80
1764558127440 9.918730895200186e-05 85
1764558188840 9.907254489636695e-05 90
1764558250370 9.895028323483831e-05 95
1764558311680 9.882054365003704e-05 100
1764558372842 9.868334702843769e-05 105
1764558434381 9.85387154570059e-05 110
1764558495849 9.838667221964265e-05 115
1764558557363 9.82272417934358e-05 120
1764558618680 9.806044984471953e-05 125
1764558715179 9.78863232249425e-05 130
1764558776409 9.770488996634506e-05 135
1764558837980 9.75161792774463e-05 140
1764558899155 9.732022153834199e-05 145
1764558960998 9.71170482958137e-05 150
1764559023138 9.690669225825011e-05 155
1764559084228 9.66891872903814e-05 160
1764559145565 9.646456840782739e-05 165
1764559206930 9.623287177146063e-05 170
1764559268781 9.599413468158476e-05 175
1764559330456 9.574839557192972e-05 180
1764559391947 9.549569400346434e-05 185
1764559453447 9.523607065802749e-05 190
1764559514948 9.496956733177892e-05 195
1764559576562 9.469622692847046e-05 200
1764559637595 9.441609345253914e-05 205
1764559699175 9.412921200202299e-05 210
1764559760834 9.383562876130077e-05 215
1764559822061 9.353539099365693e-05 220
1764559883109 9.322854703367274e-05 225
1764559945187 9.291514627944499e-05 230
1764560007104 9.259523918463364e-05 235
1764560068283 9.22688772503393e-05 240
1764560129833 9.193611301681214e-05 245
1764560191546 9.159700005499371e-05 250
1764560277693 9.125159295789253e-05 255
1764560339489 9.089994733179536e-05 260
1764560401428 9.05421197873153e-05 265
1764560462771 9.017816793027806e-05 270
1764560524317 8.980815035244827e-05 275
1764560585591 8.94321266220969e-05 280
1764560646725 8.90501572744114e-05 285
1764560707601 8.866230380175038e-05 290
1764560769196 8.826862864374413e-05 295
1764560831200 8.786919517724246e-05 300
1764560893027 8.746406770611192e-05 305
1764560954432 8.705331145088366e-05 310
1764561016033 8.663699253825375e-05 315
1764561077777 8.621517799043752e-05 320
1764561138646 8.578793571437986e-05 325
1764561199923 8.535533449082303e-05 330
1764561262291 8.491744396323381e-05 335
1764561323897 8.447433462659174e-05 340
1764561385986 8.402607781604037e-05 345
1764561447728 8.357274569540308e-05 350
1764561508890 8.311441124556563e-05 355
1764561570126 8.265114825272718e-05 360
1764561631847 8.218303129652156e-05 365
1764561692916 8.171013573801092e-05 370
1764561754122 8.123253770755349e-05 375
1764561851468 8.075031409254753e-05 380
1764561913768 8.026354252505343e-05 385
1764561975204 7.97723013692959e-05 390
1764562036275 7.927666970904831e-05 395
1764562098698 7.87767273349011e-05 400
1764562160256 7.827255473141656e-05 405
1764562222154 7.776423306417183e-05 410
1764562283054 7.725184416669207e-05 415
1764562344360 7.673547052727655e-05 420
1764562405876 7.621519527571879e-05 425
1764562468062 7.56911021699238e-05 430
1764562529374 7.516327558242415e-05 435
1764562590993 7.463180048679688e-05 440
1764562652725 7.40967624439839e-05 445
1764562714829 7.355824758851778e-05 450
1764562775962 7.301634261465501e-05 455
1764562837967 7.247113476241944e-05 460
1764562899685 7.192271180355758e-05 465
1764562961268 7.137116202740852e-05 470
1764563022295 7.08165742266904e-05 475
1764563083999 7.025903768320591e-05 480
1764563145464 6.969864215346897e-05 485
1764563207301 6.913547785425506e-05 490
1764563268659 6.856963544807742e-05 495
1764563329863 6.800120602859153e-05 500
1764563426400 6.743028110593016e-05 505
1764563488445 6.685695259197127e-05 510
1764563549852 6.62813127855415e-05 515
1764563611252 6.570345435755702e-05 520
1764563672743 6.512347033610481e-05 525
1764563734075 6.454145409146612e-05 530
1764563795708 6.395749932108514e-05 535
1764563857277 6.337170003448482e-05 540
1764563918206 6.278415053813248e-05 545
1764563980212 6.219494542025769e-05 550
1764564042056 6.160417953562462e-05 555
1764564103698 6.101194799026168e-05 560
1764564165303 6.0418346126150626e-05 565
1764564226648 5.982346950587762e-05 570
1764564288039 5.922741389724888e-05 575
1764564350448 5.8630275257873216e-05 580
1764564411611 5.8032149719714046e-05 585
1764564473177 5.743313357361329e-05 590
1764564534637 5.6833323253789855e-05 595
1764564596808 5.623281532231474e-05 600
1764564658136 5.563170645356591e-05 605
1764564719826 5.503009341866476e-05 610
1764564781565 5.442807306989725e-05 615
1764564842824 5.382574232512186e-05 620
1764564904540 5.322319815216702e-05 625
1764564990524 5.262053755322043e-05 630
1764565052876 5.201785754921293e-05 635
1764565114556 5.141525516419941e-05 640
1764565176447 5.081282740973896e-05 645
1764565237860 5.021067126927739e-05 650
1764565300256 4.960888368253392e-05 655
1764565362070 4.900756152989527e-05 660
1764565423361 4.840680161681886e-05 665
1764565484907 4.7806700658248633e-05 670
1764565545888 4.7207355263044837e-05 675
1764565608069 4.660886191843139e-05 680
1764565669534 4.601131697446256e-05 685
1764565731187 4.54148166285118e-05 690
1764565792779 4.481945690978511e-05 695
1764565854759 4.422533366386165e-05 700
1764565916617 4.363254253726361e-05 705
1764565978402 4.304117896205839e-05 710
1764566039597 4.245133814049526e-05 715
1764566101162 4.186311502967887e-05 720
1764566162724 4.127660432628239e-05 725
1764566224338 4.0691900451302504e-05 730
1764566286292 4.010909753485872e-05 735
1764566347991 3.9528289401039725e-05 740
1764566409892 3.8949569552798766e-05 745
1764566471294 3.8373031156900776e-05 750
1764566567150 3.779876702892385e-05 755
1764566629222 3.722686961831684e-05 760
1764566691096 3.665743099351641e-05 765
1764566752489 3.609054282712485e-05 770
1764566814083 3.552629638115218e-05 775
1764566875577 3.496478249232397e-05 780
1764566937064 3.440609155745771e-05 785
1764566998822 3.385031351891009e-05 790
1764567060141 3.3297537850097464e-05 795
1764567121702 3.274785354109155e-05 800
1764567183074 3.2201349084293256e-05 805
1764567244913 3.165811246018652e-05 810
1764567306376 3.111823112317439e-05 815
1764567368142 3.058179198750014e-05 820
1764567430283 3.0048881413254945e-05 825
1764567491484 2.9519585192475088e-05 830
1764567553134 2.8993988535330523e-05 835
1764567614470 2.8472176056407023e-05 840
1764567676069 2.795423176108425e-05 845
1764567737317 2.744023903201203e-05 850
1764567798775 2.693028061568666e-05 855
1764567860554 2.642443860912982e-05 860
1764567922504 2.592279444667196e-05 865
1764567984676 2.542542888684228e-05 870
1764568045930 2.493242199936776e-05 875
1764568132253 2.444385315228275e-05 880
1764568193653 2.395980099915186e-05 885
1764568255686 2.3480343466407583e-05 890
1764568317714 2.3005557740805134e-05 895
1764568379301 2.2535520256996365e-05 900
1764568440520 2.2070306685224705e-05 905
1764568502113 2.160999191914314e-05 910
1764568563622 2.1154650063757365e-05 915
1764568624780 2.0704354423495656e-05 920
1764568686504 2.0259177490407886e-05 925
1764568748088 1.981919093249514e-05 930
1764568809091 1.9384465582172004e-05 935
1764568870761 1.8955071424863474e-05 940
1764568932361 1.8531077587738242e-05 945
1764568993464 1.8112552328579888e-05 950
1764569054957 1.7699563024798348e-05 955
1764569116547 1.7292176162582978e-05 960
1764569178233 1.6890457326199065e-05 965
1764569239474 1.6494471187429563e-05 970
1764569301314 1.6104281495163747e-05 975
1764569362688 1.5719951065134406e-05 980
1764569424346 1.5341541769805336e-05 985
1764569486033 1.4969114528410612e-05 990
1764569547420 1.460272929714726e-05 995
1764569633883 1.4242445059523212e-05 1000
1764569695265 1.388831981686151e-05 1005
1764569756827 1.3540410578962988e-05 1010
1764569818431 1.319877335492823e-05 1015
1764569880149 1.2863463144140869e-05 1020
1764569941318 1.2534533927413398e-05 1025
1764570002994 1.2212038658296878e-05 1030
1764570064555 1.1896029254556056e-05 1035
1764570126069 1.1586556589811311e-05 1040
1764570187431 1.1283670485348533e-05 1045
1764570249126 1.0987419702098601e-05 1050
1764570310508 1.0697851932787434e-05 1055
1764570371754 1.0415013794258024e-05 1060
1764570432863 1.0138950819965734e-05 1065
1764570494993 9.869707452647989e-06 1070
1764570556400 9.607327037169465e-06 1075
1764570618100 9.351851813544216e-06 1080
1764570680046 9.103322910135436e-06 1085
1764570741595 8.861780337034388e-06 1090
1764570803147 8.627262979619223e-06 1095
1764570864741 8.399808592294906e-06 1100
1764570926194 8.179453792415275e-06 1105
1764570987751 7.966234054388048e-06 1110
1764571049761 7.760183703963903e-06 1115
1764571110994 7.561335912710454e-06 1120
1764571171736 7.369722692672011e-06 1125
1764571268708 7.185374891216096e-06 1130
1764571330685 7.008322186067325e-06 1135
1764571392407 6.838593080529711e-06 1140
1764571454423 6.6762148988979584e-06 1145
1764571515821 6.521213782058597e-06 1150
1764571577344 6.373614683281629e-06 1155
1764571638870 6.233441364203344e-06 1160
1764571701013 6.100716391000987e-06 1165
1764571762187 5.975461130759893e-06 1170
1764571823873 5.857695748033674e-06 1175
1764571885814 5.747439201597915e-06 1180
1764571947488 5.6447092413980795e-06 1185
1764572008999 5.5495224056919995e-06 1190
1764572070621 5.461894018387398e-06 1195
1764572132035 5.3818381865749305e-06 1200
1764572193353 5.309367798257139e-06 1205
1764572254527 5.244494520273593e-06 1210
1764572316353 5.187228796422741e-06 1215
1764572377845 5.137579845780526e-06 1220
1764572438841 5.095555661216263e-06 1225
1764572500113 5.061163008105877e-06 1230
1764572561381 5.034407423242759e-06 1235
1764572622881 5.015293213946392e-06 1240
1764572684166 5.00382345736898e-06 1245
1764572780649 5e-06 1250
