1764557144395 0.24970520536104837 5
1764557205708 0.24986140926678974 10
1764557267257 0.24995587269465128 15
1764557329144 0.2487076222896576 20
1764557390242 0.24981185793876648 25
1764557451100 0.2523729552825292 30
1764557512154 0.2511322498321533 35
1764557573417 0.24629737436771393 40
1764557634826 0.2436409890651703 45
1764557696343 0.24761644999186197 50
1764557758092 0.24233292043209076 55
1764557819788 0.2387610524892807 60
1764557881361 0.25778246919314063 65
1764557942970 0.2495025098323822 70
1764558004626 0.24521221717198688 75
1764558066158 0.23737701773643494 80
1764558127440 0.25234394272168476 85
1764558188840 0.2494027664264043 90
1764558250370 0.24846510092417398 95
1764558311680 0.24456295867760974 100
1764558372842 0.2488829791545868 105
1764558434381 0.24199066062768299 110
1764558495849 0.24534470339616138 115
1764558557363 0.24549423654874164 120
1764558618680 0.24038363993167877 125
1764558715179 0.24540109435717264 130
1764558776409 0.2497040182352066 135
1764558837980 0.244673619667689 140
1764558899155 0.24114250143369037 145
1764558960998 0.23573631048202515 150
1764559023138 0.24364173412322998 155
1764559084228 0.24544604122638702 160
1764559145565 0.2429118106762568 165
1764559206930 0.24270972112814584 170
1764559268781 0.2400173892577489 175
1764559330456 0.24009687701861063 180
1764559391947 0.24806077778339386 185
1764559453447 0.24457172552744547 190
1764559514948 0.23210219542185465 195
1764559576562 0.22507199148337045 200
1764559637595 0.24831020335356394 205
1764559699175 0.2453768253326416 210
1764559760834 0.24237810571988422 215
1764559822061 0.22956293324629465 220
1764559883109 0.23759942253430683 225
1764559945187 0.23878509799639383 230
1764560007104 0.2485280434290568 235
1764560068283 0.24663515388965607 240
1764560129833 0.2422124445438385 245
1764560191546 0.24926028152306873 250
1764560277693 0.24089122811953226 255
1764560339489 0.23711096743742624 260
1764560401428 0.23854772249857584 265
1764560462771 0.24499473472436267 270
1764560524317 0.24966149528821308 275
1764560585591 0.25543855130672455 280
1764560646725 0.23654009401798248 285
1764560707601 0.2382833460966746 290
1764560769196 0.24357454975446063 295
1764560831200 0.24111641446749368 300
1764560893027 0.2286289980014165 305
1764560954432 0.23414753874142963 310
1764561016033 0.22756574551264444 315
1764561077777 0.23634683589140573 320
1764561138646 0.24158384402592975 325
1764561199923 0.23899112145105997 330
1764561262291 0.24654069542884827 335
1764561323897 0.23258933921655017 340
1764561385986 0.2351025988658269 345
1764561447728 0.25363520781199134 350
1764561508890 0.23395582040150958 355
1764561570126 0.2456131378809611 360
1764561631847 0.24040605624516803 365
1764561692916 0.23842386404673258 370
1764561754122 0.22922916213671365 375
1764561851468 0.2273599455753962 380
1764561913768 0.22850924730300903 385
1764561975204 0.22749188542366028 390
1764562036275 0.23728676637013751 395
1764562098698 0.2546278933684031 400
1764562160256 0.23977916439374286 405
1764562222154 0.23234235246976215 410
1764562283054 0.2081456532080968 415
1764562344360 0.2271294246117274 420
1764562405876 0.22834912439187366 425
1764562468062 0.22608411312103271 430
1764562529374 0.23473550875981647 435
1764562590993 0.22806548078854877 440
1764562652725 0.24191919962565103 445
1764562714829 0.23517859478791553 450
1764562775962 0.23518864313761392 455
1764562837967 0.22977667053540546 460
1764562899685 0.23926298320293427 465
1764562961268 0.22446790834267932 470
1764563022295 0.2402031769355138 475
1764563083999 0.23082004984219867 480
1764563145464 0.22711141904195148 485
1764563207301 0.2235583613316218 490
1764563268659 0.23837837080160776 495
1764563329863 0.21012206375598907 500
1764563426400 0.23259880145390827 505
1764563488445 0.21997466186682382 510
1764563549852 0.23778046667575836 515
1764563611252 0.22705153624216715 520
1764563672743 0.2076717565457026 525
1764563734075 0.20648675163586933 530
1764563795708 0.24473698437213898 535
1764563857277 0.22449356814225513 540
1764563918206 0.23693933089574176 545
1764563980212 0.2304171671470006 550
1764564042056 0.23268031577269235 555
1764564103698 0.2356031040350596 560
1764564165303 0.22128536800543466 565
1764564226648 0.22820303340752918 570
1764564288039 0.2366287112236023 575
1764564350448 0.22222291429837543 580
1764564411611 0.2400080362955729 585
1764564473177 0.24279114603996277 590
1764564534637 0.2378206104040146 595
1764564596808 0.23954536020755768 600
1764564658136 0.24048898617426553 605
1764564719826 0.22175184885660806 610
1764564781565 0.22828938563664752 615
1764564842824 0.227147435148557 620
1764564904540 0.23345878720283508 625
1764564990524 0.22727285822232562 630
1764565052876 0.2242745260397593 635
1764565114556 0.2222565064827601 640
1764565176447 0.21420307954152423 645
1764565237860 0.22409302989641824 650
1764565300256 0.2148563712835312 655
1764565362070 0.18873938918113708 660
1764565423361 0.22056345641613007 665
1764565484907 0.2086788366238276 670
1764565545888 0.20346453289190927 675
1764565608069 0.21478467682997385 680
1764565669534 0.21730684240659076 685
1764565731187 0.1983619878689448 690
1764565792779 0.19259212414423624 695
1764565854759 0.19832921524842578 700
1764565916617 0.2028338462114334 705
1764565978402 0.2048292060693105 710
1764566039597 0.20373080670833588 715
1764566101162 0.18925172090530396 720
1764566162724 0.1868064651886622 725
1764566224338 0.18584849933783212 730
1764566286292 0.20237948993841806 735
1764566347991 0.1814213345448176 740
1764566409892 0.18733832240104675 745
1764566471294 0.1770128607749939 750
1764566567150 0.19973507026831308 755
1764566629222 0.16829335689544678 760
1764566691096 0.16482271750768024 765
1764566752489 0.173584113518397 770
1764566814083 0.17246326804161072 775
1764566875577 0.17328874270121256 780
1764566937064 0.15777295331160227 785
1764566998822 0.16294501225153604 790
1764567060141 0.16587114334106445 795
1764567121702 0.16769853234291077 800
1764567183074 0.1641255219777425 805
1764567244913 0.14692465960979462 810
1764567306376 0.1475800077120463 815
1764567368142 0.1384305159250895 820
1764567430283 0.14656820396582285 825
1764567491484 0.17322907348473865 830
1764567553134 0.158308873573939 835
1764567614470 0.15059183041254678 840
1764567676069 0.14246193567911783 845
1764567737317 0.14981361230214435 850
1764567798775 0.13993305961290994 855
1764567860554 0.154506653547287 860
1764567922504 0.13470006982485452 865
1764567984676 0.1412858913342158 870
1764568045930 0.16845294833183289 875
1764568132253 0.1418471783399582 880
1764568193653 0.149442454179128 885
1764568255686 0.15217850605646768 890
1764568317714 0.1273125857114792 895
1764568379301 0.13540498415629068 900
1764568440520 0.11522317181030908 905
1764568502113 0.11697538445393244 910
1764568563622 0.11609565714995065 915
1764568624780 0.11819938818613687 920
1764568686504 0.11093884706497192 925
1764568748088 0.11874708533287048 930
1764568809091 0.09415293981631596 935
1764568870761 0.09664997458457947 940
1764568932361 0.08640924096107483 945
1764568993464 0.09459036340316136 950
1764569054957 0.10859413196643193 955
1764569116547 0.10466167827447255 960
1764569178233 0.08761404951413472 965
1764569239474 0.08022490392128626 970
1764569301314 0.08809694399436314 975
1764569362688 0.08532045533259709 980
1764569424346 0.0875172714392344 985
1764569486033 0.0823848694562912 990
1764569547420 0.08063467343648274 995
1764569633883 0.08164454996585846 1000
1764569695265 0.0790724108616511 1005
1764569756827 0.07064164181550343 1010
1764569818431 0.07948503643274307 1015
1764569880149 0.0715579017996788 1020
1764569941318 0.07948240886131921 1025
1764570002994 0.07234260439872742 1030
1764570064555 0.07132907460133234 1035
1764570126069 0.07031305134296417 1040
1764570187431 0.07385942091544469 1045
1764570249126 0.07716846962769826 1050
1764570310508 0.08467648923397064 1055
1764570371754 0.07794664551814397 1060
1764570432863 0.09138057380914688 1065
1764570494993 0.08217689394950867 1070
1764570556400 0.08966210236152013 1075
1764570618100 0.09920754283666611 1080
1764570680046 0.08595437059799829 1085
1764570741595 0.09771493077278137 1090
1764570803147 0.10228142887353897 1095
1764570864741 0.09828179081281026 1100
1764570926194 0.09780281285444895 1105
1764570987751 0.09216424326101938 1110
1764571049761 0.10253784308830896 1115
1764571110994 0.09661103039979935 1120
1764571171736 0.10332480569680531 1125
1764571268708 0.10456104824940363 1130
1764571330685 0.09751408050457636 1135
1764571392407 0.10439302772283554 1140
1764571454423 0.09389849503835042 1145
1764571515821 0.10057419290145238 1150
1764571577344 0.10844501356283823 1155
1764571638870 0.0973764955997467 1160
1764571701013 0.0962062378724416 1165
1764571762187 0.10660227139790852 1170
1764571823873 0.1015195349852244 1175
1764571885814 0.10883418222268422 1180
1764571947488 0.10694302121798197 1185
1764572008999 0.10941122223933537 1190
1764572070621 0.11770609517892201 1195
1764572132035 0.10488899300495783 1200
1764572193353 0.10420786341031392 1205
1764572254527 0.1018351266781489 1210
1764572316353 0.09409106522798538 1215
1764572377845 0.11854446431001027 1220
1764572438841 0.11784894267717996 1225
1764572500113 0.09892156968514124 1230
1764572561381 0.11322484662135442 1235
1764572622881 0.09970435500144958 1240
1764572684166 0.10203689088424046 1245
1764572780649 0.10674298803011575 1250
