1764557144395 0.13541666666666666 5
1764557205708 0.53125 10
1764557267257 0.5729166666666666 15
1764557329144 0.5625 20
1764557390242 0.59375 25
1764557451100 0.59375 30
1764557512154 0.5104166666666666 35
1764557573417 0.6875 40
1764557634826 0.65625 45
1764557696343 0.625 50
1764557758092 0.5833333333333333 55
1764557819788 0.6354166666666666 60
1764557881361 0.6041666666666666 65
1764557942970 0.5833333333333333 70
1764558004626 0.59375 75
1764558066158 0.6875 80
1764558127440 0.5833333333333333 85
1764558188840 0.5625 90
1764558250370 0.5729166666666666 95
1764558311680 0.5416666666666666 100
1764558372842 0.6458333333333333 105
1764558434381 0.6145833333333333 110
1764558495849 0.6666666666666666 115
1764558557363 0.5520833333333333 120
1764558618680 0.625 125
1764558715179 0.6041666666666666 130
1764558776409 0.6145833333333333 135
1764558837980 0.6458333333333333 140
1764558899155 0.625 145
1764558960998 0.5833333333333333 150
1764559023138 0.6666666666666666 155
1764559084228 0.5833333333333333 160
1764559145565 0.59375 165
1764559206930 0.5833333333333333 170
1764559268781 0.59375 175
1764559330456 0.6041666666666666 180
1764559391947 0.625 185
1764559453447 0.7083333333333333 190
1764559514948 0.71875 195
1764559576562 0.7083333333333333 200
1764559637595 0.5833333333333333 205
1764559699175 0.5625 210
1764559760834 0.5729166666666666 215
1764559822061 0.71875 220
1764559883109 0.6458333333333333 225
1764559945187 0.6770833333333333 230
1764560007104 0.53125 235
1764560068283 0.6354166666666666 240
1764560129833 0.6354166666666666 245
1764560191546 0.5416666666666666 250
1764560277693 0.6354166666666666 255
1764560339489 0.5416666666666666 260
1764560401428 0.5833333333333333 265
1764560462771 0.6145833333333333 270
1764560524317 0.5625 275
1764560585591 0.6041666666666666 280
1764560646725 0.6666666666666666 285
1764560707601 0.625 290
1764560769196 0.6041666666666666 295
1764560831200 0.6666666666666666 300
1764560893027 0.7083333333333333 305
1764560954432 0.6666666666666666 310
1764561016033 0.6041666666666666 315
1764561077777 0.59375 320
1764561138646 0.59375 325
1764561199923 0.59375 330
1764561262291 0.5729166666666666 335
1764561323897 0.65625 340
1764561385986 0.6145833333333333 345
1764561447728 0.6145833333333333 350
1764561508890 0.6770833333333333 355
1764561570126 0.5729166666666666 360
1764561631847 0.6979166666666666 365
1764561692916 0.7291666666666666 370
1764561754122 0.6875 375
1764561851468 0.6875 380
1764561913768 0.6979166666666666 385
1764561975204 0.6458333333333333 390
1764562036275 0.7083333333333333 395
1764562098698 0.6041666666666666 400
1764562160256 0.6458333333333333 405
1764562222154 0.6458333333333333 410
1764562283054 0.6458333333333333 415
1764562344360 0.6666666666666666 420
1764562405876 0.625 425
1764562468062 0.71875 430
1764562529374 0.65625 435
1764562590993 0.6770833333333333 440
1764562652725 0.6666666666666666 445
1764562714829 0.53125 450
1764562775962 0.6979166666666666 455
1764562837967 0.7291666666666666 460
1764562899685 0.65625 465
1764562961268 0.6458333333333333 470
1764563022295 0.6354166666666666 475
1764563083999 0.6458333333333333 480
1764563145464 0.6666666666666666 485
1764563207301 0.65625 490
1764563268659 0.625 495
1764563329863 0.7083333333333333 500
1764563426400 0.625 505
1764563488445 0.71875 510
1764563549852 0.625 515
1764563611252 0.6666666666666666 520
1764563672743 0.78125 525
1764563734075 0.7083333333333333 530
1764563795708 0.6666666666666666 535
1764563857277 0.6041666666666666 540
1764563918206 0.71875 545
1764563980212 0.6145833333333333 550
1764564042056 0.6770833333333333 555
1764564103698 0.6041666666666666 560
1764564165303 0.625 565
1764564226648 0.71875 570
1764564288039 0.6875 575
1764564350448 0.6145833333333333 580
1764564411611 0.6458333333333333 585
1764564473177 0.6770833333333333 590
1764564534637 0.6979166666666666 595
1764564596808 0.59375 600
1764564658136 0.71875 605
1764564719826 0.6770833333333333 610
1764564781565 0.6770833333333333 615
1764564842824 0.65625 620
1764564904540 0.6979166666666666 625
1764564990524 0.6770833333333333 630
1764565052876 0.75 635
1764565114556 0.6875 640
1764565176447 0.65625 645
1764565237860 0.65625 650
1764565300256 0.7083333333333333 655
1764565362070 0.78125 660
1764565423361 0.7083333333333333 665
1764565484907 0.6770833333333333 670
1764565545888 0.6875 675
1764565608069 0.5625 680
1764565669534 0.5729166666666666 685
1764565731187 0.6041666666666666 690
1764565792779 0.65625 695
1764565854759 0.65625 700
1764565916617 0.65625 705
1764565978402 0.65625 710
1764566039597 0.625 715
1764566101162 0.6041666666666666 720
1764566162724 0.7708333333333333 725
1764566224338 0.6770833333333333 730
1764566286292 0.625 735
1764566347991 0.7395833333333333 740
1764566409892 0.6875 745
1764566471294 0.71875 750
1764566567150 0.59375 755
1764566629222 0.6354166666666666 760
1764566691096 0.6666666666666666 765
1764566752489 0.65625 770
1764566814083 0.71875 775
1764566875577 0.6666666666666666 780
1764566937064 0.65625 785
1764566998822 0.65625 790
1764567060141 0.6770833333333333 795
1764567121702 0.65625 800
1764567183074 0.6666666666666666 805
1764567244913 0.6770833333333333 810
1764567306376 0.75 815
1764567368142 0.75 820
1764567430283 0.71875 825
1764567491484 0.65625 830
1764567553134 0.6145833333333333 835
1764567614470 0.75 840
1764567676069 0.7291666666666666 845
1764567737317 0.7291666666666666 850
1764567798775 0.7291666666666666 855
1764567860554 0.65625 860
1764567922504 0.6354166666666666 865
1764567984676 0.6770833333333333 870
1764568045930 0.6666666666666666 875
1764568132253 0.6770833333333333 880
1764568193653 0.71875 885
1764568255686 0.65625 890
1764568317714 0.65625 895
1764568379301 0.6770833333333333 900
1764568440520 0.7395833333333333 905
1764568502113 0.7083333333333333 910
1764568563622 0.75 915
1764568624780 0.6979166666666666 920
1764568686504 0.71875 925
1764568748088 0.6666666666666666 930
1764568809091 0.71875 935
1764568870761 0.6875 940
1764568932361 0.7395833333333333 945
1764568993464 0.6458333333333333 950
1764569054957 0.6875 955
1764569116547 0.6145833333333333 960
1764569178233 0.6770833333333333 965
1764569239474 0.7083333333333333 970
1764569301314 0.7291666666666666 975
1764569362688 0.6770833333333333 980
1764569424346 0.65625 985
1764569486033 0.6770833333333333 990
1764569547420 0.6666666666666666 995
1764569633883 0.75 1000
1764569695265 0.7395833333333333 1005
1764569756827 0.7708333333333333 1010
1764569818431 0.7395833333333333 1015
1764569880149 0.7083333333333333 1020
1764569941318 0.6354166666666666 1025
1764570002994 0.625 1030
1764570064555 0.6979166666666666 1035
1764570126069 0.6875 1040
1764570187431 0.625 1045
1764570249126 0.6666666666666666 1050
1764570310508 0.7083333333333333 1055
1764570371754 0.6875 1060
1764570432863 0.625 1065
1764570494993 0.7395833333333333 1070
1764570556400 0.7291666666666666 1075
1764570618100 0.7083333333333333 1080
1764570680046 0.7083333333333333 1085
1764570741595 0.65625 1090
1764570803147 0.7291666666666666 1095
1764570864741 0.71875 1100
1764570926194 0.7083333333333333 1105
1764570987751 0.71875 1110
1764571049761 0.6458333333333333 1115
1764571110994 0.625 1120
1764571171736 0.75 1125
1764571268708 0.6875 1130
1764571330685 0.7291666666666666 1135
1764571392407 0.6875 1140
1764571454423 0.71875 1145
1764571515821 0.7604166666666666 1150
1764571577344 0.625 1155
1764571638870 0.625 1160
1764571701013 0.6145833333333333 1165
1764571762187 0.6875 1170
1764571823873 0.7291666666666666 1175
1764571885814 0.6875 1180
1764571947488 0.71875 1185
1764572008999 0.65625 1190
1764572070621 0.6770833333333333 1195
1764572132035 0.65625 1200
1764572193353 0.75 1205
1764572254527 0.75 1210
1764572316353 0.7083333333333333 1215
1764572377845 0.65625 1220
1764572438841 0.71875 1225
1764572500113 0.7604166666666666 1230
1764572561381 0.6666666666666666 1235
1764572622881 0.6666666666666666 1240
1764572684166 0.7291666666666666 1245
1764572780649 0.6458333333333333 1250
