1764557144395 0.00020833333624999996 5
1764557205708 0.0004166666674999999 10
1764557267257 0.0004999928279373341 15
1764557329144 0.0004999490001707652 20
1764557390242 0.0004998653361640635 25
1764557451100 0.0004997418493861035 30
1764557512154 0.0004995785597167347 35
1764557573417 0.0004993754934435823 40
1764557634826 0.0004991326832578139 45
1764557696343 0.0004988501682488776 50
1764557758092 0.0004985279938982093 55
1764557819788 0.0004981662120719096 60
1764557881361 0.0004977648810123949 65
1764557942970 0.0004973240653290208 70
1764558004626 0.0004968438359876811 75
1764558066158 0.0004963242702993825 80
1764558127440 0.0004957654519077993 85
1764558188840 0.0004951674707758068 90
1764558250370 0.0004945304231709997 95
1764558311680 0.0004938544116501932 100
1764558372842 0.0004931395450429122 105
1764558434381 0.000492385938433873 110
1764558495849 0.0004915937131444537 115
1764558557363 0.0004907629967131651 120
1764558618680 0.000489893922875117 125
1764558715179 0.0004889866315404891 130
1764558776409 0.00048804126877200746 135
1764558837980 0.0004870579867614298 140
1764558899155 0.0004860369438050442 145
1764558960998 0.0004849783042781862 150
1764559023138 0.0004838822386087758 155
1764559084228 0.0004827489232498808 160
1764559145565 0.0004815785406513099 165
1764559206930 0.0004803712792302411 170
1764559268781 0.00047912733334088797 175
1764559330456 0.00047784690324321176 180
1764559391947 0.0004765301950706815 185
1764559453447 0.00047517742079708947 190
1764559514948 0.00047378879820242587 195
1764559576562 0.00047236455083781863 200
1764559637595 0.00047090490798954495 205
1764559699175 0.0004694101046421187 210
1764559760834 0.0004678803814404609 215
1764559822061 0.00046631598465115876 220
1764559883109 0.00046471716612282 225
1764559945187 0.0004630841832455281 230
1764560007104 0.00046141729890940574 235
1764560068283 0.0004597167814622931 240
1764560129833 0.0004579829046665463 245
1764560191546 0.00045621594765496605 250
1764560277693 0.0004544161948858598 255
1764560339489 0.0004525839360972482 260
1764560401428 0.00045071946626022046 265
1764560462771 0.0004488230855314475 270
1764560524317 0.00044689509920486074 275
1764560585591 0.0004449358176625036 280
1764560646725 0.0004429455563245634 285
1764560707601 0.0004409246355985929 290
1764560769196 0.0004388733808279287 295
1764560831200 0.0004367921222393147 300
1764560893027 0.00043468119488973973 305
1764560954432 0.0004325409386124978 310
1764561016033 0.00043037169796247886 315
1764561077777 0.0004281738221606996 320
1764561138646 0.00042594766503808334 325
1764561199923 0.0004236935849784977 330
1764561262291 0.0004214119448610592 335
1764561323897 0.0004191031120017137 340
1764561385986 0.00041676745809410395 345
1764561447728 0.0004144053591497307 350
1764561508890 0.0004120171954374198 355
1764561570126 0.00040960335142210374 360
1764561631847 0.0004071642157029271 365
1764561692916 0.0004047001809506875 370
1764561754122 0.00040221164384461985 375
1764561851468 0.00039969900500853617 380
1764561913768 0.0003971626689463302 385
1764561975204 0.00039460304397685676 390
1764562036275 0.0003920205421681983 395
1764562098698 0.00038941557927132584 400
1764562160256 0.00038678857465316966 405
1764562222154 0.00038413995122910506 410
1764562283054 0.0003814701353948685 415
1764562344360 0.0003787795569579139 420
1764562405876 0.0003760686490682182 425
1764562468062 0.00037333784814854966 430
1764562529374 0.00037058759382420934 435
1764562590993 0.0003678183288522567 440
1764562652725 0.00036503049905023123 445
1764562714829 0.0003622245532243814 450
1764562775962 0.00035940094309741224 455
1764562837967 0.00035656012323576373 460
1764562899685 0.00035370255097643083 465
1764562961268 0.00035082868635333834 470
1764563022295 0.00034793899202328074 475
1764563083999 0.0003450339331914406 480
1764563145464 0.0003421139775364955 485
1764563207301 0.0003391795951353282 490
1764563268659 0.00033623125838735 495
1764563329863 0.0003332694419384499 500
1764563426400 0.00033029462260458266 505
1764563488445 0.00032730727929500747 510
1764563549852 0.0003243078929351892 515
1764563611252 0.0003212969463893753 520
1764563672743 0.00031827492438286106 525
1764563734075 0.0003152423134239541 530
1764563795708 0.0003121996017256531 535
1764563857277 0.0003091472791270514 540
1764563918206 0.00030608583701447866 545
1764563980212 0.0003030157682423941 550
1764564042056 0.00029993756705404273 555
1764564103698 0.0002968517290018884 560
1764564165303 0.00029375875086783614 565
1764564226648 0.0002906591305832558 570
1764564288039 0.0002875533671488219 575
1764564350448 0.0002844419605541802 580
1764564411611 0.00028132541169745615 585
1764564473177 0.0002782042223046154 590
1764564534637 0.0002750788948486933 595
1764564596808 0.00027194993246890196 600
1764564658136 0.0002688178388896317 605
1764564719826 0.00026568311833935737 610
1764564781565 0.00026254627546946354 615
1764564842824 0.0002594078152730024 620
1764564904540 0.0002562682430033956 625
1764564990524 0.00025312806409309496 630
1764565052876 0.00024998778407221375 635
1764565114556 0.0002468479084871433 640
1764565176447 0.0002437089428191651 645
1764565237860 0.0002405713924030759 650
1764565300256 0.00023743576234583368 655
1764565362070 0.0002343025574452428 660
1764565423361 0.0002311722821086868 665
1764565484907 0.00022804544027192614 670
1764565545888 0.0002249225353179695 675
1764565608069 0.00022180406999603624 680
1764565669534 0.00021869054634061973 685
1764565731187 0.0002155824655906658 690
1764565792779 0.0002124803281088794 695
1764565854759 0.0002093846333011729 700
1764565916617 0.00020629587953626733 705
1764565978402 0.00020321456406546126 710
1764566039597 0.0002001411829425797 715
1764566101162 0.0001970762309441154 720
1764566162724 0.00019402020148957583 725
1764566224338 0.00019097358656204906 730
1764566286292 0.00018793687662899992 735
1764566347991 0.0001849105605633115 740
1764566409892 0.00018189512556458228 745
1764566471294 0.0001788910570806928 750
1764566567150 0.0001758988387296551 755
1764566629222 0.00017291895222175545 760
1764566691096 0.00016995187728200583 765
1764566752489 0.00016699809157291298 770
1764566814083 0.00016405807061758174 775
1764566875577 0.00016113228772316103 780
1764566937064 0.0001582212139046473 785
1764566998822 0.00015532531780905703 790
1764567060141 0.00015244506563998064 795
1764567121702 0.00014958092108252876 800
1764567183074 0.00014673334522868496 805
1764567244913 0.00014390279650307617 810
1764567306376 0.0001410897305891708 815
1764567368142 0.0001382946003559208 820
1764567430283 0.00013551785578485375 825
1764567491484 0.00013275994389763243 830
1764567553134 0.00013002130868408968 835
1764567614470 0.0001273023910307514 840
1764567676069 0.0001246036286498591 845
1764567737317 0.00012192545600890395 850
1764567798775 0.00011926830426068232 855
1764567860554 0.00011663260117388618 860
1764567922504 0.00011401877106423733 865
1764567984676 0.00011142723472617743 870
1764568045930 0.00010885840936512602 875
1764568132253 0.00010631270853031467 880
1764568193653 0.00010379054204821162 885
1764568255686 0.00010129231595654411 890
1764568317714 9.881843243893133e-05 895
1764568379301 9.63692897601383e-05 900
1764568440520 9.394528220195966e-05 905
1764568502113 9.154679999974521e-05 910
1764568563622 8.917422927957725e-05 915
1764568624780 8.682795199610834e-05 920
1764568686504 8.45083458710721e-05 925
1764568748088 8.22157843324741e-05 930
1764568809091 7.995063645447462e-05 935
1764568870761 7.771326689797226e-05 940
1764568932361 7.550403585189868e-05 945
1764568993464 7.332329897523144e-05 950
1764569054957 7.117140733973814e-05 955
1764569116547 6.904870737345805e-05 960
1764569178233 6.695554080493134e-05 965
1764569239474 6.4892244608185e-05 970
1764569301314 6.285915094848421e-05 975
1764569362688 6.085658712885766e-05 980
1764569424346 5.888487553740619e-05 985
1764569486033 5.6944333595402084e-05 990
1764569547420 5.50352737061878e-05 995
1764569633883 5.3158003204883565e-05 1000
1764569695265 5.1312824308909426e-05 1005
1764569756827 4.9500034069332916e-05 1010
1764569818431 4.7719924323046524e-05 1015
1764569880149 4.597278164578604e-05 1020
1764569941318 4.425888730599554e-05 1025
1764570002994 4.257851721954634e-05 1030
1764570064555 4.0931941905317866e-05 1035
1764570126069 3.931942644164791e-05 1040
1764570187431 3.774123042365767e-05 1045
1764570249126 3.619760792146068e-05 1050
1764570310508 3.4688807439260415e-05 1055
1764570371754 3.321507187534404e-05 1060
1764570432863 3.177663848297899e-05 1065
1764570494993 3.0373738832218118e-05 1070
1764570556400 2.9006598772619533e-05 1075
1764570618100 2.767543839688799e-05 1080
1764570680046 2.638047200544227e-05 1085
1764570741595 2.5121908071915773e-05 1090
1764570803147 2.3899949209594663e-05 1095
1764570864741 2.271479213879955e-05 1100
1764570926194 2.156662765521623e-05 1105
1764570987751 2.0455640599179635e-05 1110
1764571049761 1.9382009825917e-05 1115
1764571110994 1.8345908176754307e-05 1120
1764571171736 1.734750245129086e-05 1125
1764571268708 1.638695338054689e-05 1130
1764571330685 1.5464415601087524e-05 1135
1764571392407 1.45800376301284e-05 1140
1764571454423 1.3733961841626123e-05 1145
1764571515821 1.2926324443357876e-05 1150
1764571577344 1.2157255454993687e-05 1155
1764571638870 1.1426878687164732e-05 1160
1764571701013 1.0735311721531405e-05 1165
1764571762187 1.0082665891854128e-05 1170
1764571823873 9.46904626607015e-06 1175
1764571885814 8.89455162937857e-06 1180
1764571947488 8.35927446833733e-06 1185
1764572008999 7.86330095597408e-06 1190
1764572070621 7.406710937913262e-06 1195
1764572132035 6.98957791952199e-06 1200
1764572193353 6.611969054076655e-06 1205
1764572254527 6.273945131951868e-06 1210
1764572316353 5.975560570834276e-06 1215
1764572377845 5.716863406961682e-06 1220
1764572438841 5.497895287389995e-06 1225
1764572500113 5.318691463288508e-06 1230
1764572561381 5.179280784264893e-06 1235
1764572622881 5.0796856937206695e-06 1240
1764572684166 5.019922225238368e-06 1245
1764572780649 5e-06 1250
