1764060991695 -0.25508933514356613 1
1764061000723 -0.25507089495658875 2
1764061009792 -0.2517120763659477 3
1764061018593 -0.24794239178299904 4
1764061027511 -0.26398443430662155 5
1764061036509 -0.2546304687857628 6
1764061045545 -0.2617156356573105 7
1764061054503 -0.24950863048434258 8
1764061063542 -0.25674889609217644 9
1764061072377 -0.29153934121131897 10
1764061081414 -0.30812812596559525 11
1764061090460 -0.3477894067764282 12
1764061099623 -0.3950111195445061 13
1764061108636 -0.4161626622080803 14
1764061117885 -0.4546901509165764 15
1764061126789 -0.5094652622938156 16
1764061135904 -0.5723316073417664 17
1764061144854 -0.5959486961364746 18
1764061153757 -0.610673114657402 19
1764061162652 -0.6471912711858749 20
1764061171730 -0.6523218601942062 21
1764061181047 -0.6460506170988083 22
1764061189955 -0.6298771053552628 23
1764061198820 -0.6459539532661438 24
1764061207773 -0.6382461339235306 25
1764061216555 -0.6241892278194427 26
1764061225457 -0.629201129078865 27
1764061234263 -0.6327474564313889 28
1764061243343 -0.631037563085556 29
1764061252218 -0.6050596386194229 30
1764061261213 -0.605502188205719 31
1764061270269 -0.5778223723173141 32
1764061279188 -0.567694365978241 33
1764061288129 -0.5502596944570541 34
1764061297045 -0.5262834131717682 35
1764061306064 -0.5144624412059784 36
1764061315033 -0.500427134335041 37
1764061324074 -0.4871378168463707 38
1764061332992 -0.4616755396127701 39
1764061341923 -0.466300331056118 40
1764061350871 -0.47188033163547516 41
1764061359719 -0.41183406114578247 42
1764061368540 -0.42429739236831665 43
1764061377325 -0.4388121888041496 44
1764061386294 -0.41140730679035187 45
1764061395063 -0.39721884578466415 46
1764061404094 -0.3824653774499893 47
1764061412855 -0.37748461961746216 48
1764061421662 -0.3639241009950638 49
1764061430821 -0.3592049852013588 50
1764061439595 -0.3509131371974945 51
1764061448421 -0.342094786465168 52
1764061457495 -0.363992877304554 53
1764061466408 -0.35417211800813675 54
1764061475309 -0.34646590054035187 55
1764061484189 -0.3471745327115059 56
1764061492992 -0.33254673331975937 57
1764061501793 -0.31498345732688904 58
1764061510732 -0.33842097222805023 59
1764061519604 -0.34008653461933136 60
1764061528720 -0.34472284466028214 61
1764061537643 -0.3268735110759735 62
1764061546574 -0.33687227964401245 63
1764061555587 -0.34052862972021103 64
1764061564372 -0.33874112367630005 65
1764061573191 -0.3277887925505638 66
1764061582106 -0.3375634476542473 67
1764061590995 -0.33777758479118347 68
1764061599919 -0.31771648675203323 69
1764061608848 -0.3287105858325958 70
1764061617676 -0.3295398876070976 71
1764061626739 -0.34178195893764496 72
1764061635652 -0.3308778181672096 73
1764061644714 -0.35496287792921066 74
1764061653739 -0.34720128029584885 75
1764061662688 -0.36708303540945053 76
1764061671527 -0.3367699608206749 77
1764061680547 -0.33033090084791183 78
1764061689458 -0.3237111270427704 79
1764061698497 -0.35461246222257614 80
1764061707456 -0.38303156942129135 81
1764061716296 -0.35314302891492844 82
1764061725175 -0.36624250560998917 83
1764061734036 -0.3419349491596222 84
1764061743124 -0.35423826426267624 85
1764061751963 -0.3771325424313545 86
1764061760845 -0.37174058705568314 87
1764061769695 -0.3613317832350731 88
1764061778670 -0.3680155575275421 89
1764061787498 -0.34883899986743927 90
1764061796385 -0.3600555956363678 91
1764061805253 -0.3697914555668831 92
1764061814213 -0.35139013081789017 93
1764061823156 -0.3578891456127167 94
1764061832136 -0.35125209391117096 95
1764061840970 -0.37664638459682465 96
1764061850014 -0.3910467401146889 97
1764061858787 -0.3793604001402855 98
1764061867738 -0.37704431265592575 99
1764061876765 -0.3685057982802391 100
1764061885801 -0.369530126452446 101
1764061894652 -0.3771335259079933 102
1764061903627 -0.4193194732069969 103
1764061912655 -0.3811884969472885 104
1764061921528 -0.3828733339905739 105
1764061930499 -0.38476621359586716 106
1764061939435 -0.36886919289827347 107
1764061948492 -0.3865814283490181 108
1764061957459 -0.38668178766965866 109
1764061966384 -0.37944240123033524 110
1764061975396 -0.3882424384355545 111
1764061984229 -0.3969787284731865 112
1764061993245 -0.39476627111434937 113
1764062002082 -0.377713106572628 114
1764062010953 -0.38940059393644333 115
1764062019879 -0.3749793991446495 116
1764062029103 -0.3916136994957924 117
1764062037964 -0.3902909681200981 118
1764062046667 -0.42411764711141586 119
1764062055524 -0.4136568233370781 120
1764062064340 -0.37637604773044586 121
1764062073192 -0.4011820927262306 122
1764062082035 -0.4196551516652107 123
1764062090888 -0.4002900570631027 124
1764062099857 -0.4076400250196457 125
1764062108737 -0.4189375266432762 126
1764062117652 -0.4077277109026909 127
