1764060991695 0.12581314891576767 1
1764061000723 0.10636615566909313 2
1764061009792 0.10614125058054924 3
1764061018593 0.10645436681807041 4
1764061027511 0.1172552015632391 5
1764061036509 0.10962271131575108 6
1764061045545 0.10304922237992287 7
1764061054503 0.10460611619055271 8
1764061063542 0.11127842776477337 9
1764061072377 0.10532844252884388 10
1764061081414 0.10000000149011612 11
1764061090460 0.10000000149011612 12
1764061099623 0.10000000149011612 13
1764061108636 0.10000000149011612 14
1764061117885 0.10000000149011612 15
1764061126789 0.10000000149011612 16
1764061135904 0.10000000149011612 17
1764061144854 0.10000000149011612 18
1764061153757 0.10000000149011612 19
1764061162652 0.10000000149011612 20
1764061171730 0.10000000149011612 21
1764061181047 0.10000000149011612 22
1764061189955 0.10000000149011612 23
1764061198820 0.10000000149011612 24
1764061207773 0.10000000149011612 25
1764061216555 0.10000000149011612 26
1764061225457 0.10000000149011612 27
1764061234263 0.10000000149011612 28
1764061243343 0.10000000149011612 29
1764061252218 0.10000000149011612 30
1764061261213 0.10000000149011612 31
1764061270269 0.10000000149011612 32
1764061279188 0.10000000149011612 33
1764061288129 0.10000000149011612 34
1764061297045 0.10000000149011612 35
1764061306064 0.10000000149011612 36
1764061315033 0.10000000149011612 37
1764061324074 0.10000000149011612 38
1764061332992 0.10000000149011612 39
1764061341923 0.10000000149011612 40
1764061350871 0.10000000149011612 41
1764061359719 0.10000000149011612 42
1764061368540 0.10000000149011612 43
1764061377325 0.10000000149011612 44
1764061386294 0.10000000149011612 45
1764061395063 0.10000000149011612 46
1764061404094 0.10000000149011612 47
1764061412855 0.10000000149011612 48
1764061421662 0.10000000149011612 49
1764061430821 0.10000000149011612 50
1764061439595 0.10000000149011612 51
1764061448421 0.10000000149011612 52
1764061457495 0.10000000149011612 53
1764061466408 0.10000000149011612 54
1764061475309 0.10000000149011612 55
1764061484189 0.10000000149011612 56
1764061492992 0.10000000149011612 57
1764061501793 0.10000000149011612 58
1764061510732 0.10000000149011612 59
1764061519604 0.10000000149011612 60
1764061528720 0.10000000149011612 61
1764061537643 0.10000000149011612 62
1764061546574 0.10000000149011612 63
1764061555587 0.10000000149011612 64
1764061564372 0.10000000149011612 65
1764061573191 0.10000000149011612 66
1764061582106 0.10000000149011612 67
1764061590995 0.10000000149011612 68
1764061599919 0.10000000149011612 69
1764061608848 0.10000000149011612 70
1764061617676 0.10000000149011612 71
1764061626739 0.10000000149011612 72
1764061635652 0.10000000149011612 73
1764061644714 0.10000000149011612 74
1764061653739 0.10000000149011612 75
1764061662688 0.10000000149011612 76
1764061671527 0.10000000149011612 77
1764061680547 0.10000000149011612 78
1764061689458 0.10000000149011612 79
1764061698497 0.10000000149011612 80
1764061707456 0.10000000149011612 81
1764061716296 0.10000000149011612 82
1764061725175 0.10000000149011612 83
1764061734036 0.10000000149011612 84
1764061743124 0.10000000149011612 85
1764061751963 0.10000000149011612 86
1764061760845 0.10000000149011612 87
1764061769695 0.10000000149011612 88
1764061778670 0.10000000149011612 89
1764061787498 0.10000000149011612 90
1764061796385 0.10000000149011612 91
1764061805253 0.10000000149011612 92
1764061814213 0.10000000149011612 93
1764061823156 0.10000000149011612 94
1764061832136 0.10000000149011612 95
1764061840970 0.10000000149011612 96
1764061850014 0.10000000149011612 97
1764061858787 0.10000000149011612 98
1764061867738 0.10000000149011612 99
1764061876765 0.10000000149011612 100
1764061885801 0.10000000149011612 101
1764061894652 0.10000000149011612 102
1764061903627 0.10000000149011612 103
1764061912655 0.10000000149011612 104
1764061921528 0.10000000149011612 105
1764061930499 0.10000000149011612 106
1764061939435 0.10000000149011612 107
1764061948492 0.10000000149011612 108
1764061957459 0.10000000149011612 109
1764061966384 0.10000000149011612 110
1764061975396 0.10000000149011612 111
1764061984229 0.10000000149011612 112
1764061993245 0.10000000149011612 113
1764062002082 0.10000000149011612 114
1764062010953 0.10000000149011612 115
1764062019879 0.10000000149011612 116
1764062029103 0.10000000149011612 117
1764062037964 0.10000000149011612 118
1764062046667 0.10000000149011612 119
1764062055524 0.10000000149011612 120
1764062064340 0.10000000149011612 121
1764062073192 0.10000000149011612 122
1764062082035 0.10000000149011612 123
1764062090888 0.10000000149011612 124
1764062099857 0.10000000149011612 125
1764062108737 0.10000000149011612 126
1764062117652 0.10000000149011612 127
