1764179766194 0.7571317553520203 1
1764179772763 0.7676877379417419 2
1764179779249 0.7669699192047119 3
1764179785769 0.7837380170822144 4
1764179792280 0.8167376518249512 5
1764179798791 0.8704985976219177 6
1764179805323 1.0 7
1764179811862 1.0 8
1764179818397 1.0 9
1764179824955 1.0 10
1764179831500 1.0 11
1764179838064 1.0 12
1764179844602 1.0 13
1764179851148 1.0 14
1764179857713 1.0 15
1764179864279 1.0 16
1764179870839 1.0 17
1764179877388 1.0 18
1764179883926 1.0 19
1764179890455 1.0 20
1764179896978 1.0 21
1764179903501 1.0 22
1764179910041 1.0 23
1764179916574 1.0 24
1764179923102 1.0 25
1764179929645 1.0 26
1764179936180 1.0 27
1764179942698 1.0 28
1764179949213 1.0 29
1764179955762 1.0 30
1764179962301 1.0 31
1764179968844 1.0 32
1764179975352 1.0 33
1764179981876 1.0 34
1764179988394 1.0 35
1764179994911 1.0 36
1764180001441 0.09829694777727127 37
1764180007960 1.0 38
1764180014483 1.0 39
1764180020993 1.0 40
1764180027580 1.0 41
1764180034075 1.0 42
1764180040608 1.0 43
1764180047134 1.0 44
1764180053651 1.0 45
1764180060153 0.8349759578704834 46
1764180066651 0.7790939807891846 47
1764180073153 1.0 48
1764180108263 1.0 49
1764180114737 1.0 50
1764180121213 1.0 51
1764180127692 0.9298560619354248 52
1764180134208 0.17070773243904114 53
1764180140713 0.5177544951438904 54
1764180147227 0.7571215629577637 55
1764180153757 1.0 56
1764180160276 1.0 57
1764180166792 0.9081180691719055 58
1764180173315 0.09248412400484085 59
1764180179828 0.13150498270988464 60
1764180186355 0.12625925242900848 61
1764180192879 0.21128833293914795 62
1764180199372 0.9896491169929504 63
1764180205894 0.527938187122345 64
1764180212414 0.7005099058151245 65
1764180218944 0.6492475867271423 66
1764180225492 0.22630956768989563 67
1764180232020 0.7080795168876648 68
1764180238534 0.3529011011123657 69
1764180245080 0.6731744408607483 70
1764180251597 0.15434876084327698 71
1764180258122 0.09344805032014847 72
1764180264879 0.3690602779388428 73
1764180271395 0.12554727494716644 74
1764180277914 0.36450114846229553 75
1764180284437 0.6125983595848083 76
1764180290954 0.5565445423126221 77
1764180297527 0.09606079757213593 78
1764180304038 1.0 79
1764180310560 0.7148576378822327 80
1764180317148 0.632258951663971 81
1764180323660 0.2935326099395752 82
1764180330174 0.2887960970401764 83
1764180336691 0.6214889287948608 84
1764180343210 0.3858485817909241 85
1764180349731 0.4744255244731903 86
1764180356254 0.22069169580936432 87
1764180362776 0.18321815133094788 88
1764180369299 0.12148158252239227 89
1764180375804 0.8150219917297363 90
1764180382345 0.5461106896400452 91
1764180388881 0.2183399796485901 92
1764180395394 0.07635083049535751 93
1764180401892 0.3919805586338043 94
1764180408395 0.17614689469337463 95
1764180414902 0.4352072477340698 96
1764180421411 0.5114784836769104 97
1764180457095 0.10128883272409439 98
1764180463561 0.19949744641780853 99
1764180470033 0.46076008677482605 100
1764180476503 0.417659729719162 101
1764180482984 0.2619202136993408 102
1764180489494 0.36934903264045715 103
1764180495999 0.3795987367630005 104
1764180502515 0.5161508917808533 105
1764180509007 0.5004614591598511 106
1764180515513 0.2624266743659973 107
1764180522050 0.5003212690353394 108
1764180528582 0.316910982131958 109
1764180535077 0.6356733441352844 110
1764180541588 0.2973150908946991 111
1764180548088 0.07646530866622925 112
1764180554590 0.18987521529197693 113
1764180561159 0.6979595422744751 114
1764180567674 0.3419235944747925 115
1764180574191 0.15643520653247833 116
1764180580687 0.08815670758485794 117
1764180587189 0.4325081408023834 118
1764180593709 0.5954501032829285 119
1764180600203 0.07840973138809204 120
1764180606713 0.2881440222263336 121
1764180613234 0.5846741795539856 122
1764180619751 0.48448190093040466 123
1764180626247 0.09934210777282715 124
1764180632748 0.23861828446388245 125
1764180639251 0.1349935680627823 126
1764180645769 0.20493733882904053 127
1764180652260 0.21138730645179749 128
1764180658766 0.15956620872020721 129
1764180665270 0.5185554027557373 130
1764180671770 0.2681962251663208 131
1764180678292 0.08199600130319595 132
1764180684779 0.468000203371048 133
1764180691304 0.07509069889783859 134
1764180697807 0.19751517474651337 135
1764180704330 0.24992969632148743 136
1764180710890 0.4563918709754944 137
1764180717370 0.18992893397808075 138
1764180723863 0.10850803554058075 139
1764180730422 0.11677905917167664 140
1764180736926 0.400692880153656 141
1764180743430 0.12152078747749329 142
1764180749944 0.2865965962409973 143
1764180756442 0.8166714906692505 144
1764180762953 0.11294179409742355 145
1764180769455 0.23569205403327942 146
1764180806425 0.2541942894458771 147
1764180812905 0.2721962332725525 148
1764180819378 0.10537592321634293 149
1764180825855 0.0800633430480957 150
1764180832341 0.3057379126548767 151
1764180838847 0.3117959499359131 152
1764180845339 0.1013488918542862 153
1764180851837 0.29457011818885803 154
1764180858346 0.19760704040527344 155
1764180864936 0.08624306321144104 156
1764180871425 0.1339809149503708 157
1764180877946 0.07182588428258896 158
1764180884449 0.14722570776939392 159
1764180890965 0.09033610671758652 160
1764180897470 0.2225411832332611 161
1764180903979 0.07608087360858917 162
1764180910503 0.10595090687274933 163
1764180917195 0.4459422528743744 164
1764180923705 0.1791025698184967 165
1764180930204 0.4596529006958008 166
1764180936704 0.08950076997280121 167
1764180943201 0.09719575196504593 168
1764180949722 0.08618565648794174 169
1764180956224 0.07013657689094543 170
1764180962747 0.328479528427124 171
1764180969263 0.09216643869876862 172
1764180975781 0.091573067009449 173
1764180982306 0.3072536587715149 174
1764180988825 0.33097293972969055 175
1764180995341 0.5117356181144714 176
1764181001842 0.21017372608184814 177
1764181008335 0.40931129455566406 178
1764181014820 0.2190897911787033 179
1764181021323 0.21617765724658966 180
1764181027831 0.10424011200666428 181
1764181034322 0.5856627225875854 182
1764181040863 0.09025699645280838 183
1764181047351 0.10347546637058258 184
1764181053838 0.35394346714019775 185
1764181060362 0.3043915331363678 186
1764181066852 0.1667049527168274 187
1764181073348 0.23300451040267944 188
1764181079847 0.2567848563194275 189
1764181086340 0.22694618999958038 190
1764181092835 0.23730050027370453 191
1764181099343 0.24894437193870544 192
1764181105839 0.15962131321430206 193
1764181112337 0.5810518264770508 194
1764181118820 0.3450204133987427 195
