1764179766194 9.09091e-06 1
1764179772763 1.8181819e-05 2
1764179779249 2.7272728000000004e-05 3
1764179785769 3.6363637e-05 4
1764179792280 4.5454545999999996e-05 5
1764179798791 5.454545499999999e-05 6
1764179805323 6.3636364e-05 7
1764179811862 7.2727273e-05 8
1764179818397 8.1818182e-05 9
1764179824955 9.0909091e-05 10
1764179831500 0.0001 11
1764179838064 9.999845402895059e-05 12
1764179844602 9.999381622202572e-05 13
1764179851148 9.998608689788831e-05 14
1764179857713 9.997526658761886e-05 15
1764179864279 9.9961356034679e-05 16
1764179870839 9.994435619486035e-05 17
1764179877388 9.992426823621896e-05 18
1764179883926 9.99010935389949e-05 19
1764179890455 9.987483369551757e-05 20
1764179896978 9.984549051009622e-05 21
1764179903501 9.981306599889594e-05 22
1764179910041 9.97775623897992e-05 23
1764179916574 9.973898212225277e-05 24
1764179923102 9.969732784710004e-05 25
1764179929645 9.965260242639895e-05 26
1764179936180 9.960480893322531e-05 27
1764179942698 9.955395065146163e-05 28
1764179949213 9.950003107557154e-05 29
1764179955762 9.94430539103596e-05 30
1764179962301 9.938302307071687e-05 31
1764179968844 9.931994268135176e-05 32
1764179975352 9.925381707650676e-05 33
1764179981876 9.91846507996606e-05 34
1764179988394 9.911244860321597e-05 35
1764179994911 9.903721544817314e-05 36
1764180001441 9.8958956503789e-05 37
1764180007960 9.887767714722182e-05 38
1764180014483 9.879338296316198e-05 39
1764180020993 9.870607974344804e-05 40
1764180027580 9.861577348666888e-05 41
1764180034075 9.852247039775158e-05 42
1764180040608 9.842617688753498e-05 43
1764180047134 9.832689957232926e-05 44
1764180053651 9.822464527346132e-05 45
1764180060153 9.811942101680607e-05 46
1764180066651 9.801123403230372e-05 47
1764180073153 9.790009175346298e-05 48
1764180108263 9.77860018168503e-05 49
1764180114737 9.766897206156522e-05 50
1764180121213 9.754901052870165e-05 51
1764180127692 9.742612546079546e-05 52
1764180134208 9.73003253012581e-05 53
1764180140713 9.717161869379644e-05 54
1764180147227 9.704001448181887e-05 55
1764180153757 9.690552170782769e-05 56
1764180160276 9.67681496127978e-05 57
1764180166792 9.662790763554173e-05 58
1764180173315 9.648480541206108e-05 59
1764180179828 9.633885277488453e-05 60
1764180186355 9.619005975239215e-05 61
1764180192879 9.603843656812638e-05 62
1764180199372 9.588399364008959e-05 63
1764180205894 9.572674158002826e-05 64
1764180212414 9.556669119270381e-05 65
1764180218944 9.540385347515028e-05 66
1764180225492 9.523823961591862e-05 67
1764180232020 9.506986099430804e-05 68
1764180238534 9.489872917958406e-05 69
1764180245080 9.472485593018362e-05 70
1764180251597 9.454825319290715e-05 71
1764180258122 9.436893310209775e-05 72
1764180264879 9.418690797880733e-05 73
1764180271395 9.400219032995019e-05 74
1764180277914 9.381479284744352e-05 75
1764180284437 9.362472840733546e-05 76
1764180290954 9.343201006892029e-05 77
1764180297527 9.323665107384124e-05 78
1764180304038 9.303866484518056e-05 79
1764180310560 9.283806498653724e-05 80
1764180317148 9.263486528109235e-05 81
1764180323660 9.242907969066197e-05 82
1764180330174 9.222072235473788e-05 83
1764180336691 9.200980758951607e-05 84
1764180343210 9.179634988691301e-05 85
1764180349731 9.158036391356999e-05 86
1764180356254 9.136186450984526e-05 87
1764180362776 9.114086668879454e-05 88
1764180369299 9.09173856351393e-05 89
1764180375804 9.069143670422347e-05 90
1764180382345 9.046303542095846e-05 91
1764180388881 9.02321974787563e-05 92
1764180395394 8.99989387384515e-05 93
1764180401892 8.976327522721114e-05 94
1764180408395 8.952522313743371e-05 95
1764180414902 8.928479882563648e-05 96
1764180421411 8.90420188113317e-05 97
1764180457095 8.879689977589154e-05 98
1764180463561 8.854945856140189e-05 99
1764180470033 8.829971216950512e-05 100
1764180476503 8.8047677760232e-05 101
1764180482984 8.779337265082254e-05 102
1764180489494 8.753681431453614e-05 103
1764180495999 8.727802037945104e-05 104
1764180502515 8.701700862725308e-05 105
1764180509007 8.675379699201394e-05 106
1764180515513 8.648840355895885e-05 107
1764180522050 8.622084656322398e-05 108
1764180528582 8.595114438860356e-05 109
1764180535077 8.567931556628663e-05 110
1764180541588 8.540537877358388e-05 111
1764180548088 8.51293528326442e-05 112
1764180554590 8.485125670916154e-05 113
1764180561159 8.45711095110717e-05 114
1764180567674 8.428893048723951e-05 115
1764180574191 8.400473902613612e-05 116
1764180580687 8.371855465450695e-05 117
1764180587189 8.343039703602989e-05 118
1764180593709 8.314028596996432e-05 119
1764180600203 8.284824138979067e-05 120
1764180606713 8.255428336184077e-05 121
1764180613234 8.225843208391908e-05 122
1764180619751 8.196070788391499e-05 123
1764180626247 8.166113121840598e-05 124
1764180632748 8.135972267125215e-05 125
1764180639251 8.105650295218185e-05 126
1764180645769 8.075149289536874e-05 127
1764180652260 8.044471345800027e-05 128
1764180658766 8.013618571883771e-05 129
1764180665270 7.982593087676786e-05 130
1764180671770 7.951397024934642e-05 131
1764180678292 7.920032527133336e-05 132
1764180684779 7.888501749322002e-05 133
1764180691304 7.85680685797485e-05 134
1764180697807 7.824950030842296e-05 135
1764180704330 7.792933456801341e-05 136
1764180710890 7.760759335705165e-05 137
1764180717370 7.728429878231981e-05 138
1764180723863 7.695947305733134e-05 139
1764180730422 7.663313850080475e-05 140
1764180736926 7.630531753513017e-05 141
1764180743430 7.597603268482855e-05 142
1764180749944 7.564530657500416e-05 143
1764180756442 7.531316192978993e-05 144
1764180762953 7.497962157078614e-05 145
1764180769455 7.464470841549224e-05 146
1764180806425 7.430844547573235e-05 147
1764180812905 7.397085585607404e-05 148
1764180819378 7.363196275224078e-05 149
1764180825855 7.329178944951824e-05 150
1764180832341 7.295035932115432e-05 151
1764180838847 7.260769582675318e-05 152
1764180845339 7.226382251066337e-05 153
1764180851837 7.191876300036006e-05 154
1764180858346 7.157254100482161e-05 155
1764180864936 7.122518031290055e-05 156
1764180871425 7.087670479168903e-05 157
1764180877946 7.052713838487893e-05 158
1764180884449 7.017650511111666e-05 159
1764180890965 6.982482906235294e-05 160
1764180897470 6.94721344021873e-05 161
1764180903979 6.911844536420793e-05 162
1764180910503 6.87637862503265e-05 163
1764180917195 6.840818142910848e-05 164
1764180923705 6.805165533409872e-05 165
1764180930204 6.769423246214255e-05 166
1764180936704 6.733593737170278e-05 167
1764180943201 6.697679468117215e-05 168
1764180949722 6.661682906718188e-05 169
1764180956224 6.625606526290612e-05 170
1764180962747 6.58945280563625e-05 171
1764180969263 6.553224228870899e-05 172
1764180975781 6.51692328525371e-05 173
1764180982306 6.480552469016142e-05 174
1764180988825 6.444114279190595e-05 175
1764180995341 6.407611219438693e-05 176
1764181001842 6.371045797879264e-05 177
1764181008335 6.334420526916002e-05 178
1764181014820 6.297737923064845e-05 179
1764181021323 6.261000506781062e-05 180
1764181027831 6.224210802286075e-05 181
1764181034322 6.18737133739402e-05 182
1764181040863 6.150484643338063e-05 183
1764181047351 6.113553254596475e-05 184
1764181053838 6.076579708718493e-05 185
1764181060362 6.0395665461499606e-05 186
1764181066852 6.0025163100587786e-05 187
1764181073348 5.965431546160166e-05 188
1764181079847 5.928314802541738e-05 189
1764181086340 5.8911686294884304e-05 190
1764181092835 5.853995579307274e-05 191
1764181099343 5.816798206152018e-05 192
1764181105839 5.779579065847642e-05 193
1764181112337 5.742340715714738e-05 194
1764181118820 5.705085714393809e-05 195
