1764179766194 0.5 1
1764179772763 0.5 2
1764179779249 0.5 3
1764179785769 0.5 4
1764179792280 0.5 5
1764179798791 0.5 6
1764179805323 0.49853515625 7
1764179811862 0.49560546875 8
1764179818397 0.49609375 9
1764179824955 0.4912109375 10
1764179831500 0.48779296875 11
1764179838064 0.482421875 12
1764179844602 0.47314453125 13
1764179851148 0.4619140625 14
1764179857713 0.4482421875 15
1764179864279 0.431640625 16
1764179870839 0.41357421875 17
1764179877388 0.39111328125 18
1764179883926 0.36572265625 19
1764179890455 0.3427734375 20
1764179896978 0.3203125 21
1764179903501 0.30078125 22
1764179910041 0.2783203125 23
1764179916574 0.26318359375 24
1764179923102 0.26318359375 25
1764179929645 0.27294921875 26
1764179936180 0.2734375 27
1764179942698 0.279296875 28
1764179949213 0.28857421875 29
1764179955762 0.29052734375 30
1764179962301 0.28466796875 31
1764179968844 0.283203125 32
1764179975352 0.2724609375 33
1764179981876 0.2705078125 34
1764179988394 0.26123046875 35
1764179994911 0.2548828125 36
1764180001441 0.25244140625 37
1764180007960 0.2607421875 38
1764180014483 0.2587890625 39
1764180020993 0.25732421875 40
1764180027580 0.26416015625 41
1764180034075 0.25927734375 42
1764180040608 0.2578125 43
1764180047134 0.25537109375 44
1764180053651 0.255859375 45
1764180060153 0.249267578125 46
1764180066651 0.25439453125 47
1764180073153 0.25634765625 48
1764180108263 0.251953125 49
1764180114737 0.2509765625 50
1764180121213 0.250732421875 51
1764180127692 0.249755859375 52
1764180134208 0.248779296875 53
1764180140713 0.248291015625 54
1764180147227 0.250732421875 55
1764180153757 0.245849609375 56
1764180160276 0.248291015625 57
1764180166792 0.248046875 58
1764180173315 0.251953125 59
1764180179828 0.2470703125 60
1764180186355 0.2412109375 61
1764180192879 0.246826171875 62
1764180199372 0.247314453125 63
1764180205894 0.2470703125 64
1764180212414 0.24658203125 65
1764180218944 0.246337890625 66
1764180225492 0.248046875 67
1764180232020 0.246337890625 68
1764180238534 0.249755859375 69
1764180245080 0.245849609375 70
1764180251597 0.250732421875 71
1764180258122 0.245849609375 72
1764180264879 0.24853515625 73
1764180271395 0.245361328125 74
1764180277914 0.242431640625 75
1764180284437 0.250244140625 76
1764180290954 0.24365234375 77
1764180297527 0.24462890625 78
1764180304038 0.2392578125 79
1764180310560 0.24462890625 80
1764180317148 0.24462890625 81
1764180323660 0.2421875 82
1764180330174 0.242919921875 83
1764180336691 0.249267578125 84
1764180343210 0.2431640625 85
1764180349731 0.24658203125 86
1764180356254 0.2431640625 87
1764180362776 0.240966796875 88
1764180369299 0.246826171875 89
1764180375804 0.2412109375 90
1764180382345 0.246826171875 91
1764180388881 0.243408203125 92
1764180395394 0.24462890625 93
1764180401892 0.24609375 94
1764180408395 0.23974609375 95
1764180414902 0.24365234375 96
1764180421411 0.244140625 97
1764180457095 0.2421875 98
1764180463561 0.2421875 99
1764180470033 0.243896484375 100
1764180476503 0.238037109375 101
1764180482984 0.23974609375 102
1764180489494 0.244140625 103
1764180495999 0.244384765625 104
1764180502515 0.24560546875 105
1764180509007 0.235595703125 106
1764180515513 0.24365234375 107
1764180522050 0.23486328125 108
1764180528582 0.247802734375 109
1764180535077 0.24951171875 110
1764180541588 0.240478515625 111
1764180548088 0.2412109375 112
1764180554590 0.242919921875 113
1764180561159 0.23974609375 114
1764180567674 0.243408203125 115
1764180574191 0.240234375 116
1764180580687 0.24267578125 117
1764180587189 0.2412109375 118
1764180593709 0.24755859375 119
1764180600203 0.243896484375 120
1764180606713 0.24609375 121
1764180613234 0.239990234375 122
1764180619751 0.235107421875 123
1764180626247 0.245849609375 124
1764180632748 0.240966796875 125
1764180639251 0.23974609375 126
1764180645769 0.2412109375 127
1764180652260 0.245849609375 128
1764180658766 0.241455078125 129
1764180665270 0.2451171875 130
1764180671770 0.243408203125 131
1764180678292 0.24365234375 132
1764180684779 0.2470703125 133
1764180691304 0.24072265625 134
1764180697807 0.241455078125 135
1764180704330 0.239013671875 136
1764180710890 0.24169921875 137
1764180717370 0.236328125 138
1764180723863 0.241455078125 139
1764180730422 0.244384765625 140
1764180736926 0.24462890625 141
1764180743430 0.24755859375 142
1764180749944 0.24169921875 143
1764180756442 0.239501953125 144
1764180762953 0.24365234375 145
1764180769455 0.248291015625 146
1764180806425 0.243896484375 147
1764180812905 0.237060546875 148
1764180819378 0.2421875 149
1764180825855 0.23876953125 150
1764180832341 0.239501953125 151
1764180838847 0.244873046875 152
1764180845339 0.23974609375 153
1764180851837 0.23779296875 154
1764180858346 0.240478515625 155
1764180864936 0.24267578125 156
1764180871425 0.239501953125 157
1764180877946 0.24267578125 158
1764180884449 0.239990234375 159
1764180890965 0.239013671875 160
1764180897470 0.244140625 161
1764180903979 0.23974609375 162
1764180910503 0.238037109375 163
1764180917195 0.237060546875 164
1764180923705 0.2373046875 165
1764180930204 0.24609375 166
1764180936704 0.2421875 167
1764180943201 0.247314453125 168
1764180949722 0.239501953125 169
1764180956224 0.241455078125 170
1764180962747 0.24853515625 171
1764180969263 0.2421875 172
1764180975781 0.242431640625 173
1764180982306 0.2392578125 174
1764180988825 0.238037109375 175
1764180995341 0.23876953125 176
1764181001842 0.244873046875 177
1764181008335 0.2529296875 178
1764181014820 0.23828125 179
1764181021323 0.250732421875 180
1764181027831 0.23974609375 181
1764181034322 0.234130859375 182
1764181040863 0.23974609375 183
1764181047351 0.2373046875 184
1764181053838 0.234130859375 185
1764181060362 0.240966796875 186
1764181066852 0.23974609375 187
1764181073348 0.239990234375 188
1764181079847 0.239013671875 189
1764181086340 0.23828125 190
1764181092835 0.238037109375 191
1764181099343 0.249267578125 192
1764181105839 0.240234375 193
1764181112337 0.239501953125 194
1764181118820 0.236083984375 195
