1764179766194 0.0 1
1764179772763 0.51171875 2
1764179779249 0.52734375 3
1764179785769 0.515625 4
1764179792280 0.4921875 5
1764179798791 0.47265625 6
1764179805323 0.47265625 7
1764179811862 0.49609375 8
1764179818397 0.5078125 9
1764179824955 0.57421875 10
1764179831500 0.45703125 11
1764179838064 0.52734375 12
1764179844602 0.48046875 13
1764179851148 0.4609375 14
1764179857713 0.515625 15
1764179864279 0.57421875 16
1764179870839 0.48828125 17
1764179877388 0.4921875 18
1764179883926 0.515625 19
1764179890455 0.484375 20
1764179896978 0.45703125 21
1764179903501 0.5 22
1764179910041 0.515625 23
1764179916574 0.5390625 24
1764179923102 0.48828125 25
1764179929645 0.5078125 26
1764179936180 0.48828125 27
1764179942698 0.5078125 28
1764179949213 0.5 29
1764179955762 0.4921875 30
1764179962301 0.50390625 31
1764179968844 0.54296875 32
1764179975352 0.49609375 33
1764179981876 0.50390625 34
1764179988394 0.5234375 35
1764179994911 0.5703125 36
1764180001441 0.59765625 37
1764180007960 0.51171875 38
1764180014483 0.5546875 39
1764180020993 0.55859375 40
1764180027580 0.5390625 41
1764180034075 0.5859375 42
1764180040608 0.5703125 43
1764180047134 0.62890625 44
1764180053651 0.55078125 45
1764180060153 0.60546875 46
1764180066651 0.54296875 47
1764180073153 0.55078125 48
1764180080292 0.5104166666666666 48
1764180108263 0.60546875 49
1764180114737 0.6171875 50
1764180121213 0.59765625 51
1764180127692 0.61328125 52
1764180134208 0.59375 53
1764180140713 0.59375 54
1764180147227 0.6171875 55
1764180153757 0.63671875 56
1764180160276 0.56640625 57
1764180166792 0.59765625 58
1764180173315 0.58203125 59
1764180179828 0.59765625 60
1764180186355 0.640625 61
1764180192879 0.62890625 62
1764180199372 0.640625 63
1764180205894 0.64453125 64
1764180212414 0.63671875 65
1764180218944 0.6171875 66
1764180225492 0.6328125 67
1764180232020 0.625 68
1764180238534 0.61328125 69
1764180245080 0.609375 70
1764180251597 0.54296875 71
1764180258122 0.65234375 72
1764180264879 0.6015625 73
1764180271395 0.6484375 74
1764180277914 0.65625 75
1764180284437 0.61328125 76
1764180290954 0.6171875 77
1764180297527 0.62890625 78
1764180304038 0.65234375 79
1764180310560 0.671875 80
1764180317148 0.6328125 81
1764180323660 0.62890625 82
1764180330174 0.68359375 83
1764180336691 0.62109375 84
1764180343210 0.62109375 85
1764180349731 0.64453125 86
1764180356254 0.66015625 87
1764180362776 0.66796875 88
1764180369299 0.61328125 89
1764180375804 0.64453125 90
1764180382345 0.6015625 91
1764180388881 0.62890625 92
1764180395394 0.64453125 93
1764180401892 0.6171875 94
1764180408395 0.6328125 95
1764180414902 0.59765625 96
1764180421411 0.64453125 97
1764180428445 0.6240433673469388 97
1764180457095 0.6484375 98
1764180463561 0.66796875 99
1764180470033 0.62890625 100
1764180476503 0.6796875 101
1764180482984 0.6328125 102
1764180489494 0.63671875 103
1764180495999 0.640625 104
1764180502515 0.57421875 105
1764180509007 0.671875 106
1764180515513 0.62890625 107
1764180522050 0.72265625 108
1764180528582 0.58984375 109
1764180535077 0.546875 110
1764180541588 0.66796875 111
1764180548088 0.6484375 112
1764180554590 0.57421875 113
1764180561159 0.62109375 114
1764180567674 0.65625 115
1764180574191 0.66015625 116
1764180580687 0.62109375 117
1764180587189 0.6796875 118
1764180593709 0.58203125 119
1764180600203 0.60546875 120
1764180606713 0.61328125 121
1764180613234 0.62890625 122
1764180619751 0.72265625 123
1764180626247 0.6171875 124
1764180632748 0.6484375 125
1764180639251 0.64453125 126
1764180645769 0.609375 127
1764180652260 0.65234375 128
1764180658766 0.61328125 129
1764180665270 0.64453125 130
1764180671770 0.609375 131
1764180678292 0.64453125 132
1764180684779 0.64453125 133
1764180691304 0.6484375 134
1764180697807 0.66015625 135
1764180704330 0.69921875 136
1764180710890 0.66015625 137
1764180717370 0.703125 138
1764180723863 0.66015625 139
1764180730422 0.57421875 140
1764180736926 0.62890625 141
1764180743430 0.65625 142
1764180749944 0.66796875 143
1764180756442 0.6640625 144
1764180762953 0.61328125 145
1764180769455 0.6328125 146
1764180776561 0.6397480867346939 146
1764180806425 0.66015625 147
1764180812905 0.6640625 148
1764180819378 0.64453125 149
1764180825855 0.65234375 150
1764180832341 0.6171875 151
1764180838847 0.62890625 152
1764180845339 0.6171875 153
1764180851837 0.6875 154
1764180858346 0.6328125 155
1764180864936 0.6328125 156
1764180871425 0.640625 157
1764180877946 0.60546875 158
1764180884449 0.6640625 159
1764180890965 0.6328125 160
1764180897470 0.6015625 161
1764180903979 0.6796875 162
1764180910503 0.6875 163
1764180917195 0.64453125 164
1764180923705 0.6640625 165
1764180930204 0.6328125 166
1764180936704 0.6328125 167
1764180943201 0.57421875 168
1764180949722 0.67578125 169
1764180956224 0.6640625 170
1764180962747 0.6015625 171
1764180969263 0.63671875 172
1764180975781 0.62109375 173
1764180982306 0.671875 174
1764180988825 0.703125 175
1764180995341 0.6953125 176
1764181001842 0.6875 177
1764181008335 0.6328125 178
1764181014820 0.671875 179
1764181021323 0.578125 180
1764181027831 0.65234375 181
1764181034322 0.6875 182
1764181040863 0.6484375 183
1764181047351 0.7265625 184
1764181053838 0.65234375 185
1764181060362 0.63671875 186
1764181066852 0.640625 187
1764181073348 0.66015625 188
1764181079847 0.671875 189
1764181086340 0.67578125 190
1764181092835 0.69921875 191
1764181099343 0.62890625 192
1764181105839 0.67578125 193
1764181112337 0.625 194
1764181118820 0.67578125 195
1764181125856 0.6509088010204082 195
