1764069765579 0.6008582604381012 1
1764069773928 0.6139551221689866 2
1764069782318 0.6667197787530672 3
1764069790713 0.5924831917554417 4
1764069799141 0.7163835031270578 5
1764069807557 0.7216049286679673 6
1764069816020 0.664218289608385 7
1764069824475 0.5958025348354417 8
1764069832904 0.7967488279389305 9
1764069841375 0.6262999930473367 10
1764069849849 0.7396513831731545 11
1764069858253 0.565046428099632 12
1764069866692 0.5759059345125648 13
1764069875136 0.6515453159834926 14
1764069883583 0.6607243477389866 15
1764069892027 0.6318752831797937 16
1764069900487 0.6717889786347163 17
1764069908926 0.5721217995834162 18
1764069917327 0.6975346448228852 19
1764069925752 0.6203389443587333 20
1764069934143 0.6292607334810323 21
1764069942545 0.7142766695731846 22
1764069950973 0.6648344147741745 23
1764069959392 0.5699296755467995 24
1764069967800 0.6830686596405392 25
1764069976399 0.684664547780537 26
1764069984762 0.6564080330950218 27
1764069993141 0.5363599866310768 28
1764070001489 0.6701043187174043 29
1764070009903 0.7671978018189929 30
1764070018282 0.6219141448413691 31
1764070026683 0.6662618839652908 32
1764070035066 0.6394930645214826 33
1764070043429 0.6931089990063064 34
1764070051841 0.6854020576982283 35
1764070060240 0.7043128772090899 36
1764070068634 0.5678918878748307 37
1764070077014 0.7117623741818638 38
1764070085404 0.6201673824761325 39
1764070093793 0.5711268551016428 40
1764070102160 0.5784206884142132 41
1764070110565 0.7378557043518509 42
1764070118931 0.6168039373989459 43
1764070127339 0.7172126405756978 44
1764070135717 0.6556091192099706 45
1764070144155 0.7591828069552037 46
1764070152544 0.5903801522315721 47
1764070160910 0.7138487284991093 48
1764070169302 0.6310464485672185 49
1764070177665 0.5509741696668986 50
1764070186039 0.74132566363016 51
1764070194424 0.6398496438240977 52
1764070202832 0.620472561812233 53
1764070211184 0.6464247810003734 54
1764070219587 0.5531136224201906 55
1764070228010 0.657533942820374 56
1764070236387 0.5791641111317294 57
1764070244793 0.6140910260347374 58
1764070253189 0.6625048446524799 59
1764070261571 0.715290117641603 60
1764070269961 0.5875582837478731 61
1764070278328 0.6889598687124969 62
1764070286727 0.6520082536837839 63
1764070295147 0.6980974429196086 64
1764070303530 0.6804172402407107 65
1764070311916 0.5365490072063333 66
1764070320311 0.5964661437932613 67
1764070328708 0.6215303310560415 68
1764070337100 0.7074896658931328 69
1764070345461 0.559893569409688 70
1764070353890 0.7468498207002766 71
1764070362458 0.6646277808379133 72
1764070370822 0.5022072653238876 73
1764070379196 0.7078285644364917 74
1764070387640 0.5774443976561138 75
1764070396019 0.7009025278879718 76
1764070404388 0.6082078994685985 77
1764070412735 0.5804488145842595 78
1764070421112 0.5715533872806038 79
1764070429467 0.6687244151182687 80
1764070437811 0.6153245108038071 81
1764070446183 0.5942831776488727 82
1764070454578 0.5871679994770249 83
1764070462947 0.5854399818778531 84
1764070471312 0.6362867886610806 85
1764070479696 0.5427987407234629 86
1764070488111 0.5942786995057392 87
1764070496486 0.6331951575291516 88
1764070504871 0.6262802569124736 89
1764070513241 0.7282493535987447 90
1764070521617 0.7035142686213544 91
1764070529962 0.5655286980352949 92
1764070538343 0.5786981919319057 93
1764070546730 0.6398679689740875 94
1764070555101 0.6531124259393976 95
1764070563490 0.4982348756372364 96
1764070571870 0.6425967234037393 97
1764070580247 0.6337062668562302 98
1764070588610 0.6370013033526314 99
1764070597001 0.6777846340274442 100
1764070605388 0.5851273625253096 101
1764070613772 0.6515199544778428 102
1764070622140 0.5522940457825913 103
1764070630600 0.6561819793754176 104
1764070639020 0.7561096834551262 105
1764070647413 0.6270652133842551 106
1764070655799 0.6184209220007009 107
1764070664195 0.7384257366158575 108
1764070672575 0.7124221205982773 109
1764070680982 0.6973341713097339 110
1764070689341 0.5913885918531873 111
1764070697721 0.5394595032762127 112
1764070706137 0.6314338652161329 113
1764070714514 0.6587466498270027 114
1764070722902 0.6125943424457657 115
1764070731276 0.5122493339166094 116
1764070739649 0.6291772141515793 117
1764070748049 0.5945505112360128 118
1764070756439 0.6016694013183919 119
1764070764833 0.6396333804351247 120
1764070773195 0.6679740501475607 121
1764070781586 0.6835122840277555 122
1764070789964 0.6270096830504089 123
1764070798357 0.6145195006910008 124
1764070806760 0.5862183848707099 125
1764070815147 0.655845575781604 126
1764070823508 0.5498873021622456 127
1764070831909 0.655512924199503 128
1764070840284 0.6352604633298278 129
1764070848773 0.689110095293187 130
1764070857299 0.6067643812733254 131
1764070865765 0.6372429863079889 132
1764070874139 0.5903144773162388 133
1764070882519 0.5740584750380275 134
1764070890879 0.49022426391062146 135
1764070899258 0.662015449132818 136
1764070907626 0.6017267448387711 137
1764070915995 0.6208616984967832 138
1764070924351 0.7911182402524537 139
1764070932694 0.6269536722552057 140
1764070941101 0.6839593577768277 141
1764070949473 0.6209456203433437 142
1764070957854 0.6279321661332978 143
1764070966213 0.6533399119411605 144
1764070974581 0.5264116427598556 145
1764070982964 0.6341476454851357 146
1764070991352 0.598150973227295 147
1764070999722 0.5600579966645882 148
1764071008106 0.6331155271425234 149
1764071016474 0.6457365242086069 150
1764071024865 0.7020736553948876 151
1764071033246 0.7003475640215092 152
1764071041623 0.6159373129256374 153
1764071050045 0.5630539260947006 154
1764071058436 0.6426620879644039 155
1764071066811 0.659142326025039 156
1764071075192 0.593340995289755 157
1764071083586 0.5739631791829303 158
1764071091962 0.5919949374121551 159
1764071100335 0.7218828930069321 160
1764071108706 0.5428739792497096 161
1764071117088 0.6095429952872508 162
1764071125467 0.6809210016346492 163
1764071133891 0.59389265764811 164
1764071142263 0.6071582771206429 165
1764071150617 0.6829199908806266 166
1764071158991 0.6145475197951701 167
1764071167375 0.6780682560963136 168
1764071175781 0.6961485152191953 169
1764071184162 0.6716727208149331 170
1764071192561 0.6363000423884377 171
1764071200935 0.568423079052693 172
1764071209315 0.5805263182626409 173
1764071217903 0.6843715808995529 174
1764071226281 0.636993212238357 175
1764071234684 0.6359156307909146 176
1764071243066 0.591639758857564 177
1764071251441 0.6024028832972282 178
1764071259806 0.5558004526418728 179
1764071268191 0.8219389796338408 180
1764071276575 0.6105828308100517 181
1764071284947 0.616645587934453 182
1764071293323 0.7101167393773572 183
1764071301699 0.6938985457301547 184
1764071310072 0.6180223094497176 185
1764071318460 0.6152386961485857 186
1764071326860 0.7128315523168434 187
1764071335372 0.6959940380965594 188
1764071343740 0.5769516467826712 189
1764071352115 0.7017851579230878 190
1764071360660 0.713623267039315 191
1764071369020 0.7396097082027249 192
1764071377376 0.6078204904945332 193
1764071385740 0.7340784346055822 194
1764071394124 0.5241612531883192 195
1764071402511 0.5790682363102331 196
1764071410899 0.6519674181025573 197
1764071419292 0.6916164552887035 198
1764071427663 0.5988044170807664 199
1764071436070 0.7942094507533726 200
1764071444458 0.5128538003502774 201
1764071452842 0.6910934768094746 202
1764071461219 0.6090678209989544 203
1764071469601 0.636575252828097 204
1764071478005 0.6597274080263144 205
1764071486385 0.5450758683279543 206
1764071494749 0.6000190514641774 207
1764071503206 0.5562396675866141 208
1764071511614 0.5217439879869874 209
1764071520044 0.6447514714656571 210
1764071528424 0.5884635217911328 211
1764071536821 0.6444811812812845 212
1764071545206 0.6814182110054368 213
1764071553584 0.6843903666788258 214
1764071562018 0.6441810016925151 215
1764071570401 0.6250112832477872 216
1764071578773 0.6061883872811185 217
1764071587145 0.5527996944311471 218
1764071595491 0.6717124558032621 219
1764071603902 0.6688240295478125 220
1764071612279 0.5766808672257583 221
1764071620652 0.7935748806617596 222
1764071629032 0.6946479080129934 223
1764071637465 0.5655180580627798 224
1764071645840 0.7465391657806906 225
1764071654241 0.7068313587979478 226
1764071662635 0.6630717358091017 227
1764071671020 0.6563904118109145 228
1764071679401 0.6872672609115914 229
1764071687882 0.6560733806694425 230
1764071696245 0.6271550533305086 231
1764071704617 0.5644756999572953 232
1764071713159 0.7239639040522682 233
1764071721530 0.6349419839622916 234
1764071729901 0.5609547844508904 235
1764071738278 0.64167238837233 236
1764071746663 0.585334788138466 237
1764071755039 0.5477418708568147 238
1764071763397 0.6321259860946397 239
1764071771762 0.5836562052900138 240
1764071780118 0.548633888294652 241
1764071788534 0.7169602414761709 242
1764071796908 0.673297681648728 243
1764071805277 0.6411459274021243 244
1764071813666 0.601394704980261 245
1764071822016 0.5127523646343011 246
1764071830374 0.6420763230785262 247
1764071838818 0.6341792810666507 248
1764071847163 0.5675461791165859 249
1764071855529 0.6808431827443374 250
1764071863925 0.5894100267070049 251
1764071872294 0.661219568550157 252
1764071880687 0.6385488446380911 253
1764071889119 0.5835923690601885 254
1764071897505 0.6361400339828148 255
1764071905897 0.6842496680983652 256
1764071914301 0.6663430961156049 257
1764071922683 0.6893575179942758 258
1764071931063 0.6262965432188954 259
1764071939404 0.6904643736697351 260
1764071947772 0.6322876135880484 261
1764071956205 0.660013170290014 262
1764071964592 0.7509087237661383 263
1764071973064 0.5440944689059185 264
1764071981429 0.5372861294564628 265
1764071989793 0.5542344777351718 266
1764071998314 0.5337874890820002 267
1764072006684 0.6464144551337603 268
1764072015066 0.6423085854034702 269
1764072023481 0.6456353852331922 270
1764072031887 0.6716671822873429 271
1764072040258 0.5612036024175242 272
1764072048594 0.692189522173237 273
1764072056961 0.7108377305159066 274
1764072065338 0.6711495750904193 275
1764072073699 0.5926885453104869 276
1764072082074 0.5991375903476809 277
1764072090466 0.6771095659090676 278
1764072098869 0.6616104551818504 279
1764072107277 0.6127743799231838 280
1764072115674 0.697087333948367 281
1764072124051 0.5665854729209364 282
1764072132405 0.6510539495210441 283
1764072140835 0.6873347060724345 284
1764072149195 0.681079805390688 285
1764072157554 0.6348885846535736 286
1764072165962 0.710486381714335 287
1764072174347 0.6670684579022175 288
1764072182753 0.6716034459068075 289
1764072191133 0.6524342768674944 290
1764072199519 0.7100043894581778 291
1764072207895 0.596945466012626 292
1764072216260 0.5740271686617904 293
1764072224636 0.6925345950798993 294
1764072233025 0.65689083396397 295
1764072241453 0.7233183068958535 296
1764072249869 0.6621709862085264 297
1764072258230 0.6721363453520903 298
1764072266623 0.5975039849399888 299
1764072274998 0.6232782873786222 300
1764072283350 0.6073427328336953 301
1764072291712 0.7017690945375475 302
1764072300104 0.647393995914789 303
1764072308539 0.7053171782691179 304
1764072316937 0.6148089837358018 305
1764072325296 0.6369350996917414 306
1764072333659 0.7249563619938424 307
1764072342059 0.5897089000356026 308
1764072350437 0.6149061890469119 309
1764072358824 0.7094805667458719 310
1764072367293 0.7311356600627668 311
1764072375668 0.5889226446174085 312
1764072440187 0.6274994080784647 314
1764072448601 0.6314110806306394 315
1764072456985 0.6585448788376758 316
1764072465366 0.7028051909949604 317
1764072473753 0.6555699171775667 318
1764072482157 0.7719795197567094 319
1764072490529 0.6241836902676174 320
1764072498917 0.6465530980067371 321
1764072507306 0.6685976650504399 322
1764072515755 0.5565080599367646 323
1764072524175 0.676118747247973 324
1764072532559 0.659267693554006 325
1764072540962 0.6162465396355156 326
1764072549348 0.6118706804709766 327
1764072557752 0.5782703289474174 328
1764072566186 0.5421799860654785 329
1764072574569 0.48232378622884287 330
1764072582961 0.5976047563442682 331
1764072591391 0.6495814595807566 332
1764072599836 0.5807073624192678 333
1764072608217 0.546153494652838 334
1764072616572 0.6259472285080305 335
1764072624970 0.6423780120303633 336
1764072633342 0.6879249470715012 337
1764072641714 0.705904113854194 338
1764072650116 0.6810320449168035 339
1764072658515 0.6432478545742663 340
1764072666902 0.6449492162878122 341
1764072675282 0.605283055776694 342
1764072683645 0.5484674040044524 343
1764072692179 0.6476521147784787 344
1764072700553 0.6568758633458808 345
1764072708917 0.5837111956204217 346
1764072717289 0.769347660969727 347
1764072725697 0.6009077141855815 348
1764072734057 0.5478737115982801 349
1764072742412 0.6007873823309537 350
1764072750760 0.6150213332489256 351
1764072759150 0.6093183783663877 352
1764072767561 0.5928183654768897 353
1764072775960 0.5988233044730091 354
1764072784368 0.63894211825984 355
1764072792749 0.6367378887881239 356
1764072801138 0.6613868632659707 357
1764072809512 0.6507038097431956 358
1764072817936 0.582307019284941 359
1764072826318 0.6611920969903775 360
1764072834679 0.5631220152399898 361
1764072843104 0.6779344955739087 362
1764072851483 0.622218633300782 363
1764072859881 0.5380902787173217 364
1764072868272 0.5757232787278019 365
1764072876648 0.6989812841882951 366
1764072885174 0.6349355693404433 367
1764072893558 0.6024678456848732 368
1764072901949 0.6218960753819676 369
1764072910324 0.6001578688457919 370
1764072918693 0.6165325181458283 371
1764072927258 0.594835644918348 372
1764072935616 0.6174931664408998 373
1764072943996 0.6327463687781231 374
1764072952425 0.6905911276233615 375
1764072960819 0.6802667785261063 376
1764072969227 0.6898921223373073 377
1764072977622 0.6448210850545936 378
1764072986000 0.6774590373442785 379
1764072994376 0.5594946152273897 380
1764073002746 0.758597822863836 381
1764073011150 0.677794516753511 382
1764073019528 0.7563451024388013 383
1764073027928 0.716550427941833 384
1764073036334 0.6451910346443845 385
1764073044716 0.6095492998898928 386
1764073053157 0.7016105473520015 387
1764073061522 0.5782824401914295 388
1764073069925 0.6202557348931548 389
1764073078327 0.666462119758991 390
1764073086694 0.5822465021624039 391
1764073095111 0.6157598408850031 392
1764073103493 0.5753187640268517 393
1764073111878 0.6548811352883845 394
1764073120238 0.5250277262449862 395
1764073128621 0.6619324864094843 396
1764073137013 0.6126679341021045 397
1764073145432 0.6388455301139222 398
1764073153833 0.7113424733841851 399
1764073162242 0.5571609408532763 400
1764073170621 0.5953847803205596 401
1764073178962 0.6888134293673875 402
1764073187327 0.7185168918522108 403
1764073195727 0.5076779858261233 404
1764073204099 0.5922870001869078 405
1764073212480 0.6617219497206084 406
1764073220868 0.6901565090673705 407
1764073229250 0.7057476141185298 408
1764073237646 0.6211123666136862 409
1764073246050 0.5982130856719707 410
1764073254443 0.6524678230075466 411
1764073262841 0.5939450974745581 412
1764073271246 0.5779590284380987 413
1764073279608 0.6847288420311637 414
1764073287973 0.6406704810139602 415
1764073296443 0.6816875028685054 416
1764073304810 0.6674807025642312 417
1764073313182 0.5185221810991993 418
1764073321547 0.6605157524289966 419
1764073329930 0.698227887202723 420
1764073338317 0.5826158600995708 421
1764073346683 0.48484363832480276 422
1764073355060 0.7591864990843779 423
1764073363415 0.6834752486228559 424
1764073371781 0.6070462596297642 425
1764073380334 0.7890145467904033 426
1764073388732 0.594898184006518 427
1764073397091 0.6814113423361908 428
1764073405495 0.6665167677067506 429
1764073413935 0.7061922678212074 430
1764073422366 0.6542022573701515 431
1764073430918 0.6765417870964117 432
1764073439307 0.6192867145535217 433
1764073447675 0.6047302131309195 434
1764073456041 0.5741288034349432 435
1764073464405 0.5730177946707835 436
1764073472787 0.6048513906583892 437
1764073481159 0.5940335404206796 438
1764073489575 0.6276083613137107 439
1764073497956 0.5904253327190556 440
1764073506319 0.7364545625616559 441
1764073514717 0.6925768326379977 442
1764073523098 0.6561890069675187 443
1764073531499 0.7556948354482189 444
1764073539887 0.6257822657635064 445
1764073548265 0.6673882016601577 446
1764073556622 0.7349223667260218 447
1764073565129 0.5980374947318587 448
1764073573504 0.5520337298273383 449
1764073581876 0.5477021006197347 450
1764073590236 0.5989219396593071 451
1764073598639 0.6427878604127906 452
1764073607035 0.6147010310585388 453
1764073615417 0.6455705071053143 454
1764073623831 0.6801452207915157 455
1764073632248 0.6721270997534766 456
1764073640632 0.5471922879031652 457
1764073649028 0.7061016449895876 458
1764073657411 0.6023811571116209 459
1764073665793 0.6417509621789084 460
1764073674197 0.6814384368226752 461
1764073682618 0.6048043853863472 462
1764073690982 0.5703130325163368 463
1764073699377 0.7363540975505015 464
1764073707780 0.5773615306940563 465
1764073716185 0.6712843314435477 466
1764073724544 0.5969794297979958 467
1764073733053 0.7237308915079996 468
1764073741431 0.6991419040567091 469
1764073749806 0.5694679570922213 470
1764073758211 0.6636411635852717 471
1764073766574 0.6038013359873871 472
1764073774952 0.5408178776715032 473
1764073783524 0.6385507404760179 474
1764073791892 0.6413089649423128 475
1764073800232 0.522125708002922 476
1764073808628 0.6559545260306143 477
1764073817001 0.6677676205088856 478
1764073825364 0.632549673744856 479
1764073833746 0.6692849860383193 480
1764073842171 0.5925350031002905 481
1764073850562 0.6263268407828996 482
1764073858921 0.6270964021354873 483
1764073867272 0.5696163405099959 484
1764073875637 0.6296916936881704 485
1764073884041 0.6514646406237306 486
1764073892454 0.6552950622168502 487
1764073900829 0.6040875372242255 488
1764073909205 0.6514525383909788 489
1764073917619 0.6050639149038286 490
1764073925976 0.7237746805691075 491
1764073934346 0.5900920295863723 492
1764073942715 0.61697429738842 493
1764073951105 0.6050039654156609 494
1764073959467 0.6586781027144002 495
1764073967855 0.6947549191895821 496
1764073976192 0.6032224672556962 497
1764073984592 0.6181219467165661 498
1764073992983 0.6692527424815842 499
1764074001331 0.6178523515113603 500
1764074009838 0.7673297010524707 501
1764074018189 0.5502872083710836 502
1764074026571 0.645349462503343 503
1764074034976 0.7508804481138699 504
1764074043357 0.6790811293728829 505
1764074051731 0.5393397779819534 506
1764074060284 0.5356281980994136 507
1764074068795 0.6960780623135469 508
1764074077164 0.6558867450109974 509
1764074085583 0.7277092655494999 510
1764074093958 0.6519939951899336 511
1764074102397 0.6055856534141869 512
1764074110803 0.6579481554628612 513
1764074119192 0.6093511427669932 514
1764074127565 0.7192592960051303 515
1764074135960 0.6256497258926793 516
1764074144355 0.7170573326208776 517
1764074152753 0.667144988561204 518
1764074161163 0.6213606795470411 519
1764074169537 0.6204264305088978 520
1764074177932 0.640485104113541 521
1764074186307 0.5669334152914651 522
1764074194708 0.6857377511472719 523
1764074203108 0.6239833975083209 524
1764074211484 0.642269118992387 525
1764074219876 0.5620654388805838 526
1764074228229 0.5782412436659308 527
1764074236662 0.7804906459863066 528
1764074245041 0.623104133426527 529
1764074253413 0.6269228929722788 530
1764074261822 0.6798489787971163 531
1764074270194 0.6076553756406666 532
1764074278579 0.5885771220245556 533
1764074286976 0.5908522522226746 534
1764074295362 0.7275881458461628 535
1764074303744 0.594660310657385 536
1764074312146 0.6129967874705998 537
1764074320521 0.5910399604885692 538
1764074328927 0.6694027906631785 539
1764074337333 0.610616442800402 540
1764074345700 0.6047707561137492 541
1764074354100 0.599542107592913 542
1764074362466 0.6748906074096506 543
1764074370832 0.6982961703093573 544
1764074379198 0.6065012460123477 545
1764074387591 0.6913319247683305 546
1764074395972 0.6061401193358695 547
1764074404342 0.5326551162903773 548
1764074412718 0.6613068285379631 549
1764074421262 0.7407295449718103 550
1764074429650 0.6133524827449501 551
1764074438029 0.6279948788060365 552
1764074446425 0.5652571388089823 553
1764074454801 0.5916390040019227 554
1764074463169 0.6563740193669709 555
1764074471556 0.6255772182445383 556
1764074479935 0.6121621392647001 557
1764074488343 0.6037047731764927 558
1764074496741 0.6622444572894792 559
1764074505132 0.6990270876743208 560
1764074513510 0.5865374793651542 561
1764074521894 0.5947934391135872 562
1764074530256 0.6438032754815032 563
1764074538644 0.6098017394764812 564
1764074547029 0.6908795305326487 565
1764074555438 0.6911265447097724 566
1764074563819 0.6990804032389146 567
1764074572195 0.6494133348478826 568
1764074580613 0.7767328421908755 569
1764074589005 0.5877438313142436 570
1764074597394 0.602444899248291 571
1764074605775 0.5707606464748123 572
1764074614151 0.7310525963744865 573
1764074622559 0.7099803148205138 574
1764074630949 0.6537961794373749 575
1764074639348 0.6791148793315998 576
1764074647746 0.6622403723500419 577
1764074656156 0.5635917770409956 578
1764074664545 0.6453472993673979 579
1764074672917 0.5486518095573671 580
1764074681316 0.667880070882494 581
1764074689706 0.6834744455886637 582
1764074698197 0.6393242878983899 583
1764074706601 0.6451918272434647 584
1764074715030 0.5906292181936335 585
1764074723431 0.6327442450356583 586
1764074731814 0.6114257942703117 587
1764074740240 0.5843335647020161 588
1764074748612 0.6672465828827048 589
1764074757017 0.6353371302146296 590
1764074765385 0.5591312909192128 591
1764074773768 0.5891997142436853 592
1764074782157 0.590486301511446 593
1764074790547 0.703042350136827 594
1764074798959 0.6349175435994092 595
1764074807394 0.73751571220333 596
1764074815801 0.6463503379911474 597
1764074824166 0.6149547593479181 598
1764074832531 0.6498466986524218 599
1764074840932 0.6524072332733328 600
1764074849341 0.5945473604818946 601
1764074857701 0.6522853671120681 602
1764074866127 0.6752342488000602 603
1764074874512 0.7791248245359108 604
1764074882968 0.6207450751622194 605
1764074891341 0.6528501037315209 606
1764074899732 0.5924332683625537 607
1764074908138 0.5744531617142733 608
1764074916513 0.7053734503777336 609
1764074924906 0.6252557499849911 610
1764074933318 0.6706918251808078 611
1764074941813 0.6127541596491196 612
1764074950168 0.6384424878271768 613
1764074958600 0.6733086375017849 614
1764074966956 0.5437432945343756 615
1764074975326 0.6466987289824935 616
1764074983706 0.6073907133636762 617
1764074992075 0.577870924570579 618
1764075000463 0.5686974102460948 619
1764075008848 0.6825443529500683 620
1764075017236 0.6868756818477861 621
1764075025610 0.7223170376270402 622
1764075034044 0.5996795154644579 623
1764075042400 0.6611691263136592 624
1764075050764 0.5919869392335664 625
1764075115339 0.5726928498349017 627
1764075123707 0.7442328430684029 628
1764075132045 0.6971254805327084 629
1764075140422 0.6703013551158039 630
1764075148775 0.631974646407584 631
1764075157132 0.6160010781061247 632
1764075165510 0.6282396680153295 633
1764075173867 0.7005901210327784 634
1764075182262 0.5571745054953139 635
1764075190659 0.6103573496513598 636
1764075199066 0.6634469145583014 637
1764075207527 0.6475660298926406 638
1764075215939 0.5510265492675865 639
1764075224317 0.5933612088397532 640
1764075232709 0.6568890699515708 641
1764075241072 0.5584966367105126 642
1764075249483 0.6180396662784321 643
1764075257925 0.6260641263832444 644
1764075266672 0.5810510555876738 645
1764075275058 0.6419533827947722 646
1764075283422 0.7030635469982374 647
1764075291783 0.6096328575550902 648
1764075300183 0.6899428931083696 649
1764075308601 0.6957090565721479 650
1764075316965 0.6638117456686948 651
1764075325361 0.5509159820560603 652
1764075333915 0.77114186863002 653
1764075342264 0.6553240051511602 654
1764075350671 0.5599679117836691 655
1764075359038 0.6191616045110026 656
1764075367632 0.6722760961030833 657
1764075375980 0.6653112829302933 658
1764075384339 0.5837126222941529 659
1764075392725 0.6961395466063365 660
1764075401094 0.679616771974613 661
1764075409502 0.7191198618113104 662
1764075417871 0.5796675071476269 663
1764075426291 0.7538658500039972 664
1764075434671 0.649318746058287 665
1764075443103 0.6280738497367595 666
1764075451522 0.6708264790798895 667
1764075459920 0.7836997336868801 668
1764075468299 0.7154544166520207 669
1764075476695 0.6275175420717793 670
1764075485088 0.6099526501990004 671
1764075493495 0.5897093602902482 672
1764075501876 0.6730713375167037 673
1764075510254 0.6225777525955474 674
1764075518618 0.6159555039896655 675
1764075526983 0.5864943975786716 676
1764075535406 0.7235035529060551 677
1764075543786 0.723725234861518 678
1764075552211 0.566093656336519 679
1764075560571 0.6376041671073012 680
1764075568997 0.6738901801558341 681
1764075577390 0.7733433049281283 682
1764075585758 0.5752557824063629 683
1764075594142 0.5444892361584356 684
1764075602550 0.6484184145402496 685
1764075611023 0.5901441388325087 686
1764075619420 0.5855148934994246 687
1764075627795 0.6863744508525474 688
1764075636172 0.7754343099341916 689
1764075644548 0.6857722745840195 690
1764075653059 0.634469228424302 691
1764075661436 0.5983752931346445 692
1764075669824 0.7456102916990682 693
1764075678222 0.6518166072361993 694
1764075686627 0.6339802255456705 695
1764075695005 0.5809937112491758 696
1764075703461 0.6551047030953778 697
1764075711817 0.7595806731349701 698
1764075720177 0.5362222881781543 699
1764075728535 0.5531697444852548 700
1764075736896 0.6434746443392583 701
1764075745265 0.6937806877166497 702
1764075753619 0.5559471568225125 703
1764075761981 0.6681818417870958 704
1764075770371 0.7783844556453536 705
1764075778753 0.6022592279451139 706
1764075787134 0.6262240983846553 707
1764075795528 0.7001738258605479 708
1764075803915 0.70436863064813 709
1764075812324 0.7098895735324673 710
1764075820689 0.650933669123877 711
1764075829047 0.6033722373800788 712
1764075837452 0.7348796831361378 713
1764075845854 0.518252187356985 714
1764075854233 0.6228642251220651 715
1764075862628 0.6327360127633931 716
1764075871007 0.6371419786775986 717
1764075879394 0.671598111611497 718
1764075887779 0.6722442252447922 719
1764075896171 0.6100829525574407 720
1764075904560 0.5897101529537602 721
1764075912941 0.6501759853356694 722
1764075921290 0.687249211153854 723
1764075929678 0.6387108751821415 724
1764075938063 0.5456715238359435 725
1764075946430 0.720245455755956 726
1764075954869 0.6876664447328318 727
1764075963228 0.6422029881932856 728
1764075971630 0.5855767523112059 729
1764075980016 0.6270550877929373 730
1764075988384 0.6897199375865881 731
1764075996789 0.7140897920689527 732
1764076005140 0.5669442446053367 733
1764076013540 0.6146011971462477 734
1764076021953 0.6126683941898916 735
1764076030364 0.6196048161506053 736
1764076038748 0.7000637270343245 737
1764076047132 0.623191115080194 738
1764076055521 0.5677676162269933 739
1764076063907 0.6149902989876632 740
1764076072271 0.6453273511198778 741
1764076080641 0.6850892629883489 742
1764076089062 0.5779294223906887 743
1764076097441 0.6580662551395672 744
1764076105835 0.6743465652594831 745
1764076114222 0.6426712245940153 746
1764076122606 0.6418798444432119 747
1764076131095 0.6118526922959213 748
1764076139466 0.7045544405084547 749
1764076147852 0.7077078860749142 750
1764076156217 0.6242415613944612 751
1764076164570 0.5710525308667166 752
1764076172947 0.5906383906913052 753
1764076181318 0.6633978942082588 754
1764076189700 0.5172736322114275 755
1764076198092 0.6655959119046587 756
1764076206467 0.6557311538759685 757
1764076214841 0.6243468708851027 758
1764076223227 0.670415224980011 759
1764076231615 0.7026274113750037 760
1764076239999 0.6796065465441667 761
1764076248363 0.7308948104912867 762
1764076256740 0.6133057675799469 763
1764076265124 0.6403928265349392 764
1764076273497 0.6144791092686105 765
1764076281940 0.6816226453959793 766
1764076290322 0.6113699990793713 767
1764076298665 0.6440255850377671 768
1764076307056 0.759818908600255 769
1764076315459 0.6551477821124436 770
1764076323831 0.6849128825541653 771
1764076332246 0.6458127396353881 772
1764076340608 0.5904193122273698 773
1764076349007 0.6132467747973165 774
1764076357419 0.6090277758660224 775
1764076365780 0.6076178682719282 776
1764076374172 0.7197852101299524 777
1764076382560 0.6827838586144945 778
1764076390933 0.5700381488643839 779
1764076399329 0.6759257349016359 780
1764076407699 0.5939315408853596 781
1764076416072 0.6510314569766326 782
1764076424451 0.5890463867073895 783
1764076432843 0.6321403367548085 784
1764076441242 0.6885193922372732 785
1764076449624 0.7358834344408348 786
1764076458012 0.6698597110467138 787
1764076466394 0.659189386607635 788
1764076474775 0.6599668766516618 789
1764076483257 0.6278702526439329 790
1764076491636 0.6573054194073259 791
1764076499995 0.6348279202997553 792
1764076508455 0.6580519355139757 793
1764076516824 0.5471242085056425 794
1764076525203 0.605635351385662 795
1764076533705 0.7519778288724956 796
1764076542089 0.7266778286537003 797
1764076550442 0.6381293270740269 798
1764076558795 0.6390288104279268 799
1764076567144 0.6539842350752801 800
1764076575513 0.5341481086164431 801
1764076583968 0.6119064751444665 802
1764076592343 0.6288613922334889 803
1764076600709 0.7101652719632185 804
1764076609063 0.6797595536535728 805
1764076617438 0.6634943150704343 806
1764076625812 0.5876209741791469 807
1764076634321 0.6177804913696883 808
1764076642712 0.637129781416904 809
1764076651094 0.6183483997293416 810
1764076659463 0.5835320978067153 811
1764076667844 0.6073762968923684 812
1764076676256 0.6196307288618981 813
1764076684649 0.615762272967812 814
1764076693004 0.5962883737224864 815
1764076701385 0.5968108445051801 816
1764076709741 0.5182136655514427 817
1764076718135 0.6162268716827083 818
1764076726476 0.5971393602919964 819
1764076734831 0.7343248370995595 820
1764076743216 0.6717613542409513 821
1764076751624 0.5737674002866493 822
1764076760010 0.6257706499611491 823
1764076768376 0.6064662540704617 824
1764076776797 0.7365140066097101 825
1764076785170 0.6357541166418798 826
1764076793575 0.81636648783489 827
1764076801980 0.5870737184502455 828
1764076810360 0.6319502110458106 829
1764076818735 0.6283265843202364 830
1764076827093 0.6358949874626184 831
1764076835538 0.6624272507504874 832
1764076843921 0.7075524970055088 833
1764076852336 0.5689134283238699 834
1764076860677 0.6389107143573536 835
1764076869033 0.6020554568206686 836
1764076877393 0.5978402913681199 837
1764076885771 0.637438213873233 838
1764076894189 0.6163075682627855 839
1764076902552 0.6132275776579426 840
1764076910931 0.5941362616033273 841
1764076919333 0.7282341790928175 842
1764076927723 0.5650092694508488 843
1764076936135 0.6271780675615015 844
1764076944503 0.5372857483525333 845
1764076952908 0.7383504560441971 846
1764076961286 0.6005882397516928 847
1764076969785 0.6352542909068325 848
1764076978189 0.558536952151243 849
1764076986696 0.5998434043218686 850
1764076995063 0.6349362924344142 851
1764077003419 0.5398710154670288 852
1764077011791 0.5984427454843442 853
1764077020175 0.653911389297898 854
1764077028573 0.5880379697793112 855
1764077037110 0.6412199454121166 856
1764077045504 0.6394171693870053 857
1764077053885 0.7077954969624547 858
1764077062239 0.714061262404408 859
1764077070628 0.7058669450603628 860
1764077078999 0.7644501665637137 861
1764077087376 0.647449960309371 862
1764077095769 0.6530754786101861 863
1764077104148 0.639719417656921 864
1764077112557 0.6600373861895108 865
1764077120961 0.696034155383882 866
1764077129339 0.6216154503432774 867
1764077137729 0.6464964974668154 868
1764077146090 0.5069208220144906 869
1764077154482 0.7274861362725747 870
1764077162859 0.6564558062354773 871
1764077171247 0.7103915522664684 872
1764077179653 0.5474162024774842 873
1764077188044 0.5610322224086444 874
1764077196455 0.5682147184980041 875
1764077204835 0.5662486239322782 876
1764077213190 0.6076886065012681 877
1764077221548 0.5584280624368235 878
1764077229956 0.6718368827611804 879
1764077238348 0.6122681886698979 880
1764077246752 0.7180764766889334 881
1764077255142 0.7583846187371424 882
1764077263553 0.7086986115314612 883
1764077272012 0.6720094646014134 884
1764077280390 0.7535190268808296 885
1764077288761 0.720011210435978 886
1764077297175 0.708451335745409 887
1764077305539 0.6330743577576726 888
1764077313940 0.6686535163759011 889
1764077322445 0.6456422659418848 890
1764077330882 0.5941768530656106 891
1764077339267 0.6521079872652692 892
1764077347650 0.7283558336092304 893
1764077356051 0.7245135836665939 894
1764077364423 0.6302306154564163 895
1764077372789 0.6323765046814874 896
1764077381164 0.5223285335107697 897
1764077389688 0.6239258995294101 898
1764077398113 0.6921084225058493 899
1764077406526 0.6813567146800569 900
1764077414895 0.5988314079357813 901
1764077423255 0.6491810182101967 902
1764077431639 0.7576025740138577 903
1764077440025 0.7287107914056756 904
1764077448391 0.691429887922054 905
1764077456767 0.6649746601669222 906
1764077465138 0.6653491365277093 907
1764077473538 0.6710254936514237 908
1764077481919 0.6522069724031031 909
1764077490301 0.6631347284914343 910
1764077498736 0.6955883991824561 911
1764077507107 0.7240440778222064 912
1764077515515 0.6754401000699797 913
1764077523868 0.6671379220521033 914
1764077532311 0.7426633140506351 915
1764077540726 0.5816675957444715 916
1764077549141 0.7087907682625764 917
1764077557535 0.6651098111615149 918
1764077565926 0.7443373936322759 919
1764077574312 0.6261820922484728 920
1764077582680 0.650153407196315 921
1764077591059 0.5707916581265138 922
1764077599449 0.6150919781078843 923
1764077607939 0.6208899934844406 924
1764077616328 0.5857538983186529 925
1764077624725 0.584893563508468 926
1764077633112 0.6457302079180818 927
1764077641504 0.6171035977403488 928
1764077649883 0.7041912143547032 929
1764077658239 0.5918269580135957 930
1764077666765 0.6278583293604635 931
1764077675181 0.6501061390762453 932
1764077683614 0.631824248601526 933
1764077691982 0.5156803163490961 934
1764077700373 0.6262238425529485 935
1764077708766 0.5235777722050993 936
1764077717162 0.6820918787963771 937
1764077725525 0.6038851803916533 938
1764077790154 0.5602200117060074 940
1764077798561 0.6850796687038793 941
1764077806921 0.6770439386277952 942
1764077815279 0.569353925794168 943
1764077823712 0.6659815598818066 944
1764077832108 0.6296208109074928 945
1764077840509 0.5673018002802668 946
1764077848907 0.6803322769372429 947
1764077857310 0.7609760960761426 948
1764077865711 0.539584808474281 949
1764077874115 0.7304721778388316 950
1764077882560 0.6241655595339348 951
1764077890953 0.7242989729774723 952
1764077899377 0.5487759394594189 953
1764077907924 0.6133069478528888 954
1764077916374 0.690064777476027 955
1764077924755 0.6441562575676681 956
1764077933157 0.6849758899112277 957
1764077941544 0.5899928583657007 958
1764077949934 0.6015755364634392 959
1764077958345 0.6847239429272114 960
1764077966735 0.6424587942310959 961
1764077975141 0.5833740558773941 962
1764077983539 0.6323701293730251 963
1764077991994 0.613004216502543 964
1764078000354 0.620684008408242 965
1764078008721 0.6104018212394334 966
1764078017090 0.6087229417830244 967
1764078025466 0.6127597592900048 968
1764078033869 0.7000775873136726 969
1764078042255 0.6523064821734847 970
1764078050700 0.6137728558351614 971
1764078059082 0.6194747968622153 972
1764078067465 0.6365933078735544 973
1764078075882 0.5842844341964781 974
1764078084282 0.5904120069507306 975
1764078092656 0.6721086930696096 976
1764078101062 0.6716195283793793 977
1764078109460 0.7230367420026889 978
1764078117847 0.6704424744296332 979
1764078126246 0.7239010549601167 980
1764078134663 0.5459258185447609 981
1764078143066 0.6780669622670497 982
1764078151425 0.7625132392225412 983
1764078159803 0.5802119550936387 984
1764078168169 0.636552435678163 985
1764078176569 0.7065379016054845 986
1764078184979 0.6758053940105049 987
1764078193525 0.591980797081522 988
1764078201939 0.6130941097096148 989
1764078210334 0.6088319168489484 990
1764078218732 0.6162969298880866 991
1764078227163 0.7198756938467927 992
1764078235553 0.6852404576103138 993
1764078243941 0.577788128401499 994
1764078252288 0.6299931066289808 995
1764078260655 0.620600034707938 996
1764078269053 0.6720976039490921 997
1764078277439 0.6306181264656825 998
1764078285849 0.6569060006837341 999
1764078294263 0.6960178350855712 1000
1764078302660 0.5834835040989891 1001
1764078311055 0.5604570595630105 1002
1764078319440 0.6083941449227203 1003
1764078327821 0.6074815966363984 1004
1764078336170 0.5891356866730205 1005
1764078344566 0.6495433298082436 1006
1764078353019 0.630620436954579 1007
1764078361407 0.6771398339589388 1008
1764078369779 0.7155619379723012 1009
1764078378149 0.632740936394242 1010
1764078386530 0.6611274896308228 1011
1764078394944 0.5793830670276111 1012
1764078403333 0.703389116969021 1013
1764078411738 0.6304591142236188 1014
1764078420136 0.6022275872524961 1015
1764078428534 0.6112510051711917 1016
1764078436887 0.5248926202661139 1017
1764078445292 0.6366242147812089 1018
1764078453681 0.77161302943179 1019
1764078462053 0.6656562737651226 1020
1764078470465 0.5722805316871808 1021
1764078478861 0.5816300012151226 1022
1764078487242 0.7541678901634212 1023
1764078495650 0.6528349962063553 1024
1764078504071 0.5523047954303036 1025
1764078512435 0.522324524950967 1026
1764078520815 0.744132185732653 1027
1764078529195 0.5840885726786919 1028
1764078537575 0.6159911105078779 1029
1764078546066 0.719934633751939 1030
1764078554457 0.6364598378802202 1031
1764078562864 0.5597059539735513 1032
1764078571254 0.6640976719848678 1033
1764078579656 0.5630192938824728 1034
1764078588248 0.5856217684430904 1035
1764078596604 0.7456514083013596 1036
1764078604967 0.5769005619988495 1037
1764078613346 0.5824276314932928 1038
1764078621757 0.6888585208563064 1039
1764078630144 0.6525529032714629 1040
1764078638526 0.597388766525863 1041
1764078646905 0.6358257266312259 1042
1764078655334 0.6327121702496282 1043
1764078663684 0.5797028159118759 1044
1764078672067 0.6429936473750872 1045
1764078680437 0.5703122870421141 1046
1764078688837 0.6704201301847494 1047
1764078697261 0.7638844448651314 1048
1764078705595 0.6930816820879983 1049
1764078713974 0.6521384709487528 1050
1764078722395 0.6091232193651854 1051
1764078730775 0.8001793168300922 1052
1764078739138 0.6180799247183641 1053
1764078747535 0.7337993347328455 1054
1764078755916 0.6361323695323859 1055
1764078764302 0.7059258932159521 1056
1764078772680 0.6844098697315636 1057
1764078781172 0.6474301779503092 1058
1764078789572 0.7649885272757272 1059
1764078797939 0.606652112497403 1060
1764078806345 0.6790819081222281 1061
1764078814740 0.6337379883001458 1062
1764078823173 0.7140254697478858 1063
1764078831665 0.5987254310088752 1064
1764078840038 0.6232086795431846 1065
1764078848416 0.5578179279335064 1066
1764078856787 0.8040126125748476 1067
1764078865160 0.7075002435155291 1068
1764078873557 0.6125031712296916 1069
1764078881922 0.6123718211526004 1070
1764078890306 0.6723384367482752 1071
1764078898676 0.6482065892804093 1072
1764078907061 0.6587168901535652 1073
1764078915416 0.6777664972462868 1074
1764078923771 0.6858122294682432 1075
1764078932161 0.6219243711234185 1076
1764078940539 0.7305999954610067 1077
1764078948968 0.5722164144906247 1078
1764078957349 0.620795164039941 1079
1764078965747 0.6513908716944613 1080
1764078974133 0.6569425606427168 1081
1764078982524 0.5406704797433036 1082
1764078990925 0.7591638481345466 1083
1764078999343 0.6528569199013633 1084
1764079007742 0.6578131953194517 1085
1764079016171 0.6579821317910028 1086
1764079024581 0.6129016897360695 1087
1764079032973 0.6914868232133494 1088
1764079041369 0.7322716631492894 1089
1764079049742 0.6677043149318594 1090
1764079058124 0.7319285676961278 1091
1764079066542 0.5041054303957392 1092
1764079074932 0.5707019023267266 1093
1764079083317 0.6085125599292758 1094
1764079091923 0.7360571414402266 1095
1764079100299 0.638311557930278 1096
1764079108694 0.6996363723640162 1097
1764079117106 0.7124521197733364 1098
1764079125485 0.6404018606713942 1099
1764079133861 0.6292995590118972 1100
1764079142264 0.6453681493982696 1101
1764079150648 0.6685863991548695 1102
1764079159046 0.6952978889740576 1103
1764079167443 0.5860877028067459 1104
1764079175826 0.6025950800777691 1105
1764079184263 0.5817305043327434 1106
1764079192642 0.6379369667304597 1107
1764079201076 0.6396554549501621 1108
1764079209446 0.5954777904505004 1109
1764079217835 0.6108151969002034 1110
1764079226218 0.685507981854614 1111
1764079234631 0.7269324759753588 1112
1764079243002 0.6202248790018914 1113
1764079251388 0.6966662574067637 1114
1764079259781 0.6025117695775206 1115
1764079268181 0.5780303511197662 1116
1764079276559 0.6747301971559116 1117
1764079285073 0.5938038804592259 1118
1764079293448 0.7386127569520442 1119
1764079301820 0.6420640923419032 1120
1764079310228 0.665642573321106 1121
1764079318618 0.6858924767562573 1122
1764079327036 0.6840409355712481 1123
1764079335443 0.6517773028356455 1124
1764079343802 0.5948774948015334 1125
1764079352187 0.6305957221182963 1126
1764079360548 0.6037625450443229 1127
1764079368922 0.5454703384766475 1128
1764079377303 0.6239506280871081 1129
1764079385676 0.6192392763479646 1130
1764079394040 0.6780207336657338 1131
1764079402468 0.5865704369189445 1132
1764079410861 0.6675714578858768 1133
1764079419242 0.6544309669176286 1134
1764079427608 0.6283030405044543 1135
1764079435988 0.5990743750828109 1136
1764079444524 0.6417602019307282 1137
1764079452935 0.5927618895695207 1138
1764079461316 0.7904182797370856 1139
1764079469682 0.6326461335665439 1140
1764079478044 0.6050880669685077 1141
1764079486446 0.579666551039015 1142
1764079494814 0.7713546306856983 1143
1764079503226 0.6654141828075772 1144
1764079511601 0.6381972194995392 1145
1764079519979 0.6480409972069195 1146
1764079528380 0.5967478551811543 1147
1764079536786 0.6168039034615325 1148
1764079545185 0.6966221839122957 1149
1764079553540 0.6690795376798979 1150
1764079561896 0.6105063649813312 1151
1764079570274 0.7032740057061575 1152
1764079578628 0.6109223352871141 1153
1764079587021 0.6948848955362074 1154
1764079595388 0.6994494940440464 1155
1764079603807 0.6064773808195828 1156
1764079612197 0.6024825535468655 1157
1764079620537 0.5813706017966588 1158
1764079628896 0.7312316926215607 1159
1764079637400 0.6014257473927395 1160
1764079645777 0.6052964059132405 1161
1764079654168 0.6474811749780173 1162
1764079662557 0.6395292723259732 1163
1764079670920 0.5660759071070202 1164
1764079679283 0.5745752231138628 1165
1764079687640 0.5897982468941039 1166
1764079696121 0.6193464026546429 1167
1764079704504 0.5943683978588128 1168
1764079712886 0.6491977277852401 1169
1764079721364 0.5622749795722992 1170
1764079729736 0.5782249366210618 1171
1764079738118 0.5726170672885278 1172
1764079746488 0.6921940056084186 1173
1764079754867 0.7009479012122288 1174
1764079763229 0.59006466459294 1175
1764079771650 0.6989329259943802 1176
1764079780041 0.5713218436452904 1177
1764079788423 0.6216581384590931 1178
1764079796813 0.6050918113272752 1179
1764079805215 0.600418723206849 1180
1764079813582 0.6857031490654351 1181
1764079821983 0.6686351305321397 1182
1764079830343 0.6516998148019113 1183
1764079838733 0.7130302622131524 1184
1764079847124 0.5714298093092116 1185
1764079855526 0.7001101182669339 1186
1764079863903 0.595947753284174 1187
1764079872292 0.561168602024591 1188
1764079880670 0.6793401330768157 1189
1764079889046 0.579438434342074 1190
1764079897421 0.6750521155414978 1191
1764079905811 0.6278455429809338 1192
1764079914314 0.6964806500558857 1193
1764079922684 0.6000071316274311 1194
1764079931069 0.6314319202201331 1195
1764079939462 0.6922023317330147 1196
1764079947825 0.6526770966741211 1197
1764079956192 0.6480074021185452 1198
1764079964592 0.596024436346491 1199
1764079972968 0.6770152685620123 1200
1764079981361 0.6174737880291392 1201
1764079989744 0.8563121395787938 1202
1764079998131 0.6113724870209271 1203
1764080006535 0.6367826787732249 1204
1764080014929 0.7771649612651612 1205
1764080023302 0.5837996954322218 1206
1764080031683 0.5638744262484913 1207
1764080040062 0.7049079552825108 1208
1764080048466 0.7646081018476365 1209
1764080056840 0.6431119772376206 1210
1764080065247 0.6541665696305685 1211
1764080073646 0.7250177233258218 1212
1764080082028 0.6163335045290993 1213
1764080090444 0.6795928060825822 1214
1764080098838 0.7019649394283318 1215
1764080107216 0.5130468071382451 1216
1764080115585 0.6394164822189705 1217
1764080123966 0.6201579646778201 1218
1764080132349 0.6148256989492449 1219
1764080140703 0.6575422995845095 1220
1764080149074 0.6247278161871703 1221
1764080157421 0.6628161653299754 1222
1764080165809 0.6306642697033354 1223
1764080174200 0.7178624996500611 1224
1764080182575 0.60318311759835 1225
1764080191073 0.6349177182848718 1226
1764080199447 0.6784947678107209 1227
1764080207849 0.547578820933806 1228
1764080216275 0.589596489062932 1229
1764080224640 0.6347701934670504 1230
1764080233001 0.6761352485323505 1231
1764080241343 0.5581756869302388 1232
1764080249776 0.6749288213059519 1233
1764080258110 0.5388953327508323 1234
1764080266525 0.621869062687473 1235
1764080274888 0.6733478122440991 1236
1764080283270 0.7297242998907769 1237
1764080291630 0.603380245777767 1238
1764080300022 0.6018381220946523 1239
1764080308396 0.6094363828242991 1240
1764080316788 0.6999182246000469 1241
1764080325184 0.7093755463888343 1242
1764080333552 0.6005899377121642 1243
1764080341947 0.6515624710190603 1244
1764080350350 0.646575312476152 1245
1764080358737 0.6310685899569273 1246
1764080367127 0.626087453699302 1247
1764080375507 0.6514909777909297 1248
1764080383883 0.5652912682418642 1249
1764080392288 0.568745683401485 1250
1764080400724 0.6621890981179597 1251
1764080467129 0.6527622384498405 1253
1764080475496 0.6513406905386264 1254
1764080483861 0.6488357426150677 1255
1764080492280 0.5508280832202539 1256
1764080500648 0.6479136201206611 1257
1764080509060 0.5921396666273451 1258
1764080517458 0.6734337508685169 1259
1764080525852 0.7319944239881826 1260
1764080534261 0.6502430639247877 1261
1764080542672 0.6224123098853289 1262
1764080551075 0.6151535762401412 1263
1764080559458 0.6392194697852978 1264
1764080567900 0.5624776657964224 1265
1764080576322 0.6935832353159028 1266
1764080584869 0.6474884654121054 1267
1764080593496 0.6676784013618339 1268
1764080601876 0.6507131608929562 1269
1764080610291 0.6350490595544993 1270
1764080618671 0.5547217308631183 1271
1764080627068 0.6013121753168271 1272
1764080635452 0.6799128628603193 1273
1764080644045 0.6571716250503548 1274
1764080652437 0.638575018359691 1275
1764080660844 0.6800135965061985 1276
1764080669245 0.6005884953447654 1277
1764080677603 0.6630882131961814 1278
1764080686000 0.547510020778716 1279
1764080694366 0.651687713784098 1280
1764080702770 0.6564372861972173 1281
1764080711172 0.6638827001745733 1282
1764080719539 0.6076337256600612 1283
1764080727941 0.6203517687283021 1284
1764080736340 0.6268735673978568 1285
1764080744755 0.5729134664418872 1286
1764080753177 0.5143775305637012 1287
1764080761591 0.6447672451192017 1288
1764080769995 0.5696498047486566 1289
1764080778405 0.562721791622262 1290
1764080786803 0.6360309148045393 1291
1764080795179 0.5933581260919857 1292
1764080803572 0.8304002648234596 1293
1764080811938 0.63617746216144 1294
1764080820317 0.6801680671448124 1295
1764080828746 0.5970071078520419 1296
1764080837112 0.6018024059249907 1297
1764080845456 0.5169458176389998 1298
1764080853817 0.6701142720382373 1299
1764080862183 0.6134598181455557 1300
1764080870655 0.5916048018708407 1301
1764080879023 0.668199344548486 1302
1764080887416 0.5651705305726955 1303
1764080895792 0.6402925970193956 1304
1764080904165 0.6745558068828165 1305
1764080912534 0.6400467792250991 1306
1764080920929 0.5730740604518354 1307
1764080929286 0.7701486183872246 1308
1764080937635 0.6281138923932374 1309
1764080946003 0.5888316876212307 1310
1764080954397 0.688041170613213 1311
1764080962800 0.5955178425909814 1312
1764080971188 0.6525314236846449 1313
1764080979578 0.7209701291514504 1314
1764080987950 0.6808940057273386 1315
1764080996303 0.5922493769594696 1316
1764081004675 0.6633071409801546 1317
1764081013083 0.698254973710476 1318
1764081021492 0.6413353926887259 1319
1764081029881 0.5319456743060305 1320
1764081038274 0.7275816244026705 1321
1764081046643 0.6488006243861796 1322
1764081054993 0.6495546137718907 1323
1764081063426 0.6695194877552908 1324
1764081071779 0.5561473177502495 1325
1764081080161 0.6121710892275201 1326
1764081088529 0.5869762068097615 1327
1764081096891 0.6909565791899361 1328
1764081105272 0.6356256172082224 1329
1764081113632 0.5657275060970149 1330
1764081121997 0.7257436511665203 1331
1764081130416 0.5742688451115111 1332
1764081138834 0.5705150875601976 1333
1764081147378 0.6554163473239787 1334
1764081155748 0.6793490569247771 1335
1764081164112 0.5897873419336459 1336
1764081172489 0.7846119653301795 1337
1764081180946 0.6533466937936455 1338
1764081189333 0.5973793611083822 1339
1764081197705 0.6917959011169774 1340
1764081206077 0.5863669870999704 1341
1764081214546 0.6558023566300761 1342
1764081222907 0.5670309193170157 1343
1764081231287 0.6264259199278821 1344
1764081239646 0.5071445365306086 1345
1764081248007 0.6327416035207364 1346
1764081256395 0.6798448164965851 1347
1764081264772 0.6602586183878709 1348
1764081273177 0.6569981282449668 1349
1764081281550 0.5814980523889134 1350
1764081289931 0.6547434225726511 1351
1764081298310 0.6045297527923675 1352
1764081306670 0.6266896148707767 1353
1764081315015 0.5678812677985744 1354
1764081323376 0.5470687278661075 1355
1764081331758 0.6443974117715909 1356
1764081340148 0.5824465513258135 1357
1764081348515 0.6467451435673783 1358
1764081356887 0.6795702827380864 1359
1764081365263 0.5620470416652344 1360
1764081373666 0.6256109909749014 1361
1764081382048 0.5999127608536662 1362
1764081390431 0.6285459345709147 1363
1764081398814 0.6654146872723786 1364
1764081407190 0.6152390054476672 1365
1764081415554 0.5769551516928645 1366
1764081423951 0.6801233139357142 1367
1764081432386 0.766847049073472 1368
1764081440789 0.5859157201980341 1369
1764081449303 0.7439167091059997 1370
1764081457672 0.6058730213440803 1371
1764081466055 0.7322973080136924 1372
1764081474446 0.5917064752307262 1373
1764081482855 0.6076163889523114 1374
1764081491218 0.650016178430209 1375
1764081499758 0.6647731751777621 1376
1764081508124 0.582920033399515 1377
1764081516479 0.61122334086097 1378
1764081524831 0.6497751609087637 1379
1764081533215 0.6159814321052027 1380
1764081541644 0.7125376433910292 1381
1764081550007 0.5736296771007694 1382
1764081558361 0.5864821975237144 1383
1764081566728 0.6795633763495306 1384
1764081575092 0.5489032647513259 1385
1764081583459 0.6790851613805221 1386
1764081591832 0.5726636233351229 1387
1764081600194 0.6147868620318027 1388
1764081608571 0.5375276431826981 1389
1764081616978 0.7640668006029478 1390
1764081625356 0.6134401568604791 1391
1764081633746 0.6807500500447949 1392
1764081642117 0.6089413901903862 1393
1764081650519 0.6844084695149188 1394
1764081658874 0.6115174030183299 1395
1764081667256 0.6287981942802174 1396
1764081675620 0.5840117132783973 1397
1764081683984 0.6857385291745173 1398
1764081692402 0.6874659036299101 1399
1764081700797 0.6698625268662753 1400
1764081709169 0.5896903472223812 1401
1764081717542 0.5635255549336213 1402
1764081725935 0.5899818816162227 1403
1764081734301 0.6212329216677926 1404
1764081742813 0.5746283290206641 1405
1764081751193 0.5830263323093606 1406
1764081759572 0.6526080632732801 1407
1764081767972 0.6942137741785831 1408
1764081776500 0.6375888149356027 1409
1764081784866 0.6442097652263428 1410
1764081793271 0.6690559469502245 1411
1764081801659 0.5991000354072166 1412
1764081810061 0.5940711602250525 1413
1764081818453 0.6192021885845971 1414
1764081826843 0.5975432832521206 1415
1764081835223 0.62834186528412 1416
1764081843641 0.5745161686334286 1417
1764081851990 0.6075923134914809 1418
1764081860410 0.712944927330489 1419
1764081868793 0.6011439093421491 1420
1764081877210 0.6041146736452437 1421
1764081885588 0.6451455653039739 1422
1764081893949 0.6121919713628983 1423
1764081902317 0.6035197572649077 1424
1764081910689 0.637478082561704 1425
1764081919087 0.6272539694564294 1426
1764081927497 0.6504533251991875 1427
1764081935874 0.6911466091681031 1428
1764081944254 0.7005518565454116 1429
1764081952765 0.7543869190932381 1430
1764081961164 0.6221049874662363 1431
1764081969552 0.6544042389815835 1432
1764081977971 0.5055215214836389 1433
1764081986428 0.6011410862838986 1434
1764081994814 0.5884312681292942 1435
1764082003186 0.5894052528351648 1436
1764082011551 0.6350264177892735 1437
1764082019933 0.6215406200898279 1438
1764082028342 0.6741549249175328 1439
1764082036731 0.7471977912526069 1440
1764082045123 0.750785641280585 1441
1764082053526 0.6567668282639101 1442
1764082061927 0.6655983738411011 1443
1764082070343 0.7422376785863579 1444
1764082078720 0.6226389804395773 1445
1764082087074 0.6268674869115562 1446
1764082095451 0.5196591866305443 1447
1764082103847 0.5803673343177586 1448
1764082112249 0.5879529330588923 1449
1764082120616 0.5012632002200241 1450
1764082129016 0.687361638316651 1451
1764082137408 0.5597906913587196 1452
1764082145778 0.7415268458811205 1453
1764082154196 0.6500742031334712 1454
1764082162591 0.6457044825040993 1455
1764082170958 0.6646788310312037 1456
1764082179336 0.6250092195632148 1457
1764082187708 0.6085132613314481 1458
1764082196064 0.5897990837680556 1459
1764082204449 0.5883366226843978 1460
1764082212791 0.5751119337757422 1461
1764082221188 0.560490720420094 1462
1764082229694 0.5147256491253674 1463
1764082238055 0.5725848639577752 1464
1764082246412 0.5363416696622973 1465
1764082254797 0.6618989787763432 1466
1764082263219 0.6727452591285759 1467
1764082271619 0.6487960894413265 1468
1764082280019 0.5668851218823919 1469
1764082288437 0.5941135395096615 1470
1764082296806 0.7100434284505988 1471
1764082305318 0.7106285057650994 1472
1764082313685 0.6158900262774559 1473
1764082322046 0.5021915498185985 1474
1764082330480 0.6233243755411878 1475
1764082338845 0.6115210505750893 1476
1764082347263 0.620874711442456 1477
1764082355626 0.6724450064295326 1478
1764082364001 0.6282777655337842 1479
1764082372380 0.751760713961571 1480
1764082380766 0.6935344399963963 1481
1764082389120 0.5884141591357585 1482
1764082397488 0.7033997094048969 1483
1764082405892 0.6851743179081644 1484
1764082414254 0.5083083305227003 1485
1764082422655 0.6509163072482028 1486
1764082431061 0.5838319567261536 1487
1764082439489 0.6791832444341446 1488
1764082447875 0.650150840720033 1489
1764082456230 0.5633659978192117 1490
1764082464563 0.5976224076285717 1491
1764082472978 0.642604200626198 1492
1764082481363 0.5982191080340347 1493
1764082489737 0.6991344287074196 1494
1764082498132 0.6429027726275761 1495
1764082506505 0.6054521442084956 1496
1764082514852 0.7124435974537706 1497
1764082523209 0.6529979880924122 1498
1764082531600 0.6948674529903104 1499
1764082539976 0.6282459044509983 1500
1764082548364 0.6474071792322704 1501
1764082556767 0.6784702497702251 1502
1764082565150 0.6642515402343351 1503
1764082573507 0.6073086697101571 1504
1764082582011 0.6749266733716385 1505
1764082590496 0.6241218830134112 1506
1764082598839 0.6337762822075912 1507
1764082607183 0.708756449013621 1508
1764082615546 0.7162166835683943 1509
1764082623958 0.6136501325421156 1510
1764082632335 0.7726619252601051 1511
1764082640743 0.7072359575879883 1512
1764082649159 0.545726803484929 1513
1764082657673 0.6621730043069858 1514
1764082666027 0.6357237535683793 1515
1764082674397 0.5692482862073507 1516
1764082682756 0.6772158734849592 1517
1764082691099 0.719553146091597 1518
1764082699494 0.5945084481335325 1519
1764082707923 0.7314640401221858 1520
1764082716324 0.6969836746770885 1521
1764082724736 0.6886287563483628 1522
1764082733149 0.7042813149022877 1523
1764082741554 0.6209957718668355 1524
1764082749952 0.7033780623813433 1525
1764082758317 0.6725868324621567 1526
1764082766684 0.5293356270785681 1527
1764082775066 0.5943083427902764 1528
1764082783432 0.7189780224896537 1529
1764082791799 0.6474446344188198 1530
1764082800177 0.6891067322593456 1531
1764082808582 0.5862016712287759 1532
1764082816951 0.694777256067002 1533
1764082825303 0.6241599340443419 1534
1764082833672 0.6362071821149864 1535
1764082842116 0.6985439524714437 1536
1764082850540 0.5996247710697 1537
1764082858925 0.5488042963634929 1538
1764082867419 0.6207327834477013 1539
1764082875809 0.7539876611582466 1540
1764082884195 0.6818503732036033 1541
1764082892565 0.735598935802152 1542
1764082900936 0.7166132744286546 1543
1764082909341 0.6315888911378258 1544
1764082917741 0.6634992473380161 1545
1764082926121 0.5363272708059645 1546
1764082934554 0.5906112970236114 1547
1764082942956 0.6424526427101331 1548
1764082951320 0.6077397965244424 1549
1764082959696 0.6773199238860272 1550
1764082968082 0.6155276442861183 1551
1764082976492 0.6863647160737856 1552
1764082984877 0.5999810197616323 1553
1764082993283 0.694981058477228 1554
1764083001655 0.6296527512838644 1555
1764083010073 0.5960104514099128 1556
1764083018478 0.636816645324233 1557
1764083026882 0.6574719627543217 1558
1764083035254 0.6654054191193814 1559
1764083043644 0.6801334139915245 1560
1764083052038 0.6253125484930934 1561
1764083060401 0.6725799164068756 1562
1764083068804 0.5265444484709451 1563
1764083077232 0.6663013461513461 1564
