1764069765579 0.1 1
1764069773928 0.1 2
1764069782318 0.1 3
1764069790713 0.1 4
1764069799141 0.1 5
1764069807557 0.1 6
1764069816020 0.1 7
1764069824475 0.1 8
1764069832904 0.1 9
1764069841375 0.1 10
1764069849849 0.1 11
1764069858253 0.1 12
1764069866692 0.1 13
1764069875136 0.1 14
1764069883583 0.1 15
1764069892027 0.1 16
1764069900487 0.1 17
1764069908926 0.1 18
1764069917327 0.1 19
1764069925752 0.1 20
1764069934143 0.1 21
1764069942545 0.1 22
1764069950973 0.1 23
1764069959392 0.1 24
1764069967800 0.1 25
1764069976399 0.1 26
1764069984762 0.1 27
1764069993141 0.1 28
1764070001489 0.1 29
1764070009903 0.1 30
1764070018282 0.1 31
1764070026683 0.1 32
1764070035066 0.1 33
1764070043429 0.1 34
1764070051841 0.1 35
1764070060240 0.1 36
1764070068634 0.1 37
1764070077014 0.1 38
1764070085404 0.1 39
1764070093793 0.1 40
1764070102160 0.1 41
1764070110565 0.1 42
1764070118931 0.1 43
1764070127339 0.1 44
1764070135717 0.1 45
1764070144155 0.1 46
1764070152544 0.1 47
1764070160910 0.1 48
1764070169302 0.1 49
1764070177665 0.1 50
1764070186039 0.1 51
1764070194424 0.1 52
1764070202832 0.1 53
1764070211184 0.1 54
1764070219587 0.1 55
1764070228010 0.1 56
1764070236387 0.1 57
1764070244793 0.1 58
1764070253189 0.1 59
1764070261571 0.1 60
1764070269961 0.1 61
1764070278328 0.1 62
1764070286727 0.1 63
1764070295147 0.1 64
1764070303530 0.1 65
1764070311916 0.1 66
1764070320311 0.1 67
1764070328708 0.1 68
1764070337100 0.1 69
1764070345461 0.1 70
1764070353890 0.1 71
1764070362458 0.1 72
1764070370822 0.1 73
1764070379196 0.1 74
1764070387640 0.1 75
1764070396019 0.1 76
1764070404388 0.1 77
1764070412735 0.1 78
1764070421112 0.1 79
1764070429467 0.1 80
1764070437811 0.1 81
1764070446183 0.1 82
1764070454578 0.1 83
1764070462947 0.1 84
1764070471312 0.1 85
1764070479696 0.1 86
1764070488111 0.1 87
1764070496486 0.1 88
1764070504871 0.1 89
1764070513241 0.1 90
1764070521617 0.1 91
1764070529962 0.1 92
1764070538343 0.1 93
1764070546730 0.1 94
1764070555101 0.1 95
1764070563490 0.1 96
1764070571870 0.1 97
1764070580247 0.1 98
1764070588610 0.1 99
1764070597001 0.1 100
1764070605388 0.1 101
1764070613772 0.1 102
1764070622140 0.1 103
1764070630600 0.1 104
1764070639020 0.1 105
1764070647413 0.1 106
1764070655799 0.1 107
1764070664195 0.1 108
1764070672575 0.1 109
1764070680982 0.1 110
1764070689341 0.1 111
1764070697721 0.1 112
1764070706137 0.1 113
1764070714514 0.1 114
1764070722902 0.1 115
1764070731276 0.1 116
1764070739649 0.1 117
1764070748049 0.1 118
1764070756439 0.1 119
1764070764833 0.1 120
1764070773195 0.1 121
1764070781586 0.1 122
1764070789964 0.1 123
1764070798357 0.1 124
1764070806760 0.1 125
1764070815147 0.1 126
1764070823508 0.1 127
1764070831909 0.1 128
1764070840284 0.1 129
1764070848773 0.1 130
1764070857299 0.1 131
1764070865765 0.1 132
1764070874139 0.1 133
1764070882519 0.1 134
1764070890879 0.1 135
1764070899258 0.1 136
1764070907626 0.1 137
1764070915995 0.1 138
1764070924351 0.1 139
1764070932694 0.1 140
1764070941101 0.1 141
1764070949473 0.1 142
1764070957854 0.1 143
1764070966213 0.1 144
1764070974581 0.1 145
1764070982964 0.1 146
1764070991352 0.1 147
1764070999722 0.1 148
1764071008106 0.1 149
1764071016474 0.1 150
1764071024865 0.1 151
1764071033246 0.1 152
1764071041623 0.1 153
1764071050045 0.1 154
1764071058436 0.1 155
1764071066811 0.1 156
1764071075192 0.1 157
1764071083586 0.1 158
1764071091962 0.1 159
1764071100335 0.1 160
1764071108706 0.1 161
1764071117088 0.1 162
1764071125467 0.1 163
1764071133891 0.1 164
1764071142263 0.1 165
1764071150617 0.1 166
1764071158991 0.1 167
1764071167375 0.1 168
1764071175781 0.1 169
1764071184162 0.1 170
1764071192561 0.1 171
1764071200935 0.1 172
1764071209315 0.1 173
1764071217903 0.1 174
1764071226281 0.1 175
1764071234684 0.1 176
1764071243066 0.1 177
1764071251441 0.1 178
1764071259806 0.1 179
1764071268191 0.1 180
1764071276575 0.1 181
1764071284947 0.1 182
1764071293323 0.1 183
1764071301699 0.1 184
1764071310072 0.1 185
1764071318460 0.1 186
1764071326860 0.1 187
1764071335372 0.1 188
1764071343740 0.1 189
1764071352115 0.1 190
1764071360660 0.1 191
1764071369020 0.1 192
1764071377376 0.1 193
1764071385740 0.1 194
1764071394124 0.1 195
1764071402511 0.1 196
1764071410899 0.1 197
1764071419292 0.1 198
1764071427663 0.1 199
1764071436070 0.1 200
1764071444458 0.1 201
1764071452842 0.1 202
1764071461219 0.1 203
1764071469601 0.1 204
1764071478005 0.1 205
1764071486385 0.1 206
1764071494749 0.1 207
1764071503206 0.1 208
1764071511614 0.1 209
1764071520044 0.1 210
1764071528424 0.1 211
1764071536821 0.1 212
1764071545206 0.1 213
1764071553584 0.1 214
1764071562018 0.1 215
1764071570401 0.1 216
1764071578773 0.1 217
1764071587145 0.1 218
1764071595491 0.1 219
1764071603902 0.1 220
1764071612279 0.1 221
1764071620652 0.1 222
1764071629032 0.1 223
1764071637465 0.1 224
1764071645840 0.1 225
1764071654241 0.1 226
1764071662635 0.1 227
1764071671020 0.1 228
1764071679401 0.1 229
1764071687882 0.1 230
1764071696245 0.1 231
1764071704617 0.1 232
1764071713159 0.1 233
1764071721530 0.1 234
1764071729901 0.1 235
1764071738278 0.1 236
1764071746663 0.1 237
1764071755039 0.1 238
1764071763397 0.1 239
1764071771762 0.1 240
1764071780118 0.1 241
1764071788534 0.1 242
1764071796908 0.1 243
1764071805277 0.1 244
1764071813666 0.1 245
1764071822016 0.1 246
1764071830374 0.1 247
1764071838818 0.1 248
1764071847163 0.1 249
1764071855529 0.1 250
1764071863925 0.1 251
1764071872294 0.1 252
1764071880687 0.1 253
1764071889119 0.1 254
1764071897505 0.1 255
1764071905897 0.1 256
1764071914301 0.1 257
1764071922683 0.1 258
1764071931063 0.1 259
1764071939404 0.1 260
1764071947772 0.1 261
1764071956205 0.1 262
1764071964592 0.1 263
1764071973064 0.1 264
1764071981429 0.1 265
1764071989793 0.1 266
1764071998314 0.1 267
1764072006684 0.1 268
1764072015066 0.1 269
1764072023481 0.1 270
1764072031887 0.1 271
1764072040258 0.1 272
1764072048594 0.1 273
1764072056961 0.1 274
1764072065338 0.1 275
1764072073699 0.1 276
1764072082074 0.1 277
1764072090466 0.1 278
1764072098869 0.1 279
1764072107277 0.1 280
1764072115674 0.1 281
1764072124051 0.1 282
1764072132405 0.1 283
1764072140835 0.1 284
1764072149195 0.1 285
1764072157554 0.1 286
1764072165962 0.1 287
1764072174347 0.1 288
1764072182753 0.1 289
1764072191133 0.1 290
1764072199519 0.1 291
1764072207895 0.1 292
1764072216260 0.1 293
1764072224636 0.1 294
1764072233025 0.1 295
1764072241453 0.1 296
1764072249869 0.1 297
1764072258230 0.1 298
1764072266623 0.1 299
1764072274998 0.1 300
1764072283350 0.1 301
1764072291712 0.1 302
1764072300104 0.1 303
1764072308539 0.1 304
1764072316937 0.1 305
1764072325296 0.1 306
1764072333659 0.1 307
1764072342059 0.1 308
1764072350437 0.1 309
1764072358824 0.1 310
1764072367293 0.1 311
1764072375668 0.1 312
1764072440187 0.1 314
1764072448601 0.1 315
1764072456985 0.1 316
1764072465366 0.1 317
1764072473753 0.1 318
1764072482157 0.1 319
1764072490529 0.1 320
1764072498917 0.1 321
1764072507306 0.1 322
1764072515755 0.1 323
1764072524175 0.1 324
1764072532559 0.1 325
1764072540962 0.1 326
1764072549348 0.1 327
1764072557752 0.1 328
1764072566186 0.1 329
1764072574569 0.1 330
1764072582961 0.1 331
1764072591391 0.1 332
1764072599836 0.1 333
1764072608217 0.1 334
1764072616572 0.1 335
1764072624970 0.1 336
1764072633342 0.1 337
1764072641714 0.1 338
1764072650116 0.1 339
1764072658515 0.1 340
1764072666902 0.1 341
1764072675282 0.1 342
1764072683645 0.1 343
1764072692179 0.1 344
1764072700553 0.1 345
1764072708917 0.1 346
1764072717289 0.1 347
1764072725697 0.1 348
1764072734057 0.1 349
1764072742412 0.1 350
1764072750760 0.1 351
1764072759150 0.1 352
1764072767561 0.1 353
1764072775960 0.1 354
1764072784368 0.1 355
1764072792749 0.1 356
1764072801138 0.1 357
1764072809512 0.1 358
1764072817936 0.1 359
1764072826318 0.1 360
1764072834679 0.1 361
1764072843104 0.1 362
1764072851483 0.1 363
1764072859881 0.1 364
1764072868272 0.1 365
1764072876648 0.1 366
1764072885174 0.1 367
1764072893558 0.1 368
1764072901949 0.1 369
1764072910324 0.1 370
1764072918693 0.1 371
1764072927258 0.1 372
1764072935616 0.1 373
1764072943996 0.1 374
1764072952425 0.1 375
1764072960819 0.1 376
1764072969227 0.1 377
1764072977622 0.1 378
1764072986000 0.1 379
1764072994376 0.1 380
1764073002746 0.1 381
1764073011150 0.1 382
1764073019528 0.1 383
1764073027928 0.1 384
1764073036334 0.1 385
1764073044716 0.1 386
1764073053157 0.1 387
1764073061522 0.1 388
1764073069925 0.1 389
1764073078327 0.1 390
1764073086694 0.1 391
1764073095111 0.1 392
1764073103493 0.1 393
1764073111878 0.1 394
1764073120238 0.1 395
1764073128621 0.1 396
1764073137013 0.1 397
1764073145432 0.1 398
1764073153833 0.1 399
1764073162242 0.1 400
1764073170621 0.1 401
1764073178962 0.1 402
1764073187327 0.1 403
1764073195727 0.1 404
1764073204099 0.1 405
1764073212480 0.1 406
1764073220868 0.1 407
1764073229250 0.1 408
1764073237646 0.1 409
1764073246050 0.1 410
1764073254443 0.1 411
1764073262841 0.1 412
1764073271246 0.1 413
1764073279608 0.1 414
1764073287973 0.1 415
1764073296443 0.1 416
1764073304810 0.1 417
1764073313182 0.1 418
1764073321547 0.1 419
1764073329930 0.1 420
1764073338317 0.1 421
1764073346683 0.1 422
1764073355060 0.1 423
1764073363415 0.1 424
1764073371781 0.1 425
1764073380334 0.1 426
1764073388732 0.1 427
1764073397091 0.1 428
1764073405495 0.1 429
1764073413935 0.1 430
1764073422366 0.1 431
1764073430918 0.1 432
1764073439307 0.1 433
1764073447675 0.1 434
1764073456041 0.1 435
1764073464405 0.1 436
1764073472787 0.1 437
1764073481159 0.1 438
1764073489575 0.1 439
1764073497956 0.1 440
1764073506319 0.1 441
1764073514717 0.1 442
1764073523098 0.1 443
1764073531499 0.1 444
1764073539887 0.1 445
1764073548265 0.1 446
1764073556622 0.1 447
1764073565129 0.1 448
1764073573504 0.1 449
1764073581876 0.1 450
1764073590236 0.1 451
1764073598639 0.1 452
1764073607035 0.1 453
1764073615417 0.1 454
1764073623831 0.1 455
1764073632248 0.1 456
1764073640632 0.1 457
1764073649028 0.1 458
1764073657411 0.1 459
1764073665793 0.1 460
1764073674197 0.1 461
1764073682618 0.1 462
1764073690982 0.1 463
1764073699377 0.1 464
1764073707780 0.1 465
1764073716185 0.1 466
1764073724544 0.1 467
1764073733053 0.1 468
1764073741431 0.1 469
1764073749806 0.1 470
1764073758211 0.1 471
1764073766574 0.1 472
1764073774952 0.1 473
1764073783524 0.1 474
1764073791892 0.1 475
1764073800232 0.1 476
1764073808628 0.1 477
1764073817001 0.1 478
1764073825364 0.1 479
1764073833746 0.1 480
1764073842171 0.1 481
1764073850562 0.1 482
1764073858921 0.1 483
1764073867272 0.1 484
1764073875637 0.1 485
1764073884041 0.1 486
1764073892454 0.1 487
1764073900829 0.1 488
1764073909205 0.1 489
1764073917619 0.1 490
1764073925976 0.1 491
1764073934346 0.1 492
1764073942715 0.1 493
1764073951105 0.1 494
1764073959467 0.1 495
1764073967855 0.1 496
1764073976192 0.1 497
1764073984592 0.1 498
1764073992983 0.1 499
1764074001331 0.1 500
1764074009838 0.1 501
1764074018189 0.1 502
1764074026571 0.1 503
1764074034976 0.1 504
1764074043357 0.1 505
1764074051731 0.1 506
1764074060284 0.1 507
1764074068795 0.1 508
1764074077164 0.1 509
1764074085583 0.1 510
1764074093958 0.1 511
1764074102397 0.1 512
1764074110803 0.1 513
1764074119192 0.1 514
1764074127565 0.1 515
1764074135960 0.1 516
1764074144355 0.1 517
1764074152753 0.1 518
1764074161163 0.1 519
1764074169537 0.1 520
1764074177932 0.1 521
1764074186307 0.1 522
1764074194708 0.1 523
1764074203108 0.1 524
1764074211484 0.1 525
1764074219876 0.1 526
1764074228229 0.1 527
1764074236662 0.1 528
1764074245041 0.1 529
1764074253413 0.1 530
1764074261822 0.1 531
1764074270194 0.1 532
1764074278579 0.1 533
1764074286976 0.1 534
1764074295362 0.1 535
1764074303744 0.1 536
1764074312146 0.1 537
1764074320521 0.1 538
1764074328927 0.1 539
1764074337333 0.1 540
1764074345700 0.1 541
1764074354100 0.1 542
1764074362466 0.1 543
1764074370832 0.1 544
1764074379198 0.1 545
1764074387591 0.1 546
1764074395972 0.1 547
1764074404342 0.1 548
1764074412718 0.1 549
1764074421262 0.1 550
1764074429650 0.1 551
1764074438029 0.1 552
1764074446425 0.1 553
1764074454801 0.1 554
1764074463169 0.1 555
1764074471556 0.1 556
1764074479935 0.1 557
1764074488343 0.1 558
1764074496741 0.1 559
1764074505132 0.1 560
1764074513510 0.1 561
1764074521894 0.1 562
1764074530256 0.1 563
1764074538644 0.1 564
1764074547029 0.1 565
1764074555438 0.1 566
1764074563819 0.1 567
1764074572195 0.1 568
1764074580613 0.1 569
1764074589005 0.1 570
1764074597394 0.1 571
1764074605775 0.1 572
1764074614151 0.1 573
1764074622559 0.1 574
1764074630949 0.1 575
1764074639348 0.1 576
1764074647746 0.1 577
1764074656156 0.1 578
1764074664545 0.1 579
1764074672917 0.1 580
1764074681316 0.1 581
1764074689706 0.1 582
1764074698197 0.1 583
1764074706601 0.1 584
1764074715030 0.1 585
1764074723431 0.1 586
1764074731814 0.1 587
1764074740240 0.1 588
1764074748612 0.1 589
1764074757017 0.1 590
1764074765385 0.1 591
1764074773768 0.1 592
1764074782157 0.1 593
1764074790547 0.1 594
1764074798959 0.1 595
1764074807394 0.1 596
1764074815801 0.1 597
1764074824166 0.1 598
1764074832531 0.1 599
1764074840932 0.1 600
1764074849341 0.1 601
1764074857701 0.1 602
1764074866127 0.1 603
1764074874512 0.1 604
1764074882968 0.1 605
1764074891341 0.1 606
1764074899732 0.1 607
1764074908138 0.1 608
1764074916513 0.1 609
1764074924906 0.1 610
1764074933318 0.1 611
1764074941813 0.1 612
1764074950168 0.1 613
1764074958600 0.1 614
1764074966956 0.1 615
1764074975326 0.1 616
1764074983706 0.1 617
1764074992075 0.1 618
1764075000463 0.1 619
1764075008848 0.1 620
1764075017236 0.1 621
1764075025610 0.1 622
1764075034044 0.1 623
1764075042400 0.1 624
1764075050764 0.1 625
1764075115339 0.1 627
1764075123707 0.1 628
1764075132045 0.1 629
1764075140422 0.1 630
1764075148775 0.1 631
1764075157132 0.1 632
1764075165510 0.1 633
1764075173867 0.1 634
1764075182262 0.1 635
1764075190659 0.1 636
1764075199066 0.1 637
1764075207527 0.1 638
1764075215939 0.1 639
1764075224317 0.1 640
1764075232709 0.1 641
1764075241072 0.1 642
1764075249483 0.1 643
1764075257925 0.1 644
1764075266672 0.1 645
1764075275058 0.1 646
1764075283422 0.1 647
1764075291783 0.1 648
1764075300183 0.1 649
1764075308601 0.1 650
1764075316965 0.1 651
1764075325361 0.1 652
1764075333915 0.1 653
1764075342264 0.1 654
1764075350671 0.1 655
1764075359038 0.1 656
1764075367632 0.1 657
1764075375980 0.1 658
1764075384339 0.1 659
1764075392725 0.1 660
1764075401094 0.1 661
1764075409502 0.1 662
1764075417871 0.1 663
1764075426291 0.1 664
1764075434671 0.1 665
1764075443103 0.1 666
1764075451522 0.1 667
1764075459920 0.1 668
1764075468299 0.1 669
1764075476695 0.1 670
1764075485088 0.1 671
1764075493495 0.1 672
1764075501876 0.1 673
1764075510254 0.1 674
1764075518618 0.1 675
1764075526983 0.1 676
1764075535406 0.1 677
1764075543786 0.1 678
1764075552211 0.1 679
1764075560571 0.1 680
1764075568997 0.1 681
1764075577390 0.1 682
1764075585758 0.1 683
1764075594142 0.1 684
1764075602550 0.1 685
1764075611023 0.1 686
1764075619420 0.1 687
1764075627795 0.1 688
1764075636172 0.1 689
1764075644548 0.1 690
1764075653059 0.1 691
1764075661436 0.1 692
1764075669824 0.1 693
1764075678222 0.1 694
1764075686627 0.1 695
1764075695005 0.1 696
1764075703461 0.1 697
1764075711817 0.1 698
1764075720177 0.1 699
1764075728535 0.1 700
1764075736896 0.1 701
1764075745265 0.1 702
1764075753619 0.1 703
1764075761981 0.1 704
1764075770371 0.1 705
1764075778753 0.1 706
1764075787134 0.1 707
1764075795528 0.1 708
1764075803915 0.1 709
1764075812324 0.1 710
1764075820689 0.1 711
1764075829047 0.1 712
1764075837452 0.1 713
1764075845854 0.1 714
1764075854233 0.1 715
1764075862628 0.1 716
1764075871007 0.1 717
1764075879394 0.1 718
1764075887779 0.1 719
1764075896171 0.1 720
1764075904560 0.1 721
1764075912941 0.1 722
1764075921290 0.1 723
1764075929678 0.1 724
1764075938063 0.1 725
1764075946430 0.1 726
1764075954869 0.1 727
1764075963228 0.1 728
1764075971630 0.1 729
1764075980016 0.1 730
1764075988384 0.1 731
1764075996789 0.1 732
1764076005140 0.1 733
1764076013540 0.1 734
1764076021953 0.1 735
1764076030364 0.1 736
1764076038748 0.1 737
1764076047132 0.1 738
1764076055521 0.1 739
1764076063907 0.1 740
1764076072271 0.1 741
1764076080641 0.1 742
1764076089062 0.1 743
1764076097441 0.1 744
1764076105835 0.1 745
1764076114222 0.1 746
1764076122606 0.1 747
1764076131095 0.1 748
1764076139466 0.1 749
1764076147852 0.1 750
1764076156217 0.1 751
1764076164570 0.1 752
1764076172947 0.1 753
1764076181318 0.1 754
1764076189700 0.1 755
1764076198092 0.1 756
1764076206467 0.1 757
1764076214841 0.1 758
1764076223227 0.1 759
1764076231615 0.1 760
1764076239999 0.1 761
1764076248363 0.1 762
1764076256740 0.1 763
1764076265124 0.1 764
1764076273497 0.1 765
1764076281940 0.1 766
1764076290322 0.1 767
1764076298665 0.1 768
1764076307056 0.1 769
1764076315459 0.1 770
1764076323831 0.1 771
1764076332246 0.1 772
1764076340608 0.1 773
1764076349007 0.1 774
1764076357419 0.1 775
1764076365780 0.1 776
1764076374172 0.1 777
1764076382560 0.1 778
1764076390933 0.1 779
1764076399329 0.1 780
1764076407699 0.1 781
1764076416072 0.1 782
1764076424451 0.1 783
1764076432843 0.1 784
1764076441242 0.1 785
1764076449624 0.1 786
1764076458012 0.1 787
1764076466394 0.1 788
1764076474775 0.1 789
1764076483257 0.1 790
1764076491636 0.1 791
1764076499995 0.1 792
1764076508455 0.1 793
1764076516824 0.1 794
1764076525203 0.1 795
1764076533705 0.1 796
1764076542089 0.1 797
1764076550442 0.1 798
1764076558795 0.1 799
1764076567144 0.1 800
1764076575513 0.1 801
1764076583968 0.1 802
1764076592343 0.1 803
1764076600709 0.1 804
1764076609063 0.1 805
1764076617438 0.1 806
1764076625812 0.1 807
1764076634321 0.1 808
1764076642712 0.1 809
1764076651094 0.1 810
1764076659463 0.1 811
1764076667844 0.1 812
1764076676256 0.1 813
1764076684649 0.1 814
1764076693004 0.1 815
1764076701385 0.1 816
1764076709741 0.1 817
1764076718135 0.1 818
1764076726476 0.1 819
1764076734831 0.1 820
1764076743216 0.1 821
1764076751624 0.1 822
1764076760010 0.1 823
1764076768376 0.1 824
1764076776797 0.1 825
1764076785170 0.1 826
1764076793575 0.1 827
1764076801980 0.1 828
1764076810360 0.1 829
1764076818735 0.1 830
1764076827093 0.1 831
1764076835538 0.1 832
1764076843921 0.1 833
1764076852336 0.1 834
1764076860677 0.1 835
1764076869033 0.1 836
1764076877393 0.1 837
1764076885771 0.1 838
1764076894189 0.1 839
1764076902552 0.1 840
1764076910931 0.1 841
1764076919333 0.1 842
1764076927723 0.1 843
1764076936135 0.1 844
1764076944503 0.1 845
1764076952908 0.1 846
1764076961286 0.1 847
1764076969785 0.1 848
1764076978189 0.1 849
1764076986696 0.1 850
1764076995063 0.1 851
1764077003419 0.1 852
1764077011791 0.1 853
1764077020175 0.1 854
1764077028573 0.1 855
1764077037110 0.1 856
1764077045504 0.1 857
1764077053885 0.1 858
1764077062239 0.1 859
1764077070628 0.1 860
1764077078999 0.1 861
1764077087376 0.1 862
1764077095769 0.1 863
1764077104148 0.1 864
1764077112557 0.1 865
1764077120961 0.1 866
1764077129339 0.1 867
1764077137729 0.1 868
1764077146090 0.1 869
1764077154482 0.1 870
1764077162859 0.1 871
1764077171247 0.1 872
1764077179653 0.1 873
1764077188044 0.1 874
1764077196455 0.1 875
1764077204835 0.1 876
1764077213190 0.1 877
1764077221548 0.1 878
1764077229956 0.1 879
1764077238348 0.1 880
1764077246752 0.1 881
1764077255142 0.1 882
1764077263553 0.1 883
1764077272012 0.1 884
1764077280390 0.1 885
1764077288761 0.1 886
1764077297175 0.1 887
1764077305539 0.1 888
1764077313940 0.1 889
1764077322445 0.1 890
1764077330882 0.1 891
1764077339267 0.1 892
1764077347650 0.1 893
1764077356051 0.1 894
1764077364423 0.1 895
1764077372789 0.1 896
1764077381164 0.1 897
1764077389688 0.1 898
1764077398113 0.1 899
1764077406526 0.1 900
1764077414895 0.1 901
1764077423255 0.1 902
1764077431639 0.1 903
1764077440025 0.1 904
1764077448391 0.1 905
1764077456767 0.1 906
1764077465138 0.1 907
1764077473538 0.1 908
1764077481919 0.1 909
1764077490301 0.1 910
1764077498736 0.1 911
1764077507107 0.1 912
1764077515515 0.1 913
1764077523868 0.1 914
1764077532311 0.1 915
1764077540726 0.1 916
1764077549141 0.1 917
1764077557535 0.1 918
1764077565926 0.1 919
1764077574312 0.1 920
1764077582680 0.1 921
1764077591059 0.1 922
1764077599449 0.1 923
1764077607939 0.1 924
1764077616328 0.1 925
1764077624725 0.1 926
1764077633112 0.1 927
1764077641504 0.1 928
1764077649883 0.1 929
1764077658239 0.1 930
1764077666765 0.1 931
1764077675181 0.1 932
1764077683614 0.1 933
1764077691982 0.1 934
1764077700373 0.1 935
1764077708766 0.1 936
1764077717162 0.1 937
1764077725525 0.1 938
1764077790154 0.1 940
1764077798561 0.1 941
1764077806921 0.1 942
1764077815279 0.1 943
1764077823712 0.1 944
1764077832108 0.1 945
1764077840509 0.1 946
1764077848907 0.1 947
1764077857310 0.1 948
1764077865711 0.1 949
1764077874115 0.1 950
1764077882560 0.1 951
1764077890953 0.1 952
1764077899377 0.1 953
1764077907924 0.1 954
1764077916374 0.1 955
1764077924755 0.1 956
1764077933157 0.1 957
1764077941544 0.1 958
1764077949934 0.1 959
1764077958345 0.1 960
1764077966735 0.1 961
1764077975141 0.1 962
1764077983539 0.1 963
1764077991994 0.1 964
1764078000354 0.1 965
1764078008721 0.1 966
1764078017090 0.1 967
1764078025466 0.1 968
1764078033869 0.1 969
1764078042255 0.1 970
1764078050700 0.1 971
1764078059082 0.1 972
1764078067465 0.1 973
1764078075882 0.1 974
1764078084282 0.1 975
1764078092656 0.1 976
1764078101062 0.1 977
1764078109460 0.1 978
1764078117847 0.1 979
1764078126246 0.1 980
1764078134663 0.1 981
1764078143066 0.1 982
1764078151425 0.1 983
1764078159803 0.1 984
1764078168169 0.1 985
1764078176569 0.1 986
1764078184979 0.1 987
1764078193525 0.1 988
1764078201939 0.1 989
1764078210334 0.1 990
1764078218732 0.1 991
1764078227163 0.1 992
1764078235553 0.1 993
1764078243941 0.1 994
1764078252288 0.1 995
1764078260655 0.1 996
1764078269053 0.1 997
1764078277439 0.1 998
1764078285849 0.1 999
1764078294263 0.1 1000
1764078302660 0.1 1001
1764078311055 0.1 1002
1764078319440 0.1 1003
1764078327821 0.1 1004
1764078336170 0.1 1005
1764078344566 0.1 1006
1764078353019 0.1 1007
1764078361407 0.1 1008
1764078369779 0.1 1009
1764078378149 0.1 1010
1764078386530 0.1 1011
1764078394944 0.1 1012
1764078403333 0.1 1013
1764078411738 0.1 1014
1764078420136 0.1 1015
1764078428534 0.1 1016
1764078436887 0.1 1017
1764078445292 0.1 1018
1764078453681 0.1 1019
1764078462053 0.1 1020
1764078470465 0.1 1021
1764078478861 0.1 1022
1764078487242 0.1 1023
1764078495650 0.1 1024
1764078504071 0.1 1025
1764078512435 0.1 1026
1764078520815 0.1 1027
1764078529195 0.1 1028
1764078537575 0.1 1029
1764078546066 0.1 1030
1764078554457 0.1 1031
1764078562864 0.1 1032
1764078571254 0.1 1033
1764078579656 0.1 1034
1764078588248 0.1 1035
1764078596604 0.1 1036
1764078604967 0.1 1037
1764078613346 0.1 1038
1764078621757 0.1 1039
1764078630144 0.1 1040
1764078638526 0.1 1041
1764078646905 0.1 1042
1764078655334 0.1 1043
1764078663684 0.1 1044
1764078672067 0.1 1045
1764078680437 0.1 1046
1764078688837 0.1 1047
1764078697261 0.1 1048
1764078705595 0.1 1049
1764078713974 0.1 1050
1764078722395 0.1 1051
1764078730775 0.1 1052
1764078739138 0.1 1053
1764078747535 0.1 1054
1764078755916 0.1 1055
1764078764302 0.1 1056
1764078772680 0.1 1057
1764078781172 0.1 1058
1764078789572 0.1 1059
1764078797939 0.1 1060
1764078806345 0.1 1061
1764078814740 0.1 1062
1764078823173 0.1 1063
1764078831665 0.1 1064
1764078840038 0.1 1065
1764078848416 0.1 1066
1764078856787 0.1 1067
1764078865160 0.1 1068
1764078873557 0.1 1069
1764078881922 0.1 1070
1764078890306 0.1 1071
1764078898676 0.1 1072
1764078907061 0.1 1073
1764078915416 0.1 1074
1764078923771 0.1 1075
1764078932161 0.1 1076
1764078940539 0.1 1077
1764078948968 0.1 1078
1764078957349 0.1 1079
1764078965747 0.1 1080
1764078974133 0.1 1081
1764078982524 0.1 1082
1764078990925 0.1 1083
1764078999343 0.1 1084
1764079007742 0.1 1085
1764079016171 0.1 1086
1764079024581 0.1 1087
1764079032973 0.1 1088
1764079041369 0.1 1089
1764079049742 0.1 1090
1764079058124 0.1 1091
1764079066542 0.1 1092
1764079074932 0.1 1093
1764079083317 0.1 1094
1764079091923 0.1 1095
1764079100299 0.1 1096
1764079108694 0.1 1097
1764079117106 0.1 1098
1764079125485 0.1 1099
1764079133861 0.1 1100
1764079142264 0.1 1101
1764079150648 0.1 1102
1764079159046 0.1 1103
1764079167443 0.1 1104
1764079175826 0.1 1105
1764079184263 0.1 1106
1764079192642 0.1 1107
1764079201076 0.1 1108
1764079209446 0.1 1109
1764079217835 0.1 1110
1764079226218 0.1 1111
1764079234631 0.1 1112
1764079243002 0.1 1113
1764079251388 0.1 1114
1764079259781 0.1 1115
1764079268181 0.1 1116
1764079276559 0.1 1117
1764079285073 0.1 1118
1764079293448 0.1 1119
1764079301820 0.1 1120
1764079310228 0.1 1121
1764079318618 0.1 1122
1764079327036 0.1 1123
1764079335443 0.1 1124
1764079343802 0.1 1125
1764079352187 0.1 1126
1764079360548 0.1 1127
1764079368922 0.1 1128
1764079377303 0.1 1129
1764079385676 0.1 1130
1764079394040 0.1 1131
1764079402468 0.1 1132
1764079410861 0.1 1133
1764079419242 0.1 1134
1764079427608 0.1 1135
1764079435988 0.1 1136
1764079444524 0.1 1137
1764079452935 0.1 1138
1764079461316 0.1 1139
1764079469682 0.1 1140
1764079478044 0.1 1141
1764079486446 0.1 1142
1764079494814 0.1 1143
1764079503226 0.1 1144
1764079511601 0.1 1145
1764079519979 0.1 1146
1764079528380 0.1 1147
1764079536786 0.1 1148
1764079545185 0.1 1149
1764079553540 0.1 1150
1764079561896 0.1 1151
1764079570274 0.1 1152
1764079578628 0.1 1153
1764079587021 0.1 1154
1764079595388 0.1 1155
1764079603807 0.1 1156
1764079612197 0.1 1157
1764079620537 0.1 1158
1764079628896 0.1 1159
1764079637400 0.1 1160
1764079645777 0.1 1161
1764079654168 0.1 1162
1764079662557 0.1 1163
1764079670920 0.1 1164
1764079679283 0.1 1165
1764079687640 0.1 1166
1764079696121 0.1 1167
1764079704504 0.1 1168
1764079712886 0.1 1169
1764079721364 0.1 1170
1764079729736 0.1 1171
1764079738118 0.1 1172
1764079746488 0.1 1173
1764079754867 0.1 1174
1764079763229 0.1 1175
1764079771650 0.1 1176
1764079780041 0.1 1177
1764079788423 0.1 1178
1764079796813 0.1 1179
1764079805215 0.1 1180
1764079813582 0.1 1181
1764079821983 0.1 1182
1764079830343 0.1 1183
1764079838733 0.1 1184
1764079847124 0.1 1185
1764079855526 0.1 1186
1764079863903 0.1 1187
1764079872292 0.1 1188
1764079880670 0.1 1189
1764079889046 0.1 1190
1764079897421 0.1 1191
1764079905811 0.1 1192
1764079914314 0.1 1193
1764079922684 0.1 1194
1764079931069 0.1 1195
1764079939462 0.1 1196
1764079947825 0.1 1197
1764079956192 0.1 1198
1764079964592 0.1 1199
1764079972968 0.1 1200
1764079981361 0.1 1201
1764079989744 0.1 1202
1764079998131 0.1 1203
1764080006535 0.1 1204
1764080014929 0.1 1205
1764080023302 0.1 1206
1764080031683 0.1 1207
1764080040062 0.1 1208
1764080048466 0.1 1209
1764080056840 0.1 1210
1764080065247 0.1 1211
1764080073646 0.1 1212
1764080082028 0.1 1213
1764080090444 0.1 1214
1764080098838 0.1 1215
1764080107216 0.1 1216
1764080115585 0.1 1217
1764080123966 0.1 1218
1764080132349 0.1 1219
1764080140703 0.1 1220
1764080149074 0.1 1221
1764080157421 0.1 1222
1764080165809 0.1 1223
1764080174200 0.1 1224
1764080182575 0.1 1225
1764080191073 0.1 1226
1764080199447 0.1 1227
1764080207849 0.1 1228
1764080216275 0.1 1229
1764080224640 0.1 1230
1764080233001 0.1 1231
1764080241343 0.1 1232
1764080249776 0.1 1233
1764080258110 0.1 1234
1764080266525 0.1 1235
1764080274888 0.1 1236
1764080283270 0.1 1237
1764080291630 0.1 1238
1764080300022 0.1 1239
1764080308396 0.1 1240
1764080316788 0.1 1241
1764080325184 0.1 1242
1764080333552 0.1 1243
1764080341947 0.1 1244
1764080350350 0.1 1245
1764080358737 0.1 1246
1764080367127 0.1 1247
1764080375507 0.1 1248
1764080383883 0.1 1249
1764080392288 0.1 1250
1764080400724 0.1 1251
1764080467129 0.1 1253
1764080475496 0.1 1254
1764080483861 0.1 1255
1764080492280 0.1 1256
1764080500648 0.1 1257
1764080509060 0.1 1258
1764080517458 0.1 1259
1764080525852 0.1 1260
1764080534261 0.1 1261
1764080542672 0.1 1262
1764080551075 0.1 1263
1764080559458 0.1 1264
1764080567900 0.1 1265
1764080576322 0.1 1266
1764080584869 0.1 1267
1764080593496 0.1 1268
1764080601876 0.1 1269
1764080610291 0.1 1270
1764080618671 0.1 1271
1764080627068 0.1 1272
1764080635452 0.1 1273
1764080644045 0.1 1274
1764080652437 0.1 1275
1764080660844 0.1 1276
1764080669245 0.1 1277
1764080677603 0.1 1278
1764080686000 0.1 1279
1764080694366 0.1 1280
1764080702770 0.1 1281
1764080711172 0.1 1282
1764080719539 0.1 1283
1764080727941 0.1 1284
1764080736340 0.1 1285
1764080744755 0.1 1286
1764080753177 0.1 1287
1764080761591 0.1 1288
1764080769995 0.1 1289
1764080778405 0.1 1290
1764080786803 0.1 1291
1764080795179 0.1 1292
1764080803572 0.1 1293
1764080811938 0.1 1294
1764080820317 0.1 1295
1764080828746 0.1 1296
1764080837112 0.1 1297
1764080845456 0.1 1298
1764080853817 0.1 1299
1764080862183 0.1 1300
1764080870655 0.1 1301
1764080879023 0.1 1302
1764080887416 0.1 1303
1764080895792 0.1 1304
1764080904165 0.1 1305
1764080912534 0.1 1306
1764080920929 0.1 1307
1764080929286 0.1 1308
1764080937635 0.1 1309
1764080946003 0.1 1310
1764080954397 0.1 1311
1764080962800 0.1 1312
1764080971188 0.1 1313
1764080979578 0.1 1314
1764080987950 0.1 1315
1764080996303 0.1 1316
1764081004675 0.1 1317
1764081013083 0.1 1318
1764081021492 0.1 1319
1764081029881 0.1 1320
1764081038274 0.1 1321
1764081046643 0.1 1322
1764081054993 0.1 1323
1764081063426 0.1 1324
1764081071779 0.1 1325
1764081080161 0.1 1326
1764081088529 0.1 1327
1764081096891 0.1 1328
1764081105272 0.1 1329
1764081113632 0.1 1330
1764081121997 0.1 1331
1764081130416 0.1 1332
1764081138834 0.1 1333
1764081147378 0.1 1334
1764081155748 0.1 1335
1764081164112 0.1 1336
1764081172489 0.1 1337
1764081180946 0.1 1338
1764081189333 0.1 1339
1764081197705 0.1 1340
1764081206077 0.1 1341
1764081214546 0.1 1342
1764081222907 0.1 1343
1764081231287 0.1 1344
1764081239646 0.1 1345
1764081248007 0.1 1346
1764081256395 0.1 1347
1764081264772 0.1 1348
1764081273177 0.1 1349
1764081281550 0.1 1350
1764081289931 0.1 1351
1764081298310 0.1 1352
1764081306670 0.1 1353
1764081315015 0.1 1354
1764081323376 0.1 1355
1764081331758 0.1 1356
1764081340148 0.1 1357
1764081348515 0.1 1358
1764081356887 0.1 1359
1764081365263 0.1 1360
1764081373666 0.1 1361
1764081382048 0.1 1362
1764081390431 0.1 1363
1764081398814 0.1 1364
1764081407190 0.1 1365
1764081415554 0.1 1366
1764081423951 0.1 1367
1764081432386 0.1 1368
1764081440789 0.1 1369
1764081449303 0.1 1370
1764081457672 0.1 1371
1764081466055 0.1 1372
1764081474446 0.1 1373
1764081482855 0.1 1374
1764081491218 0.1 1375
1764081499758 0.1 1376
1764081508124 0.1 1377
1764081516479 0.1 1378
1764081524831 0.1 1379
1764081533215 0.1 1380
1764081541644 0.1 1381
1764081550007 0.1 1382
1764081558361 0.1 1383
1764081566728 0.1 1384
1764081575092 0.1 1385
1764081583459 0.1 1386
1764081591832 0.1 1387
1764081600194 0.1 1388
1764081608571 0.1 1389
1764081616978 0.1 1390
1764081625356 0.1 1391
1764081633746 0.1 1392
1764081642117 0.1 1393
1764081650519 0.1 1394
1764081658874 0.1 1395
1764081667256 0.1 1396
1764081675620 0.1 1397
1764081683984 0.1 1398
1764081692402 0.1 1399
1764081700797 0.1 1400
1764081709169 0.1 1401
1764081717542 0.1 1402
1764081725935 0.1 1403
1764081734301 0.1 1404
1764081742813 0.1 1405
1764081751193 0.1 1406
1764081759572 0.1 1407
1764081767972 0.1 1408
1764081776500 0.1 1409
1764081784866 0.1 1410
1764081793271 0.1 1411
1764081801659 0.1 1412
1764081810061 0.1 1413
1764081818453 0.1 1414
1764081826843 0.1 1415
1764081835223 0.1 1416
1764081843641 0.1 1417
1764081851990 0.1 1418
1764081860410 0.1 1419
1764081868793 0.1 1420
1764081877210 0.1 1421
1764081885588 0.1 1422
1764081893949 0.1 1423
1764081902317 0.1 1424
1764081910689 0.1 1425
1764081919087 0.1 1426
1764081927497 0.1 1427
1764081935874 0.1 1428
1764081944254 0.1 1429
1764081952765 0.1 1430
1764081961164 0.1 1431
1764081969552 0.1 1432
1764081977971 0.1 1433
1764081986428 0.1 1434
1764081994814 0.1 1435
1764082003186 0.1 1436
1764082011551 0.1 1437
1764082019933 0.1 1438
1764082028342 0.1 1439
1764082036731 0.1 1440
1764082045123 0.1 1441
1764082053526 0.1 1442
1764082061927 0.1 1443
1764082070343 0.1 1444
1764082078720 0.1 1445
1764082087074 0.1 1446
1764082095451 0.1 1447
1764082103847 0.1 1448
1764082112249 0.1 1449
1764082120616 0.1 1450
1764082129016 0.1 1451
1764082137408 0.1 1452
1764082145778 0.1 1453
1764082154196 0.1 1454
1764082162591 0.1 1455
1764082170958 0.1 1456
1764082179336 0.1 1457
1764082187708 0.1 1458
1764082196064 0.1 1459
1764082204449 0.1 1460
1764082212791 0.1 1461
1764082221188 0.1 1462
1764082229694 0.1 1463
1764082238055 0.1 1464
1764082246412 0.1 1465
1764082254797 0.1 1466
1764082263219 0.1 1467
1764082271619 0.1 1468
1764082280019 0.1 1469
1764082288437 0.1 1470
1764082296806 0.1 1471
1764082305318 0.1 1472
1764082313685 0.1 1473
1764082322046 0.1 1474
1764082330480 0.1 1475
1764082338845 0.1 1476
1764082347263 0.1 1477
1764082355626 0.1 1478
1764082364001 0.1 1479
1764082372380 0.1 1480
1764082380766 0.1 1481
1764082389120 0.1 1482
1764082397488 0.1 1483
1764082405892 0.1 1484
1764082414254 0.1 1485
1764082422655 0.1 1486
1764082431061 0.1 1487
1764082439489 0.1 1488
1764082447875 0.1 1489
1764082456230 0.1 1490
1764082464563 0.1 1491
1764082472978 0.1 1492
1764082481363 0.1 1493
1764082489737 0.1 1494
1764082498132 0.1 1495
1764082506505 0.1 1496
1764082514852 0.1 1497
1764082523209 0.1 1498
1764082531600 0.1 1499
1764082539976 0.1 1500
1764082548364 0.1 1501
1764082556767 0.1 1502
1764082565150 0.1 1503
1764082573507 0.1 1504
1764082582011 0.1 1505
1764082590496 0.1 1506
1764082598839 0.1 1507
1764082607183 0.1 1508
1764082615546 0.1 1509
1764082623958 0.1 1510
1764082632335 0.1 1511
1764082640743 0.1 1512
1764082649159 0.1 1513
1764082657673 0.1 1514
1764082666027 0.1 1515
1764082674397 0.1 1516
1764082682756 0.1 1517
1764082691099 0.1 1518
1764082699494 0.1 1519
1764082707923 0.1 1520
1764082716324 0.1 1521
1764082724736 0.1 1522
1764082733149 0.1 1523
1764082741554 0.1 1524
1764082749952 0.1 1525
1764082758317 0.1 1526
1764082766684 0.1 1527
1764082775066 0.1 1528
1764082783432 0.1 1529
1764082791799 0.1 1530
1764082800177 0.1 1531
1764082808582 0.1 1532
1764082816951 0.1 1533
1764082825303 0.1 1534
1764082833672 0.1 1535
1764082842116 0.1 1536
1764082850540 0.1 1537
1764082858925 0.1 1538
1764082867419 0.1 1539
1764082875809 0.1 1540
1764082884195 0.1 1541
1764082892565 0.1 1542
1764082900936 0.1 1543
1764082909341 0.1 1544
1764082917741 0.1 1545
1764082926121 0.1 1546
1764082934554 0.1 1547
1764082942956 0.1 1548
1764082951320 0.1 1549
1764082959696 0.1 1550
1764082968082 0.1 1551
1764082976492 0.1 1552
1764082984877 0.1 1553
1764082993283 0.1 1554
1764083001655 0.1 1555
1764083010073 0.1 1556
1764083018478 0.1 1557
1764083026882 0.1 1558
1764083035254 0.1 1559
1764083043644 0.1 1560
1764083052038 0.1 1561
1764083060401 0.1 1562
1764083068804 0.1 1563
1764083077232 0.1 1564
