1764069765579 6.34375 1
1764069773928 6.5625 2
1764069782318 6.71875 3
1764069790713 6.25 4
1764069799141 5.6875 5
1764069807557 4.15625 6
1764069816020 3.484375 7
1764069824475 3.34375 8
1764069832904 2.46875 9
1764069841375 2.03125 10
1764069849849 1.71875 11
1764069858253 1.765625 12
1764069866692 1.6328125 13
1764069875136 1.7109375 14
1764069883583 1.5390625 15
1764069892027 1.4921875 16
1764069900487 1.3359375 17
1764069908926 1.5234375 18
1764069917327 1.265625 19
1764069925752 1.3984375 20
1764069934143 1.2578125 21
1764069942545 1.3515625 22
1764069950973 1.171875 23
1764069959392 1.4765625 24
1764069967800 1.234375 25
1764069976399 1.1796875 26
1764069984762 1.2421875 27
1764069993141 1.296875 28
1764070001489 1.203125 29
1764070009903 1.1796875 30
1764070018282 1.2265625 31
1764070026683 1.2265625 32
1764070035066 1.3046875 33
1764070043429 1.109375 34
1764070051841 1.2421875 35
1764070060240 1.0859375 36
1764070068634 1.2890625 37
1764070077014 1.2578125 38
1764070085404 1.203125 39
1764070093793 1.2265625 40
1764070102160 1.109375 41
1764070110565 1.03125 42
1764070118931 1.1484375 43
1764070127339 1.1171875 44
1764070135717 1.1640625 45
1764070144155 1.078125 46
1764070152544 1.25 47
1764070160910 1.1640625 48
1764070169302 1.1796875 49
1764070177665 1.34375 50
1764070186039 1.0703125 51
1764070194424 1.1640625 52
1764070202832 1.125 53
1764070211184 1.171875 54
1764070219587 1.296875 55
1764070228010 1.1875 56
1764070236387 1.140625 57
1764070244793 1.1953125 58
1764070253189 1.15625 59
1764070261571 1.1640625 60
1764070269961 1.2578125 61
1764070278328 1.0859375 62
1764070286727 1.0703125 63
1764070295147 1.0234375 64
1764070303530 1.21875 65
1764070311916 1.1796875 66
1764070320311 1.0859375 67
1764070328708 1.125 68
1764070337100 1.140625 69
1764070345461 1.2265625 70
1764070353890 1.09375 71
1764070362458 1.0859375 72
1764070370822 1.2265625 73
1764070379196 1.0703125 74
1764070387640 1.1484375 75
1764070396019 1.1015625 76
1764070404388 1.1875 77
1764070412735 1.171875 78
1764070421112 1.1328125 79
1764070429467 1.1328125 80
1764070437811 1.2421875 81
1764070446183 1.109375 82
1764070454578 1.1953125 83
1764070462947 1.125 84
1764070471312 1.03125 85
1764070479696 1.109375 86
1764070488111 1.046875 87
1764070496486 1.078125 88
1764070504871 1.109375 89
1764070513241 1.0078125 90
1764070521617 1.0859375 91
1764070529962 1.1015625 92
1764070538343 1.1875 93
1764070546730 1.0625 94
1764070555101 0.984375 95
1764070563490 1.09375 96
1764070571870 1.0546875 97
1764070580247 1.1171875 98
1764070588610 1.09375 99
1764070597001 1.171875 100
1764070605388 1.1015625 101
1764070613772 1.1953125 102
1764070622140 1.109375 103
1764070630600 1.09375 104
1764070639020 1.0 105
1764070647413 1.0625 106
1764070655799 1.1640625 107
1764070664195 1.0546875 108
1764070672575 1.0859375 109
1764070680982 1.0546875 110
1764070689341 1.140625 111
1764070697721 1.1796875 112
1764070706137 1.09375 113
1764070714514 1.0546875 114
1764070722902 1.09375 115
1764070731276 1.1328125 116
1764070739649 1.1875 117
1764070748049 1.171875 118
1764070756439 1.078125 119
1764070764833 1.0703125 120
1764070773195 1.0625 121
1764070781586 1.0 122
1764070789964 1.015625 123
1764070798357 1.1171875 124
1764070806760 1.078125 125
1764070815147 1.078125 126
1764070823508 1.0546875 127
1764070831909 1.0703125 128
1764070840284 1.1328125 129
1764070848773 0.984375 130
1764070857299 1.0703125 131
1764070865765 1.15625 132
1764070874139 1.078125 133
1764070882519 1.0859375 134
1764070890879 1.140625 135
1764070899258 1.0546875 136
1764070907626 1.140625 137
1764070915995 1.015625 138
1764070924351 1.015625 139
1764070932694 1.078125 140
1764070941101 1.0390625 141
1764070949473 1.0078125 142
1764070957854 1.015625 143
1764070966213 1.0234375 144
1764070974581 1.1171875 145
1764070982964 0.98828125 146
1764070991352 1.078125 147
1764070999722 1.09375 148
1764071008106 1.109375 149
1764071016474 1.0390625 150
1764071024865 0.94921875 151
1764071033246 0.98046875 152
1764071041623 0.97265625 153
1764071050045 1.0 154
1764071058436 1.0546875 155
1764071066811 1.046875 156
1764071075192 0.98828125 157
1764071083586 1.15625 158
1764071091962 1.0390625 159
1764071100335 0.9453125 160
1764071108706 1.15625 161
1764071117088 1.046875 162
1764071125467 1.015625 163
1764071133891 1.03125 164
1764071142263 1.0859375 165
1764071150617 1.03125 166
1764071158991 1.2109375 167
1764071167375 1.0703125 168
1764071175781 1.2109375 169
1764071184162 1.0625 170
1764071192561 1.0546875 171
1764071200935 1.109375 172
1764071209315 1.15625 173
1764071217903 1.0859375 174
1764071226281 1.046875 175
1764071234684 1.09375 176
1764071243066 1.0703125 177
1764071251441 1.078125 178
1764071259806 1.0859375 179
1764071268191 1.0546875 180
1764071276575 1.0390625 181
1764071284947 1.21875 182
1764071293323 1.15625 183
1764071301699 0.96875 184
1764071310072 1.1015625 185
1764071318460 1.0703125 186
1764071326860 1.0546875 187
1764071335372 1.015625 188
1764071343740 1.0703125 189
1764071352115 1.03125 190
1764071360660 1.0078125 191
1764071369020 1.09375 192
1764071377376 1.1171875 193
1764071385740 1.109375 194
1764071394124 1.0625 195
1764071402511 1.0625 196
1764071410899 1.0625 197
1764071419292 1.0078125 198
1764071427663 1.171875 199
1764071436070 0.9921875 200
1764071444458 1.0859375 201
1764071452842 0.984375 202
1764071461219 1.0 203
1764071469601 1.0625 204
1764071478005 1.0703125 205
1764071486385 1.0625 206
1764071494749 1.15625 207
1764071503206 1.1640625 208
1764071511614 1.1484375 209
1764071520044 1.046875 210
1764071528424 1.140625 211
1764071536821 0.9921875 212
1764071545206 0.96875 213
1764071553584 0.921875 214
1764071562018 1.0 215
1764071570401 1.046875 216
1764071578773 1.0703125 217
1764071587145 1.0546875 218
1764071595491 1.078125 219
1764071603902 1.046875 220
1764071612279 1.1015625 221
1764071620652 1.0078125 222
1764071629032 1.0859375 223
1764071637465 1.15625 224
1764071645840 1.0546875 225
1764071654241 0.984375 226
1764071662635 1.0234375 227
1764071671020 0.95703125 228
1764071679401 1.0234375 229
1764071687882 1.0546875 230
1764071696245 1.0703125 231
1764071704617 1.09375 232
1764071713159 1.015625 233
1764071721530 1.0859375 234
1764071729901 1.109375 235
1764071738278 1.015625 236
1764071746663 1.1015625 237
1764071755039 1.09375 238
1764071763397 1.1328125 239
1764071771762 1.046875 240
1764071780118 1.1015625 241
1764071788534 1.0 242
1764071796908 1.1953125 243
1764071805277 1.03125 244
1764071813666 1.078125 245
1764071822016 1.140625 246
1764071830374 1.1171875 247
1764071838818 1.09375 248
1764071847163 1.0546875 249
1764071855529 0.984375 250
1764071863925 1.03125 251
1764071872294 1.015625 252
1764071880687 1.0546875 253
1764071889119 1.0625 254
1764071897505 1.046875 255
1764071905897 1.046875 256
1764071914301 1.03125 257
1764071922683 1.078125 258
1764071931063 1.1015625 259
1764071939404 1.0546875 260
1764071947772 1.0546875 261
1764071956205 0.94921875 262
1764071964592 1.03125 263
1764071973064 1.1328125 264
1764071981429 1.078125 265
1764071989793 1.078125 266
1764071998314 1.1171875 267
1764072006684 1.1484375 268
1764072015066 1.046875 269
1764072023481 1.125 270
1764072031887 1.15625 271
1764072040258 1.1015625 272
1764072048594 1.015625 273
1764072056961 1.0078125 274
1764072065338 1.0078125 275
1764072073699 1.09375 276
1764072082074 1.03125 277
1764072090466 0.91796875 278
1764072098869 1.09375 279
1764072107277 1.125 280
1764072115674 1.4765625 281
1764072124051 1.1171875 282
1764072132405 1.0390625 283
1764072140835 1.0859375 284
1764072149195 1.0390625 285
1764072157554 0.98046875 286
1764072165962 0.96484375 287
1764072174347 1.0625 288
1764072182753 1.09375 289
1764072191133 1.078125 290
1764072199519 1.0859375 291
1764072207895 0.9609375 292
1764072216260 1.1328125 293
1764072224636 1.125 294
1764072233025 1.0703125 295
1764072241453 0.9921875 296
1764072249869 0.98828125 297
1764072258230 1.0546875 298
1764072266623 0.953125 299
1764072274998 1.046875 300
1764072283350 1.0234375 301
1764072291712 1.015625 302
1764072300104 0.93359375 303
1764072308539 1.046875 304
1764072316937 1.203125 305
1764072325296 1.046875 306
1764072333659 0.99609375 307
1764072342059 1.0390625 308
1764072350437 1.140625 309
1764072358824 0.99609375 310
1764072367293 0.9375 311
1764072375668 1.1484375 312
1764072440187 1.09375 314
1764072448601 1.0078125 315
1764072456985 1.078125 316
1764072465366 0.984375 317
1764072473753 1.0546875 318
1764072482157 1.078125 319
1764072490529 1.1015625 320
1764072498917 1.0703125 321
1764072507306 0.9921875 322
1764072515755 1.109375 323
1764072524175 1.0234375 324
1764072532559 1.0 325
1764072540962 1.0859375 326
1764072549348 1.0859375 327
1764072557752 1.15625 328
1764072566186 1.1015625 329
1764072574569 1.2109375 330
1764072582961 1.109375 331
1764072591391 1.0234375 332
1764072599836 1.0859375 333
1764072608217 1.203125 334
1764072616572 1.046875 335
1764072624970 1.0625 336
1764072633342 1.09375 337
1764072641714 1.1171875 338
1764072650116 1.0234375 339
1764072658515 1.1328125 340
1764072666902 1.1484375 341
1764072675282 1.0390625 342
1764072683645 1.0625 343
1764072692179 1.03125 344
1764072700553 1.2265625 345
1764072708917 1.1875 346
1764072717289 1.0078125 347
1764072725697 1.0859375 348
1764072734057 1.1328125 349
1764072742412 1.046875 350
1764072750760 1.1015625 351
1764072759150 1.015625 352
1764072767561 1.109375 353
1764072775960 1.125 354
1764072784368 1.1015625 355
1764072792749 1.1171875 356
1764072801138 1.0703125 357
1764072809512 1.078125 358
1764072817936 1.03125 359
1764072826318 1.03125 360
1764072834679 1.046875 361
1764072843104 1.0078125 362
1764072851483 1.0234375 363
1764072859881 1.140625 364
1764072868272 1.1015625 365
1764072876648 1.03125 366
1764072885174 1.0234375 367
1764072893558 1.1328125 368
1764072901949 1.0234375 369
1764072910324 1.0625 370
1764072918693 1.0546875 371
1764072927258 1.171875 372
1764072935616 1.1328125 373
1764072943996 1.09375 374
1764072952425 1.03125 375
1764072960819 1.03125 376
1764072969227 1.0859375 377
1764072977622 1.03125 378
1764072986000 1.0546875 379
1764072994376 1.1015625 380
1764073002746 1.0625 381
1764073011150 1.03125 382
1764073019528 1.1171875 383
1764073027928 1.0 384
1764073036334 1.1015625 385
1764073044716 1.0625 386
1764073053157 1.0703125 387
1764073061522 1.109375 388
1764073069925 1.0625 389
1764073078327 1.1015625 390
1764073086694 1.0234375 391
1764073095111 1.078125 392
1764073103493 1.0234375 393
1764073111878 1.109375 394
1764073120238 1.1015625 395
1764073128621 1.0625 396
1764073137013 1.109375 397
1764073145432 1.0078125 398
1764073153833 1.0703125 399
1764073162242 1.0546875 400
1764073170621 1.1484375 401
1764073178962 1.140625 402
1764073187327 1.03125 403
1764073195727 1.1875 404
1764073204099 0.97265625 405
1764073212480 1.03125 406
1764073220868 1.015625 407
1764073229250 1.03125 408
1764073237646 1.0859375 409
1764073246050 1.1015625 410
1764073254443 1.015625 411
1764073262841 1.0625 412
1764073271246 1.09375 413
1764073279608 1.0625 414
1764073287973 1.0546875 415
1764073296443 1.0390625 416
1764073304810 1.09375 417
1764073313182 1.125 418
1764073321547 1.0625 419
1764073329930 1.0625 420
1764073338317 1.046875 421
1764073346683 1.140625 422
1764073355060 0.98828125 423
1764073363415 1.046875 424
1764073371781 1.078125 425
1764073380334 1.015625 426
1764073388732 1.078125 427
1764073397091 1.1015625 428
1764073405495 1.0390625 429
1764073413935 1.0390625 430
1764073422366 1.03125 431
1764073430918 1.171875 432
1764073439307 1.078125 433
1764073447675 1.0859375 434
1764073456041 1.078125 435
1764073464405 1.078125 436
1764073472787 1.1171875 437
1764073481159 1.1015625 438
1764073489575 1.03125 439
1764073497956 1.046875 440
1764073506319 1.0703125 441
1764073514717 1.1015625 442
1764073523098 1.0234375 443
1764073531499 1.0546875 444
1764073539887 0.99609375 445
1764073548265 1.1015625 446
1764073556622 1.171875 447
1764073565129 1.1015625 448
1764073573504 1.1171875 449
1764073581876 1.1328125 450
1764073590236 1.078125 451
1764073598639 1.0625 452
1764073607035 1.1953125 453
1764073615417 1.09375 454
1764073623831 1.03125 455
1764073632248 0.9921875 456
1764073640632 1.1328125 457
1764073649028 0.98828125 458
1764073657411 1.078125 459
1764073665793 1.1484375 460
1764073674197 1.1328125 461
1764073682618 1.0859375 462
1764073690982 1.1171875 463
1764073699377 0.9765625 464
1764073707780 1.03125 465
1764073716185 1.1015625 466
1764073724544 1.0390625 467
1764073733053 0.9453125 468
1764073741431 1.0703125 469
1764073749806 1.0703125 470
1764073758211 1.0234375 471
1764073766574 1.0390625 472
1764073774952 1.0390625 473
1764073783524 1.1796875 474
1764073791892 1.1015625 475
1764073800232 1.1015625 476
1764073808628 1.078125 477
1764073817001 1.09375 478
1764073825364 1.109375 479
1764073833746 1.0703125 480
1764073842171 1.0 481
1764073850562 1.046875 482
1764073858921 1.109375 483
1764073867272 1.1015625 484
1764073875637 1.078125 485
1764073884041 1.0234375 486
1764073892454 1.0859375 487
1764073900829 1.0546875 488
1764073909205 1.0859375 489
1764073917619 1.1015625 490
1764073925976 1.0625 491
1764073934346 1.078125 492
1764073942715 1.046875 493
1764073951105 1.140625 494
1764073959467 0.9453125 495
1764073967855 1.140625 496
1764073976192 1.1328125 497
1764073984592 1.0390625 498
1764073992983 1.03125 499
1764074001331 1.0703125 500
1764074009838 1.0078125 501
1764074018189 1.109375 502
1764074026571 1.0703125 503
1764074034976 1.046875 504
1764074043357 1.046875 505
1764074051731 1.140625 506
1764074060284 1.078125 507
1764074068795 1.125 508
1764074077164 1.046875 509
1764074085583 0.9296875 510
1764074093958 1.03125 511
1764074102397 1.109375 512
1764074110803 1.0859375 513
1764074119192 1.109375 514
1764074127565 0.984375 515
1764074135960 1.046875 516
1764074144355 1.0078125 517
1764074152753 1.0546875 518
1764074161163 1.109375 519
1764074169537 1.0390625 520
1764074177932 1.09375 521
1764074186307 1.1875 522
1764074194708 1.0 523
1764074203108 1.0234375 524
1764074211484 1.15625 525
1764074219876 1.1171875 526
1764074228229 1.046875 527
1764074236662 0.96875 528
1764074245041 1.0625 529
1764074253413 1.140625 530
1764074261822 1.0390625 531
1764074270194 1.0859375 532
1764074278579 1.15625 533
1764074286976 1.046875 534
1764074295362 0.99609375 535
1764074303744 1.109375 536
1764074312146 1.078125 537
1764074320521 1.078125 538
1764074328927 1.1171875 539
1764074337333 1.046875 540
1764074345700 1.078125 541
1764074354100 1.0703125 542
1764074362466 1.0625 543
1764074370832 1.0703125 544
1764074379198 1.0703125 545
1764074387591 0.9921875 546
1764074395972 1.0 547
1764074404342 1.109375 548
1764074412718 1.0390625 549
1764074421262 0.953125 550
1764074429650 1.125 551
1764074438029 1.046875 552
1764074446425 1.09375 553
1764074454801 1.0 554
1764074463169 1.1171875 555
1764074471556 1.125 556
1764074479935 1.140625 557
1764074488343 1.1015625 558
1764074496741 1.0546875 559
1764074505132 1.0 560
1764074513510 1.140625 561
1764074521894 1.09375 562
1764074530256 1.0703125 563
1764074538644 1.046875 564
1764074547029 0.9921875 565
1764074555438 1.0859375 566
1764074563819 1.015625 567
1764074572195 1.0859375 568
1764074580613 0.99609375 569
1764074589005 1.1875 570
1764074597394 1.1640625 571
1764074605775 1.03125 572
1764074614151 1.1015625 573
1764074622559 1.109375 574
1764074630949 1.0546875 575
1764074639348 1.015625 576
1764074647746 1.0078125 577
1764074656156 1.109375 578
1764074664545 0.9921875 579
1764074672917 1.046875 580
1764074681316 1.09375 581
1764074689706 1.0078125 582
1764074698197 0.9921875 583
1764074706601 1.0859375 584
1764074715030 1.078125 585
1764074723431 1.046875 586
1764074731814 1.0859375 587
1764074740240 1.09375 588
1764074748612 0.9921875 589
1764074757017 1.0859375 590
1764074765385 1.125 591
1764074773768 1.0703125 592
1764074782157 1.1796875 593
1764074790547 1.0078125 594
1764074798959 1.046875 595
1764074807394 0.96484375 596
1764074815801 1.03125 597
1764074824166 1.046875 598
1764074832531 1.0390625 599
1764074840932 1.1015625 600
1764074849341 1.0390625 601
1764074857701 1.0546875 602
1764074866127 1.0 603
1764074874512 1.0703125 604
1764074882968 1.171875 605
1764074891341 1.0859375 606
1764074899732 1.0703125 607
1764074908138 1.078125 608
1764074916513 1.0078125 609
1764074924906 1.0234375 610
1764074933318 1.0625 611
1764074941813 1.1171875 612
1764074950168 1.078125 613
1764074958600 1.0234375 614
1764074966956 1.1328125 615
1764074975326 1.0625 616
1764074983706 1.046875 617
1764074992075 1.171875 618
1764075000463 1.0625 619
1764075008848 1.0078125 620
1764075017236 1.15625 621
1764075025610 1.0390625 622
1764075034044 1.0625 623
1764075042400 1.03125 624
1764075050764 1.1171875 625
1764075115339 1.0390625 627
1764075123707 1.0234375 628
1764075132045 1.0234375 629
1764075140422 0.99609375 630
1764075148775 1.046875 631
1764075157132 1.078125 632
1764075165510 1.0625 633
1764075173867 0.98046875 634
1764075182262 1.046875 635
1764075190659 1.078125 636
1764075199066 1.0625 637
1764075207527 1.1484375 638
1764075215939 1.1640625 639
1764075224317 1.078125 640
1764075232709 1.0625 641
1764075241072 1.1328125 642
1764075249483 1.1171875 643
1764075257925 1.03125 644
1764075266672 1.109375 645
1764075275058 1.1171875 646
1764075283422 1.0859375 647
1764075291783 1.109375 648
1764075300183 1.0078125 649
1764075308601 1.203125 650
1764075316965 1.09375 651
1764075325361 1.0390625 652
1764075333915 0.99609375 653
1764075342264 1.0859375 654
1764075350671 1.0703125 655
1764075359038 1.125 656
1764075367632 1.0625 657
1764075375980 1.09375 658
1764075384339 1.203125 659
1764075392725 1.015625 660
1764075401094 0.96484375 661
1764075409502 0.95703125 662
1764075417871 1.1015625 663
1764075426291 1.109375 664
1764075434671 1.0390625 665
1764075443103 1.140625 666
1764075451522 1.0859375 667
1764075459920 1.0234375 668
1764075468299 0.9921875 669
1764075476695 1.046875 670
1764075485088 1.03125 671
1764075493495 1.125 672
1764075501876 1.171875 673
1764075510254 1.0703125 674
1764075518618 1.03125 675
1764075526983 1.1328125 676
1764075535406 1.0234375 677
1764075543786 1.078125 678
1764075552211 1.15625 679
1764075560571 1.1484375 680
1764075568997 1.0234375 681
1764075577390 1.140625 682
1764075585758 1.1796875 683
1764075594142 1.140625 684
1764075602550 1.0859375 685
1764075611023 1.125 686
1764075619420 1.15625 687
1764075627795 1.0234375 688
1764075636172 1.0703125 689
1764075644548 1.1015625 690
1764075653059 1.1875 691
1764075661436 1.0546875 692
1764075669824 1.03125 693
1764075678222 1.125 694
1764075686627 1.125 695
1764075695005 1.1484375 696
1764075703461 1.1015625 697
1764075711817 1.109375 698
1764075720177 1.1796875 699
1764075728535 1.078125 700
1764075736896 1.0859375 701
1764075745265 1.046875 702
1764075753619 1.203125 703
1764075761981 1.0625 704
1764075770371 1.046875 705
1764075778753 1.0859375 706
1764075787134 0.984375 707
1764075795528 1.1015625 708
1764075803915 1.0703125 709
1764075812324 1.0390625 710
1764075820689 1.1328125 711
1764075829047 1.1328125 712
1764075837452 1.0625 713
1764075845854 1.1328125 714
1764075854233 1.140625 715
1764075862628 1.125 716
1764075871007 1.1953125 717
1764075879394 1.1328125 718
1764075887779 1.390625 719
1764075896171 1.171875 720
1764075904560 1.0546875 721
1764075912941 1.1328125 722
1764075921290 1.1015625 723
1764075929678 1.1015625 724
1764075938063 1.125 725
1764075946430 1.1328125 726
1764075954869 1.1015625 727
1764075963228 1.171875 728
1764075971630 1.1640625 729
1764075980016 1.1328125 730
1764075988384 1.015625 731
1764075996789 1.0859375 732
1764076005140 1.109375 733
1764076013540 1.1953125 734
1764076021953 1.1640625 735
1764076030364 1.125 736
1764076038748 1.078125 737
1764076047132 1.1171875 738
1764076055521 1.1328125 739
1764076063907 1.1953125 740
1764076072271 1.0859375 741
1764076080641 1.1875 742
1764076089062 1.125 743
1764076097441 1.078125 744
1764076105835 1.1171875 745
1764076114222 1.046875 746
1764076122606 1.078125 747
1764076131095 1.1328125 748
1764076139466 1.046875 749
1764076147852 1.0234375 750
1764076156217 1.1171875 751
1764076164570 1.0703125 752
1764076172947 1.140625 753
1764076181318 0.98828125 754
1764076189700 1.09375 755
1764076198092 1.125 756
1764076206467 1.078125 757
1764076214841 1.15625 758
1764076223227 1.0859375 759
1764076231615 1.1875 760
1764076239999 1.1171875 761
1764076248363 1.09375 762
1764076256740 1.15625 763
1764076265124 1.1171875 764
1764076273497 1.0390625 765
1764076281940 1.109375 766
1764076290322 1.0859375 767
1764076298665 1.140625 768
1764076307056 1.0625 769
1764076315459 1.0859375 770
1764076323831 1.0390625 771
1764076332246 1.0546875 772
1764076340608 1.0859375 773
1764076349007 1.1015625 774
1764076357419 1.078125 775
1764076365780 1.125 776
1764076374172 1.2734375 777
1764076382560 1.0703125 778
1764076390933 1.15625 779
1764076399329 1.0390625 780
1764076407699 1.109375 781
1764076416072 1.09375 782
1764076424451 1.1953125 783
1764076432843 1.0859375 784
1764076441242 1.09375 785
1764076449624 1.0390625 786
1764076458012 1.1484375 787
1764076466394 1.125 788
1764076474775 1.0703125 789
1764076483257 1.078125 790
1764076491636 1.03125 791
1764076499995 1.0859375 792
1764076508455 1.078125 793
1764076516824 1.1484375 794
1764076525203 1.140625 795
1764076533705 1.2109375 796
1764076542089 1.171875 797
1764076550442 1.046875 798
1764076558795 1.1796875 799
1764076567144 1.0859375 800
1764076575513 1.140625 801
1764076583968 1.0859375 802
1764076592343 1.1015625 803
1764076600709 1.1640625 804
1764076609063 1.0859375 805
1764076617438 1.015625 806
1764076625812 1.15625 807
1764076634321 1.046875 808
1764076642712 1.28125 809
1764076651094 1.03125 810
1764076659463 1.0625 811
1764076667844 1.125 812
1764076676256 1.15625 813
1764076684649 1.1015625 814
1764076693004 1.03125 815
1764076701385 1.109375 816
1764076709741 1.1640625 817
1764076718135 1.1796875 818
1764076726476 1.09375 819
1764076734831 1.1171875 820
1764076743216 1.09375 821
1764076751624 1.1015625 822
1764076760010 1.0234375 823
1764076768376 1.1328125 824
1764076776797 1.0390625 825
1764076785170 1.1484375 826
1764076793575 1.078125 827
1764076801980 1.171875 828
1764076810360 1.1328125 829
1764076818735 1.046875 830
1764076827093 1.03125 831
1764076835538 1.0234375 832
1764076843921 1.1484375 833
1764076852336 1.078125 834
1764076860677 1.078125 835
1764076869033 1.1015625 836
1764076877393 1.140625 837
1764076885771 1.1171875 838
1764076894189 1.0546875 839
1764076902552 1.0859375 840
1764076910931 1.1171875 841
1764076919333 1.0390625 842
1764076927723 1.0625 843
1764076936135 1.0234375 844
1764076944503 1.1328125 845
1764076952908 1.0859375 846
1764076961286 1.1484375 847
1764076969785 1.0625 848
1764076978189 1.125 849
1764076986696 1.109375 850
1764076995063 1.109375 851
1764077003419 1.1796875 852
1764077011791 1.140625 853
1764077020175 1.0703125 854
1764077028573 1.1015625 855
1764077037110 1.03125 856
1764077045504 1.125 857
1764077053885 1.0390625 858
1764077062239 1.0390625 859
1764077070628 1.1171875 860
1764077078999 1.0625 861
1764077087376 1.1171875 862
1764077095769 1.0703125 863
1764077104148 1.0625 864
1764077112557 1.34375 865
1764077120961 1.1484375 866
1764077129339 1.125 867
1764077137729 1.0703125 868
1764077146090 1.140625 869
1764077154482 1.1328125 870
1764077162859 1.1875 871
1764077171247 1.1015625 872
1764077179653 1.0390625 873
1764077188044 1.1484375 874
1764077196455 1.0859375 875
1764077204835 1.1171875 876
1764077213190 1.0703125 877
1764077221548 1.109375 878
1764077229956 1.03125 879
1764077238348 1.109375 880
1764077246752 1.1015625 881
1764077255142 0.96875 882
1764077263553 1.0859375 883
1764077272012 1.1171875 884
1764077280390 1.046875 885
1764077288761 1.0234375 886
1764077297175 1.2421875 887
1764077305539 1.1875 888
1764077313940 1.1328125 889
1764077322445 1.171875 890
1764077330882 1.1015625 891
1764077339267 1.1015625 892
1764077347650 1.0703125 893
1764077356051 0.984375 894
1764077364423 1.140625 895
1764077372789 1.1953125 896
1764077381164 1.109375 897
1764077389688 1.140625 898
1764077398113 1.0234375 899
1764077406526 1.09375 900
1764077414895 1.1171875 901
1764077423255 1.1640625 902
1764077431639 1.1171875 903
1764077440025 1.1171875 904
1764077448391 1.078125 905
1764077456767 1.1328125 906
1764077465138 1.1015625 907
1764077473538 1.1484375 908
1764077481919 1.203125 909
1764077490301 1.1875 910
1764077498736 1.0390625 911
1764077507107 1.1953125 912
1764077515515 1.03125 913
1764077523868 1.15625 914
1764077532311 1.109375 915
1764077540726 1.140625 916
1764077549141 1.140625 917
1764077557535 1.078125 918
1764077565926 1.046875 919
1764077574312 1.125 920
1764077582680 1.1796875 921
1764077591059 1.1640625 922
1764077599449 1.1171875 923
1764077607939 1.15625 924
1764077616328 1.2890625 925
1764077624725 1.1328125 926
1764077633112 1.09375 927
1764077641504 1.1328125 928
1764077649883 1.21875 929
1764077658239 1.09375 930
1764077666765 1.078125 931
1764077675181 1.0703125 932
1764077683614 1.0625 933
1764077691982 1.125 934
1764077700373 1.0859375 935
1764077708766 1.09375 936
1764077717162 1.0859375 937
1764077725525 1.3203125 938
1764077790154 1.109375 940
1764077798561 1.0390625 941
1764077806921 1.0859375 942
1764077815279 1.1328125 943
1764077823712 1.125 944
1764077832108 1.15625 945
1764077840509 1.15625 946
1764077848907 1.1640625 947
1764077857310 1.046875 948
1764077865711 1.1875 949
1764077874115 1.125 950
1764077882560 1.1640625 951
1764077890953 1.1484375 952
1764077899377 1.1875 953
1764077907924 1.1640625 954
1764077916374 1.0859375 955
1764077924755 1.1015625 956
1764077933157 1.1015625 957
1764077941544 1.15625 958
1764077949934 1.1953125 959
1764077958345 1.046875 960
1764077966735 1.1484375 961
1764077975141 1.1640625 962
1764077983539 1.1640625 963
1764077991994 1.0390625 964
1764078000354 1.2109375 965
1764078008721 1.1953125 966
1764078017090 1.2265625 967
1764078025466 1.171875 968
1764078033869 1.046875 969
1764078042255 1.1484375 970
1764078050700 1.1171875 971
1764078059082 1.140625 972
1764078067465 1.1171875 973
1764078075882 1.1953125 974
1764078084282 1.109375 975
1764078092656 1.0625 976
1764078101062 1.140625 977
1764078109460 1.0625 978
1764078117847 1.171875 979
1764078126246 1.09375 980
1764078134663 1.15625 981
1764078143066 1.1328125 982
1764078151425 1.109375 983
1764078159803 1.1875 984
1764078168169 1.140625 985
1764078176569 1.09375 986
1764078184979 1.078125 987
1764078193525 1.25 988
1764078201939 1.125 989
1764078210334 1.1171875 990
1764078218732 1.140625 991
1764078227163 1.109375 992
1764078235553 1.0625 993
1764078243941 1.109375 994
1764078252288 1.0546875 995
1764078260655 1.1484375 996
1764078269053 1.0390625 997
1764078277439 1.109375 998
1764078285849 1.1328125 999
1764078294263 1.140625 1000
1764078302660 1.1875 1001
1764078311055 1.21875 1002
1764078319440 1.140625 1003
1764078327821 1.3359375 1004
1764078336170 1.1484375 1005
1764078344566 1.1953125 1006
1764078353019 1.1484375 1007
1764078361407 1.2578125 1008
1764078369779 1.046875 1009
1764078378149 1.1484375 1010
1764078386530 1.125 1011
1764078394944 1.1328125 1012
1764078403333 1.0546875 1013
1764078411738 1.1171875 1014
1764078420136 1.125 1015
1764078428534 1.171875 1016
1764078436887 1.1796875 1017
1764078445292 1.1015625 1018
1764078453681 1.0859375 1019
1764078462053 1.125 1020
1764078470465 1.171875 1021
1764078478861 1.203125 1022
1764078487242 1.1640625 1023
1764078495650 1.1796875 1024
1764078504071 1.15625 1025
1764078512435 1.140625 1026
1764078520815 1.0546875 1027
1764078529195 1.2421875 1028
1764078537575 1.1796875 1029
1764078546066 1.234375 1030
1764078554457 1.1171875 1031
1764078562864 1.1328125 1032
1764078571254 1.265625 1033
1764078579656 1.1171875 1034
1764078588248 1.0859375 1035
1764078596604 1.203125 1036
1764078604967 1.0859375 1037
1764078613346 1.1328125 1038
1764078621757 1.0625 1039
1764078630144 1.234375 1040
1764078638526 1.1640625 1041
1764078646905 1.203125 1042
1764078655334 1.15625 1043
1764078663684 1.140625 1044
1764078672067 1.1171875 1045
1764078680437 1.0703125 1046
1764078688837 1.0859375 1047
1764078697261 1.1015625 1048
1764078705595 1.1484375 1049
1764078713974 1.1875 1050
1764078722395 1.2109375 1051
1764078730775 1.078125 1052
1764078739138 1.046875 1053
1764078747535 1.0859375 1054
1764078755916 1.09375 1055
1764078764302 1.046875 1056
1764078772680 1.1171875 1057
1764078781172 1.171875 1058
1764078789572 1.03125 1059
1764078797939 1.125 1060
1764078806345 1.078125 1061
1764078814740 1.203125 1062
1764078823173 1.078125 1063
1764078831665 1.125 1064
1764078840038 1.25 1065
1764078848416 1.1796875 1066
1764078856787 1.171875 1067
1764078865160 1.0703125 1068
1764078873557 1.1015625 1069
1764078881922 1.1484375 1070
1764078890306 1.21875 1071
1764078898676 1.078125 1072
1764078907061 1.1796875 1073
1764078915416 1.1484375 1074
1764078923771 1.1875 1075
1764078932161 1.1875 1076
1764078940539 1.15625 1077
1764078948968 1.2578125 1078
1764078957349 1.2578125 1079
1764078965747 1.125 1080
1764078974133 1.0859375 1081
1764078982524 1.21875 1082
1764078990925 1.015625 1083
1764078999343 1.0703125 1084
1764079007742 1.09375 1085
1764079016171 1.1171875 1086
1764079024581 1.203125 1087
1764079032973 1.0703125 1088
1764079041369 1.15625 1089
1764079049742 1.140625 1090
1764079058124 1.0703125 1091
1764079066542 1.140625 1092
1764079074932 1.15625 1093
1764079083317 1.1328125 1094
1764079091923 1.15625 1095
1764079100299 1.1875 1096
1764079108694 1.0703125 1097
1764079117106 1.0625 1098
1764079125485 1.171875 1099
1764079133861 1.25 1100
1764079142264 1.2265625 1101
1764079150648 1.09375 1102
1764079159046 1.25 1103
1764079167443 1.2421875 1104
1764079175826 1.1015625 1105
1764079184263 1.1484375 1106
1764079192642 1.1484375 1107
1764079201076 1.1875 1108
1764079209446 1.140625 1109
1764079217835 1.1484375 1110
1764079226218 1.1015625 1111
1764079234631 1.125 1112
1764079243002 1.171875 1113
1764079251388 1.1875 1114
1764079259781 1.2109375 1115
1764079268181 1.09375 1116
1764079276559 1.09375 1117
1764079285073 1.0703125 1118
1764079293448 1.1015625 1119
1764079301820 1.140625 1120
1764079310228 1.3125 1121
1764079318618 1.1484375 1122
1764079327036 1.1328125 1123
1764079335443 1.1171875 1124
1764079343802 1.2421875 1125
1764079352187 1.109375 1126
1764079360548 1.28125 1127
1764079368922 1.2109375 1128
1764079377303 1.2265625 1129
1764079385676 1.1015625 1130
1764079394040 1.3046875 1131
1764079402468 1.1953125 1132
1764079410861 1.140625 1133
1764079419242 1.1328125 1134
1764079427608 1.1171875 1135
1764079435988 1.109375 1136
1764079444524 1.2265625 1137
1764079452935 1.2265625 1138
1764079461316 1.0703125 1139
1764079469682 1.171875 1140
1764079478044 1.140625 1141
1764079486446 1.140625 1142
1764079494814 1.03125 1143
1764079503226 1.0234375 1144
1764079511601 1.296875 1145
1764079519979 1.1640625 1146
1764079528380 1.296875 1147
1764079536786 1.046875 1148
1764079545185 1.1171875 1149
1764079553540 1.1640625 1150
1764079561896 1.0859375 1151
1764079570274 1.1953125 1152
1764079578628 1.1484375 1153
1764079587021 1.1015625 1154
1764079595388 1.125 1155
1764079603807 1.2109375 1156
1764079612197 1.2265625 1157
1764079620537 1.2265625 1158
1764079628896 1.0625 1159
1764079637400 1.1875 1160
1764079645777 1.234375 1161
1764079654168 1.203125 1162
1764079662557 1.1796875 1163
1764079670920 1.21875 1164
1764079679283 1.203125 1165
1764079687640 1.1328125 1166
1764079696121 1.1484375 1167
1764079704504 1.171875 1168
1764079712886 1.0703125 1169
1764079721364 1.28125 1170
1764079729736 1.1640625 1171
1764079738118 1.15625 1172
1764079746488 1.03125 1173
1764079754867 1.0625 1174
1764079763229 1.21875 1175
1764079771650 1.1015625 1176
1764079780041 1.28125 1177
1764079788423 1.15625 1178
1764079796813 1.234375 1179
1764079805215 1.2109375 1180
1764079813582 1.09375 1181
1764079821983 1.171875 1182
1764079830343 1.171875 1183
1764079838733 1.1640625 1184
1764079847124 1.140625 1185
1764079855526 1.0546875 1186
1764079863903 1.15625 1187
1764079872292 1.15625 1188
1764079880670 1.1015625 1189
1764079889046 1.1484375 1190
1764079897421 1.0859375 1191
1764079905811 1.1328125 1192
1764079914314 1.203125 1193
1764079922684 1.2265625 1194
1764079931069 1.1640625 1195
1764079939462 1.078125 1196
1764079947825 1.1328125 1197
1764079956192 1.0703125 1198
1764079964592 1.1796875 1199
1764079972968 1.109375 1200
1764079981361 1.2265625 1201
1764079989744 1.1171875 1202
1764079998131 1.1484375 1203
1764080006535 1.15625 1204
1764080014929 1.09375 1205
1764080023302 1.1640625 1206
1764080031683 1.1875 1207
1764080040062 1.1328125 1208
1764080048466 1.125 1209
1764080056840 1.078125 1210
1764080065247 1.0234375 1211
1764080073646 1.15625 1212
1764080082028 1.296875 1213
1764080090444 1.0703125 1214
1764080098838 1.15625 1215
1764080107216 1.09375 1216
1764080115585 1.2265625 1217
1764080123966 1.0546875 1218
1764080132349 1.140625 1219
1764080140703 1.0703125 1220
1764080149074 1.1953125 1221
1764080157421 1.109375 1222
1764080165809 1.109375 1223
1764080174200 1.1484375 1224
1764080182575 1.1796875 1225
1764080191073 1.109375 1226
1764080199447 1.1328125 1227
1764080207849 1.2578125 1228
1764080216275 1.2109375 1229
1764080224640 1.203125 1230
1764080233001 1.1484375 1231
1764080241343 1.1875 1232
1764080249776 1.1171875 1233
1764080258110 1.296875 1234
1764080266525 1.1015625 1235
1764080274888 1.1796875 1236
1764080283270 1.1328125 1237
1764080291630 1.1328125 1238
1764080300022 1.1640625 1239
1764080308396 1.203125 1240
1764080316788 1.109375 1241
1764080325184 1.0703125 1242
1764080333552 1.1328125 1243
1764080341947 1.1015625 1244
1764080350350 1.1796875 1245
1764080358737 1.2109375 1246
1764080367127 1.125 1247
1764080375507 1.1953125 1248
1764080383883 1.1875 1249
1764080392288 1.203125 1250
1764080400724 1.0390625 1251
1764080467129 1.171875 1253
1764080475496 1.0546875 1254
1764080483861 1.265625 1255
1764080492280 1.171875 1256
1764080500648 1.0625 1257
1764080509060 1.2578125 1258
1764080517458 1.1171875 1259
1764080525852 1.1015625 1260
1764080534261 1.125 1261
1764080542672 1.2578125 1262
1764080551075 1.1328125 1263
1764080559458 1.125 1264
1764080567900 1.1171875 1265
1764080576322 1.1484375 1266
1764080584869 1.1796875 1267
1764080593496 1.1640625 1268
1764080601876 1.15625 1269
1764080610291 1.1796875 1270
1764080618671 1.2734375 1271
1764080627068 1.1640625 1272
1764080635452 1.078125 1273
1764080644045 1.109375 1274
1764080652437 1.15625 1275
1764080660844 1.140625 1276
1764080669245 1.1796875 1277
1764080677603 1.1484375 1278
1764080686000 1.2109375 1279
1764080694366 1.171875 1280
1764080702770 1.1328125 1281
1764080711172 1.21875 1282
1764080719539 1.21875 1283
1764080727941 1.1171875 1284
1764080736340 1.09375 1285
1764080744755 1.140625 1286
1764080753177 1.1875 1287
1764080761591 1.2265625 1288
1764080769995 1.1796875 1289
1764080778405 1.171875 1290
1764080786803 1.2734375 1291
1764080795179 1.140625 1292
1764080803572 0.95703125 1293
1764080811938 1.140625 1294
1764080820317 1.1171875 1295
1764080828746 1.2109375 1296
1764080837112 1.171875 1297
1764080845456 1.375 1298
1764080853817 1.1328125 1299
1764080862183 1.2109375 1300
1764080870655 1.171875 1301
1764080879023 1.1171875 1302
1764080887416 1.203125 1303
1764080895792 1.1328125 1304
1764080904165 1.1796875 1305
1764080912534 1.1484375 1306
1764080920929 1.234375 1307
1764080929286 1.1640625 1308
1764080937635 1.2421875 1309
1764080946003 1.171875 1310
1764080954397 1.1015625 1311
1764080962800 1.234375 1312
1764080971188 1.15625 1313
1764080979578 1.0625 1314
1764080987950 1.125 1315
1764080996303 1.15625 1316
1764081004675 1.1171875 1317
1764081013083 1.09375 1318
1764081021492 1.125 1319
1764081029881 1.15625 1320
1764081038274 1.1015625 1321
1764081046643 1.09375 1322
1764081054993 1.234375 1323
1764081063426 1.109375 1324
1764081071779 1.28125 1325
1764081080161 1.1328125 1326
1764081088529 1.1640625 1327
1764081096891 1.21875 1328
1764081105272 1.171875 1329
1764081113632 1.2265625 1330
1764081121997 1.0546875 1331
1764081130416 1.125 1332
1764081138834 1.1875 1333
1764081147378 1.1953125 1334
1764081155748 1.2109375 1335
1764081164112 1.203125 1336
1764081172489 1.0546875 1337
1764081180946 1.2109375 1338
1764081189333 1.1328125 1339
1764081197705 1.125 1340
1764081206077 1.1171875 1341
1764081214546 1.1953125 1342
1764081222907 1.2109375 1343
1764081231287 1.1640625 1344
1764081239646 1.2890625 1345
1764081248007 1.109375 1346
1764081256395 1.171875 1347
1764081264772 1.1484375 1348
1764081273177 1.21875 1349
1764081281550 1.1328125 1350
1764081289931 1.1015625 1351
1764081298310 1.1640625 1352
1764081306670 1.1640625 1353
1764081315015 1.1953125 1354
1764081323376 1.25 1355
1764081331758 1.1796875 1356
1764081340148 1.1953125 1357
1764081348515 1.2734375 1358
1764081356887 1.1875 1359
1764081365263 1.25 1360
1764081373666 1.1171875 1361
1764081382048 1.1875 1362
1764081390431 1.1171875 1363
1764081398814 1.1171875 1364
1764081407190 1.1328125 1365
1764081415554 1.1875 1366
1764081423951 1.1171875 1367
1764081432386 1.1640625 1368
1764081440789 1.1875 1369
1764081449303 1.0625 1370
1764081457672 1.265625 1371
1764081466055 1.125 1372
1764081474446 1.1484375 1373
1764081482855 1.1171875 1374
1764081491218 1.140625 1375
1764081499758 1.109375 1376
1764081508124 1.2109375 1377
1764081516479 1.1640625 1378
1764081524831 1.2265625 1379
1764081533215 1.25 1380
1764081541644 1.1171875 1381
1764081550007 1.2890625 1382
1764081558361 1.1328125 1383
1764081566728 1.109375 1384
1764081575092 1.25 1385
1764081583459 1.15625 1386
1764081591832 1.171875 1387
1764081600194 1.078125 1388
1764081608571 1.1640625 1389
1764081616978 1.03125 1390
1764081625356 1.109375 1391
1764081633746 1.1015625 1392
1764081642117 1.15625 1393
1764081650519 1.109375 1394
1764081658874 1.3046875 1395
1764081667256 1.1875 1396
1764081675620 1.1953125 1397
1764081683984 1.1171875 1398
1764081692402 1.171875 1399
1764081700797 1.09375 1400
1764081709169 1.203125 1401
1764081717542 1.2109375 1402
1764081725935 1.171875 1403
1764081734301 1.1875 1404
1764081742813 1.203125 1405
1764081751193 1.2109375 1406
1764081759572 1.1640625 1407
1764081767972 1.1015625 1408
1764081776500 1.125 1409
1764081784866 1.171875 1410
1764081793271 1.046875 1411
1764081801659 1.1875 1412
1764081810061 1.3046875 1413
1764081818453 1.21875 1414
1764081826843 1.2265625 1415
1764081835223 1.171875 1416
1764081843641 1.328125 1417
1764081851990 1.1796875 1418
1764081860410 1.046875 1419
1764081868793 1.1328125 1420
1764081877210 1.171875 1421
1764081885588 1.1953125 1422
1764081893949 1.109375 1423
1764081902317 1.1875 1424
1764081910689 1.171875 1425
1764081919087 1.1328125 1426
1764081927497 1.0625 1427
1764081935874 1.1328125 1428
1764081944254 1.15625 1429
1764081952765 1.0859375 1430
1764081961164 1.140625 1431
1764081969552 1.1171875 1432
1764081977971 1.203125 1433
1764081986428 1.15625 1434
1764081994814 1.2421875 1435
1764082003186 1.1953125 1436
1764082011551 1.1171875 1437
1764082019933 1.203125 1438
1764082028342 1.171875 1439
1764082036731 1.1953125 1440
1764082045123 1.0859375 1441
1764082053526 1.109375 1442
1764082061927 1.140625 1443
1764082070343 1.109375 1444
1764082078720 1.0390625 1445
1764082087074 1.1875 1446
1764082095451 1.21875 1447
1764082103847 1.109375 1448
1764082112249 1.171875 1449
1764082120616 1.171875 1450
1764082129016 1.03125 1451
1764082137408 1.09375 1452
1764082145778 1.109375 1453
1764082154196 1.03125 1454
1764082162591 1.0703125 1455
1764082170958 1.0703125 1456
1764082179336 1.1484375 1457
1764082187708 1.2109375 1458
1764082196064 1.1796875 1459
1764082204449 1.1953125 1460
1764082212791 1.1640625 1461
1764082221188 1.1953125 1462
1764082229694 1.2421875 1463
1764082238055 1.15625 1464
1764082246412 1.2421875 1465
1764082254797 1.1796875 1466
1764082263219 1.140625 1467
1764082271619 1.1015625 1468
1764082280019 1.1796875 1469
1764082288437 1.125 1470
1764082296806 1.171875 1471
1764082305318 1.171875 1472
1764082313685 1.1796875 1473
1764082322046 1.1953125 1474
1764082330480 1.125 1475
1764082338845 1.2265625 1476
1764082347263 1.1640625 1477
1764082355626 1.1640625 1478
1764082364001 1.203125 1479
1764082372380 1.03125 1480
1764082380766 1.125 1481
1764082389120 1.1640625 1482
1764082397488 1.234375 1483
1764082405892 1.15625 1484
1764082414254 1.2890625 1485
1764082422655 1.09375 1486
1764082431061 1.1953125 1487
1764082439489 1.09375 1488
1764082447875 1.0703125 1489
1764082456230 1.1640625 1490
1764082464563 1.140625 1491
1764082472978 1.2265625 1492
1764082481363 1.1484375 1493
1764082489737 1.09375 1494
1764082498132 1.1484375 1495
1764082506505 1.1875 1496
1764082514852 1.21875 1497
1764082523209 1.15625 1498
1764082531600 1.0859375 1499
1764082539976 1.171875 1500
1764082548364 1.1171875 1501
1764082556767 1.0390625 1502
1764082565150 1.125 1503
1764082573507 1.1875 1504
1764082582011 1.1171875 1505
1764082590496 1.1796875 1506
1764082598839 1.1796875 1507
1764082607183 1.109375 1508
1764082615546 1.1484375 1509
1764082623958 1.21875 1510
1764082632335 1.0390625 1511
1764082640743 1.140625 1512
1764082649159 1.2421875 1513
1764082657673 1.1640625 1514
1764082666027 1.15625 1515
1764082674397 1.21875 1516
1764082682756 1.125 1517
1764082691099 1.1484375 1518
1764082699494 1.203125 1519
1764082707923 1.09375 1520
1764082716324 1.1015625 1521
1764082724736 1.1484375 1522
1764082733149 1.109375 1523
1764082741554 1.171875 1524
1764082749952 1.140625 1525
1764082758317 1.140625 1526
1764082766684 1.1875 1527
1764082775066 1.1796875 1528
1764082783432 1.171875 1529
1764082791799 1.15625 1530
1764082800177 1.15625 1531
1764082808582 1.1640625 1532
1764082816951 1.21875 1533
1764082825303 1.21875 1534
1764082833672 1.140625 1535
1764082842116 1.109375 1536
1764082850540 1.0703125 1537
1764082858925 1.1328125 1538
1764082867419 1.1484375 1539
1764082875809 1.0546875 1540
1764082884195 1.2578125 1541
1764082892565 1.0703125 1542
1764082900936 1.109375 1543
1764082909341 1.1484375 1544
1764082917741 1.1328125 1545
1764082926121 1.15625 1546
1764082934554 1.140625 1547
1764082942956 1.0859375 1548
1764082951320 1.171875 1549
1764082959696 1.1640625 1550
1764082968082 1.125 1551
1764082976492 1.1328125 1552
1764082984877 1.21875 1553
1764082993283 1.078125 1554
1764083001655 1.15625 1555
1764083010073 1.09375 1556
1764083018478 1.21875 1557
1764083026882 1.125 1558
1764083035254 1.2109375 1559
1764083043644 1.1171875 1560
1764083052038 1.171875 1561
1764083060401 1.125 1562
1764083068804 1.15625 1563
1764083077232 1.109375 1564
