1764069765579 1.1587417423725128 1
1764069773928 1.0786269158124924 2
1764069782318 1.1033963859081268 3
1764069790713 1.0783767402172089 4
1764069799141 1.0360345244407654 5
1764069807557 1.1054745018482208 6
1764069816020 1.0464093536138535 7
1764069824475 1.00312040746212 8
1764069832904 0.9051758795976639 9
1764069841375 0.9310605078935623 10
1764069849849 0.931758925318718 11
1764069858253 1.070039540529251 12
1764069866692 1.0179306864738464 13
1764069875136 1.0015081763267517 14
1764069883583 0.8828248977661133 15
1764069892027 1.0933621227741241 16
1764069900487 0.9702166765928268 17
1764069908926 1.0086946338415146 18
1764069917327 0.8349950611591339 19
1764069925752 0.9067042917013168 20
1764069934143 0.9697345495223999 21
1764069942545 0.9831345528364182 22
1764069950973 0.9283483624458313 23
1764069959392 0.9984029233455658 24
1764069967800 0.8492637574672699 25
1764069976399 0.9271107465028763 26
1764069984762 0.8042500168085098 27
1764069993141 0.9861209541559219 28
1764070001489 1.0587884485721588 29
1764070009903 0.9009182453155518 30
1764070018282 0.9794760942459106 31
1764070026683 0.9064966440200806 32
1764070035066 0.9862421005964279 33
1764070043429 0.8965485394001007 34
1764070051841 0.8506163954734802 35
1764070060240 0.9354684054851532 36
1764070068634 0.8883350789546967 37
1764070077014 0.8442423194646835 38
1764070085404 0.9557019919157028 39
1764070093793 0.9504574686288834 40
1764070102160 0.7887719869613647 41
1764070110565 0.8578798770904541 42
1764070118931 0.9009706228971481 43
1764070127339 0.93439120054245 44
1764070135717 0.8693711757659912 45
1764070144155 0.8630306124687195 46
1764070152544 0.9518478661775589 47
1764070160910 0.9369668811559677 48
1764070169302 0.9604008793830872 49
1764070177665 1.0070369690656662 50
1764070186039 0.882868766784668 51
1764070194424 0.9596814960241318 52
1764070202832 0.8669419288635254 53
1764070211184 0.8728983700275421 54
1764070219587 0.8852069675922394 55
1764070228010 0.8816022574901581 56
1764070236387 1.0078895092010498 57
1764070244793 0.9183041155338287 58
1764070253189 0.8757471889257431 59
1764070261571 0.9471372961997986 60
1764070269961 1.0472902059555054 61
1764070278328 0.9000513255596161 62
1764070286727 0.8834546357393265 63
1764070295147 0.923892617225647 64
1764070303530 1.0089334100484848 65
1764070311916 0.877438485622406 66
1764070320311 0.875448539853096 67
1764070328708 0.7810526490211487 68
1764070337100 0.8456003814935684 69
1764070345461 0.9500572085380554 70
1764070353890 0.9495854377746582 71
1764070362458 0.8460452407598495 72
1764070370822 0.8900469243526459 73
1764070379196 0.8498863726854324 74
1764070387640 0.9645227789878845 75
1764070396019 0.902255967259407 76
1764070404388 0.9634080827236176 77
1764070412735 0.8846520930528641 78
1764070421112 0.897325187921524 79
1764070429467 0.8656080514192581 80
1764070437811 0.8958065509796143 81
1764070446183 0.8411762714385986 82
1764070454578 0.8926208764314651 83
1764070462947 0.963593915104866 84
1764070471312 0.950094997882843 85
1764070479696 0.9596272855997086 86
1764070488111 0.9033460766077042 87
1764070496486 0.8760455101728439 88
1764070504871 0.9032565206289291 89
1764070513241 0.8181599378585815 90
1764070521617 0.9094650000333786 91
1764070529962 0.9244196861982346 92
1764070538343 0.9316285997629166 93
1764070546730 0.9525089412927628 94
1764070555101 0.8452013731002808 95
1764070563490 0.8819063156843185 96
1764070571870 0.9425038546323776 97
1764070580247 0.9745219647884369 98
1764070588610 1.0534697473049164 99
1764070597001 0.9746195375919342 100
1764070605388 0.9935022443532944 101
1764070613772 0.8693108707666397 102
1764070622140 1.0052276253700256 103
1764070630600 0.9109013229608536 104
1764070639020 0.8995087891817093 105
1764070647413 1.0011828690767288 106
1764070655799 1.0216038078069687 107
1764070664195 0.8107726275920868 108
1764070672575 0.9080814570188522 109
1764070680982 0.7885939925909042 110
1764070689341 0.9410638362169266 111
1764070697721 0.8984486758708954 112
1764070706137 0.9590984582901001 113
1764070714514 0.9719335734844208 114
1764070722902 0.9306007921695709 115
1764070731276 0.8939695656299591 116
1764070739649 0.832393690943718 117
1764070748049 0.9280258864164352 118
1764070756439 0.9274517297744751 119
1764070764833 0.9027956873178482 120
1764070773195 0.7043268084526062 121
1764070781586 0.7508967220783234 122
1764070789964 0.8608158826828003 123
1764070798357 1.0035275667905807 124
1764070806760 0.9200294017791748 125
1764070815147 0.9354930818080902 126
1764070823508 0.9123601019382477 127
1764070831909 0.8163638710975647 128
1764070840284 0.8976360261440277 129
1764070848773 0.7747101783752441 130
1764070857299 0.8822682201862335 131
1764070865765 0.9905709624290466 132
1764070874139 0.9641229808330536 133
1764070882519 0.8455886691808701 134
1764070890879 0.8808159381151199 135
1764070899258 0.9302205741405487 136
1764070907626 1.0012929737567902 137
1764070915995 0.8830259144306183 138
1764070924351 0.8289680480957031 139
1764070932694 0.8560443818569183 140
1764070941101 0.9516954272985458 141
1764070949473 0.8582731932401657 142
1764070957854 0.8217684775590897 143
1764070966213 0.9599525779485703 144
1764070974581 0.9608704149723053 145
1764070982964 0.8108679205179214 146
1764070991352 0.8949590474367142 147
1764070999722 0.8549205213785172 148
1764071008106 0.994187742471695 149
1764071016474 0.8278383016586304 150
1764071024865 0.8947469294071198 151
1764071033246 0.8340136706829071 152
1764071041623 0.7969976365566254 153
1764071050045 0.8402313143014908 154
1764071058436 0.8444681018590927 155
1764071066811 0.8477406352758408 156
1764071075192 0.9001739919185638 157
1764071083586 0.846038892865181 158
1764071091962 0.9078536778688431 159
1764071100335 0.8037952035665512 160
1764071108706 0.870047077536583 161
1764071117088 0.8978551775217056 162
1764071125467 0.86702761054039 163
1764071133891 0.939026340842247 164
1764071142263 0.8781479001045227 165
1764071150617 0.919365793466568 166
1764071158991 0.9137138277292252 167
1764071167375 0.8263149261474609 168
1764071175781 0.8518783897161484 169
1764071184162 0.9436704963445663 170
1764071192561 0.919867217540741 171
1764071200935 0.8221752345561981 172
1764071209315 0.9427604675292969 173
1764071217903 0.8499297499656677 174
1764071226281 0.8809753656387329 175
1764071234684 0.8787784278392792 176
1764071243066 0.801838755607605 177
1764071251441 0.875068336725235 178
1764071259806 0.8915597349405289 179
1764071268191 0.8489253520965576 180
1764071276575 0.8568622767925262 181
1764071284947 0.8828322142362595 182
1764071293323 0.8660806864500046 183
1764071301699 0.8169387727975845 184
1764071310072 0.9144018590450287 185
1764071318460 0.8350148797035217 186
1764071326860 0.8575174063444138 187
1764071335372 0.832146480679512 188
1764071343740 0.9765369296073914 189
1764071352115 0.9223317354917526 190
1764071360660 0.8266741633415222 191
1764071369020 0.9014964252710342 192
1764071377376 0.8632857799530029 193
1764071385740 0.7697106003761292 194
1764071394124 0.8194070309400558 195
1764071402511 0.8969776630401611 196
1764071410899 0.9611593037843704 197
1764071419292 0.7981223911046982 198
1764071427663 0.8530965447425842 199
1764071436070 0.7989497631788254 200
1764071444458 0.8875772356987 201
1764071452842 0.8033353686332703 202
1764071461219 0.7938269525766373 203
1764071469601 0.9363801926374435 204
1764071478005 0.926280289888382 205
1764071486385 0.9008091241121292 206
1764071494749 0.8736733198165894 207
1764071503206 0.8842268884181976 208
1764071511614 0.8321887999773026 209
1764071520044 0.8395944982767105 210
1764071528424 0.887085422873497 211
1764071536821 0.8394748270511627 212
1764071545206 0.8256170898675919 213
1764071553584 0.6860374361276627 214
1764071562018 0.9067483097314835 215
1764071570401 0.9127683341503143 216
1764071578773 0.7756886929273605 217
1764071587145 0.7586685866117477 218
1764071595491 0.859597772359848 219
1764071603902 0.8143932372331619 220
1764071612279 0.892180860042572 221
1764071620652 0.8508311808109283 222
1764071629032 0.7841099500656128 223
1764071637465 0.885962650179863 224
1764071645840 0.8381694853305817 225
1764071654241 0.8000354915857315 226
1764071662635 0.8457913994789124 227
1764071671020 0.9078237414360046 228
1764071679401 0.8727666884660721 229
1764071687882 0.9026421904563904 230
1764071696245 0.8803569376468658 231
1764071704617 0.890154629945755 232
1764071713159 0.7780440747737885 233
1764071721530 0.822864755988121 234
1764071729901 0.9365105628967285 235
1764071738278 0.8749118596315384 236
1764071746663 0.8870996981859207 237
1764071755039 0.9023396968841553 238
1764071763397 0.9044968783855438 239
1764071771762 0.8886134624481201 240
1764071780118 0.8947979807853699 241
1764071788534 0.8353208303451538 242
1764071796908 0.9439468383789062 243
1764071805277 0.8964162170886993 244
1764071813666 0.8536080420017242 245
1764071822016 0.8753359019756317 246
1764071830374 0.8265578895807266 247
1764071838818 0.8797303736209869 248
1764071847163 0.8282659202814102 249
1764071855529 0.9144922345876694 250
1764071863925 0.8595456182956696 251
1764071872294 0.8382929563522339 252
1764071880687 0.8667503446340561 253
1764071889119 0.8304038196802139 254
1764071897505 0.8323697000741959 255
1764071905897 0.9278099685907364 256
1764071914301 0.8665086030960083 257
1764071922683 0.9330611675977707 258
1764071931063 0.8668735772371292 259
1764071939404 0.8748760223388672 260
1764071947772 0.8538087159395218 261
1764071956205 0.7934523671865463 262
1764071964592 0.8137371093034744 263
1764071973064 0.9891922026872635 264
1764071981429 0.9078045934438705 265
1764071989793 0.8662160784006119 266
1764071998314 0.845188245177269 267
1764072006684 0.8801678419113159 268
1764072015066 0.8354230672121048 269
1764072023481 0.7564852833747864 270
1764072031887 0.9253559112548828 271
1764072040258 0.8598335087299347 272
1764072048594 0.8648890107870102 273
1764072056961 0.7858433127403259 274
1764072065338 0.7942949384450912 275
1764072073699 0.9251489192247391 276
1764072082074 0.8682797104120255 277
1764072090466 0.8175498694181442 278
1764072098869 0.9252869635820389 279
1764072107277 0.891780436038971 280
1764072115674 0.8113961815834045 281
1764072124051 0.855191171169281 282
1764072132405 0.7799438983201981 283
1764072140835 0.8516356348991394 284
1764072149195 0.8292715400457382 285
1764072157554 0.8090825527906418 286
1764072165962 0.7651384621858597 287
1764072174347 0.8161812126636505 288
1764072182753 0.9129400700330734 289
1764072191133 0.9056272357702255 290
1764072199519 0.9013670682907104 291
1764072207895 0.8243009895086288 292
1764072216260 0.8751874566078186 293
1764072224636 0.8890475779771805 294
1764072233025 0.8998426198959351 295
1764072241453 0.7919588834047318 296
1764072249869 0.8143083453178406 297
1764072258230 0.8232739120721817 298
1764072266623 0.7875241786241531 299
1764072274998 0.8160784244537354 300
1764072283350 0.8354884833097458 301
1764072291712 0.7754940688610077 302
1764072300104 0.851698637008667 303
1764072308539 0.8045712858438492 304
1764072316937 0.9064274281263351 305
1764072325296 0.8228831738233566 306
1764072333659 0.835866242647171 307
1764072342059 0.8341385573148727 308
1764072350437 0.866825595498085 309
1764072358824 0.792362704873085 310
1764072367293 0.7960614114999771 311
1764072375668 0.877482682466507 312
1764072440187 0.80950827896595 314
1764072448601 0.762816533446312 315
1764072456985 0.8105320930480957 316
1764072465366 0.8161437660455704 317
1764072473753 0.7397744804620743 318
1764072482157 0.6688861027359962 319
1764072490529 0.7812792807817459 320
1764072498917 0.8073900192975998 321
1764072507306 0.8375927060842514 322
1764072515755 0.8606977760791779 323
1764072524175 0.842131644487381 324
1764072532559 0.7601912319660187 325
1764072540962 0.7865019142627716 326
1764072549348 0.7490400224924088 327
1764072557752 0.8297533094882965 328
1764072566186 0.8861403167247772 329
1764072574569 0.8914593458175659 330
1764072582961 0.7806517481803894 331
1764072591391 0.7362356930971146 332
1764072599836 0.781210795044899 333
1764072608217 0.8488695919513702 334
1764072616572 0.8314914554357529 335
1764072624970 0.8186041116714478 336
1764072633342 0.8772620111703873 337
1764072641714 0.9120888113975525 338
1764072650116 0.7958928346633911 339
1764072658515 0.7684653252363205 340
1764072666902 0.7558283358812332 341
1764072675282 0.9070405960083008 342
1764072683645 0.8068892955780029 343
1764072692179 0.821442037820816 344
1764072700553 0.834627166390419 345
1764072708917 0.8007979243993759 346
1764072717289 0.8652743697166443 347
1764072725697 0.8216921836137772 348
1764072734057 0.8645323067903519 349
1764072742412 0.7726659923791885 350
1764072750760 0.8018753081560135 351
1764072759150 0.8457960486412048 352
1764072767561 0.8080705106258392 353
1764072775960 0.7594486624002457 354
1764072784368 0.8452662378549576 355
1764072792749 0.7714448422193527 356
1764072801138 0.7710235416889191 357
1764072809512 0.7912802249193192 358
1764072817936 0.8159177154302597 359
1764072826318 0.7376259565353394 360
1764072834679 0.728924423456192 361
1764072843104 0.8143055140972137 362
1764072851483 0.791740894317627 363
1764072859881 0.820786789059639 364
1764072868272 0.9144155085086823 365
1764072876648 0.7766126692295074 366
1764072885174 0.7940665036439896 367
1764072893558 0.773075744509697 368
1764072901949 0.7491541802883148 369
1764072910324 0.8641796559095383 370
1764072918693 0.7975087761878967 371
1764072927258 0.8670480996370316 372
1764072935616 0.9029938727617264 373
1764072943996 0.8780446797609329 374
1764072952425 0.7412446588277817 375
1764072960819 0.6735290288925171 376
1764072969227 0.8355722725391388 377
1764072977622 0.7978131920099258 378
1764072986000 0.7545177191495895 379
1764072994376 0.7578867822885513 380
1764073002746 0.785577267408371 381
1764073011150 0.6888666599988937 382
1764073019528 0.8826234489679337 383
1764073027928 0.7978429794311523 384
1764073036334 0.737556979060173 385
1764073044716 0.8262349367141724 386
1764073053157 0.7850713729858398 387
1764073061522 0.758463054895401 388
1764073069925 0.8944150805473328 389
1764073078327 0.8666490018367767 390
1764073086694 0.8555269092321396 391
1764073095111 0.7206023037433624 392
1764073103493 0.8026040345430374 393
1764073111878 0.7438884079456329 394
1764073120238 0.8300981968641281 395
1764073128621 0.7878749072551727 396
1764073137013 0.8597750514745712 397
1764073145432 0.7234169095754623 398
1764073153833 0.6781706213951111 399
1764073162242 0.8826410472393036 400
1764073170621 0.7933538407087326 401
1764073178962 0.7682617455720901 402
1764073187327 0.7867460995912552 403
1764073195727 0.8585436195135117 404
1764073204099 0.7017823159694672 405
1764073212480 0.7640397846698761 406
1764073220868 0.7698648869991302 407
1764073229250 0.783723309636116 408
1764073237646 0.7458110153675079 409
1764073246050 0.8345192223787308 410
1764073254443 0.735217809677124 411
1764073262841 0.7793375998735428 412
1764073271246 0.8291371464729309 413
1764073279608 0.8533789813518524 414
1764073287973 0.7460498362779617 415
1764073296443 0.7771068811416626 416
1764073304810 0.9236525595188141 417
1764073313182 0.8704403191804886 418
1764073321547 0.7942928075790405 419
1764073329930 0.8763546049594879 420
1764073338317 0.7294371873140335 421
1764073346683 0.7982781231403351 422
1764073355060 0.7412548959255219 423
1764073363415 0.8533298522233963 424
1764073371781 0.7630988508462906 425
1764073380334 0.7080525904893875 426
1764073388732 0.7887543588876724 427
1764073397091 0.7304031252861023 428
1764073405495 0.7816413044929504 429
1764073413935 0.6580853164196014 430
1764073422366 0.7983932644128799 431
1764073430918 0.7278837859630585 432
1764073439307 0.8119471818208694 433
1764073447675 0.8606757670640945 434
1764073456041 0.8222813159227371 435
1764073464405 0.8343757688999176 436
1764073472787 0.9115351289510727 437
1764073481159 0.7688316106796265 438
1764073489575 0.7645604759454727 439
1764073497956 0.7319151014089584 440
1764073506319 0.7548796981573105 441
1764073514717 0.7192269861698151 442
1764073523098 0.6972600370645523 443
1764073531499 0.7211205959320068 444
1764073539887 0.7277725785970688 445
1764073548265 0.8067131042480469 446
1764073556622 0.6504009664058685 447
1764073565129 0.74518121778965 448
1764073573504 0.8178187757730484 449
1764073581876 0.7669979184865952 450
1764073590236 0.8185188323259354 451
1764073598639 0.795621246099472 452
1764073607035 0.838559553027153 453
1764073615417 0.8213187009096146 454
1764073623831 0.7588403522968292 455
1764073632248 0.7714042514562607 456
1764073640632 0.8528900295495987 457
1764073649028 0.7789231240749359 458
1764073657411 0.7279494553804398 459
1764073665793 0.7946248054504395 460
1764073674197 0.7705830335617065 461
1764073682618 0.8551690727472305 462
1764073690982 0.7777484208345413 463
1764073699377 0.7500957250595093 464
1764073707780 0.7516235113143921 465
1764073716185 0.8291689902544022 466
1764073724544 0.8477627336978912 467
1764073733053 0.6200319156050682 468
1764073741431 0.7681544572114944 469
1764073749806 0.7736659348011017 470
1764073758211 0.7440040707588196 471
1764073766574 0.7680636048316956 472
1764073774952 0.7578817903995514 473
1764073783524 0.8349793255329132 474
1764073791892 0.8530923277139664 475
1764073800232 0.8729937225580215 476
1764073808628 0.8023313879966736 477
1764073817001 0.9686536192893982 478
1764073825364 0.7417650371789932 479
1764073833746 0.7725489139556885 480
1764073842171 0.883357360959053 481
1764073850562 0.7635208517313004 482
1764073858921 0.8266095668077469 483
1764073867272 0.7345086634159088 484
1764073875637 0.7809075117111206 485
1764073884041 0.7421808987855911 486
1764073892454 0.738052025437355 487
1764073900829 0.7517793774604797 488
1764073909205 0.7935478687286377 489
1764073917619 0.8193683624267578 490
1764073925976 0.818206861615181 491
1764073934346 0.8618176728487015 492
1764073942715 0.7336727827787399 493
1764073951105 0.8131011724472046 494
1764073959467 0.7240278571844101 495
1764073967855 0.7441439777612686 496
1764073976192 0.8079519718885422 497
1764073984592 0.7482581287622452 498
1764073992983 0.7233595252037048 499
1764074001331 0.8345375806093216 500
1764074009838 0.7891498506069183 501
1764074018189 0.8088512718677521 502
1764074026571 0.8389199823141098 503
1764074034976 0.7798715531826019 504
1764074043357 0.6838513016700745 505
1764074051731 0.765126034617424 506
1764074060284 0.8467572629451752 507
1764074068795 0.8866038620471954 508
1764074077164 0.7499047219753265 509
1764074085583 0.7252344191074371 510
1764074093958 0.763147622346878 511
1764074102397 0.8458473682403564 512
1764074110803 0.7682476341724396 513
1764074119192 0.7954336553812027 514
1764074127565 0.7631488740444183 515
1764074135960 0.8728634417057037 516
1764074144355 0.7595144361257553 517
1764074152753 0.7633658349514008 518
1764074161163 0.7743454277515411 519
1764074169537 0.7599058300256729 520
1764074177932 0.8165301382541656 521
1764074186307 0.8328315913677216 522
1764074194708 0.7811965793371201 523
1764074203108 0.7480475902557373 524
1764074211484 0.7437698692083359 525
1764074219876 0.8558082729578018 526
1764074228229 0.879767432808876 527
1764074236662 0.7856043726205826 528
1764074245041 0.7722479701042175 529
1764074253413 0.8565101623535156 530
1764074261822 0.7311701029539108 531
1764074270194 0.8214229792356491 532
1764074278579 0.8575342446565628 533
1764074286976 0.7527763247489929 534
1764074295362 0.6737769842147827 535
1764074303744 0.9012092053890228 536
1764074312146 0.7372326105833054 537
1764074320521 0.7983366847038269 538
1764074328927 0.7526881098747253 539
1764074337333 0.8117644488811493 540
1764074345700 0.7275076359510422 541
1764074354100 0.760355532169342 542
1764074362466 0.8024555742740631 543
1764074370832 0.8390564769506454 544
1764074379198 0.7861403077840805 545
1764074387591 0.7529548108577728 546
1764074395972 0.7825434803962708 547
1764074404342 0.7993980497121811 548
1764074412718 0.675520583987236 549
1764074421262 0.723436713218689 550
1764074429650 0.7346726506948471 551
1764074438029 0.8037169426679611 552
1764074446425 0.7996651530265808 553
1764074454801 0.8157809227705002 554
1764074463169 0.7229033857584 555
1764074471556 0.7779932618141174 556
1764074479935 0.7458304017782211 557
1764074488343 0.7671661972999573 558
1764074496741 0.8589808791875839 559
1764074505132 0.7609095871448517 560
1764074513510 0.8316264152526855 561
1764074521894 0.7773130983114243 562
1764074530256 0.7185013890266418 563
1764074538644 0.6578828692436218 564
1764074547029 0.7377645820379257 565
1764074555438 0.7978172451257706 566
1764074563819 0.6825933307409286 567
1764074572195 0.8519283384084702 568
1764074580613 0.7468441724777222 569
1764074589005 0.7250195145606995 570
1764074597394 0.7663673162460327 571
1764074605775 0.7878237366676331 572
1764074614151 0.6926134824752808 573
1764074622559 0.7711646854877472 574
1764074630949 0.8927850723266602 575
1764074639348 0.7710125595331192 576
1764074647746 0.7584762871265411 577
1764074656156 0.8410432785749435 578
1764074664545 0.7649669498205185 579
1764074672917 0.7932067215442657 580
1764074681316 0.7247378677129745 581
1764074689706 0.897913858294487 582
1764074698197 0.6698844581842422 583
1764074706601 0.7268108129501343 584
1764074715030 0.7409112900495529 585
1764074723431 0.8086556941270828 586
1764074731814 0.7399027347564697 587
1764074740240 0.7479438036680222 588
1764074748612 0.6973863989114761 589
1764074757017 0.7551950067281723 590
1764074765385 0.7950164675712585 591
1764074773768 0.7279476970434189 592
1764074782157 0.820420429110527 593
1764074790547 0.6736394762992859 594
1764074798959 0.7311290502548218 595
1764074807394 0.7248823493719101 596
1764074815801 0.7524061799049377 597
1764074824166 0.759120985865593 598
1764074832531 0.7575681954622269 599
1764074840932 0.7866519689559937 600
1764074849341 0.7154405564069748 601
1764074857701 0.7682817727327347 602
1764074866127 0.7509722113609314 603
1764074874512 0.8200196623802185 604
1764074882968 0.7652410119771957 605
1764074891341 0.6934890002012253 606
1764074899732 0.7050772607326508 607
1764074908138 0.80799700319767 608
1764074916513 0.7974177002906799 609
1764074924906 0.7703726440668106 610
1764074933318 0.7695447951555252 611
1764074941813 0.792085200548172 612
1764074950168 0.7497100979089737 613
1764074958600 0.8073735982179642 614
1764074966956 0.8514401763677597 615
1764074975326 0.7232775837182999 616
1764074983706 0.8783171623945236 617
1764074992075 0.8497095704078674 618
1764075000463 0.7668818533420563 619
1764075008848 0.6820002347230911 620
1764075017236 0.7374523133039474 621
1764075025610 0.7485054731369019 622
1764075034044 0.6889297664165497 623
1764075042400 0.7375180125236511 624
1764075050764 0.8552021235227585 625
1764075115339 0.7643739283084869 627
1764075123707 0.6645076274871826 628
1764075132045 0.6522130072116852 629
1764075140422 0.6968833208084106 630
1764075148775 0.7614055275917053 631
1764075157132 0.6842289417982101 632
1764075165510 0.8167108595371246 633
1764075173867 0.7083797305822372 634
1764075182262 0.7733206748962402 635
1764075190659 0.7545105069875717 636
1764075199066 0.7906212359666824 637
1764075207527 0.7847400307655334 638
1764075215939 0.7524610906839371 639
1764075224317 0.7518840879201889 640
1764075232709 0.7503643929958344 641
1764075241072 0.7251692563295364 642
1764075249483 0.7670547515153885 643
1764075257925 0.69975246489048 644
1764075266672 0.7769595086574554 645
1764075275058 0.7927404493093491 646
1764075283422 0.785373643040657 647
1764075291783 0.7784602493047714 648
1764075300183 0.7023018896579742 649
1764075308601 0.7462126910686493 650
1764075316965 0.7812882661819458 651
1764075325361 0.6913935244083405 652
1764075333915 0.7216515243053436 653
1764075342264 0.7417661100625992 654
1764075350671 0.7205485105514526 655
1764075359038 0.7541776150465012 656
1764075367632 0.8474527895450592 657
1764075375980 0.7069943845272064 658
1764075384339 0.8857286423444748 659
1764075392725 0.6532507836818695 660
1764075401094 0.7130711078643799 661
1764075409502 0.7555473893880844 662
1764075417871 0.773170068860054 663
1764075426291 0.833701953291893 664
1764075434671 0.7333538383245468 665
1764075443103 0.7203637063503265 666
1764075451522 0.7117071896791458 667
1764075459920 0.6829608529806137 668
1764075468299 0.6973393857479095 669
1764075476695 0.7315791696310043 670
1764075485088 0.7691300064325333 671
1764075493495 0.7169396728277206 672
1764075501876 0.7471884489059448 673
1764075510254 0.7814908921718597 674
1764075518618 0.6873311847448349 675
1764075526983 0.8364490270614624 676
1764075535406 0.7814527750015259 677
1764075543786 0.8221500962972641 678
1764075552211 0.796163022518158 679
1764075560571 0.7491672188043594 680
1764075568997 0.676257997751236 681
1764075577390 0.6459631696343422 682
1764075585758 0.7899259477853775 683
1764075594142 0.7969544380903244 684
1764075602550 0.7790645956993103 685
1764075611023 0.8410567045211792 686
1764075619420 0.7897283732891083 687
1764075627795 0.7763890773057938 688
1764075636172 0.7399046272039413 689
1764075644548 0.7342988476157188 690
1764075653059 0.7391244024038315 691
1764075661436 0.7723358869552612 692
1764075669824 0.6666496694087982 693
1764075678222 0.7212145328521729 694
1764075686627 0.6962486207485199 695
1764075695005 0.8019950836896896 696
1764075703461 0.7115766555070877 697
1764075711817 0.8386831134557724 698
1764075720177 0.82939013838768 699
1764075728535 0.709904283285141 700
1764075736896 0.8258415162563324 701
1764075745265 0.7349360585212708 702
1764075753619 0.8178190886974335 703
1764075761981 0.7727530002593994 704
1764075770371 0.6535803526639938 705
1764075778753 0.723352462053299 706
1764075787134 0.7223021239042282 707
1764075795528 0.7281492650508881 708
1764075803915 0.7243211269378662 709
1764075812324 0.7005320191383362 710
1764075820689 0.7161552160978317 711
1764075829047 0.7614486515522003 712
1764075837452 0.6596662104129791 713
1764075845854 0.7833550572395325 714
1764075854233 0.7832246273756027 715
1764075862628 0.7433412075042725 716
1764075871007 0.7523752003908157 717
1764075879394 0.8633215129375458 718
1764075887779 0.7684948742389679 719
1764075896171 0.7487337589263916 720
1764075904560 0.7139389514923096 721
1764075912941 0.76983442902565 722
1764075921290 0.7603830397129059 723
1764075929678 0.6978082954883575 724
1764075938063 0.7280823290348053 725
1764075946430 0.7506073117256165 726
1764075954869 0.7903949022293091 727
1764075963228 0.764890044927597 728
1764075971630 0.8829147666692734 729
1764075980016 0.7657463252544403 730
1764075988384 0.7160954475402832 731
1764075996789 0.695924386382103 732
1764076005140 0.8075397610664368 733
1764076013540 0.6814003586769104 734
1764076021953 0.6946226805448532 735
1764076030364 0.7627155780792236 736
1764076038748 0.6577391028404236 737
1764076047132 0.7281412333250046 738
1764076055521 0.7242044657468796 739
1764076063907 0.7370760440826416 740
1764076072271 0.8017139881849289 741
1764076080641 0.9225171357393265 742
1764076089062 0.7041391283273697 743
1764076097441 0.7009117603302002 744
1764076105835 0.7391460686922073 745
1764076114222 0.7140772342681885 746
1764076122606 0.7686884254217148 747
1764076131095 0.6986487805843353 748
1764076139466 0.7014939486980438 749
1764076147852 0.7044554054737091 750
1764076156217 0.7615139186382294 751
1764076164570 0.780416876077652 752
1764076172947 0.7587229460477829 753
1764076181318 0.7553356289863586 754
1764076189700 0.7231580168008804 755
1764076198092 0.7455423921346664 756
1764076206467 0.7711289525032043 757
1764076214841 0.7669408768415451 758
1764076223227 0.7276207357645035 759
1764076231615 0.8386023044586182 760
1764076239999 0.7353132665157318 761
1764076248363 0.7801503986120224 762
1764076256740 0.7456047534942627 763
1764076265124 0.7469931095838547 764
1764076273497 0.7478523105382919 765
1764076281940 0.7718878537416458 766
1764076290322 0.7674894332885742 767
1764076298665 0.7587869763374329 768
1764076307056 0.7419908195734024 769
1764076315459 0.8346421420574188 770
1764076323831 0.8075767904520035 771
1764076332246 0.6766461580991745 772
1764076340608 0.7358241677284241 773
1764076349007 0.7788905948400497 774
1764076357419 0.6473302841186523 775
1764076365780 0.7777112275362015 776
1764076374172 0.7232344150543213 777
1764076382560 0.6803634166717529 778
1764076390933 0.8332097679376602 779
1764076399329 0.7420959770679474 780
1764076407699 0.6907113492488861 781
1764076416072 0.6995746344327927 782
1764076424451 0.7456851601600647 783
1764076432843 0.7545792013406754 784
1764076441242 0.7182203680276871 785
1764076449624 0.6056661829352379 786
1764076458012 0.6792107820510864 787
1764076466394 0.8719617873430252 788
1764076474775 0.7404301315546036 789
1764076483257 0.7238418310880661 790
1764076491636 0.7159828245639801 791
1764076499995 0.7730652093887329 792
1764076508455 0.7052912265062332 793
1764076516824 0.753640204668045 794
1764076525203 0.7903856933116913 795
1764076533705 0.7351575642824173 796
1764076542089 0.7475424557924271 797
1764076550442 0.6886006146669388 798
1764076558795 0.811919778585434 799
1764076567144 0.7304007560014725 800
1764076575513 0.7912075370550156 801
1764076583968 0.6541508436203003 802
1764076592343 0.7886549532413483 803
1764076600709 0.7615360915660858 804
1764076609063 0.7819863706827164 805
1764076617438 0.8351576924324036 806
1764076625812 0.8234073221683502 807
1764076634321 0.752974197268486 808
1764076642712 0.7107923775911331 809
1764076651094 0.7606658935546875 810
1764076659463 0.7061750590801239 811
1764076667844 0.695231705904007 812
1764076676256 0.7559127360582352 813
1764076684649 0.8012805730104446 814
1764076693004 0.7408386915922165 815
1764076701385 0.8281184881925583 816
1764076709741 0.7594040632247925 817
1764076718135 0.7967915385961533 818
1764076726476 0.7271871864795685 819
1764076734831 0.6777956560254097 820
1764076743216 0.7230409532785416 821
1764076751624 0.7689958661794662 822
1764076760010 0.6759938895702362 823
1764076768376 0.722999319434166 824
1764076776797 0.641637921333313 825
1764076785170 0.8327129036188126 826
1764076793575 0.729766383767128 827
1764076801980 0.8060835301876068 828
1764076810360 0.7720465362071991 829
1764076818735 0.7093520909547806 830
1764076827093 0.7587505131959915 831
1764076835538 0.6831857413053513 832
1764076843921 0.6784230619668961 833
1764076852336 0.7046229541301727 834
1764076860677 0.7061035335063934 835
1764076869033 0.6398701071739197 836
1764076877393 0.8195364624261856 837
1764076885771 0.8556728512048721 838
1764076894189 0.6633643209934235 839
1764076902552 0.8290083855390549 840
1764076910931 0.7406444698572159 841
1764076919333 0.6677984744310379 842
1764076927723 0.7591691613197327 843
1764076936135 0.696022555232048 844
1764076944503 0.7631813585758209 845
1764076952908 0.6843873262405396 846
1764076961286 0.7213244289159775 847
1764076969785 0.7323419377207756 848
1764076978189 0.7676725089550018 849
1764076986696 0.7316468060016632 850
1764076995063 0.7273060381412506 851
1764077003419 0.7176697552204132 852
1764077011791 0.8384281545877457 853
1764077020175 0.7267474979162216 854
1764077028573 0.7281538546085358 855
1764077037110 0.7161429673433304 856
1764077045504 0.6982863247394562 857
1764077053885 0.6854412853717804 858
1764077062239 0.6722210943698883 859
1764077070628 0.6864794492721558 860
1764077078999 0.6325828954577446 861
1764077087376 0.700838029384613 862
1764077095769 0.731242299079895 863
1764077104148 0.7371812760829926 864
1764077112557 0.7266226410865784 865
1764077120961 0.7995097935199738 866
1764077129339 0.7772757411003113 867
1764077137729 0.7330653518438339 868
1764077146090 0.7495703101158142 869
1764077154482 0.7682988941669464 870
1764077162859 0.8429486155509949 871
1764077171247 0.7675749659538269 872
1764077179653 0.6953883469104767 873
1764077188044 0.7532888054847717 874
1764077196455 0.7263367176055908 875
1764077204835 0.7326795160770416 876
1764077213190 0.7092688083648682 877
1764077221548 0.7721758633852005 878
1764077229956 0.6917981058359146 879
1764077238348 0.739045187830925 880
1764077246752 0.8606059849262238 881
1764077255142 0.6566203534603119 882
1764077263553 0.8199789822101593 883
1764077272012 0.6534754186868668 884
1764077280390 0.710290253162384 885
1764077288761 0.6210828423500061 886
1764077297175 0.8861966729164124 887
1764077305539 0.7690094858407974 888
1764077313940 0.8199087977409363 889
1764077322445 0.7747521996498108 890
1764077330882 0.7071088403463364 891
1764077339267 0.7216115742921829 892
1764077347650 0.7010367810726166 893
1764077356051 0.6712815165519714 894
1764077364423 0.7247214615345001 895
1764077372789 0.6750878542661667 896
1764077381164 0.6821337193250656 897
1764077389688 0.7459333837032318 898
1764077398113 0.6826002150774002 899
1764077406526 0.6995979398488998 900
1764077414895 0.7421169131994247 901
1764077423255 0.7327977865934372 902
1764077431639 0.6567711532115936 903
1764077440025 0.6587711647152901 904
1764077448391 0.7587928175926208 905
1764077456767 0.7549168169498444 906
1764077465138 0.7609131038188934 907
1764077473538 0.8726748675107956 908
1764077481919 0.8571618795394897 909
1764077490301 0.7720248103141785 910
1764077498736 0.6916170418262482 911
1764077507107 0.7489448636770248 912
1764077515515 0.7293254882097244 913
1764077523868 0.6454778537154198 914
1764077532311 0.6828199625015259 915
1764077540726 0.7464071065187454 916
1764077549141 0.802010640501976 917
1764077557535 0.599103569984436 918
1764077565926 0.6479293704032898 919
1764077574312 0.7317006438970566 920
1764077582680 0.7271043509244919 921
1764077591059 0.8765071034431458 922
1764077599449 0.6437794715166092 923
1764077607939 0.7320820093154907 924
1764077616328 0.8386330902576447 925
1764077624725 0.692145973443985 926
1764077633112 0.7581670731306076 927
1764077641504 0.7205703556537628 928
1764077649883 0.7353001087903976 929
1764077658239 0.6829379796981812 930
1764077666765 0.6970056146383286 931
1764077675181 0.7318418323993683 932
1764077683614 0.7448700815439224 933
1764077691982 0.7009632140398026 934
1764077700373 0.7379120290279388 935
1764077708766 0.7370533347129822 936
1764077717162 0.7256195396184921 937
1764077725525 0.7921801954507828 938
1764077790154 0.7534197419881821 940
1764077798561 0.7568136602640152 941
1764077806921 0.8045088052749634 942
1764077815279 0.7041177153587341 943
1764077823712 0.7111109346151352 944
1764077832108 0.7138994932174683 945
1764077840509 0.6726873964071274 946
1764077848907 0.741648405790329 947
1764077857310 0.7262123823165894 948
1764077865711 0.7959574162960052 949
1764077874115 0.6501135677099228 950
1764077882560 0.8739668726921082 951
1764077890953 0.6935310065746307 952
1764077899377 0.6987244337797165 953
1764077907924 0.8166555613279343 954
1764077916374 0.7315179258584976 955
1764077924755 0.6731693893671036 956
1764077933157 0.724055215716362 957
1764077941544 0.6754424870014191 958
1764077949934 0.8240732997655869 959
1764077958345 0.6862604022026062 960
1764077966735 0.8189744055271149 961
1764077975141 0.7486444413661957 962
1764077983539 0.8161831647157669 963
1764077991994 0.6949390769004822 964
1764078000354 0.831641435623169 965
1764078008721 0.6807478368282318 966
1764078017090 0.7565921694040298 967
1764078025466 0.7839514166116714 968
1764078033869 0.6543010473251343 969
1764078042255 0.7118936479091644 970
1764078050700 0.6961575150489807 971
1764078059082 0.6546034216880798 972
1764078067465 0.7559781223535538 973
1764078075882 0.7223300039768219 974
1764078084282 0.6652748137712479 975
1764078092656 0.6820844262838364 976
1764078101062 0.7236384302377701 977
1764078109460 0.7150443494319916 978
1764078117847 0.7259128391742706 979
1764078126246 0.7425670772790909 980
1764078134663 0.7227661460638046 981
1764078143066 0.5979357808828354 982
1764078151425 0.7617385685443878 983
1764078159803 0.6978846341371536 984
1764078168169 0.7508791089057922 985
1764078176569 0.5942627340555191 986
1764078184979 0.6897831112146378 987
1764078193525 0.7868419885635376 988
1764078201939 0.7717922180891037 989
1764078210334 0.7173658758401871 990
1764078218732 0.7662416622042656 991
1764078227163 0.6595942080020905 992
1764078235553 0.6604796573519707 993
1764078243941 0.7531381398439407 994
1764078252288 0.6821936219930649 995
1764078260655 0.607160173356533 996
1764078269053 0.8110804706811905 997
1764078277439 0.6594202220439911 998
1764078285849 0.7637530863285065 999
1764078294263 0.7972176671028137 1000
1764078302660 0.7987088412046432 1001
1764078311055 0.7532788217067719 1002
1764078319440 0.7003652155399323 1003
1764078327821 0.7390937805175781 1004
1764078336170 0.7004340887069702 1005
1764078344566 0.7600945085287094 1006
1764078353019 0.7329042106866837 1007
1764078361407 0.6744668334722519 1008
1764078369779 0.5827935487031937 1009
1764078378149 0.670099176466465 1010
1764078386530 0.7125594019889832 1011
1764078394944 0.7317617237567902 1012
1764078403333 0.8481483906507492 1013
1764078411738 0.8020501732826233 1014
1764078420136 0.8084395378828049 1015
1764078428534 0.685894563794136 1016
1764078436887 0.693953737616539 1017
1764078445292 0.7085438221693039 1018
1764078453681 0.6358185112476349 1019
1764078462053 0.6994560360908508 1020
1764078470465 0.7910379022359848 1021
1764078478861 0.7482847273349762 1022
1764078487242 0.7415339946746826 1023
1764078495650 0.7379075288772583 1024
1764078504071 0.6954063028097153 1025
1764078512435 0.7191459238529205 1026
1764078520815 0.7694339603185654 1027
1764078529195 0.6826266869902611 1028
1764078537575 0.7197967991232872 1029
1764078546066 0.7179331481456757 1030
1764078554457 0.6615699827671051 1031
1764078562864 0.8319135010242462 1032
1764078571254 0.701657235622406 1033
1764078579656 0.7450022250413895 1034
1764078588248 0.6989016085863113 1035
1764078596604 0.6327929347753525 1036
1764078604967 0.7148683071136475 1037
1764078613346 0.7287016063928604 1038
1764078621757 0.7124512642621994 1039
1764078630144 0.7905798256397247 1040
1764078638526 0.8677429407835007 1041
1764078646905 0.663690522313118 1042
1764078655334 0.7862841635942459 1043
1764078663684 0.6903000026941299 1044
1764078672067 0.735281378030777 1045
1764078680437 0.6768941730260849 1046
1764078688837 0.6814367473125458 1047
1764078697261 0.6242704689502716 1048
1764078705595 0.6308338642120361 1049
1764078713974 0.7494474351406097 1050
1764078722395 0.7515152990818024 1051
1764078730775 0.6776926517486572 1052
1764078739138 0.6609227806329727 1053
1764078747535 0.6818508058786392 1054
1764078755916 0.7797888368368149 1055
1764078764302 0.6466910988092422 1056
1764078772680 0.6736573725938797 1057
1764078781172 0.7068875283002853 1058
1764078789572 0.6779997795820236 1059
1764078797939 0.802665576338768 1060
1764078806345 0.7847438603639603 1061
1764078814740 0.7455687969923019 1062
1764078823173 0.7805814146995544 1063
1764078831665 0.7340067774057388 1064
1764078840038 0.765646442770958 1065
1764078848416 0.8487256616353989 1066
1764078856787 0.6661953330039978 1067
1764078865160 0.7629800289869308 1068
1764078873557 0.7216297388076782 1069
1764078881922 0.6877028346061707 1070
1764078890306 0.7570486217737198 1071
1764078898676 0.723846822977066 1072
1764078907061 0.6641187816858292 1073
1764078915416 0.6889918744564056 1074
1764078923771 0.7404788434505463 1075
1764078932161 0.6894893646240234 1076
1764078940539 0.698311522603035 1077
1764078948968 0.7925311923027039 1078
1764078957349 0.7391592264175415 1079
1764078965747 0.7350411266088486 1080
1764078974133 0.7137626558542252 1081
1764078982524 0.7071711421012878 1082
1764078990925 0.5781496465206146 1083
1764078999343 0.7032042443752289 1084
1764079007742 0.8136577308177948 1085
1764079016171 0.7061870992183685 1086
1764079024581 0.7178454250097275 1087
1764079032973 0.7007903158664703 1088
1764079041369 0.6713904291391373 1089
1764079049742 0.6672082394361496 1090
1764079058124 0.6834520250558853 1091
1764079066542 0.7594029903411865 1092
1764079074932 0.7098424285650253 1093
1764079083317 0.7226398885250092 1094
1764079091923 0.6807621121406555 1095
1764079100299 0.7386835217475891 1096
1764079108694 0.6943051517009735 1097
1764079117106 0.6606322675943375 1098
1764079125485 0.7260023355484009 1099
1764079133861 0.8080851584672928 1100
1764079142264 0.6741396635770798 1101
1764079150648 0.7537525743246078 1102
1764079159046 0.7391446381807327 1103
1764079167443 0.7214521318674088 1104
1764079175826 0.7442112863063812 1105
1764079184263 0.7457332611083984 1106
1764079192642 0.7619116604328156 1107
1764079201076 0.7261127978563309 1108
1764079209446 0.7456506788730621 1109
1764079217835 0.8066958785057068 1110
1764079226218 0.6241868063807487 1111
1764079234631 0.5826565697789192 1112
1764079243002 0.6389684826135635 1113
1764079251388 0.6471517086029053 1114
1764079259781 0.7311725616455078 1115
1764079268181 0.6705939471721649 1116
1764079276559 0.6418612748384476 1117
1764079285073 0.7244827151298523 1118
1764079293448 0.642879992723465 1119
1764079301820 0.7155297547578812 1120
1764079310228 0.8405812382698059 1121
1764079318618 0.6394671648740768 1122
1764079327036 0.690018817782402 1123
1764079335443 0.7333588153123856 1124
1764079343802 0.6880101412534714 1125
1764079352187 0.6361560821533203 1126
1764079360548 0.7474476248025894 1127
1764079368922 0.738230749964714 1128
1764079377303 0.7329708635807037 1129
1764079385676 0.7288342714309692 1130
1764079394040 0.7391300946474075 1131
1764079402468 0.7554653584957123 1132
1764079410861 0.7450710237026215 1133
1764079419242 0.6731580793857574 1134
1764079427608 0.6488639861345291 1135
1764079435988 0.6888368278741837 1136
1764079444524 0.7308204025030136 1137
1764079452935 0.820119321346283 1138
1764079461316 0.7290004342794418 1139
1764079469682 0.6945890933275223 1140
1764079478044 0.7225084751844406 1141
1764079486446 0.7485441565513611 1142
1764079494814 0.6497701033949852 1143
1764079503226 0.5737433955073357 1144
1764079511601 0.6798002868890762 1145
1764079519979 0.712892472743988 1146
1764079528380 0.7776316255331039 1147
1764079536786 0.6634729355573654 1148
1764079545185 0.7615957707166672 1149
1764079553540 0.6274044215679169 1150
1764079561896 0.6468060165643692 1151
1764079570274 0.7816821783781052 1152
1764079578628 0.7613601386547089 1153
1764079587021 0.8021910935640335 1154
1764079595388 0.7595355063676834 1155
1764079603807 0.6459044367074966 1156
1764079612197 0.7447419911623001 1157
1764079620537 0.6781774014234543 1158
1764079628896 0.6357522532343864 1159
1764079637400 0.7789332717657089 1160
1764079645777 0.7419929653406143 1161
1764079654168 0.8006240129470825 1162
1764079662557 0.832200214266777 1163
1764079670920 0.6539684683084488 1164
1764079679283 0.72085240483284 1165
1764079687640 0.6980371326208115 1166
1764079696121 0.7900565266609192 1167
1764079704504 0.7239313423633575 1168
1764079712886 0.6517584547400475 1169
1764079721364 0.7370757758617401 1170
1764079729736 0.7100619524717331 1171
1764079738118 0.680470198392868 1172
1764079746488 0.685914546251297 1173
1764079754867 0.6534355506300926 1174
1764079763229 0.7291333079338074 1175
1764079771650 0.7243757992982864 1176
1764079780041 0.7782682329416275 1177
1764079788423 0.6653198450803757 1178
1764079796813 0.7929866462945938 1179
1764079805215 0.7849769741296768 1180
1764079813582 0.6667334139347076 1181
1764079821983 0.7015383839607239 1182
1764079830343 0.6960622221231461 1183
1764079838733 0.6345896869897842 1184
1764079847124 0.7423231899738312 1185
1764079855526 0.7505821585655212 1186
1764079863903 0.7166004627943039 1187
1764079872292 0.8041209131479263 1188
1764079880670 0.6674706935882568 1189
1764079889046 0.7389227449893951 1190
1764079897421 0.7160488069057465 1191
1764079905811 0.649762824177742 1192
1764079914314 0.6951328068971634 1193
1764079922684 0.742433711886406 1194
1764079931069 0.7566668391227722 1195
1764079939462 0.7491084486246109 1196
1764079947825 0.7163903415203094 1197
1764079956192 0.6602956652641296 1198
1764079964592 0.7073971182107925 1199
1764079972968 0.6883255839347839 1200
1764079981361 0.7371061444282532 1201
1764079989744 0.6315189898014069 1202
1764079998131 0.7151350528001785 1203
1764080006535 0.7500497400760651 1204
1764080014929 0.6696253567934036 1205
1764080023302 0.6906734108924866 1206
1764080031683 0.7050627768039703 1207
1764080040062 0.695977583527565 1208
1764080048466 0.6699052676558495 1209
1764080056840 0.7291036993265152 1210
1764080065247 0.6109004318714142 1211
1764080073646 0.7250406742095947 1212
1764080082028 0.7360574305057526 1213
1764080090444 0.634414792060852 1214
1764080098838 0.7682449221611023 1215
1764080107216 0.6596041321754456 1216
1764080115585 0.6868452280759811 1217
1764080123966 0.6814499199390411 1218
1764080132349 0.7070570588111877 1219
1764080140703 0.6389480829238892 1220
1764080149074 0.6856123507022858 1221
1764080157421 0.6891939342021942 1222
1764080165809 0.702617734670639 1223
1764080174200 0.7053250968456268 1224
1764080182575 0.7899467796087265 1225
1764080191073 0.7021606788039207 1226
1764080199447 0.7286462038755417 1227
1764080207849 0.8003688305616379 1228
1764080216275 0.7211558520793915 1229
1764080224640 0.710750624537468 1230
1764080233001 0.6222214251756668 1231
1764080241343 0.7514901906251907 1232
1764080249776 0.7823091894388199 1233
1764080258110 0.7214490622282028 1234
1764080266525 0.7392228096723557 1235
1764080274888 0.7377637922763824 1236
1764080283270 0.6689951717853546 1237
1764080291630 0.7019119411706924 1238
1764080300022 0.7983675450086594 1239
1764080308396 0.7580091506242752 1240
1764080316788 0.7449748814105988 1241
1764080325184 0.7112769186496735 1242
1764080333552 0.7226080000400543 1243
1764080341947 0.7155590802431107 1244
1764080350350 0.7431329488754272 1245
1764080358737 0.7308373749256134 1246
1764080367127 0.7203368544578552 1247
1764080375507 0.7418177574872971 1248
1764080383883 0.7308967858552933 1249
1764080392288 0.6563333570957184 1250
1764080400724 0.6219568029046059 1251
1764080467129 0.7250903397798538 1253
1764080475496 0.6726449579000473 1254
1764080483861 0.6948460042476654 1255
1764080492280 0.7426303327083588 1256
1764080500648 0.6672957390546799 1257
1764080509060 0.7499867081642151 1258
1764080517458 0.6494846343994141 1259
1764080525852 0.7651593387126923 1260
1764080534261 0.7106877565383911 1261
1764080542672 0.7825792133808136 1262
1764080551075 0.7658807039260864 1263
1764080559458 0.7250041216611862 1264
1764080567900 0.6690767258405685 1265
1764080576322 0.7894036620855331 1266
1764080584869 0.6431897431612015 1267
1764080593496 0.7047351002693176 1268
1764080601876 0.6843886226415634 1269
1764080610291 0.7032413631677628 1270
1764080618671 0.7513745725154877 1271
1764080627068 0.7702623754739761 1272
1764080635452 0.6508346945047379 1273
1764080644045 0.8749519884586334 1274
1764080652437 0.7479618489742279 1275
1764080660844 0.7040249481797218 1276
1764080669245 0.7888977378606796 1277
1764080677603 0.7380553036928177 1278
1764080686000 0.7723614722490311 1279
1764080694366 0.6944007202982903 1280
1764080702770 0.7044605314731598 1281
1764080711172 0.6765449345111847 1282
1764080719539 0.7113056182861328 1283
1764080727941 0.7629019618034363 1284
1764080736340 0.7335969656705856 1285
1764080744755 0.7257395833730698 1286
1764080753177 0.774929016828537 1287
1764080761591 0.744934931397438 1288
1764080769995 0.6960255652666092 1289
1764080778405 0.725890576839447 1290
1764080786803 0.7766557484865189 1291
1764080795179 0.7706786543130875 1292
1764080803572 0.5350755453109741 1293
1764080811938 0.8017130196094513 1294
1764080820317 0.6786929965019226 1295
1764080828746 0.7366912215948105 1296
1764080837112 0.8273929953575134 1297
1764080845456 0.8122529685497284 1298
1764080853817 0.8241280913352966 1299
1764080862183 0.7593844383955002 1300
1764080870655 0.7620404660701752 1301
1764080879023 0.7631368041038513 1302
1764080887416 0.7487209886312485 1303
1764080895792 0.70046366751194 1304
1764080904165 0.7138986438512802 1305
1764080912534 0.711311861872673 1306
1764080920929 0.7765281945466995 1307
1764080929286 0.7143369317054749 1308
1764080937635 0.7650355994701385 1309
1764080946003 0.7215984761714935 1310
1764080954397 0.6543680280447006 1311
1764080962800 0.7248597741127014 1312
1764080971188 0.7869217991828918 1313
1764080979578 0.6868851184844971 1314
1764080987950 0.6722925305366516 1315
1764080996303 0.7063906192779541 1316
1764081004675 0.6798618286848068 1317
1764081013083 0.7414373606443405 1318
1764081021492 0.66261787712574 1319
1764081029881 0.7085053622722626 1320
1764081038274 0.6939601600170135 1321
1764081046643 0.6315921545028687 1322
1764081054993 0.6993636041879654 1323
1764081063426 0.7527092695236206 1324
1764081071779 0.6955145299434662 1325
1764081080161 0.691696435213089 1326
1764081088529 0.6894883364439011 1327
1764081096891 0.684458464384079 1328
1764081105272 0.6293577998876572 1329
1764081113632 0.7308875471353531 1330
1764081121997 0.6109428256750107 1331
1764081130416 0.7626379579305649 1332
1764081138834 0.6738750487565994 1333
1764081147378 0.7656618654727936 1334
1764081155748 0.7388016283512115 1335
1764081164112 0.697746217250824 1336
1764081172489 0.6615628898143768 1337
1764081180946 0.847608357667923 1338
1764081189333 0.6745890974998474 1339
1764081197705 0.663034975528717 1340
1764081206077 0.7392773181200027 1341
1764081214546 0.6303182989358902 1342
1764081222907 0.7140602469444275 1343
1764081231287 0.7831062972545624 1344
1764081239646 0.6712014526128769 1345
1764081248007 0.6902816444635391 1346
1764081256395 0.6982365846633911 1347
1764081264772 0.6582589745521545 1348
1764081273177 0.751970961689949 1349
1764081281550 0.7352384477853775 1350
1764081289931 0.7603055685758591 1351
1764081298310 0.6858391165733337 1352
1764081306670 0.7954892367124557 1353
1764081315015 0.6972648203372955 1354
1764081323376 0.7561124861240387 1355
1764081331758 0.6771264672279358 1356
1764081340148 0.7953111529350281 1357
1764081348515 0.8425272554159164 1358
1764081356887 0.6628918647766113 1359
1764081365263 0.703081801533699 1360
1764081373666 0.7155848741531372 1361
1764081382048 0.7501627653837204 1362
1764081390431 0.6989951282739639 1363
1764081398814 0.7396958619356155 1364
1764081407190 0.7723748236894608 1365
1764081415554 0.7901383340358734 1366
1764081423951 0.7161644101142883 1367
1764081432386 0.7419105172157288 1368
1764081440789 0.7258143275976181 1369
1764081449303 0.7075271308422089 1370
1764081457672 0.7610426843166351 1371
1764081466055 0.6997783333063126 1372
1764081474446 0.750849649310112 1373
1764081482855 0.6406065002083778 1374
1764081491218 0.6773455739021301 1375
1764081499758 0.6939548850059509 1376
1764081508124 0.7888613194227219 1377
1764081516479 0.757395401597023 1378
1764081524831 0.7164646834135056 1379
1764081533215 0.7196004688739777 1380
1764081541644 0.6565844565629959 1381
1764081550007 0.7100837379693985 1382
1764081558361 0.6803505122661591 1383
1764081566728 0.6546251624822617 1384
1764081575092 0.7757625579833984 1385
1764081583459 0.7319160029292107 1386
1764081591832 0.6686282753944397 1387
1764081600194 0.685435876250267 1388
1764081608571 0.7570863664150238 1389
1764081616978 0.6772566437721252 1390
1764081625356 0.642533078789711 1391
1764081633746 0.7153627723455429 1392
1764081642117 0.6742023229598999 1393
1764081650519 0.7106002569198608 1394
1764081658874 0.6845271736383438 1395
1764081667256 0.632673367857933 1396
1764081675620 0.7504739761352539 1397
1764081683984 0.7587119042873383 1398
1764081692402 0.6424701660871506 1399
1764081700797 0.6299486309289932 1400
1764081709169 0.7103531062602997 1401
1764081717542 0.7979741990566254 1402
1764081725935 0.712770625948906 1403
1764081734301 0.7615298628807068 1404
1764081742813 0.7409839034080505 1405
1764081751193 0.7301476448774338 1406
1764081759572 0.6519445776939392 1407
1764081767972 0.6583491116762161 1408
1764081776500 0.6538101136684418 1409
1764081784866 0.698328360915184 1410
1764081793271 0.6781066060066223 1411
1764081801659 0.6983087658882141 1412
1764081810061 0.7747393399477005 1413
1764081818453 0.8268542587757111 1414
1764081826843 0.7999479174613953 1415
1764081835223 0.7023397982120514 1416
1764081843641 0.8003958463668823 1417
1764081851990 0.7442198693752289 1418
1764081860410 0.694317027926445 1419
1764081868793 0.7340820133686066 1420
1764081877210 0.729324072599411 1421
1764081885588 0.676279291510582 1422
1764081893949 0.7323538362979889 1423
1764081902317 0.7417011260986328 1424
1764081910689 0.7033203840255737 1425
1764081919087 0.6534991711378098 1426
1764081927497 0.7137778326869011 1427
1764081935874 0.7458406239748001 1428
1764081944254 0.5993814319372177 1429
1764081952765 0.6241799369454384 1430
1764081961164 0.7155173867940903 1431
1764081969552 0.7290685921907425 1432
1764081977971 0.7242781966924667 1433
1764081986428 0.7675704509019852 1434
1764081994814 0.7640152126550674 1435
1764082003186 0.7931420803070068 1436
1764082011551 0.8147765398025513 1437
1764082019933 0.7517088800668716 1438
1764082028342 0.7450692355632782 1439
1764082036731 0.6775636672973633 1440
1764082045123 0.7173653542995453 1441
1764082053526 0.6415208578109741 1442
1764082061927 0.6642657667398453 1443
1764082070343 0.6763099133968353 1444
1764082078720 0.6515861451625824 1445
1764082087074 0.7182797789573669 1446
1764082095451 0.71685391664505 1447
1764082103847 0.7310224920511246 1448
1764082112249 0.7024154216051102 1449
1764082120616 0.7420583814382553 1450
1764082129016 0.6534949690103531 1451
1764082137408 0.8442873060703278 1452
1764082145778 0.7292259335517883 1453
1764082154196 0.6913511157035828 1454
1764082162591 0.6187224984169006 1455
1764082170958 0.6463170051574707 1456
1764082179336 0.696952685713768 1457
1764082187708 0.7121804803609848 1458
1764082196064 0.7794864624738693 1459
1764082204449 0.8043547421693802 1460
1764082212791 0.8082073777914047 1461
1764082221188 0.7644944041967392 1462
1764082229694 0.7419250309467316 1463
1764082238055 0.7161844074726105 1464
1764082246412 0.7545587420463562 1465
1764082254797 0.7003173679113388 1466
1764082263219 0.7854588180780411 1467
1764082271619 0.7374261170625687 1468
1764082280019 0.7536604404449463 1469
1764082288437 0.7291613519191742 1470
1764082296806 0.7045461982488632 1471
1764082305318 0.7893093675374985 1472
1764082313685 0.6698324084281921 1473
1764082322046 0.6608645468950272 1474
1764082330480 0.7150616347789764 1475
1764082338845 0.7223863750696182 1476
1764082347263 0.7031608372926712 1477
1764082355626 0.6815903186798096 1478
1764082364001 0.7499699592590332 1479
1764082372380 0.6728928983211517 1480
1764082380766 0.7162875905632973 1481
1764082389120 0.7751141041517258 1482
1764082397488 0.7747489362955093 1483
1764082405892 0.594663456082344 1484
1764082414254 0.743350088596344 1485
1764082422655 0.7116152346134186 1486
1764082431061 0.7113417834043503 1487
1764082439489 0.6532762199640274 1488
1764082447875 0.7996663451194763 1489
1764082456230 0.6666610985994339 1490
1764082464563 0.6912825852632523 1491
1764082472978 0.7588379681110382 1492
1764082481363 0.7591980397701263 1493
1764082489737 0.6682714968919754 1494
1764082498132 0.7103485018014908 1495
1764082506505 0.7349056452512741 1496
1764082514852 0.6469239592552185 1497
1764082523209 0.6945315301418304 1498
1764082531600 0.6819245964288712 1499
1764082539976 0.7704154849052429 1500
1764082548364 0.6631610989570618 1501
1764082556767 0.6892441362142563 1502
1764082565150 0.6153556853532791 1503
1764082573507 0.6674715280532837 1504
1764082582011 0.6832526624202728 1505
1764082590496 0.7026634961366653 1506
1764082598839 0.734730064868927 1507
1764082607183 0.7173286229372025 1508
1764082615546 0.6888021007180214 1509
1764082623958 0.6822492033243179 1510
1764082632335 0.573004461824894 1511
1764082640743 0.7210367172956467 1512
1764082649159 0.7035935968160629 1513
1764082657673 0.6952613145112991 1514
1764082666027 0.7257644683122635 1515
1764082674397 0.7020638138055801 1516
1764082682756 0.7299440950155258 1517
1764082691099 0.6588185876607895 1518
1764082699494 0.7251112163066864 1519
1764082707923 0.6819986552000046 1520
1764082716324 0.6801072359085083 1521
1764082724736 0.748997762799263 1522
1764082733149 0.6620390862226486 1523
1764082741554 0.7016800194978714 1524
1764082749952 0.6768644154071808 1525
1764082758317 0.7343442589044571 1526
1764082766684 0.7016821205615997 1527
1764082775066 0.7013372480869293 1528
1764082783432 0.7276387810707092 1529
1764082791799 0.6964948624372482 1530
1764082800177 0.6823641210794449 1531
1764082808582 0.641352042555809 1532
1764082816951 0.6937923580408096 1533
1764082825303 0.7373361736536026 1534
1764082833672 0.6158470511436462 1535
1764082842116 0.6667045950889587 1536
1764082850540 0.6574734598398209 1537
1764082858925 0.7346569746732712 1538
1764082867419 0.7377108484506607 1539
1764082875809 0.694858580827713 1540
1764082884195 0.7375579327344894 1541
1764082892565 0.5698097348213196 1542
1764082900936 0.6860831081867218 1543
1764082909341 0.8111641108989716 1544
1764082917741 0.727056011557579 1545
1764082926121 0.7566329836845398 1546
1764082934554 0.6413570791482925 1547
1764082942956 0.6987567394971848 1548
1764082951320 0.7240937650203705 1549
1764082959696 0.7078255712985992 1550
1764082968082 0.7361409366130829 1551
1764082976492 0.6621873080730438 1552
1764082984877 0.7153294384479523 1553
1764082993283 0.7016485556960106 1554
1764083001655 0.7843239605426788 1555
1764083010073 0.7308181822299957 1556
1764083018478 0.7552668750286102 1557
1764083026882 0.711792916059494 1558
1764083035254 0.7487912327051163 1559
1764083043644 0.673886626958847 1560
1764083052038 0.7597420066595078 1561
1764083060401 0.7327922582626343 1562
1764083068804 0.684616208076477 1563
1764083077232 0.6447189450263977 1564
