1764069765579 0.8052044361829758 1
1764069773928 0.7914360165596008 2
1764069782318 0.8375111818313599 3
1764069790713 0.8092073798179626 4
1764069799141 0.8148219883441925 5
1764069807557 0.7871279716491699 6
1764069816020 0.7841488420963287 7
1764069824475 0.8125611990690231 8
1764069832904 0.7977530807256699 9
1764069841375 0.7955380231142044 10
1764069849849 0.8165373355150223 11
1764069858253 0.8789646029472351 12
1764069866692 0.8410304039716721 13
1764069875136 0.8278602063655853 14
1764069883583 0.8222893178462982 15
1764069892027 0.8543949723243713 16
1764069900487 0.8560908883810043 17
1764069908926 0.8330975770950317 18
1764069917327 0.7084094807505608 19
1764069925752 0.8198926746845245 20
1764069934143 0.7911642044782639 21
1764069942545 0.8120677024126053 22
1764069950973 0.8459885716438293 23
1764069959392 0.856140062212944 24
1764069967800 0.7550052553415298 25
1764069976399 0.8052921742200851 26
1764069984762 0.7521183043718338 27
1764069993141 0.8618094176054001 28
1764070001489 0.8322987705469131 29
1764070009903 0.7916692048311234 30
1764070018282 0.8637101203203201 31
1764070026683 0.8016956597566605 32
1764070035066 0.8605609834194183 33
1764070043429 0.784380242228508 34
1764070051841 0.8422982841730118 35
1764070060240 0.8130050152540207 36
1764070068634 0.8028658926486969 37
1764070077014 0.8008795529603958 38
1764070085404 0.834945559501648 39
1764070093793 0.8964018225669861 40
1764070102160 0.7487832009792328 41
1764070110565 0.8165512233972549 42
1764070118931 0.8594422191381454 43
1764070127339 0.8415469527244568 44
1764070135717 0.8391460478305817 45
1764070144155 0.8770460188388824 46
1764070152544 0.8635502606630325 47
1764070160910 0.8348902612924576 48
1764070169302 0.8192991465330124 49
1764070177665 0.8759404718875885 50
1764070186039 0.8359958976507187 51
1764070194424 0.8639686107635498 52
1764070202832 0.7748739570379257 53
1764070211184 0.8349874764680862 54
1764070219587 0.8052639365196228 55
1764070228010 0.8185496032238007 56
1764070236387 0.8768020421266556 57
1764070244793 0.8137826025485992 58
1764070253189 0.8469703048467636 59
1764070261571 0.8850331157445908 60
1764070269961 0.8645051717758179 61
1764070278328 0.7377688437700272 62
1764070286727 0.7836723476648331 63
1764070295147 0.7801801562309265 64
1764070303530 0.8647248297929764 65
1764070311916 0.8734863549470901 66
1764070320311 0.806174635887146 67
1764070328708 0.8394714891910553 68
1764070337100 0.8660017997026443 69
1764070345461 0.8785346001386642 70
1764070353890 0.840179368853569 71
1764070362458 0.8219471871852875 72
1764070370822 0.8550189882516861 73
1764070379196 0.7706321626901627 74
1764070387640 0.8549982011318207 75
1764070396019 0.8353592157363892 76
1764070404388 0.8639127761125565 77
1764070412735 0.831569105386734 78
1764070421112 0.8384806662797928 79
1764070429467 0.8808159828186035 80
1764070437811 0.8068201839923859 81
1764070446183 0.7762607783079147 82
1764070454578 0.8202680349349976 83
1764070462947 0.8389410823583603 84
1764070471312 0.8372769355773926 85
1764070479696 0.8840953856706619 86
1764070488111 0.8675306588411331 87
1764070496486 0.8048803806304932 88
1764070504871 0.8480423390865326 89
1764070513241 0.728317454457283 90
1764070521617 0.811367854475975 91
1764070529962 0.8478720039129257 92
1764070538343 0.8616737872362137 93
1764070546730 0.8587253987789154 94
1764070555101 0.8346636146306992 95
1764070563490 0.887592688202858 96
1764070571870 0.8427826017141342 97
1764070580247 0.8540197014808655 98
1764070588610 0.8876470625400543 99
1764070597001 0.8839206099510193 100
1764070605388 0.8822253346443176 101
1764070613772 0.82900670170784 102
1764070622140 0.9086544215679169 103
1764070630600 0.8850923329591751 104
1764070639020 0.8685780167579651 105
1764070647413 0.9133696258068085 106
1764070655799 0.9215243011713028 107
1764070664195 0.8255587518215179 108
1764070672575 0.8810934126377106 109
1764070680982 0.8426604568958282 110
1764070689341 0.8781554102897644 111
1764070697721 0.868960052728653 112
1764070706137 0.8727105408906937 113
1764070714514 0.8904213458299637 114
1764070722902 0.8611800670623779 115
1764070731276 0.885026678442955 116
1764070739649 0.8518572896718979 117
1764070748049 0.8703443109989166 118
1764070756439 0.847645953297615 119
1764070764833 0.8491165041923523 120
1764070773195 0.8346925675868988 121
1764070781586 0.7366603463888168 122
1764070789964 0.8450548499822617 123
1764070798357 0.8787684738636017 124
1764070806760 0.8568333983421326 125
1764070815147 0.8345863074064255 126
1764070823508 0.869164451956749 127
1764070831909 0.8495119512081146 128
1764070840284 0.899891272187233 129
1764070848773 0.8408941328525543 130
1764070857299 0.8890353441238403 131
1764070865765 0.8426212072372437 132
1764070874139 0.8964806348085403 133
1764070882519 0.8055279403924942 134
1764070890879 0.8826895505189896 135
1764070899258 0.957206517457962 136
1764070907626 0.8788650184869766 137
1764070915995 0.8662136793136597 138
1764070924351 0.7990537285804749 139
1764070932694 0.9019982516765594 140
1764070941101 0.8233673870563507 141
1764070949473 0.8596182614564896 142
1764070957854 0.8747220635414124 143
1764070966213 0.8279668986797333 144
1764070974581 0.8735208660364151 145
1764070982964 0.8092871606349945 146
1764070991352 0.8524655550718307 147
1764070999722 0.9127619415521622 148
1764071008106 0.9406718313694 149
1764071016474 0.9227192252874374 150
1764071024865 0.806220531463623 151
1764071033246 0.8064661622047424 152
1764071041623 0.8332682102918625 153
1764071050045 0.8611346632242203 154
1764071058436 0.8319457471370697 155
1764071066811 0.8734238296747208 156
1764071075192 0.8670276701450348 157
1764071083586 0.9295376390218735 158
1764071091962 0.8707243502140045 159
1764071100335 0.8190763741731644 160
1764071108706 0.8507083356380463 161
1764071117088 0.8934197276830673 162
1764071125467 0.858115091919899 163
1764071133891 0.8472595363855362 164
1764071142263 0.8450482189655304 165
1764071150617 0.9104590117931366 166
1764071158991 0.8743266612291336 167
1764071167375 0.7847612202167511 168
1764071175781 0.8441568166017532 169
1764071184162 0.8649677634239197 170
1764071192561 0.8199128210544586 171
1764071200935 0.8831201046705246 172
1764071209315 0.8644800931215286 173
1764071217903 0.8737111836671829 174
1764071226281 0.9254056215286255 175
1764071234684 0.8749148398637772 176
1764071243066 0.8187686055898666 177
1764071251441 0.8916352838277817 178
1764071259806 0.8913803696632385 179
1764071268191 0.8885838985443115 180
1764071276575 0.8749147206544876 181
1764071284947 0.8654743134975433 182
1764071293323 0.8215638846158981 183
1764071301699 0.8178221732378006 184
1764071310072 0.9017431437969208 185
1764071318460 0.8171911686658859 186
1764071326860 0.8329291790723801 187
1764071335372 0.8614082783460617 188
1764071343740 0.9072443246841431 189
1764071352115 0.8910389393568039 190
1764071360660 0.8407611697912216 191
1764071369020 0.8226089328527451 192
1764071377376 0.8655456751585007 193
1764071385740 0.8947819769382477 194
1764071394124 0.8815079778432846 195
1764071402511 0.8500908017158508 196
1764071410899 0.8432672768831253 197
1764071419292 0.8583515584468842 198
1764071427663 0.8392105102539062 199
1764071436070 0.8291226029396057 200
1764071444458 0.9335817843675613 201
1764071452842 0.8372488915920258 202
1764071461219 0.7594808638095856 203
1764071469601 0.8606421053409576 204
1764071478005 0.8740886002779007 205
1764071486385 0.8867975026369095 206
1764071494749 0.8620975613594055 207
1764071503206 0.9019865840673447 208
1764071511614 0.8803720027208328 209
1764071520044 0.7745233625173569 210
1764071528424 0.8818084597587585 211
1764071536821 0.9341482669115067 212
1764071545206 0.8400974720716476 213
1764071553584 0.88383848965168 214
1764071562018 0.8375472277402878 215
1764071570401 0.8832502067089081 216
1764071578773 0.8658109903335571 217
1764071587145 0.8740718811750412 218
1764071595491 0.7896938025951385 219
1764071603902 0.7909994721412659 220
1764071612279 0.8985319435596466 221
1764071620652 0.7814974635839462 222
1764071629032 0.929382398724556 223
1764071637465 0.8648536503314972 224
1764071645840 0.8358190655708313 225
1764071654241 0.8966536372900009 226
1764071662635 0.861788272857666 227
1764071671020 0.9077576249837875 228
1764071679401 0.8814898729324341 229
1764071687882 0.8346274495124817 230
1764071696245 0.877424567937851 231
1764071704617 0.842578575015068 232
1764071713159 0.8426651805639267 233
1764071721530 0.9146805554628372 234
1764071729901 0.9080198705196381 235
1764071738278 0.8868591785430908 236
1764071746663 0.8754576295614243 237
1764071755039 0.8706707805395126 238
1764071763397 0.9518505185842514 239
1764071771762 0.920837864279747 240
1764071780118 0.9640945941209793 241
1764071788534 0.8413649946451187 242
1764071796908 0.8740727454423904 243
1764071805277 0.8888293504714966 244
1764071813666 0.8715573847293854 245
1764071822016 0.9153560549020767 246
1764071830374 0.8944647163152695 247
1764071838818 0.833088219165802 248
1764071847163 0.8736705183982849 249
1764071855529 0.8780143111944199 250
1764071863925 0.892420619726181 251
1764071872294 0.881035566329956 252
1764071880687 0.9292595386505127 253
1764071889119 0.8779983967542648 254
1764071897505 0.8262821137905121 255
1764071905897 0.8514590561389923 256
1764071914301 0.8477448672056198 257
1764071922683 0.822036549448967 258
1764071931063 0.9524573981761932 259
1764071939404 0.8918830752372742 260
1764071947772 0.859680101275444 261
1764071956205 0.8902808576822281 262
1764071964592 0.8260772228240967 263
1764071973064 0.9198267608880997 264
1764071981429 0.8701040148735046 265
1764071989793 0.8844528645277023 266
1764071998314 0.9172131717205048 267
1764072006684 0.9359656274318695 268
1764072015066 0.8445001095533371 269
1764072023481 0.8487419337034225 270
1764072031887 0.8935247361660004 271
1764072040258 0.9370375573635101 272
1764072048594 0.9022711366415024 273
1764072056961 0.9286610633134842 274
1764072065338 0.8728117793798447 275
1764072073699 0.885934367775917 276
1764072082074 0.8227696865797043 277
1764072090466 0.8437680155038834 278
1764072098869 0.8387741893529892 279
1764072107277 0.8522376269102097 280
1764072115674 0.8876618444919586 281
1764072124051 0.9401139467954636 282
1764072132405 0.841726616024971 283
1764072140835 0.8294623345136642 284
1764072149195 0.8465464115142822 285
1764072157554 0.8143000155687332 286
1764072165962 0.7930827289819717 287
1764072174347 0.8633266985416412 288
1764072182753 0.8842240124940872 289
1764072191133 0.8683721125125885 290
1764072199519 0.8971082419157028 291
1764072207895 0.9212651401758194 292
1764072216260 0.844775527715683 293
1764072224636 0.8537316918373108 294
1764072233025 0.8997707813978195 295
1764072241453 0.8618244081735611 296
1764072249869 0.8955443203449249 297
1764072258230 0.8857731074094772 298
1764072266623 0.8711152821779251 299
1764072274998 0.8572404086589813 300
1764072283350 0.947088360786438 301
1764072291712 0.8621122390031815 302
1764072300104 0.8803315162658691 303
1764072308539 0.8127502501010895 304
1764072316937 0.9467517286539078 305
1764072325296 0.8831608891487122 306
1764072333659 0.9081607609987259 307
1764072342059 0.8562138378620148 308
1764072350437 0.897536113858223 309
1764072358824 0.8779467642307281 310
1764072367293 0.8352480232715607 311
1764072375668 0.9435189068317413 312
1764072440187 0.8614679127931595 314
1764072448601 0.8907116651535034 315
1764072456985 0.8474681824445724 316
1764072465366 0.8452458530664444 317
1764072473753 0.8347299546003342 318
1764072482157 0.9251980185508728 319
1764072490529 0.8827124834060669 320
1764072498917 0.883736252784729 321
1764072507306 0.8177304863929749 322
1764072515755 0.8843295872211456 323
1764072524175 0.908092126250267 324
1764072532559 0.7899705469608307 325
1764072540962 0.820016622543335 326
1764072549348 0.8330503106117249 327
1764072557752 0.8496189415454865 328
1764072566186 0.9177344888448715 329
1764072574569 0.9305066019296646 330
1764072582961 0.8766322433948517 331
1764072591391 0.9159880429506302 332
1764072599836 0.8257785141468048 333
1764072608217 0.925183892250061 334
1764072616572 0.8691692501306534 335
1764072624970 0.9019522666931152 336
1764072633342 0.8965964317321777 337
1764072641714 0.8913522362709045 338
1764072650116 0.8788747787475586 339
1764072658515 0.8261008709669113 340
1764072666902 0.9422397166490555 341
1764072675282 0.9326023906469345 342
1764072683645 0.8714765012264252 343
1764072692179 0.890776738524437 344
1764072700553 0.9059945195913315 345
1764072708917 0.869539350271225 346
1764072717289 0.8598172515630722 347
1764072725697 0.8749683350324631 348
1764072734057 0.8786105215549469 349
1764072742412 0.8504149466753006 350
1764072750760 0.859438106417656 351
1764072759150 0.8880793452262878 352
1764072767561 0.8859256953001022 353
1764072775960 0.8615396469831467 354
1764072784368 0.8517122268676758 355
1764072792749 0.8888978660106659 356
1764072801138 0.7910655438899994 357
1764072809512 0.8187329918146133 358
1764072817936 0.8891589492559433 359
1764072826318 0.8177348375320435 360
1764072834679 0.8387780040502548 361
1764072843104 0.7863562852144241 362
1764072851483 0.8453300148248672 363
1764072859881 0.8355315029621124 364
1764072868272 0.9397414177656174 365
1764072876648 0.8758419901132584 366
1764072885174 0.8184582591056824 367
1764072893558 0.8586712032556534 368
1764072901949 0.8264316022396088 369
1764072910324 0.8694453239440918 370
1764072918693 0.8619707375764847 371
1764072927258 0.8739525228738785 372
1764072935616 0.8704946637153625 373
1764072943996 0.9040384441614151 374
1764072952425 0.8480227887630463 375
1764072960819 0.8659787327051163 376
1764072969227 0.8633436411619186 377
1764072977622 0.8205369859933853 378
1764072986000 0.8635226190090179 379
1764072994376 0.8450777381658554 380
1764073002746 0.8860875517129898 381
1764073011150 0.8839319497346878 382
1764073019528 0.9047562181949615 383
1764073027928 0.8643428385257721 384
1764073036334 0.8757271021604538 385
1764073044716 0.9288698434829712 386
1764073053157 0.8778205811977386 387
1764073061522 0.8639872670173645 388
1764073069925 0.8991745263338089 389
1764073078327 0.8353236615657806 390
1764073086694 0.9403463900089264 391
1764073095111 0.8330711871385574 392
1764073103493 0.8717079907655716 393
1764073111878 0.8827296644449234 394
1764073120238 0.904940664768219 395
1764073128621 0.8478385657072067 396
1764073137013 0.8842272311449051 397
1764073145432 0.7773659974336624 398
1764073153833 0.8144799321889877 399
1764073162242 0.9396508932113647 400
1764073170621 0.8856240808963776 401
1764073178962 0.8851508945226669 402
1764073187327 0.8894670903682709 403
1764073195727 0.8831553906202316 404
1764073204099 0.8602312356233597 405
1764073212480 0.7915281504392624 406
1764073220868 0.887648269534111 407
1764073229250 0.9522832930088043 408
1764073237646 0.8227091431617737 409
1764073246050 0.8563394546508789 410
1764073254443 0.9015795737504959 411
1764073262841 0.8608390092849731 412
1764073271246 0.8847685009241104 413
1764073279608 0.9317910373210907 414
1764073287973 0.8813584297895432 415
1764073296443 0.8721754103899002 416
1764073304810 0.9200405478477478 417
1764073313182 0.9049913883209229 418
1764073321547 0.8565194010734558 419
1764073329930 0.8461497575044632 420
1764073338317 0.8266647011041641 421
1764073346683 0.9326405227184296 422
1764073355060 0.8112671375274658 423
1764073363415 0.8582442849874496 424
1764073371781 0.889173611998558 425
1764073380334 0.8772339969873428 426
1764073388732 0.8432046324014664 427
1764073397091 0.8724066764116287 428
1764073405495 0.8680153340101242 429
1764073413935 0.8116102516651154 430
1764073422366 0.9816963970661163 431
1764073430918 0.9123369455337524 432
1764073439307 0.8655590265989304 433
1764073447675 0.9893732368946075 434
1764073456041 0.8330808728933334 435
1764073464405 0.9129590541124344 436
1764073472787 0.922794297337532 437
1764073481159 0.8794224262237549 438
1764073489575 0.8849112540483475 439
1764073497956 0.886510506272316 440
1764073506319 0.8326844424009323 441
1764073514717 0.9192633628845215 442
1764073523098 0.8258917182683945 443
1764073531499 0.8642520755529404 444
1764073539887 0.842960774898529 445
1764073548265 0.9807543009519577 446
1764073556622 0.8724130839109421 447
1764073565129 0.7980831861495972 448
1764073573504 0.9082661271095276 449
1764073581876 0.8605491816997528 450
1764073590236 0.866317868232727 451
1764073598639 0.9032625257968903 452
1764073607035 0.8581535071134567 453
1764073615417 0.9482624530792236 454
1764073623831 0.8668449223041534 455
1764073632248 0.8296988159418106 456
1764073640632 0.9145315140485764 457
1764073649028 0.8183036744594574 458
1764073657411 0.8498006761074066 459
1764073665793 0.8379214107990265 460
1764073674197 0.8669785261154175 461
1764073682618 0.8685294538736343 462
1764073690982 0.8504544794559479 463
1764073699377 0.8658085763454437 464
1764073707780 0.8133110255002975 465
1764073716185 0.8758905977010727 466
1764073724544 0.8169598132371902 467
1764073733053 0.8930252492427826 468
1764073741431 0.8988800048828125 469
1764073749806 0.8975462019443512 470
1764073758211 0.8596919924020767 471
1764073766574 0.8486721813678741 472
1764073774952 0.8418337106704712 473
1764073783524 0.8029588162899017 474
1764073791892 0.9133797883987427 475
1764073800232 0.8890063315629959 476
1764073808628 0.8770886659622192 477
1764073817001 0.9307955354452133 478
1764073825364 0.8516678065061569 479
1764073833746 0.8877947330474854 480
1764073842171 0.8683185875415802 481
1764073850562 0.8500109910964966 482
1764073858921 0.9528461843729019 483
1764073867272 0.8767188489437103 484
1764073875637 0.914385125041008 485
1764073884041 0.9179870337247849 486
1764073892454 0.8134702146053314 487
1764073900829 0.8445155918598175 488
1764073909205 0.9219672232866287 489
1764073917619 0.8714234232902527 490
1764073925976 0.8994784653186798 491
1764073934346 0.8798868507146835 492
1764073942715 0.8454797565937042 493
1764073951105 0.9389377981424332 494
1764073959467 0.918303444981575 495
1764073967855 0.8454764038324356 496
1764073976192 0.9023597687482834 497
1764073984592 0.9106584638357162 498
1764073992983 0.7800108194351196 499
1764074001331 0.8865559697151184 500
1764074009838 0.8164740651845932 501
1764074018189 0.8742680251598358 502
1764074026571 0.9042123258113861 503
1764074034976 0.8876957148313522 504
1764074043357 0.929656445980072 505
1764074051731 0.8431567996740341 506
1764074060284 0.873956635594368 507
1764074068795 0.8840263038873672 508
1764074077164 0.8424096405506134 509
1764074085583 0.8613490611314774 510
1764074093958 0.8691594898700714 511
1764074102397 0.8734168112277985 512
1764074110803 0.9287125766277313 513
1764074119192 0.8357712030410767 514
1764074127565 0.8403602242469788 515
1764074135960 0.9219975173473358 516
1764074144355 0.8465058505535126 517
1764074152753 0.903160884976387 518
1764074161163 0.9207759648561478 519
1764074169537 0.9754323363304138 520
1764074177932 0.850350096821785 521
1764074186307 0.9314146190881729 522
1764074194708 0.7757367491722107 523
1764074203108 0.8776780068874359 524
1764074211484 0.8398347795009613 525
1764074219876 0.869618758559227 526
1764074228229 0.8811046630144119 527
1764074236662 0.8564946800470352 528
1764074245041 0.9043027609586716 529
1764074253413 0.930398017168045 530
1764074261822 0.868200495839119 531
1764074270194 0.8669061064720154 532
1764074278579 0.9447557330131531 533
1764074286976 0.8937410414218903 534
1764074295362 0.817371591925621 535
1764074303744 0.9130480289459229 536
1764074312146 0.8406671583652496 537
1764074320521 0.8927869200706482 538
1764074328927 0.9492457807064056 539
1764074337333 0.9506722092628479 540
1764074345700 0.896277442574501 541
1764074354100 0.9248097538948059 542
1764074362466 0.909818172454834 543
1764074370832 0.8636192828416824 544
1764074379198 0.8785255998373032 545
1764074387591 0.8913349956274033 546
1764074395972 0.8766588121652603 547
1764074404342 0.8939746171236038 548
1764074412718 0.9037676751613617 549
1764074421262 0.844774529337883 550
1764074429650 0.7889457792043686 551
1764074438029 0.9022892117500305 552
1764074446425 0.9105609208345413 553
1764074454801 0.8956786692142487 554
1764074463169 0.8547007292509079 555
1764074471556 0.8721961379051208 556
1764074479935 0.8857477754354477 557
1764074488343 0.8928245604038239 558
1764074496741 0.9232175201177597 559
1764074505132 0.8332667499780655 560
1764074513510 0.9824964255094528 561
1764074521894 0.9345863610506058 562
1764074530256 0.8533658087253571 563
1764074538644 0.8667876571416855 564
1764074547029 0.8823503404855728 565
1764074555438 0.8295004218816757 566
1764074563819 0.8685135692358017 567
1764074572195 0.8923858106136322 568
1764074580613 0.8793723732233047 569
1764074589005 0.8774385899305344 570
1764074597394 0.9169171154499054 571
1764074605775 0.8917172998189926 572
1764074614151 0.8458924442529678 573
1764074622559 0.9137241244316101 574
1764074630949 0.9829372614622116 575
1764074639348 0.8667008280754089 576
1764074647746 0.9573263674974442 577
1764074656156 0.9503627121448517 578
1764074664545 0.797158807516098 579
1764074672917 0.9086096733808517 580
1764074681316 0.841803178191185 581
1764074689706 0.901953935623169 582
1764074698197 0.982827439904213 583
1764074706601 0.8803831189870834 584
1764074715030 0.8761894255876541 585
1764074723431 0.8501464873552322 586
1764074731814 0.8934034556150436 587
1764074740240 0.8548375517129898 588
1764074748612 0.9410308599472046 589
1764074757017 0.8637726306915283 590
1764074765385 0.9184028506278992 591
1764074773768 0.9299785643815994 592
1764074782157 0.9357158094644547 593
1764074790547 0.8921542912721634 594
1764074798959 0.8850263506174088 595
1764074807394 0.863561674952507 596
1764074815801 0.914163276553154 597
1764074824166 0.894262045621872 598
1764074832531 0.8483825922012329 599
1764074840932 0.9192116409540176 600
1764074849341 0.8641514331102371 601
1764074857701 0.8803001344203949 602
1764074866127 0.8652701377868652 603
1764074874512 0.9473004043102264 604
1764074882968 0.8656308054924011 605
1764074891341 0.8476620763540268 606
1764074899732 0.8371831923723221 607
1764074908138 0.9124892354011536 608
1764074916513 0.9321034848690033 609
1764074924906 0.9243570119142532 610
1764074933318 0.8767606914043427 611
1764074941813 0.9480167031288147 612
1764074950168 0.8748103529214859 613
1764074958600 0.8179758787155151 614
1764074966956 0.9346568733453751 615
1764074975326 0.7762079834938049 616
1764074983706 0.8913524448871613 617
1764074992075 0.8652919679880142 618
1764075000463 0.8755413591861725 619
1764075008848 0.8318527340888977 620
1764075017236 0.9282281398773193 621
1764075025610 0.9068957269191742 622
1764075034044 0.8649750202894211 623
1764075042400 0.8206949084997177 624
1764075050764 0.8825603425502777 625
1764075115339 0.8638954013586044 627
1764075123707 0.7895505875349045 628
1764075132045 0.9008313864469528 629
1764075140422 0.8169574290513992 630
1764075148775 0.8672026991844177 631
1764075157132 0.8236902952194214 632
1764075165510 0.9180665165185928 633
1764075173867 0.9606063663959503 634
1764075182262 0.8658732026815414 635
1764075190659 0.936361700296402 636
1764075199066 0.8838087916374207 637
1764075207527 0.9302274882793427 638
1764075215939 0.8811546266078949 639
1764075224317 0.8635549247264862 640
1764075232709 0.8070590496063232 641
1764075241072 0.8651041686534882 642
1764075249483 0.8708919882774353 643
1764075257925 0.8616817146539688 644
1764075266672 0.902715265750885 645
1764075275058 0.8600946515798569 646
1764075283422 0.8559336066246033 647
1764075291783 0.9003462493419647 648
1764075300183 0.8080118596553802 649
1764075308601 0.912962019443512 650
1764075316965 0.8366663008928299 651
1764075325361 0.9120877385139465 652
1764075333915 0.8649502545595169 653
1764075342264 0.9215703159570694 654
1764075350671 0.8847222626209259 655
1764075359038 0.8625240176916122 656
1764075367632 0.9185886979103088 657
1764075375980 0.7879255414009094 658
1764075384339 0.9109876900911331 659
1764075392725 0.904756173491478 660
1764075401094 0.8632588386535645 661
1764075409502 0.9330543577671051 662
1764075417871 0.8638076186180115 663
1764075426291 0.849063977599144 664
1764075434671 0.9067592322826385 665
1764075443103 0.8529309928417206 666
1764075451522 0.9027328938245773 667
1764075459920 0.9071174561977386 668
1764075468299 0.866127222776413 669
1764075476695 0.8845668137073517 670
1764075485088 0.8666116148233414 671
1764075493495 0.8648997843265533 672
1764075501876 0.8852251917123795 673
1764075510254 0.8897333592176437 674
1764075518618 0.8512358069419861 675
1764075526983 0.8755027055740356 676
1764075535406 0.8855879008769989 677
1764075543786 0.8562954366207123 678
1764075552211 0.9143687188625336 679
1764075560571 0.8860003054141998 680
1764075568997 0.9274313449859619 681
1764075577390 0.9095032513141632 682
1764075585758 0.9290660917758942 683
1764075594142 0.8993795812129974 684
1764075602550 0.845779076218605 685
1764075611023 0.941129744052887 686
1764075619420 0.8803034573793411 687
1764075627795 0.8689234852790833 688
1764075636172 0.8736342340707779 689
1764075644548 0.8477131873369217 690
1764075653059 0.8384186327457428 691
1764075661436 0.8685345202684402 692
1764075669824 0.8182257413864136 693
1764075678222 0.9036567509174347 694
1764075686627 0.8586690127849579 695
1764075695005 0.8962498158216476 696
1764075703461 0.9073774218559265 697
1764075711817 0.9564845412969589 698
1764075720177 0.9149954915046692 699
1764075728535 0.9228305965662003 700
1764075736896 0.954051211476326 701
1764075745265 0.9060489684343338 702
1764075753619 0.9261528253555298 703
1764075761981 0.8557508438825607 704
1764075770371 0.8840523064136505 705
1764075778753 0.8607018887996674 706
1764075787134 0.8479683846235275 707
1764075795528 1.0008366852998734 708
1764075803915 0.806122362613678 709
1764075812324 0.8633057326078415 710
1764075820689 0.8692489713430405 711
1764075829047 0.9564436674118042 712
1764075837452 0.840880423784256 713
1764075845854 0.9139810353517532 714
1764075854233 0.8923792988061905 715
1764075862628 0.9537859857082367 716
1764075871007 0.9057546257972717 717
1764075879394 0.9475777745246887 718
1764075887779 0.8951980769634247 719
1764075896171 0.8533323109149933 720
1764075904560 0.8921067118644714 721
1764075912941 0.856394425034523 722
1764075921290 0.8128281235694885 723
1764075929678 0.8713680058717728 724
1764075938063 0.8903416842222214 725
1764075946430 0.913672998547554 726
1764075954869 0.878583699464798 727
1764075963228 0.8817954957485199 728
1764075971630 0.8978457003831863 729
1764075980016 0.8262833803892136 730
1764075988384 0.9061778038740158 731
1764075996789 0.905673161149025 732
1764076005140 0.9410966336727142 733
1764076013540 0.8789951950311661 734
1764076021953 0.9626916497945786 735
1764076030364 0.9321391731500626 736
1764076038748 0.954555481672287 737
1764076047132 0.9130920022726059 738
1764076055521 0.8946054577827454 739
1764076063907 0.8830854743719101 740
1764076072271 0.9070288687944412 741
1764076080641 0.9969996213912964 742
1764076089062 0.870843917131424 743
1764076097441 0.9002958983182907 744
1764076105835 0.8734421879053116 745
1764076114222 0.8087035566568375 746
1764076122606 0.8814669549465179 747
1764076131095 0.832808330655098 748
1764076139466 0.880138173699379 749
1764076147852 0.872929260134697 750
1764076156217 0.8715113252401352 751
1764076164570 0.9531471282243729 752
1764076172947 0.9017385989427567 753
1764076181318 0.8079772144556046 754
1764076189700 0.8912578970193863 755
1764076198092 0.8826635330915451 756
1764076206467 0.9087902754545212 757
1764076214841 0.8992961347103119 758
1764076223227 0.8291127234697342 759
1764076231615 0.9205433428287506 760
1764076239999 0.8922934830188751 761
1764076248363 0.8074118196964264 762
1764076256740 0.8259167969226837 763
1764076265124 0.8881310820579529 764
1764076273497 0.8635934144258499 765
1764076281940 0.865485817193985 766
1764076290322 0.8463948965072632 767
1764076298665 0.9604685455560684 768
1764076307056 0.8558783084154129 769
1764076315459 0.9226496368646622 770
1764076323831 0.8103660047054291 771
1764076332246 0.9241571426391602 772
1764076340608 0.8844250589609146 773
1764076349007 0.9568899720907211 774
1764076357419 0.8520446270704269 775
1764076365780 0.8947635442018509 776
1764076374172 0.9043777734041214 777
1764076382560 0.9492169767618179 778
1764076390933 0.9624226540327072 779
1764076399329 0.8894028663635254 780
1764076407699 0.9174492210149765 781
1764076416072 0.8934775292873383 782
1764076424451 0.8900880217552185 783
1764076432843 0.9387460649013519 784
1764076441242 0.8596720993518829 785
1764076449624 0.8883075416088104 786
1764076458012 0.9238714128732681 787
1764076466394 0.805022120475769 788
1764076474775 0.8470231890678406 789
1764076483257 0.8934550881385803 790
1764076491636 0.7753050476312637 791
1764076499995 0.9132848381996155 792
1764076508455 0.8899676650762558 793
1764076516824 0.9122673273086548 794
1764076525203 0.8607908189296722 795
1764076533705 0.8885599672794342 796
1764076542089 0.9386051446199417 797
1764076550442 0.8642719686031342 798
1764076558795 0.9487342238426208 799
1764076567144 0.8609763085842133 800
1764076575513 0.9678124636411667 801
1764076583968 0.9378281384706497 802
1764076592343 0.9093031883239746 803
1764076600709 0.8793396800756454 804
1764076609063 0.8257733732461929 805
1764076617438 0.866628959774971 806
1764076625812 0.8825261741876602 807
1764076634321 0.9255630522966385 808
1764076642712 0.8673488348722458 809
1764076651094 0.8205066919326782 810
1764076659463 0.8654440939426422 811
1764076667844 0.8941805362701416 812
1764076676256 0.9144974648952484 813
1764076684649 0.908928632736206 814
1764076693004 0.8629509061574936 815
1764076701385 0.899820551276207 816
1764076709741 0.9669693559408188 817
1764076718135 0.9377443194389343 818
1764076726476 0.8724229633808136 819
1764076734831 0.921146884560585 820
1764076743216 0.8671704977750778 821
1764076751624 0.872341200709343 822
1764076760010 0.9253308922052383 823
1764076768376 0.859487310051918 824
1764076776797 0.8581184595823288 825
1764076785170 0.9133005291223526 826
1764076793575 0.9049401432275772 827
1764076801980 0.9073461592197418 828
1764076810360 0.9420739710330963 829
1764076818735 0.8040850013494492 830
1764076827093 0.8935431689023972 831
1764076835538 0.9426548629999161 832
1764076843921 0.9091090261936188 833
1764076852336 0.8869514614343643 834
1764076860677 0.8973107039928436 835
1764076869033 0.8879401236772537 836
1764076877393 0.8843052387237549 837
1764076885771 0.9213277995586395 838
1764076894189 0.8715438544750214 839
1764076902552 0.8923541158437729 840
1764076910931 0.8938005566596985 841
1764076919333 0.8483938276767731 842
1764076927723 0.9416723847389221 843
1764076936135 0.8130427151918411 844
1764076944503 0.9327096045017242 845
1764076952908 0.8586785644292831 846
1764076961286 0.8315284848213196 847
1764076969785 0.8717580288648605 848
1764076978189 0.9928529113531113 849
1764076986696 0.9451273381710052 850
1764076995063 0.9162745028734207 851
1764077003419 0.9110000282526016 852
1764077011791 0.8774306029081345 853
1764077020175 0.8542964309453964 854
1764077028573 0.8973878622055054 855
1764077037110 0.9235831499099731 856
1764077045504 0.8531741201877594 857
1764077053885 0.8710830509662628 858
1764077062239 0.7742241621017456 859
1764077070628 0.8858940601348877 860
1764077078999 0.8180191814899445 861
1764077087376 0.8537567555904388 862
1764077095769 0.9253046065568924 863
1764077104148 0.8657448291778564 864
1764077112557 0.9004400670528412 865
1764077120961 0.8824803829193115 866
1764077129339 0.8345591276884079 867
1764077137729 0.8507862538099289 868
1764077146090 0.9952227920293808 869
1764077154482 0.8888137191534042 870
1764077162859 0.916186660528183 871
1764077171247 0.8463322222232819 872
1764077179653 0.8749977797269821 873
1764077188044 0.8915507346391678 874
1764077196455 0.8541988134384155 875
1764077204835 0.8797706514596939 876
1764077213190 0.8467770963907242 877
1764077221548 0.8714365661144257 878
1764077229956 0.9132389277219772 879
1764077238348 0.9039069414138794 880
1764077246752 0.9064450562000275 881
1764077255142 0.8405493497848511 882
1764077263553 0.9259021133184433 883
1764077272012 0.9264999330043793 884
1764077280390 0.853933185338974 885
1764077288761 0.904934823513031 886
1764077297175 0.8966279178857803 887
1764077305539 0.8958753049373627 888
1764077313940 0.868887647986412 889
1764077322445 0.8533240705728531 890
1764077330882 0.9628930538892746 891
1764077339267 0.9167322814464569 892
1764077347650 0.8529599457979202 893
1764077356051 0.8890415579080582 894
1764077364423 0.8727713823318481 895
1764077372789 0.9824320375919342 896
1764077381164 0.9227515161037445 897
1764077389688 0.8759955912828445 898
1764077398113 0.8543490469455719 899
1764077406526 0.9157095849514008 900
1764077414895 0.887673556804657 901
1764077423255 0.9756424278020859 902
1764077431639 0.9072476923465729 903
1764077440025 0.9188521206378937 904
1764077448391 0.876830130815506 905
1764077456767 0.9554474949836731 906
1764077465138 0.8512301743030548 907
1764077473538 0.9734364151954651 908
1764077481919 0.9435936808586121 909
1764077490301 0.88544562458992 910
1764077498736 0.9344929456710815 911
1764077507107 0.8907519578933716 912
1764077515515 0.8272818922996521 913
1764077523868 0.8449697643518448 914
1764077532311 0.9635079950094223 915
1764077540726 0.9693380892276764 916
1764077549141 0.8637912720441818 917
1764077557535 0.8348267078399658 918
1764077565926 0.9473516643047333 919
1764077574312 0.8280267864465714 920
1764077582680 0.8717363327741623 921
1764077591059 0.9076090157032013 922
1764077599449 0.8895629048347473 923
1764077607939 0.8849723786115646 924
1764077616328 0.9173499792814255 925
1764077624725 0.8794269859790802 926
1764077633112 0.8278695195913315 927
1764077641504 0.9786151498556137 928
1764077649883 0.8609749376773834 929
1764077658239 0.9232863932847977 930
1764077666765 0.8688967227935791 931
1764077675181 0.839676171541214 932
1764077683614 0.8360487669706345 933
1764077691982 0.9287402033805847 934
1764077700373 0.899289682507515 935
1764077708766 0.8819126039743423 936
1764077717162 0.8493347316980362 937
1764077725525 0.9422033131122589 938
1764077790154 0.9034957736730576 940
1764077798561 0.892977774143219 941
1764077806921 0.8596830815076828 942
1764077815279 0.8499228209257126 943
1764077823712 0.8285350501537323 944
1764077832108 0.9648153781890869 945
1764077840509 0.9208941459655762 946
1764077848907 0.867825835943222 947
1764077857310 0.8507637828588486 948
1764077865711 0.953558474779129 949
1764077874115 0.9215450584888458 950
1764077882560 0.9130340963602066 951
1764077890953 0.8093950748443604 952
1764077899377 0.8505221605300903 953
1764077907924 0.9308130592107773 954
1764077916374 0.8313724249601364 955
1764077924755 0.8890955448150635 956
1764077933157 0.8626989722251892 957
1764077941544 0.9677190035581589 958
1764077949934 0.9019352346658707 959
1764077958345 0.9148962050676346 960
1764077966735 0.8707471936941147 961
1764077975141 0.905489519238472 962
1764077983539 0.8747039586305618 963
1764077991994 0.8201442360877991 964
1764078000354 0.8649041950702667 965
1764078008721 0.8360163122415543 966
1764078017090 0.8597438633441925 967
1764078025466 0.8792973309755325 968
1764078033869 0.8491825610399246 969
1764078042255 0.9079657196998596 970
1764078050700 0.9373970925807953 971
1764078059082 0.8189171254634857 972
1764078067465 0.8779503554105759 973
1764078075882 0.8650617301464081 974
1764078084282 0.9059616774320602 975
1764078092656 0.9217628836631775 976
1764078101062 0.9038531482219696 977
1764078109460 0.8784974813461304 978
1764078117847 0.9057662785053253 979
1764078126246 0.8764291405677795 980
1764078134663 0.9059566706418991 981
1764078143066 0.8788768649101257 982
1764078151425 0.8461598008871078 983
1764078159803 0.9058084189891815 984
1764078168169 0.8918833285570145 985
1764078176569 1.0348023623228073 986
1764078184979 0.8401825577020645 987
1764078193525 0.8828204721212387 988
1764078201939 0.9615441411733627 989
1764078210334 0.9627769887447357 990
1764078218732 0.9017921090126038 991
1764078227163 0.9355769902467728 992
1764078235553 0.8995004594326019 993
1764078243941 0.9090220183134079 994
1764078252288 0.9202518463134766 995
1764078260655 0.9083273410797119 996
1764078269053 0.8838695883750916 997
1764078277439 0.924666553735733 998
1764078285849 0.8477664589881897 999
1764078294263 0.9466541707515717 1000
1764078302660 0.871315523982048 1001
1764078311055 0.8637250512838364 1002
1764078319440 0.8883965611457825 1003
1764078327821 0.8581634610891342 1004
1764078336170 0.8595991134643555 1005
1764078344566 0.8784506469964981 1006
1764078353019 0.8667069673538208 1007
1764078361407 0.8923627734184265 1008
1764078369779 0.9253758788108826 1009
1764078378149 0.8565959334373474 1010
1764078386530 0.9192031472921371 1011
1764078394944 0.8344927132129669 1012
1764078403333 0.8386444300413132 1013
1764078411738 0.8400188982486725 1014
1764078420136 0.9493321627378464 1015
1764078428534 0.931095227599144 1016
1764078436887 0.8612611889839172 1017
1764078445292 0.9900396317243576 1018
1764078453681 0.8762960433959961 1019
1764078462053 0.8670777827501297 1020
1764078470465 0.9688914120197296 1021
1764078478861 0.8743251115083694 1022
1764078487242 0.9266065955162048 1023
1764078495650 0.8728761374950409 1024
1764078504071 0.9059515744447708 1025
1764078512435 0.8664546310901642 1026
1764078520815 0.9458184093236923 1027
1764078529195 0.9075411856174469 1028
1764078537575 0.9245431274175644 1029
1764078546066 0.8842304050922394 1030
1764078554457 0.8885042071342468 1031
1764078562864 0.9126006960868835 1032
1764078571254 0.9583322703838348 1033
1764078579656 0.8836866468191147 1034
1764078588248 0.8264856934547424 1035
1764078596604 0.9185805171728134 1036
1764078604967 0.9133062660694122 1037
1764078613346 0.9016708880662918 1038
1764078621757 0.8821800947189331 1039
1764078630144 0.8811326324939728 1040
1764078638526 0.9204684942960739 1041
1764078646905 0.8982715457677841 1042
1764078655334 0.8803483247756958 1043
1764078663684 0.8899469524621964 1044
1764078672067 0.8423764407634735 1045
1764078680437 0.8862408846616745 1046
1764078688837 0.9186985492706299 1047
1764078697261 0.890179306268692 1048
1764078705595 0.9345709830522537 1049
1764078713974 0.8280215114355087 1050
1764078722395 0.8912174105644226 1051
1764078730775 0.8563508242368698 1052
1764078739138 0.8603337407112122 1053
1764078747535 0.8748971968889236 1054
1764078755916 0.9556171596050262 1055
1764078764302 0.8898981809616089 1056
1764078772680 0.8978263586759567 1057
1764078781172 0.9027466177940369 1058
1764078789572 0.8649424910545349 1059
1764078797939 0.9229472428560257 1060
1764078806345 0.8674968332052231 1061
1764078814740 0.9595588892698288 1062
1764078823173 0.874593660235405 1063
1764078831665 0.8578579276800156 1064
1764078840038 0.9312098324298859 1065
1764078848416 0.9263944774866104 1066
1764078856787 0.870346799492836 1067
1764078865160 0.8019495904445648 1068
1764078873557 0.9066038876771927 1069
1764078881922 0.9151238799095154 1070
1764078890306 0.9320977032184601 1071
1764078898676 0.8862317651510239 1072
1764078907061 0.8809814751148224 1073
1764078915416 0.9217907935380936 1074
1764078923771 0.9592984467744827 1075
1764078932161 0.8505247235298157 1076
1764078940539 0.9095542877912521 1077
1764078948968 0.9288094341754913 1078
1764078957349 0.9497453272342682 1079
1764078965747 0.8843518048524857 1080
1764078974133 0.9133851379156113 1081
1764078982524 0.8961994498968124 1082
1764078990925 0.8810353130102158 1083
1764078999343 0.8783142119646072 1084
1764079007742 0.8649547547101974 1085
1764079016171 0.9098524004220963 1086
1764079024581 0.8703237175941467 1087
1764079032973 0.8816225230693817 1088
1764079041369 0.9661130160093307 1089
1764079049742 0.9121244251728058 1090
1764079058124 0.8606192022562027 1091
1764079066542 0.9289414137601852 1092
1764079074932 0.8847203701734543 1093
1764079083317 0.9123175889253616 1094
1764079091923 0.8497451096773148 1095
1764079100299 0.8648268133401871 1096
1764079108694 0.7908527106046677 1097
1764079117106 0.9025319069623947 1098
1764079125485 0.9080735296010971 1099
1764079133861 0.982122153043747 1100
1764079142264 0.9549278020858765 1101
1764079150648 0.9482431709766388 1102
1764079159046 0.9489966779947281 1103
1764079167443 0.9047606885433197 1104
1764079175826 0.8645042181015015 1105
1764079184263 0.9139935374259949 1106
1764079192642 0.813491940498352 1107
1764079201076 0.8834080100059509 1108
1764079209446 0.9544036388397217 1109
1764079217835 0.8959877341985703 1110
1764079226218 0.9544841200113297 1111
1764079234631 0.8679568767547607 1112
1764079243002 0.974856361746788 1113
1764079251388 0.911068856716156 1114
1764079259781 0.9902571737766266 1115
1764079268181 0.959727942943573 1116
1764079276559 0.8717889189720154 1117
1764079285073 0.9680384397506714 1118
1764079293448 0.8322871923446655 1119
1764079301820 0.8190228641033173 1120
1764079310228 0.918527826666832 1121
1764079318618 0.951930433511734 1122
1764079327036 0.9120296239852905 1123
1764079335443 0.9101441949605942 1124
1764079343802 0.9297916442155838 1125
1764079352187 0.8661369234323502 1126
1764079360548 0.85460564494133 1127
1764079368922 0.943353071808815 1128
1764079377303 0.9429246783256531 1129
1764079385676 0.8713077157735825 1130
1764079394040 0.9156690239906311 1131
1764079402468 0.884156659245491 1132
1764079410861 0.8678354769945145 1133
1764079419242 0.9054723829030991 1134
1764079427608 0.8757317513227463 1135
1764079435988 0.8230001926422119 1136
1764079444524 0.9211876690387726 1137
1764079452935 0.8840858936309814 1138
1764079461316 0.9637228101491928 1139
1764079469682 0.8603312969207764 1140
1764079478044 0.8340843170881271 1141
1764079486446 0.8426393568515778 1142
1764079494814 0.8073370009660721 1143
1764079503226 0.9509992897510529 1144
1764079511601 0.8800340890884399 1145
1764079519979 0.8827527910470963 1146
1764079528380 0.9443571269512177 1147
1764079536786 0.8538175076246262 1148
1764079545185 0.937554731965065 1149
1764079553540 0.8310999572277069 1150
1764079561896 0.8930616676807404 1151
1764079570274 0.8712416440248489 1152
1764079578628 0.9274090379476547 1153
1764079587021 0.8790665864944458 1154
1764079595388 0.9091271013021469 1155
1764079603807 0.8637156784534454 1156
1764079612197 0.8471333384513855 1157
1764079620537 0.8341269642114639 1158
1764079628896 0.9464303255081177 1159
1764079637400 0.895052120089531 1160
1764079645777 0.9420334696769714 1161
1764079654168 0.8983397632837296 1162
1764079662557 0.8482068330049515 1163
1764079670920 0.94417305290699 1164
1764079679283 0.8661048263311386 1165
1764079687640 0.8413530141115189 1166
1764079696121 0.9183036088943481 1167
1764079704504 0.8583997488021851 1168
1764079712886 0.9000946283340454 1169
1764079721364 0.8810324370861053 1170
1764079729736 0.9083926677703857 1171
1764079738118 0.9185137897729874 1172
1764079746488 0.9524801224470139 1173
1764079754867 0.9346942603588104 1174
1764079763229 0.8554867804050446 1175
1764079771650 0.847774013876915 1176
1764079780041 0.9336467832326889 1177
1764079788423 0.7964605838060379 1178
1764079796813 0.9207901656627655 1179
1764079805215 0.9236193746328354 1180
1764079813582 0.8057341128587723 1181
1764079821983 0.8685320168733597 1182
1764079830343 0.8560108542442322 1183
1764079838733 0.8774371445178986 1184
1764079847124 0.846712663769722 1185
1764079855526 0.818825751543045 1186
1764079863903 0.9286345839500427 1187
1764079872292 0.8844214230775833 1188
1764079880670 0.8811350464820862 1189
1764079889046 0.8816973716020584 1190
1764079897421 0.7834837883710861 1191
1764079905811 0.871696263551712 1192
1764079914314 0.8276657164096832 1193
1764079922684 0.916557788848877 1194
1764079931069 0.8570617735385895 1195
1764079939462 0.9277333617210388 1196
1764079947825 0.912901908159256 1197
1764079956192 0.8557685166597366 1198
1764079964592 0.8851218521595001 1199
1764079972968 0.9087509959936142 1200
1764079981361 0.9004950374364853 1201
1764079989744 0.8595126867294312 1202
1764079998131 0.8893875777721405 1203
1764080006535 0.9011989235877991 1204
1764080014929 0.9176592081785202 1205
1764080023302 0.8117392510175705 1206
1764080031683 0.8791772872209549 1207
1764080040062 0.8756983578205109 1208
1764080048466 0.8015343770384789 1209
1764080056840 0.8794216364622116 1210
1764080065247 0.8420325964689255 1211
1764080073646 0.9285016357898712 1212
1764080082028 0.9264901429414749 1213
1764080090444 0.8622377514839172 1214
1764080098838 0.853947252035141 1215
1764080107216 0.9090670794248581 1216
1764080115585 0.9150369167327881 1217
1764080123966 0.7729225754737854 1218
1764080132349 0.9106156080961227 1219
1764080140703 0.853719487786293 1220
1764080149074 0.9699405282735825 1221
1764080157421 0.8730140626430511 1222
1764080165809 0.8015274256467819 1223
1764080174200 0.8778522163629532 1224
1764080182575 0.8531316965818405 1225
1764080191073 0.9471982717514038 1226
1764080199447 0.8231718391180038 1227
1764080207849 0.9304815083742142 1228
1764080216275 0.9565450102090836 1229
1764080224640 0.9350289553403854 1230
1764080233001 0.9397556930780411 1231
1764080241343 0.9765018671751022 1232
1764080249776 0.9776760637760162 1233
1764080258110 0.8946659415960312 1234
1764080266525 0.8959633111953735 1235
1764080274888 0.8062257915735245 1236
1764080283270 0.8820706456899643 1237
1764080291630 0.927687332034111 1238
1764080300022 0.9158115833997726 1239
1764080308396 0.9280501455068588 1240
1764080316788 0.8567351996898651 1241
1764080325184 0.835332602262497 1242
1764080333552 0.8734783083200455 1243
1764080341947 0.8892862349748611 1244
1764080350350 0.8753244280815125 1245
1764080358737 0.9244549423456192 1246
1764080367127 0.856480062007904 1247
1764080375507 0.8492099940776825 1248
1764080383883 0.8694300800561905 1249
1764080392288 0.9421580284833908 1250
1764080400724 0.8816934823989868 1251
1764080467129 0.911399707198143 1253
1764080475496 0.8530725836753845 1254
1764080483861 0.9654343724250793 1255
1764080492280 0.8622986376285553 1256
1764080500648 0.9134115129709244 1257
1764080509060 0.9037721008062363 1258
1764080517458 0.9201898574829102 1259
1764080525852 0.8702886700630188 1260
1764080534261 0.838820680975914 1261
1764080542672 0.9150512218475342 1262
1764080551075 0.8478991687297821 1263
1764080559458 0.8690047711133957 1264
1764080567900 0.9008118063211441 1265
1764080576322 0.9052951782941818 1266
1764080584869 0.9143596142530441 1267
1764080593496 0.8981510102748871 1268
1764080601876 0.8513679951429367 1269
1764080610291 0.8693090230226517 1270
1764080618671 0.9329496175050735 1271
1764080627068 0.8463174402713776 1272
1764080635452 0.91721610724926 1273
1764080644045 0.8990596532821655 1274
1764080652437 0.9073287546634674 1275
1764080660844 0.9621803611516953 1276
1764080669245 0.8969148993492126 1277
1764080677603 0.9658655822277069 1278
1764080686000 0.9216188490390778 1279
1764080694366 0.8791822493076324 1280
1764080702770 0.808377593755722 1281
1764080711172 0.8534873872995377 1282
1764080719539 0.902512937784195 1283
1764080727941 0.8200473189353943 1284
1764080736340 0.833870455622673 1285
1764080744755 0.8430974930524826 1286
1764080753177 0.9433427453041077 1287
1764080761591 0.8968555480241776 1288
1764080769995 0.9007481634616852 1289
1764080778405 0.8567321598529816 1290
1764080786803 0.8561249226331711 1291
1764080795179 0.9259346723556519 1292
1764080803572 0.9196887463331223 1293
1764080811938 0.8713529855012894 1294
1764080820317 0.8914704471826553 1295
1764080828746 0.941624790430069 1296
1764080837112 0.925960436463356 1297
1764080845456 0.9809089750051498 1298
1764080853817 0.8439586162567139 1299
1764080862183 0.822533518075943 1300
1764080870655 0.961923211812973 1301
1764080879023 0.8967212438583374 1302
1764080887416 0.9501965194940567 1303
1764080895792 0.9358095675706863 1304
1764080904165 0.8126016557216644 1305
1764080912534 0.8726992309093475 1306
1764080920929 0.8565404564142227 1307
1764080929286 0.8861654847860336 1308
1764080937635 0.8175369799137115 1309
1764080946003 0.9213781952857971 1310
1764080954397 0.8818443417549133 1311
1764080962800 0.9160593748092651 1312
1764080971188 0.8767937272787094 1313
1764080979578 0.8223434388637543 1314
1764080987950 0.9545595496892929 1315
1764080996303 0.813676044344902 1316
1764081004675 0.773915484547615 1317
1764081013083 0.8262373805046082 1318
1764081021492 0.8654700368642807 1319
1764081029881 0.9012956470251083 1320
1764081038274 0.8906524926424026 1321
1764081046643 0.8995339572429657 1322
1764081054993 0.871966689825058 1323
1764081063426 0.9276933372020721 1324
1764081071779 0.9237845093011856 1325
1764081080161 0.8541824370622635 1326
1764081088529 0.8675064295530319 1327
1764081096891 0.9170708954334259 1328
1764081105272 0.8789402693510056 1329
1764081113632 0.90203557908535 1330
1764081121997 0.8698019236326218 1331
1764081130416 0.9738686680793762 1332
1764081138834 0.8864788264036179 1333
1764081147378 0.8717997223138809 1334
1764081155748 0.9097133725881577 1335
1764081164112 0.9183810651302338 1336
1764081172489 0.8674090653657913 1337
1764081180946 0.9296708554029465 1338
1764081189333 0.923401415348053 1339
1764081197705 0.8269247263669968 1340
1764081206077 0.8801645189523697 1341
1764081214546 0.9695746302604675 1342
1764081222907 0.8265706598758698 1343
1764081231287 0.8584128171205521 1344
1764081239646 0.9746817648410797 1345
1764081248007 0.8118951767683029 1346
1764081256395 0.9012012779712677 1347
1764081264772 0.895371288061142 1348
1764081273177 0.8917904645204544 1349
1764081281550 0.8881248831748962 1350
1764081289931 0.9614230692386627 1351
1764081298310 0.8894525915384293 1352
1764081306670 0.9421892166137695 1353
1764081315015 0.882768526673317 1354
1764081323376 0.9383877515792847 1355
1764081331758 0.9247879981994629 1356
1764081340148 0.8668449372053146 1357
1764081348515 0.947985902428627 1358
1764081356887 0.9109670072793961 1359
1764081365263 0.9183744341135025 1360
1764081373666 0.8537290990352631 1361
1764081382048 0.8599736541509628 1362
1764081390431 0.9147722721099854 1363
1764081398814 0.872034028172493 1364
1764081407190 0.8392778635025024 1365
1764081415554 0.9121349900960922 1366
1764081423951 0.8980948776006699 1367
1764081432386 0.8190384358167648 1368
1764081440789 0.8948410451412201 1369
1764081449303 0.7953101843595505 1370
1764081457672 0.947099432349205 1371
1764081466055 0.8896036446094513 1372
1764081474446 0.8726369142532349 1373
1764081482855 0.9616047888994217 1374
1764081491218 0.872907355427742 1375
1764081499758 0.8688757717609406 1376
1764081508124 0.8844182193279266 1377
1764081516479 0.9213490635156631 1378
1764081524831 0.8281475454568863 1379
1764081533215 0.9587940573692322 1380
1764081541644 0.8461809605360031 1381
1764081550007 0.9223865866661072 1382
1764081558361 0.87847800552845 1383
1764081566728 0.8234400600194931 1384
1764081575092 0.918380007147789 1385
1764081583459 0.903956413269043 1386
1764081591832 0.9466872364282608 1387
1764081600194 0.8834554702043533 1388
1764081608571 0.9397111684083939 1389
1764081616978 0.9118882119655609 1390
1764081625356 0.8894795924425125 1391
1764081633746 0.9088794440031052 1392
1764081642117 0.882223442196846 1393
1764081650519 0.8329149335622787 1394
1764081658874 0.9201863557100296 1395
1764081667256 0.8459132313728333 1396
1764081675620 0.874341681599617 1397
1764081683984 0.9418981671333313 1398
1764081692402 0.9213497787714005 1399
1764081700797 0.8092133849859238 1400
1764081709169 0.8759939670562744 1401
1764081717542 0.9096016436815262 1402
1764081725935 0.8551916033029556 1403
1764081734301 0.8279380947351456 1404
1764081742813 0.9086637794971466 1405
1764081751193 0.9002028554677963 1406
1764081759572 0.829024150967598 1407
1764081767972 0.9154476374387741 1408
1764081776500 0.8644879460334778 1409
1764081784866 0.8843427300453186 1410
1764081793271 0.8936436474323273 1411
1764081801659 0.8256533741950989 1412
1764081810061 0.899738609790802 1413
1764081818453 0.9185268133878708 1414
1764081826843 0.9561539590358734 1415
1764081835223 0.9075236320495605 1416
1764081843641 1.0180811285972595 1417
1764081851990 0.9365216493606567 1418
1764081860410 0.8498922139406204 1419
1764081868793 0.8318993449211121 1420
1764081877210 0.8665763437747955 1421
1764081885588 0.8358700424432755 1422
1764081893949 0.9014765620231628 1423
1764081902317 0.9168461710214615 1424
1764081910689 0.8686489462852478 1425
1764081919087 0.8967995643615723 1426
1764081927497 0.852698802947998 1427
1764081935874 0.9233188331127167 1428
1764081944254 0.9464017897844315 1429
1764081952765 0.7814969718456268 1430
1764081961164 0.9240749627351761 1431
1764081969552 0.9095290750265121 1432
1764081977971 0.8989559262990952 1433
1764081986428 0.8497233688831329 1434
1764081994814 0.8815948367118835 1435
1764082003186 0.8771514743566513 1436
1764082011551 0.9036123305559158 1437
1764082019933 0.913342073559761 1438
1764082028342 0.8824856877326965 1439
1764082036731 0.8867741078138351 1440
1764082045123 0.8426041305065155 1441
1764082053526 0.8770906031131744 1442
1764082061927 0.9151916801929474 1443
1764082070343 0.8426442444324493 1444
1764082078720 0.8704315572977066 1445
1764082087074 0.9387403130531311 1446
1764082095451 0.8909643888473511 1447
1764082103847 0.9699629545211792 1448
1764082112249 0.8792980015277863 1449
1764082120616 0.9251256436109543 1450
1764082129016 0.820096880197525 1451
1764082137408 0.9568743854761124 1452
1764082145778 0.9154165387153625 1453
1764082154196 0.935785710811615 1454
1764082162591 0.8877526521682739 1455
1764082170958 0.8493764251470566 1456
1764082179336 0.8411219865083694 1457
1764082187708 0.8548980057239532 1458
1764082196064 0.9298283457756042 1459
1764082204449 0.9078769832849503 1460
1764082212791 0.9006734937429428 1461
1764082221188 0.885160356760025 1462
1764082229694 0.9589954912662506 1463
1764082238055 0.9111337512731552 1464
1764082246412 0.9423738270998001 1465
1764082254797 0.9768789559602737 1466
1764082263219 0.8753200173377991 1467
1764082271619 0.8308632969856262 1468
1764082280019 1.040761560201645 1469
1764082288437 0.9940185546875 1470
1764082296806 0.8755447417497635 1471
1764082305318 0.9111236482858658 1472
1764082313685 0.9019133150577545 1473
1764082322046 0.9424208104610443 1474
1764082330480 0.9181589484214783 1475
1764082338845 0.8735032081604004 1476
1764082347263 0.8965034782886505 1477
1764082355626 0.8758905380964279 1478
1764082364001 0.9201654344797134 1479
1764082372380 0.8387329876422882 1480
1764082380766 0.9365073591470718 1481
1764082389120 0.8154741525650024 1482
1764082397488 0.9415736347436905 1483
1764082405892 0.9334429055452347 1484
1764082414254 0.9292815625667572 1485
1764082422655 0.8539322018623352 1486
1764082431061 0.8797905147075653 1487
1764082439489 0.9238538295030594 1488
1764082447875 0.9130288660526276 1489
1764082456230 0.8770639598369598 1490
1764082464563 0.885026752948761 1491
1764082472978 0.8753572851419449 1492
1764082481363 0.8466198444366455 1493
1764082489737 0.8481395542621613 1494
1764082498132 0.8406911939382553 1495
1764082506505 0.8715046942234039 1496
1764082514852 0.9067185670137405 1497
1764082523209 0.7975248396396637 1498
1764082531600 0.8834691643714905 1499
1764082539976 0.9273476302623749 1500
1764082548364 0.9404471963644028 1501
1764082556767 0.8492055684328079 1502
1764082565150 0.8463991433382034 1503
1764082573507 0.8066270053386688 1504
1764082582011 0.8572882562875748 1505
1764082590496 0.8830139636993408 1506
1764082598839 0.8885835409164429 1507
1764082607183 0.895005613565445 1508
1764082615546 0.9721125662326813 1509
1764082623958 0.9285214245319366 1510
1764082632335 0.8997348546981812 1511
1764082640743 0.8360584378242493 1512
1764082649159 0.8949131667613983 1513
1764082657673 0.8921426236629486 1514
1764082666027 0.8804710656404495 1515
1764082674397 0.9017030149698257 1516
1764082682756 0.8846196830272675 1517
1764082691099 0.9897833168506622 1518
1764082699494 0.8710803687572479 1519
1764082707923 0.8572182953357697 1520
1764082716324 0.9034342169761658 1521
1764082724736 0.8090401291847229 1522
1764082733149 0.8117419481277466 1523
1764082741554 0.8981868922710419 1524
1764082749952 0.9054925292730331 1525
1764082758317 0.8843027800321579 1526
1764082766684 0.9521854519844055 1527
1764082775066 0.9011872112751007 1528
1764082783432 0.8693567365407944 1529
1764082791799 0.8131801933050156 1530
1764082800177 0.9090821892023087 1531
1764082808582 0.9112857133150101 1532
1764082816951 0.9481153637170792 1533
1764082825303 0.9000674039125443 1534
1764082833672 0.9073787778615952 1535
1764082842116 0.868383526802063 1536
1764082850540 0.8929825723171234 1537
1764082858925 0.8848686218261719 1538
1764082867419 0.8668152987957001 1539
1764082875809 0.8530284464359283 1540
1764082884195 0.9261045008897781 1541
1764082892565 0.8266963064670563 1542
1764082900936 0.8647003769874573 1543
1764082909341 0.9171999841928482 1544
1764082917741 0.8479477167129517 1545
1764082926121 0.9019751846790314 1546
1764082934554 0.9769264608621597 1547
1764082942956 0.8861284703016281 1548
1764082951320 0.9165249615907669 1549
1764082959696 0.8641815781593323 1550
1764082968082 0.9261710941791534 1551
1764082976492 0.8805530965328217 1552
1764082984877 0.9194892197847366 1553
1764082993283 0.9353805482387543 1554
1764083001655 0.8901484310626984 1555
1764083010073 0.949054941534996 1556
1764083018478 0.9522923529148102 1557
1764083026882 0.8478267639875412 1558
1764083035254 0.9000333100557327 1559
1764083043644 0.8180641531944275 1560
1764083052038 0.9805995523929596 1561
1764083060401 0.8588473498821259 1562
1764083068804 0.8769876211881638 1563
1764083077232 0.9188469648361206 1564
