1764069765579 1.0003776550292969 1
1764069773928 0.9796628206968307 2
1764069782318 1.017453357577324 3
1764069790713 0.9913533627986908 4
1764069799141 0.9861626327037811 5
1764069807557 0.967201367020607 6
1764069816020 0.9595112651586533 7
1764069824475 0.9561539590358734 8
1764069832904 0.9410458952188492 9
1764069841375 0.9461954236030579 10
1764069849849 0.9755266457796097 11
1764069858253 1.054728016257286 12
1764069866692 1.0061637610197067 13
1764069875136 0.9792834222316742 14
1764069883583 0.9571961164474487 15
1764069892027 1.0296365767717361 16
1764069900487 1.005147635936737 17
1764069908926 0.9890257269144058 18
1764069917327 0.8335787355899811 19
1764069925752 0.9674967378377914 20
1764069934143 0.9634437412023544 21
1764069942545 0.9731913805007935 22
1764069950973 0.9938687831163406 23
1764069959392 1.0197493433952332 24
1764069967800 0.8991163223981857 25
1764069976399 0.958431750535965 26
1764069984762 0.8993795812129974 27
1764069993141 1.016858085989952 28
1764070001489 1.015769973397255 29
1764070009903 0.9537073075771332 30
1764070018282 1.0050397664308548 31
1764070026683 0.9385560601949692 32
1764070035066 1.0184888541698456 33
1764070043429 0.9354246854782104 34
1764070051841 0.979882001876831 35
1764070060240 0.9476807862520218 36
1764070068634 0.9454769492149353 37
1764070077014 0.9480997771024704 38
1764070085404 0.9851556271314621 39
1764070093793 1.0348530113697052 40
1764070102160 0.8761655241250992 41
1764070110565 0.9414622634649277 42
1764070118931 0.9998174458742142 43
1764070127339 0.9814233779907227 44
1764070135717 0.97335284948349 45
1764070144155 0.9941967576742172 46
1764070152544 1.017370119690895 47
1764070160910 0.9990663081407547 48
1764070169302 0.9751013219356537 49
1764070177665 1.0330830663442612 50
1764070186039 0.9749762415885925 51
1764070194424 1.0231775641441345 52
1764070202832 0.9200118482112885 53
1764070211184 0.9557843059301376 54
1764070219587 0.9465779215097427 55
1764070228010 0.9683783203363419 56
1764070236387 1.0306362509727478 57
1764070244793 0.9595936238765717 58
1764070253189 0.9794567823410034 59
1764070261571 1.02932009100914 60
1764070269961 1.0348446369171143 61
1764070278328 0.8937340080738068 62
1764070286727 0.933817982673645 63
1764070295147 0.9311152547597885 64
1764070303530 1.0170080363750458 65
1764070311916 0.9964745789766312 66
1764070320311 0.9396380335092545 67
1764070328708 0.9647707045078278 68
1764070337100 0.9999696761369705 69
1764070345461 1.0112113505601883 70
1764070353890 0.9856238663196564 71
1764070362458 0.9511554092168808 72
1764070370822 0.9820533692836761 73
1764070379196 0.9024094790220261 74
1764070387640 0.9946948736906052 75
1764070396019 0.9830892980098724 76
1764070404388 1.0090956091880798 77
1764070412735 0.951913058757782 78
1764070421112 0.9653722792863846 79
1764070429467 1.0041106790304184 80
1764070437811 0.9665100574493408 81
1764070446183 0.9009741693735123 82
1764070454578 0.9426731020212173 83
1764070462947 0.9900539070367813 84
1764070471312 0.9913448989391327 85
1764070479696 1.0231008678674698 86
1764070488111 1.0079737305641174 87
1764070496486 0.9493971168994904 88
1764070504871 0.9766363650560379 89
1764070513241 0.865885779261589 90
1764070521617 0.9469326138496399 91
1764070529962 0.9858530014753342 92
1764070538343 1.001430481672287 93
1764070546730 0.9951407462358475 94
1764070555101 0.9437072277069092 95
1764070563490 1.017005130648613 96
1764070571870 0.9755658656358719 97
1764070580247 0.9935760945081711 98
1764070588610 1.0516264885663986 99
1764070597001 1.0285325646400452 100
1764070605388 1.0291847884654999 101
1764070613772 0.968143954873085 102
1764070622140 1.050987184047699 103
1764070630600 1.0113672018051147 104
1764070639020 1.0040771216154099 105
1764070647413 1.0581000745296478 106
1764070655799 1.0714075863361359 107
1764070664195 0.9399953335523605 108
1764070672575 1.0086692720651627 109
1764070680982 0.9572755545377731 110
1764070689341 1.0209605693817139 111
1764070697721 0.9973013699054718 112
1764070706137 0.9950813800096512 113
1764070714514 1.0441312789916992 114
1764070722902 0.9968163222074509 115
1764070731276 1.0044728964567184 116
1764070739649 0.9729496389627457 117
1764070748049 0.9980717301368713 118
1764070756439 0.9919075667858124 119
1764070764833 0.9871191084384918 120
1764070773195 0.9444083273410797 121
1764070781586 0.8389175981283188 122
1764070789964 0.961389347910881 123
1764070798357 1.0324129164218903 124
1764070806760 0.9904617667198181 125
1764070815147 0.9750747978687286 126
1764070823508 0.9996406733989716 127
1764070831909 0.9661537855863571 128
1764070840284 1.0136143118143082 129
1764070848773 0.9547468721866608 130
1764070857299 1.018949955701828 131
1764070865765 0.9781699478626251 132
1764070874139 1.0232617557048798 133
1764070882519 0.9155889600515366 134
1764070890879 1.0091428607702255 135
1764070899258 1.0811327695846558 136
1764070907626 1.038061946630478 137
1764070915995 0.993766650557518 138
1764070924351 0.9231427311897278 139
1764070932694 1.012418881058693 140
1764070941101 0.9913150370121002 141
1764070949473 0.9802515208721161 142
1764070957854 0.993359312415123 143
1764070966213 0.9645483195781708 144
1764070974581 1.0013847649097443 145
1764070982964 0.9360002428293228 146
1764070991352 0.9784566015005112 147
1764070999722 1.0188837498426437 148
1764071008106 1.074476569890976 149
1764071016474 1.036753162741661 150
1764071024865 0.9472639411687851 151
1764071033246 0.940215453505516 152
1764071041623 0.9337143748998642 153
1764071050045 0.9791033416986465 154
1764071058436 0.9630975872278214 155
1764071066811 0.9949424713850021 156
1764071075192 1.0027699172496796 157
1764071083586 1.0284028500318527 158
1764071091962 1.004585400223732 159
1764071100335 0.9354366809129715 160
1764071108706 0.9662513434886932 161
1764071117088 1.0170343518257141 162
1764071125467 0.9839750826358795 163
1764071133891 0.9732792377471924 164
1764071142263 0.9611465483903885 165
1764071150617 1.0432957410812378 166
1764071158991 1.014305055141449 167
1764071167375 0.9087926298379898 168
1764071175781 0.9703451097011566 169
1764071184162 1.0083077400922775 170
1764071192561 0.963736042380333 171
1764071200935 0.9947375804185867 172
1764071209315 1.0023910403251648 173
1764071217903 1.0025168061256409 174
1764071226281 1.043133094906807 175
1764071234684 1.0047875791788101 176
1764071243066 0.9287322014570236 177
1764071251441 1.0195805579423904 178
1764071259806 1.014533370733261 179
1764071268191 0.9991999268531799 180
1764071276575 1.001812681555748 181
1764071284947 0.9970255047082901 182
1764071293323 0.96280437707901 183
1764071301699 0.9376767128705978 184
1764071310072 1.0247117578983307 185
1764071318460 0.9420640170574188 186
1764071326860 0.9526937156915665 187
1764071335372 0.9782284796237946 188
1764071343740 1.0385592579841614 189
1764071352115 1.0041622072458267 190
1764071360660 0.963391438126564 191
1764071369020 0.9603423923254013 192
1764071377376 0.990065723657608 193
1764071385740 0.9968702644109726 194
1764071394124 0.9740098714828491 195
1764071402511 0.9824472367763519 196
1764071410899 0.9827011227607727 197
1764071419292 0.9858465939760208 198
1764071427663 0.9568302780389786 199
1764071436070 0.9396637082099915 200
1764071444458 1.0505127310752869 201
1764071452842 0.9471354484558105 202
1764071461219 0.8673529177904129 203
1764071469601 1.0149385780096054 204
1764071478005 1.00691320002079 205
1764071486385 1.0106481611728668 206
1764071494749 0.988333448767662 207
1764071503206 1.0395652949810028 208
1764071511614 1.0066683143377304 209
1764071520044 0.8969742804765701 210
1764071528424 1.0153429955244064 211
1764071536821 1.0375755727291107 212
1764071545206 0.9525746256113052 213
1764071553584 0.9707920700311661 214
1764071562018 0.9652683883905411 215
1764071570401 1.001233071088791 216
1764071578773 0.9660444259643555 217
1764071587145 0.9649282693862915 218
1764071595491 0.9342863410711288 219
1764071603902 0.9039556235074997 220
1764071612279 1.025333747267723 221
1764071620652 0.8904438316822052 222
1764071629032 1.034585952758789 223
1764071637465 0.9977725297212601 224
1764071645840 0.962267279624939 225
1764071654241 1.0065083354711533 226
1764071662635 0.9825030863285065 227
1764071671020 1.0358944684267044 228
1764071679401 1.0087486505508423 229
1764071687882 0.9677657634019852 230
1764071696245 0.9986139386892319 231
1764071704617 0.9587864428758621 232
1764071713159 0.9428799748420715 233
1764071721530 1.0269279479980469 234
1764071729901 1.0243762135505676 235
1764071738278 1.014935463666916 236
1764071746663 0.9991396963596344 237
1764071755039 1.0022367537021637 238
1764071763397 1.0704760253429413 239
1764071771762 1.0418431907892227 240
1764071780118 1.0749091506004333 241
1764071788534 0.9621004611253738 242
1764071796908 1.0211122334003448 243
1764071805277 1.0057865530252457 244
1764071813666 0.9890203177928925 245
1764071822016 1.0350814312696457 246
1764071830374 1.0086184740066528 247
1764071838818 0.9662296622991562 248
1764071847163 0.9789389967918396 249
1764071855529 1.0140610188245773 250
1764071863925 1.0080558359622955 251
1764071872294 1.0073078572750092 252
1764071880687 1.0436675399541855 253
1764071889119 0.9932490587234497 254
1764071897505 0.9588929265737534 255
1764071905897 0.978212296962738 256
1764071914301 0.9834664613008499 257
1764071922683 0.9627477377653122 258
1764071931063 1.0751279592514038 259
1764071939404 1.020728424191475 260
1764071947772 0.9892674535512924 261
1764071956205 1.0027019530534744 262
1764071964592 0.93445885181427 263
1764071973064 1.0605071783065796 264
1764071981429 1.0100018382072449 265
1764071989793 0.9964654296636581 266
1764071998314 1.026987463235855 267
1764072006684 1.0439772307872772 268
1764072015066 0.9607040733098984 269
1764072023481 0.965299591422081 270
1764072031887 1.055718556046486 271
1764072040258 1.0567645728588104 272
1764072048594 1.0237936824560165 273
1764072056961 1.0370513051748276 274
1764072065338 0.9763551652431488 275
1764072073699 1.0186037421226501 276
1764072082074 0.94402115046978 277
1764072090466 0.955364391207695 278
1764072098869 0.9778962433338165 279
1764072107277 0.998371958732605 280
1764072115674 1.0103647112846375 281
1764072124051 1.0439612567424774 282
1764072132405 0.9563411772251129 283
1764072140835 0.959791287779808 284
1764072149195 0.956917405128479 285
1764072157554 0.9211412519216537 286
1764072165962 0.9049124419689178 287
1764072174347 0.9835245162248611 288
1764072182753 1.0129553079605103 289
1764072191133 1.0057050436735153 290
1764072199519 1.0240348428487778 291
1764072207895 1.0296582877635956 292
1764072216260 0.976694256067276 293
1764072224636 0.9922581166028976 294
1764072233025 1.0132314562797546 295
1764072241453 0.9839947521686554 296
1764072249869 0.9980602860450745 297
1764072258230 0.9988199174404144 298
1764072266623 0.9814459830522537 299
1764072274998 0.9787503927946091 300
1764072283350 1.0544040501117706 301
1764072291712 0.9613038003444672 302
1764072300104 1.0077380388975143 303
1764072308539 0.9261161535978317 304
1764072316937 1.06437149643898 305
1764072325296 1.0008045881986618 306
1764072333659 1.0285295248031616 307
1764072342059 0.9759813100099564 308
1764072350437 1.008255273103714 309
1764072358824 0.9931548833847046 310
1764072367293 0.9533713907003403 311
1764072375668 1.0613822638988495 312
1764072440187 0.9613759964704514 314
1764072448601 0.9871015697717667 315
1764072456985 0.9583777487277985 316
1764072465366 0.9801657795906067 317
1764072473753 0.9398086667060852 318
1764072482157 1.001313403248787 319
1764072490529 0.9882838129997253 320
1764072498917 1.0005952268838882 321
1764072507306 0.941076248884201 322
1764072515755 0.9943626821041107 323
1764072524175 1.0165156573057175 324
1764072532559 0.8939282149076462 325
1764072540962 0.926159679889679 326
1764072549348 0.9242638200521469 327
1764072557752 0.9627527296543121 328
1764072566186 1.023507371544838 329
1764072574569 1.0471021980047226 330
1764072582961 0.982348844408989 331
1764072591391 1.0037705600261688 332
1764072599836 0.9250598102807999 333
1764072608217 1.039579689502716 334
1764072616572 0.9882311969995499 335
1764072624970 1.0145103335380554 336
1764072633342 1.0205448865890503 337
1764072641714 1.0169160068035126 338
1764072650116 0.980254516005516 339
1764072658515 0.9396544843912125 340
1764072666902 1.0314530432224274 341
1764072675282 1.0599544942378998 342
1764072683645 0.9717291593551636 343
1764072692179 0.9902186393737793 344
1764072700553 1.0114454329013824 345
1764072708917 0.9681528955698013 346
1764072717289 0.9978082329034805 347
1764072725697 1.000271499156952 348
1764072734057 0.9833609610795975 349
1764072742412 0.9504858702421188 350
1764072750760 0.9798198491334915 351
1764072759150 1.0029489994049072 352
1764072767561 1.0076202005147934 353
1764072775960 0.9613654315471649 354
1764072784368 0.9634266793727875 355
1764072792749 0.9823533892631531 356
1764072801138 0.8968264609575272 357
1764072809512 0.9215059727430344 358
1764072817936 0.9972154349088669 359
1764072826318 0.9286819398403168 360
1764072834679 0.9443908780813217 361
1764072843104 0.9190410822629929 362
1764072851483 0.9568883031606674 363
1764072859881 0.9443167895078659 364
1764072868272 1.0585912019014359 365
1764072876648 0.9781259596347809 366
1764072885174 0.9394408166408539 367
1764072893558 0.9571396857500076 368
1764072901949 0.9249390512704849 369
1764072910324 0.9722229838371277 370
1764072918693 0.9629504531621933 371
1764072927258 0.9975541681051254 372
1764072935616 0.9930394291877747 373
1764072943996 1.0324162244796753 374
1764072952425 0.947645291686058 375
1764072960819 0.9469251185655594 376
1764072969227 0.9775403439998627 377
1764072977622 0.9292140305042267 378
1764072986000 0.9570639431476593 379
1764072994376 0.9537389427423477 380
1764073002746 1.0060043036937714 381
1764073011150 0.9794435203075409 382
1764073019528 1.0082283020019531 383
1764073027928 0.968729168176651 384
1764073036334 0.9669192880392075 385
1764073044716 1.0374862104654312 386
1764073053157 0.981960654258728 387
1764073061522 0.9626509845256805 388
1764073069925 1.034289374947548 389
1764073078327 0.9555107355117798 390
1764073086694 1.0648994147777557 391
1764073095111 0.9237987548112869 392
1764073103493 0.9677446186542511 393
1764073111878 0.9730304628610611 394
1764073120238 0.9994483888149261 395
1764073128621 0.9615960717201233 396
1764073137013 1.0040343105793 397
1764073145432 0.8776102513074875 398
1764073153833 0.9172673374414444 399
1764073162242 1.0565935969352722 400
1764073170621 0.98597452044487 401
1764073178962 0.9879446029663086 402
1764073187327 0.98862424492836 403
1764073195727 0.9966033548116684 404
1764073204099 0.9414478838443756 405
1764073212480 0.8914731442928314 406
1764073220868 0.988411009311676 407
1764073229250 1.0375648438930511 408
1764073237646 0.9198008030653 409
1764073246050 0.9628333747386932 410
1764073254443 0.9925218522548676 411
1764073262841 0.9594809710979462 412
1764073271246 1.0040461719036102 413
1764073279608 1.0475916266441345 414
1764073287973 0.9779000282287598 415
1764073296443 0.978745311498642 416
1764073304810 1.057033509016037 417
1764073313182 1.022349089384079 418
1764073321547 0.9641605317592621 419
1764073329930 0.9614792764186859 420
1764073338317 0.921233132481575 421
1764073346683 1.0173561573028564 422
1764073355060 0.9237708747386932 423
1764073363415 0.98100146651268 424
1764073371781 0.9847499430179596 425
1764073380334 0.9708637744188309 426
1764073388732 0.9395535439252853 427
1764073397091 0.9417361915111542 428
1764073405495 0.9733514338731766 429
1764073413935 0.9003711342811584 430
1764073422366 1.0607237070798874 431
1764073430918 0.9920196086168289 432
1764073439307 0.9815940111875534 433
1764073447675 1.109130248427391 434
1764073456041 0.9519546031951904 435
1764073464405 1.0198988169431686 436
1764073472787 1.048974186182022 437
1764073481159 0.9765024036169052 438
1764073489575 0.976496085524559 439
1764073497956 0.9880152195692062 440
1764073506319 0.9333951771259308 441
1764073514717 1.0059340447187424 442
1764073523098 0.916374683380127 443
1764073531499 0.9689404964447021 444
1764073539887 0.9352169632911682 445
1764073548265 1.0804459750652313 446
1764073556622 0.9636240452528 447
1764073565129 0.9030305296182632 448
1764073573504 1.0202374160289764 449
1764073581876 0.9469674229621887 450
1764073590236 0.9755833297967911 451
1764073598639 1.013661578297615 452
1764073607035 0.976287454366684 453
1764073615417 1.0536691844463348 454
1764073623831 0.9598881155252457 455
1764073632248 0.9392714351415634 456
1764073640632 1.0267344415187836 457
1764073649028 0.9397477805614471 458
1764073657411 0.9494934231042862 459
1764073665793 0.9505331665277481 460
1764073674197 0.977133259177208 461
1764073682618 0.9905991405248642 462
1764073690982 0.95809406042099 463
1764073699377 0.96798375248909 464
1764073707780 0.9176031947135925 465
1764073716185 0.9717756360769272 466
1764073724544 0.9363394379615784 467
1764073733053 0.9666530042886734 468
1764073741431 1.0069857984781265 469
1764073749806 0.9845537096261978 470
1764073758211 0.9588912129402161 471
1764073766574 0.9521613270044327 472
1764073774952 0.9338116496801376 473
1764073783524 0.930822417140007 474
1764073791892 1.0266476571559906 475
1764073800232 1.00396928191185 476
1764073808628 0.9856800436973572 477
1764073817001 1.0684193670749664 478
1764073825364 0.9583480358123779 479
1764073833746 0.989894688129425 480
1764073842171 0.9745394289493561 481
1764073850562 0.9541125744581223 482
1764073858921 1.037321850657463 483
1764073867272 0.9637975096702576 484
1764073875637 1.0165643244981766 485
1764073884041 1.028400868177414 486
1764073892454 0.9106101840734482 487
1764073900829 0.9505221545696259 488
1764073909205 1.0161983519792557 489
1764073917619 0.9834740459918976 490
1764073925976 1.0142467319965363 491
1764073934346 1.0046207010746002 492
1764073942715 0.946669265627861 493
1764073951105 1.0480707585811615 494
1764073959467 1.0153105854988098 495
1764073967855 0.9324032813310623 496
1764073976192 1.0171405971050262 497
1764073984592 1.0067713111639023 498
1764073992983 0.8865617662668228 499
1764074001331 0.9900779873132706 500
1764074009838 0.9256169497966766 501
1764074018189 0.9813583344221115 502
1764074026571 1.0097546577453613 503
1764074034976 0.9889613837003708 504
1764074043357 1.0216077268123627 505
1764074051731 0.9435862153768539 506
1764074060284 0.9908963143825531 507
1764074068795 1.0070867240428925 508
1764074077164 0.9467890858650208 509
1764074085583 0.9600427895784378 510
1764074093958 0.9742487370967865 511
1764074102397 0.9978442788124084 512
1764074110803 1.018535703420639 513
1764074119192 0.9408599138259888 514
1764074127565 0.9616135954856873 515
1764074135960 1.0434944778680801 516
1764074144355 0.9657113254070282 517
1764074152753 1.016073688864708 518
1764074161163 1.022281065583229 519
1764074169537 1.0622077733278275 520
1764074177932 0.9598441421985626 521
1764074186307 1.0344843417406082 522
1764074194708 0.8913073092699051 523
1764074203108 0.979797288775444 524
1764074211484 0.9407631456851959 525
1764074219876 1.0110637098550797 526
1764074228229 1.00291508436203 527
1764074236662 0.9817914515733719 528
1764074245041 0.9953004866838455 529
1764074253413 1.0405017137527466 530
1764074261822 0.968289315700531 531
1764074270194 0.9873327761888504 532
1764074278579 1.0670097470283508 533
1764074286976 0.9833311289548874 534
1764074295362 0.9073930829763412 535
1764074303744 1.0334364473819733 536
1764074312146 0.9443603605031967 537
1764074320521 1.0102440118789673 538
1764074328927 1.024015799164772 539
1764074337333 1.0500984191894531 540
1764074345700 0.9858030378818512 541
1764074354100 1.0357537269592285 542
1764074362466 1.0100756734609604 543
1764074370832 0.9780079424381256 544
1764074379198 0.9841939955949783 545
1764074387591 0.9944922775030136 546
1764074395972 0.9642014354467392 547
1764074404342 0.9988113045692444 548
1764074412718 0.9780658632516861 549
1764074421262 0.9431035369634628 550
1764074429650 0.8676007091999054 551
1764074438029 0.9977684617042542 552
1764074446425 1.0040889382362366 553
1764074454801 1.0004372745752335 554
1764074463169 0.9366415441036224 555
1764074471556 0.9734921306371689 556
1764074479935 0.9623647481203079 557
1764074488343 0.9997942447662354 558
1764074496741 1.0457636266946793 559
1764074505132 0.9428798407316208 560
1764074513510 1.077466145157814 561
1764074521894 1.0214273780584335 562
1764074530256 0.9558917880058289 563
1764074538644 0.9465399384498596 564
1764074547029 0.9705432653427124 565
1764074555438 0.9398662149906158 566
1764074563819 0.950575053691864 567
1764074572195 1.005313366651535 568
1764074580613 0.9827560931444168 569
1764074589005 0.9716861695051193 570
1764074597394 1.0084295719861984 571
1764074605775 0.9973917603492737 572
1764074614151 0.9474416971206665 573
1764074622559 1.0112929195165634 574
1764074630949 1.0920079946517944 575
1764074639348 0.9802760481834412 576
1764074647746 1.0473036468029022 577
1764074656156 1.0668333619832993 578
1764074664545 0.9043481647968292 579
1764074672917 1.0064716637134552 580
1764074681316 0.9335525631904602 581
1764074689706 1.0122011303901672 582
1764074698197 1.0544693022966385 583
1764074706601 0.9763540625572205 584
1764074715030 0.9633788466453552 585
1764074723431 0.9594825804233551 586
1764074731814 0.9745193719863892 587
1764074740240 0.963357150554657 588
1764074748612 1.0226797312498093 589
1764074757017 0.9615396112203598 590
1764074765385 1.0220112204551697 591
1764074773768 1.0260344594717026 592
1764074782157 1.0381955802440643 593
1764074790547 0.9752734154462814 594
1764074798959 0.9776073396205902 595
1764074807394 0.9568566530942917 596
1764074815801 1.0093094557523727 597
1764074824166 0.9857733100652695 598
1764074832531 0.9481715112924576 599
1764074840932 1.0265258103609085 600
1764074849341 0.9547562450170517 601
1764074857701 0.973167359828949 602
1764074866127 0.9592047780752182 603
1764074874512 1.042246162891388 604
1764074882968 0.9640921950340271 605
1764074891341 0.9361663162708282 606
1764074899732 0.9156860262155533 607
1764074908138 1.016471266746521 608
1764074916513 1.0357543677091599 609
1764074924906 1.0220012813806534 610
1764074933318 0.9873589277267456 611
1764074941813 1.052487552165985 612
1764074950168 0.9723404049873352 613
1764074958600 0.9398916214704514 614
1764074966956 1.0272088944911957 615
1764074975326 0.8690496981143951 616
1764074983706 0.997687816619873 617
1764074992075 0.966273844242096 618
1764075000463 0.9877510666847229 619
1764075008848 0.9262207299470901 620
1764075017236 1.0209219008684158 621
1764075025610 1.0083722621202469 622
1764075034044 0.9462743699550629 623
1764075042400 0.9169791042804718 624
1764075050764 0.9991580992937088 625
1764075115339 0.959901750087738 627
1764075123707 0.8792195171117783 628
1764075132045 0.9799002557992935 629
1764075140422 0.9197963774204254 630
1764075148775 0.9644390493631363 631
1764075157132 0.9032259434461594 632
1764075165510 1.017188847064972 633
1764075173867 1.0546007752418518 634
1764075182262 0.9552378952503204 635
1764075190659 1.0238820612430573 636
1764075199066 0.9835194200277328 637
1764075207527 1.0348618030548096 638
1764075215939 0.9744341373443604 639
1764075224317 0.9656145423650742 640
1764075232709 0.9198456108570099 641
1764075241072 0.9656056612730026 642
1764075249483 0.9526834636926651 643
1764075257925 0.9545692503452301 644
1764075266672 0.993223562836647 645
1764075275058 0.9633085876703262 646
1764075283422 0.961824893951416 647
1764075291783 0.9913077652454376 648
1764075300183 0.8989921361207962 649
1764075308601 0.9884814023971558 650
1764075316965 0.9430777728557587 651
1764075325361 0.9931508749723434 652
1764075333915 0.9711619168519974 653
1764075342264 1.009679228067398 654
1764075350671 0.9815443009138107 655
1764075359038 0.9528024643659592 656
1764075367632 1.0418610274791718 657
1764075375980 0.8805273771286011 658
1764075384339 1.0168514549732208 659
1764075392725 0.9884369224309921 660
1764075401094 0.9558945000171661 661
1764075409502 1.021688535809517 662
1764075417871 0.9655310809612274 663
1764075426291 0.9708410948514938 664
1764075434671 0.9978378266096115 665
1764075443103 0.9445387274026871 666
1764075451522 0.984774112701416 667
1764075459920 0.985889732837677 668
1764075468299 0.9529219418764114 669
1764075476695 0.9770983755588531 670
1764075485088 0.9666604548692703 671
1764075493495 0.9595589637756348 672
1764075501876 0.9856715351343155 673
1764075510254 0.9929786324501038 674
1764075518618 0.9396461099386215 675
1764075526983 0.9615734815597534 676
1764075535406 0.9840580523014069 677
1764075543786 0.9676135182380676 678
1764075552211 1.0033822804689407 679
1764075560571 0.9864684194326401 680
1764075568997 1.0156563371419907 681
1764075577390 0.9938260167837143 682
1764075585758 1.0328076481819153 683
1764075594142 1.000398889183998 684
1764075602550 0.9508920013904572 685
1764075611023 1.0469019412994385 686
1764075619420 0.9751253128051758 687
1764075627795 0.9757764488458633 688
1764075636172 0.9772585332393646 689
1764075644548 0.9448780864477158 690
1764075653059 0.943689689040184 691
1764075661436 0.9659871160984039 692
1764075669824 0.9118384718894958 693
1764075678222 0.9805178940296173 694
1764075686627 0.9373476058244705 695
1764075695005 0.9891029745340347 696
1764075703461 0.9986642003059387 697
1764075711817 1.0795684307813644 698
1764075720177 1.0160337388515472 699
1764075728535 0.9979618042707443 700
1764075736896 1.0566024631261826 701
1764075745265 1.0049799680709839 702
1764075753619 1.0324996262788773 703
1764075761981 0.9566347450017929 704
1764075770371 0.9742321223020554 705
1764075778753 0.9502506107091904 706
1764075787134 0.9328307658433914 707
1764075795528 1.0842860788106918 708
1764075803915 0.8979130536317825 709
1764075812324 0.9394313246011734 710
1764075820689 0.955256313085556 711
1764075829047 1.0394633263349533 712
1764075837452 0.9271073788404465 713
1764075845854 1.0076755583286285 714
1764075854233 0.9958744645118713 715
1764075862628 1.0485708117485046 716
1764075871007 0.9885912090539932 717
1764075879394 1.0491541177034378 718
1764075887779 0.9991109073162079 719
1764075896171 0.9489612132310867 720
1764075904560 0.9759259670972824 721
1764075912941 0.962957501411438 722
1764075921290 0.913335531949997 723
1764075929678 0.958764374256134 724
1764075938063 0.9723512083292007 725
1764075946430 1.0031026303768158 726
1764075954869 0.9894153326749802 727
1764075963228 0.9785248935222626 728
1764075971630 1.0118415355682373 729
1764075980016 0.922444075345993 730
1764075988384 0.9888087809085846 731
1764075996789 1.0006579905748367 732
1764076005140 1.0314665734767914 733
1764076013540 0.9481067508459091 734
1764076021953 1.037058338522911 735
1764076030364 1.0303191244602203 736
1764076038748 1.0429076999425888 737
1764076047132 1.01319420337677 738
1764076055521 0.9800215065479279 739
1764076063907 0.9725362807512283 740
1764076072271 1.0187870264053345 741
1764076080641 1.1318832635879517 742
1764076089062 0.9433076530694962 743
1764076097441 0.9949886947870255 744
1764076105835 0.9627373218536377 745
1764076114222 0.9053804129362106 746
1764076122606 0.9783586263656616 747
1764076131095 0.9307223111391068 748
1764076139466 0.9779150187969208 749
1764076147852 0.9668605327606201 750
1764076156217 0.9670515954494476 751
1764076164570 1.0440216064453125 752
1764076172947 0.9919178038835526 753
1764076181318 0.9039101302623749 754
1764076189700 0.9652694314718246 755
1764076198092 0.9739470779895782 756
1764076206467 1.0096110254526138 757
1764076214841 0.9857722669839859 758
1764076223227 0.9081431478261948 759
1764076231615 1.027549684047699 760
1764076239999 0.9833552539348602 761
1764076248363 0.9002228826284409 762
1764076256740 0.9348715245723724 763
1764076265124 0.9703449308872223 764
1764076273497 0.9531527161598206 765
1764076281940 0.9602894335985184 766
1764076290322 0.9540701508522034 767
1764076298665 1.043042317032814 768
1764076307056 0.9539137780666351 769
1764076315459 1.0295025706291199 770
1764076323831 0.9144292026758194 771
1764076332246 1.0162783712148666 772
1764076340608 0.9704819172620773 773
1764076349007 1.0413423925638199 774
1764076357419 0.9324683845043182 775
1764076365780 0.9794790893793106 776
1764076374172 0.9932257980108261 777
1764076382560 1.0290035754442215 778
1764076390933 1.0657504498958588 779
1764076399329 0.9818063676357269 780
1764076407699 1.0039044916629791 781
1764076416072 0.9832202345132828 782
1764076424451 0.9915074855089188 783
1764076432843 1.0291389971971512 784
1764076441242 0.9421462118625641 785
1764076449624 0.9583524167537689 786
1764076458012 0.9934863150119781 787
1764076466394 0.9084773361682892 788
1764076474775 0.9419973343610764 789
1764076483257 0.9939281940460205 790
1764076491636 0.8670502603054047 791
1764076499995 1.0065433382987976 792
1764076508455 0.9850728511810303 793
1764076516824 1.0045356750488281 794
1764076525203 0.968713641166687 795
1764076533705 0.9895544648170471 796
1764076542089 1.0347323566675186 797
1764076550442 0.937205508351326 798
1764076558795 1.0530099421739578 799
1764076567144 0.951210543513298 800
1764076575513 1.0534781962633133 801
1764076583968 1.0068433731794357 802
1764076592343 1.0103609561920166 803
1764076600709 0.9733025282621384 804
1764076609063 0.9244320243597031 805
1764076617438 0.9752156883478165 806
1764076625812 0.9942974746227264 807
1764076634321 1.0230963230133057 808
1764076642712 0.9494036585092545 809
1764076651094 0.9222801178693771 810
1764076659463 0.9473961442708969 811
1764076667844 0.9775690138339996 812
1764076676256 1.0021092891693115 813
1764076684649 1.0069673508405685 814
1764076693004 0.9574248641729355 815
1764076701385 0.9981736689805984 816
1764076709741 1.0504158288240433 817
1764076718135 1.027463510632515 818
1764076726476 0.9644308686256409 819
1764076734831 1.0081149190664291 820
1764076743216 0.9598782062530518 821
1764076751624 0.991311177611351 822
1764076760010 0.9968013316392899 823
1764076768376 0.9524701535701752 824
1764076776797 0.9496709406375885 825
1764076785170 1.0266577303409576 826
1764076793575 1.0049176812171936 827
1764076801980 1.0053241550922394 828
1764076810360 1.0512035489082336 829
1764076818735 0.8893721550703049 830
1764076827093 0.9941838532686234 831
1764076835538 1.0143001973628998 832
1764076843921 0.9938294887542725 833
1764076852336 0.975473627448082 834
1764076860677 0.9815112799406052 835
1764076869033 0.964807003736496 836
1764076877393 0.9736192524433136 837
1764076885771 1.027969941496849 838
1764076894189 0.9540800005197525 839
1764076902552 0.9995181560516357 840
1764076910931 0.9869054704904556 841
1764076919333 0.9260242730379105 842
1764076927723 1.0355651378631592 843
1764076936135 0.9168348461389542 844
1764076944503 1.016294687986374 845
1764076952908 0.9456838965415955 846
1764076961286 0.9262429028749466 847
1764076969785 0.9731738716363907 848
1764076978189 1.084269940853119 849
1764076986696 1.0351515412330627 850
1764076995063 1.0065803825855255 851
1764077003419 0.9910183995962143 852
1764077011791 0.9876304715871811 853
1764077020175 0.9448118805885315 854
1764077028573 0.9928348511457443 855
1764077037110 1.0002680867910385 856
1764077045504 0.9364831000566483 857
1764077053885 0.9568706154823303 858
1764077062239 0.8654488623142242 859
1764077070628 0.9735315293073654 860
1764077078999 0.9113026857376099 861
1764077087376 0.9389854222536087 862
1764077095769 1.01408089697361 863
1764077104148 0.9613347500562668 864
1764077112557 0.9956569224596024 865
1764077120961 0.9869522601366043 866
1764077129339 0.9319540560245514 867
1764077137729 0.9479729980230331 868
1764077146090 1.061228722333908 869
1764077154482 0.9814499914646149 870
1764077162859 1.0182433128356934 871
1764077171247 0.9519134163856506 872
1764077179653 0.9685421735048294 873
1764077188044 0.9929155260324478 874
1764077196455 0.9411841779947281 875
1764077204835 0.9686742722988129 876
1764077213190 0.9331172108650208 877
1764077221548 0.9673887342214584 878
1764077229956 0.9995884597301483 879
1764077238348 0.9972501397132874 880
1764077246752 1.0201524943113327 881
1764077255142 0.919694110751152 882
1764077263553 1.0363202393054962 883
1764077272012 1.0006594359874725 884
1764077280390 0.9628082066774368 885
1764077288761 0.974420815706253 886
1764077297175 0.9935359954833984 887
1764077305539 0.9883037060499191 888
1764077313940 0.9706669747829437 889
1764077322445 0.9671894758939743 890
1764077330882 1.0413210839033127 891
1764077339267 0.9972920119762421 892
1764077347650 0.9383029639720917 893
1764077356051 0.9709744602441788 894
1764077364423 0.9639135003089905 895
1764077372789 1.0490097850561142 896
1764077381164 1.0157464891672134 897
1764077389688 0.9464805275201797 898
1764077398113 0.9420654624700546 899
1764077406526 1.0070166289806366 900
1764077414895 0.9735214710235596 901
1764077423255 1.0472956001758575 902
1764077431639 0.986304447054863 903
1764077440025 1.0037426054477692 904
1764077448391 0.9747201651334763 905
1764077456767 1.0503222048282623 906
1764077465138 0.9457879215478897 907
1764077473538 1.0922890305519104 908
1764077481919 1.0498794466257095 909
1764077490301 0.993844747543335 910
1764077498736 1.0305860787630081 911
1764077507107 0.9927242249250412 912
1764077515515 0.9188611656427383 913
1764077523868 0.9270658493041992 914
1764077532311 1.0411607027053833 915
1764077540726 1.049477443099022 916
1764077549141 0.978194534778595 917
1764077557535 0.904457300901413 918
1764077565926 1.025378793478012 919
1764077574312 0.929508775472641 920
1764077582680 0.9567728042602539 921
1764077591059 1.026820421218872 922
1764077599449 0.9578699469566345 923
1764077607939 0.9857373535633087 924
1764077616328 1.0160740166902542 925
1764077624725 0.9681399315595627 926
1764077633112 0.920200377702713 927
1764077641504 1.0452277958393097 928
1764077649883 0.9568063765764236 929
1764077658239 1.0033632218837738 930
1764077666765 0.9566920399665833 931
1764077675181 0.943891778588295 932
1764077683614 0.9283813685178757 933
1764077691982 1.0068704038858414 934
1764077700373 0.9926820248365402 935
1764077708766 0.9583184868097305 936
1764077717162 0.9403950423002243 937
1764077725525 1.0320122987031937 938
1764077790154 0.9924133270978928 940
1764077798561 0.9895400553941727 941
1764077806921 0.9762489646673203 942
1764077815279 0.9205565452575684 943
1764077823712 0.9144283682107925 944
1764077832108 1.0523824840784073 945
1764077840509 0.983655646443367 946
1764077848907 0.9624141156673431 947
1764077857310 0.9386712312698364 948
1764077865711 1.0388117134571075 949
1764077874115 0.9920380413532257 950
1764077882560 1.0291413217782974 951
1764077890953 0.9001106768846512 952
1764077899377 0.9308103024959564 953
1764077907924 1.0372644364833832 954
1764077916374 0.9309056997299194 955
1764077924755 0.9634329378604889 956
1764077933157 0.9591291397809982 957
1764077941544 1.038660854101181 958
1764077949934 1.0096655040979385 959
1764077958345 0.9967089146375656 960
1764077966735 0.9785073548555374 961
1764077975141 0.9853076189756393 962
1764077983539 0.9846286028623581 963
1764077991994 0.9143003225326538 964
1764078000354 0.9726993143558502 965
1764078008721 0.9153945744037628 966
1764078017090 0.9501948654651642 967
1764078025466 0.9805720299482346 968
1764078033869 0.9193095266819 969
1764078042255 0.9857844561338425 970
1764078050700 1.0177130699157715 971
1764078059082 0.8938285261392593 972
1764078067465 0.981132298707962 973
1764078075882 0.9535821974277496 974
1764078084282 0.9777384698390961 975
1764078092656 0.9955447912216187 976
1764078101062 0.9917535483837128 977
1764078109460 0.9756298363208771 978
1764078117847 0.9884215593338013 979
1764078126246 0.9685992896556854 980
1764078134663 0.9966038465499878 981
1764078143066 0.9473902583122253 982
1764078151425 0.9394926279783249 983
1764078159803 0.9883047342300415 984
1764078168169 0.9886930137872696 985
1764078176569 1.087347999215126 986
1764078184979 0.9392393529415131 987
1764078193525 0.9840908050537109 988
1764078201939 1.0682272911071777 989
1764078210334 1.0326382368803024 990
1764078218732 0.9920378774404526 991
1764078227163 1.0056966692209244 992
1764078235553 0.9750627428293228 993
1764078243941 0.9881390333175659 994
1764078252288 1.00839301943779 995
1764078260655 0.9599495679140091 996
1764078269053 0.9829912781715393 997
1764078277439 0.999243289232254 998
1764078285849 0.9242094904184341 999
1764078294263 1.0410118252038956 1000
1764078302660 0.9639312475919724 1001
1764078311055 0.9671987295150757 1002
1764078319440 0.9747059196233749 1003
1764078327821 0.9439572244882584 1004
1764078336170 0.9463344365358353 1005
1764078344566 0.9786192327737808 1006
1764078353019 0.9605047851800919 1007
1764078361407 0.977242961525917 1008
1764078369779 0.9983287006616592 1009
1764078378149 0.9330862611532211 1010
1764078386530 0.9959536492824554 1011
1764078394944 0.9244421571493149 1012
1764078403333 0.9732843190431595 1013
1764078411738 0.9277409017086029 1014
1764078420136 1.0526230931282043 1015
1764078428534 1.011075735092163 1016
1764078436887 0.9474430531263351 1017
1764078445292 1.0660519450902939 1018
1764078453681 0.9484311640262604 1019
1764078462053 0.9606852680444717 1020
1764078470465 1.0480294823646545 1021
1764078478861 0.9637846648693085 1022
1764078487242 1.0134408921003342 1023
1764078495650 0.9609086662530899 1024
1764078504071 0.9933824390172958 1025
1764078512435 0.9531769901514053 1026
1764078520815 1.03696808218956 1027
1764078529195 0.9751637578010559 1028
1764078537575 1.009486898779869 1029
1764078546066 0.9789924025535583 1030
1764078554457 0.9691083878278732 1031
1764078562864 1.0083714723587036 1032
1764078571254 1.0448026061058044 1033
1764078579656 0.9603540152311325 1034
1764078588248 0.9043202251195908 1035
1764078596604 0.9809247553348541 1036
1764078604967 0.9954291135072708 1037
1764078613346 1.0003657042980194 1038
1764078621757 0.9726563096046448 1039
1764078630144 0.9750446379184723 1040
1764078638526 1.0241321474313736 1041
1764078646905 0.9749200493097305 1042
1764078655334 0.98299540579319 1043
1764078663684 0.9708843678236008 1044
1764078672067 0.9439671486616135 1045
1764078680437 0.963687852025032 1046
1764078688837 0.9995924234390259 1047
1764078697261 0.9676442593336105 1048
1764078705595 1.0065251290798187 1049
1764078713974 0.9285737723112106 1050
1764078722395 0.9808582067489624 1051
1764078730775 0.9538530856370926 1052
1764078739138 0.9346103370189667 1053
1764078747535 0.9648424834012985 1054
1764078755916 1.038459688425064 1055
1764078764302 0.9606729745864868 1056
1764078772680 0.981117308139801 1057
1764078781172 0.9924571961164474 1058
1764078789572 0.9555750042200089 1059
1764078797939 1.0124047845602036 1060
1764078806345 0.9745225161314011 1061
1764078814740 1.051267459988594 1062
1764078823173 0.9807444661855698 1063
1764078831665 0.948457881808281 1064
1764078840038 1.0275611132383347 1065
1764078848416 1.0328889191150665 1066
1764078856787 0.9623094201087952 1067
1764078865160 0.8898854106664658 1068
1764078873557 0.9806090593338013 1069
1764078881922 0.9835814386606216 1070
1764078890306 1.0262144207954407 1071
1764078898676 0.9750626236200333 1072
1764078907061 0.9593326449394226 1073
1764078915416 0.991880863904953 1074
1764078923771 1.052756279706955 1075
1764078932161 0.9364372342824936 1076
1764078940539 1.0011106878519058 1077
1764078948968 1.0179415792226791 1078
1764078957349 1.016460731625557 1079
1764078965747 0.9735126942396164 1080
1764078974133 1.0006268918514252 1081
1764078982524 0.9749108105897903 1082
1764078990925 0.9508936554193497 1083
1764078999343 0.964343473315239 1084
1764079007742 0.9643780142068863 1085
1764079016171 1.006930947303772 1086
1764079024581 0.9575699865818024 1087
1764079032973 0.9823068529367447 1088
1764079041369 1.0330505818128586 1089
1764079049742 0.984392061829567 1090
1764079058124 0.9394468516111374 1091
1764079066542 1.0134028196334839 1092
1764079074932 0.9679790735244751 1093
1764079083317 1.005301296710968 1094
1764079091923 0.9363395571708679 1095
1764079100299 0.9532946646213531 1096
1764079108694 0.8868714570999146 1097
1764079117106 0.983367457985878 1098
1764079125485 0.9883754998445511 1099
1764079133861 1.0738260596990585 1100
1764079142264 1.0148218423128128 1101
1764079150648 1.0364790558815002 1102
1764079159046 1.0322787016630173 1103
1764079167443 0.9855002611875534 1104
1764079175826 0.9564134627580643 1105
1764079184263 0.9860294908285141 1106
1764079192642 0.9168542921543121 1107
1764079201076 0.9581758379936218 1108
1764079209446 1.0362284183502197 1109
1764079217835 1.0030045807361603 1110
1764079226218 1.0240511745214462 1111
1764079234631 0.9261498600244522 1112
1764079243002 1.0381077826023102 1113
1764079251388 0.9912664145231247 1114
1764079259781 1.060813844203949 1115
1764079268181 1.0359013676643372 1116
1764079276559 0.958211213350296 1117
1764079285073 1.0448269248008728 1118
1764079293448 0.9217946082353592 1119
1764079301820 0.9053492248058319 1120
1764079310228 0.9977429509162903 1121
1764079318618 1.032297283411026 1122
1764079327036 1.0026851892471313 1123
1764079335443 0.9969132244586945 1124
1764079343802 1.0029369592666626 1125
1764079352187 0.9351008981466293 1126
1764079360548 0.9456245750188828 1127
1764079368922 1.0332726389169693 1128
1764079377303 1.027944877743721 1129
1764079385676 0.9588738530874252 1130
1764079394040 1.0076637119054794 1131
1764079402468 0.9779475629329681 1132
1764079410861 0.9584055691957474 1133
1764079419242 0.9873747676610947 1134
1764079427608 0.9393971562385559 1135
1764079435988 0.9125698357820511 1136
1764079444524 1.0068403631448746 1137
1764079452935 0.9902582913637161 1138
1764079461316 1.052357792854309 1139
1764079469682 0.940823495388031 1140
1764079478044 0.9300216883420944 1141
1764079486446 0.9438823759555817 1142
1764079494814 0.9058602750301361 1143
1764079503226 1.0113559812307358 1144
1764079511601 0.9651840031147003 1145
1764079519979 0.9636259973049164 1146
1764079528380 1.0311555713415146 1147
1764079536786 0.9444720447063446 1148
1764079545185 1.0242069214582443 1149
1764079553540 0.9033566266298294 1150
1764079561896 0.9659409672021866 1151
1764079570274 0.9650510549545288 1152
1764079578628 1.0280292928218842 1153
1764079587021 0.9704719483852386 1154
1764079595388 1.0161073058843613 1155
1764079603807 0.9410927146673203 1156
1764079612197 0.9526555240154266 1157
1764079620537 0.9153693616390228 1158
1764079628896 1.0113654434680939 1159
1764079637400 0.9945005923509598 1160
1764079645777 1.029380589723587 1161
1764079654168 1.004548728466034 1162
1764079662557 0.9542189538478851 1163
1764079670920 1.0225798785686493 1164
1764079679283 0.9513026624917984 1165
1764079687640 0.9277801066637039 1166
1764079696121 1.0187876224517822 1167
1764079704504 0.9465389251708984 1168
1764079712886 0.9750314503908157 1169
1764079721364 0.9706499427556992 1170
1764079729736 0.9976974129676819 1171
1764079738118 0.9884470254182816 1172
1764079746488 1.0246595740318298 1173
1764079754867 0.9917219430208206 1174
1764079763229 0.9515338838100433 1175
1764079771650 0.9399051517248154 1176
1764079780041 1.023977130651474 1177
1764079788423 0.8899442553520203 1178
1764079796813 1.0241917967796326 1179
1764079805215 1.0106900334358215 1180
1764079813582 0.8873709887266159 1181
1764079821983 0.9631331712007523 1182
1764079830343 0.9549231678247452 1183
1764079838733 0.957737073302269 1184
1764079847124 0.9461121559143066 1185
1764079855526 0.9113317579030991 1186
1764079863903 1.0180244743824005 1187
1764079872292 0.9920264184474945 1188
1764079880670 0.9647343009710312 1189
1764079889046 0.9694152921438217 1190
1764079897421 0.8864189237356186 1191
1764079905811 0.9530135840177536 1192
1764079914314 0.9129863083362579 1193
1764079922684 1.0186586380004883 1194
1764079931069 0.9441253840923309 1195
1764079939462 1.0179008841514587 1196
1764079947825 0.9906932562589645 1197
1764079956192 0.9400252103805542 1198
1764079964592 0.9764916598796844 1199
1764079972968 0.986472561955452 1200
1764079981361 1.0167231261730194 1201
1764079989744 0.9480471760034561 1202
1764079998131 0.9681301414966583 1203
1764080006535 0.9910295903682709 1204
1764080014929 1.0065058022737503 1205
1764080023302 0.8950969129800797 1206
1764080031683 0.9614427089691162 1207
1764080040062 0.9602328389883041 1208
1764080048466 0.8866509646177292 1209
1764080056840 0.9765462130308151 1210
1764080065247 0.9147339761257172 1211
1764080073646 1.025029256939888 1212
1764080082028 1.020354524254799 1213
1764080090444 0.9373787194490433 1214
1764080098838 0.9467284381389618 1215
1764080107216 0.9685518592596054 1216
1764080115585 0.9893165826797485 1217
1764080123966 0.8550713360309601 1218
1764080132349 1.0018448680639267 1219
1764080140703 0.9335068166255951 1220
1764080149074 1.0530407279729843 1221
1764080157421 0.9602560102939606 1222
1764080165809 0.8910783529281616 1223
1764080174200 0.9733423888683319 1224
1764080182575 0.9630904346704483 1225
1764080191073 1.0228772163391113 1226
1764080199447 0.9269681870937347 1227
1764080207849 1.0324557572603226 1228
1764080216275 1.046193540096283 1229
1764080224640 1.0069144815206528 1230
1764080233001 1.004500463604927 1231
1764080241343 1.051454335451126 1232
1764080249776 1.0699406862258911 1233
1764080258110 0.9829914271831512 1234
1764080266525 0.9752310216426849 1235
1764080274888 0.9114271551370621 1236
1764080283270 0.9649672657251358 1237
1764080291630 1.0203887075185776 1238
1764080300022 1.0115655213594437 1239
1764080308396 1.018584057688713 1240
1764080316788 0.9531090259552002 1241
1764080325184 0.933713749051094 1242
1764080333552 0.956793025135994 1243
1764080341947 0.9740622490644455 1244
1764080350350 0.9677448868751526 1245
1764080358737 1.0057437419891357 1246
1764080367127 0.9510370045900345 1247
1764080375507 0.947088286280632 1248
1764080383883 0.958236888051033 1249
1764080392288 1.0197011232376099 1250
1764080400724 0.9503295868635178 1251
1764080467129 1.0140764266252518 1253
1764080475496 0.9366278499364853 1254
1764080483861 1.0355526208877563 1255
1764080492280 0.9447491317987442 1256
1764080500648 0.9924060851335526 1257
1764080509060 0.98514124751091 1258
1764080517458 0.9852416664361954 1259
1764080525852 0.9664430618286133 1260
1764080534261 0.9240027517080307 1261
1764080542672 1.0134528130292892 1262
1764080551075 0.9554389268159866 1263
1764080559458 0.9593145698308945 1264
1764080567900 0.9652071744203568 1265
1764080576322 0.9928636103868484 1266
1764080584869 0.9941135793924332 1267
1764080593496 0.9986686706542969 1268
1764080601876 0.9386142939329147 1269
1764080610291 0.9569122791290283 1270
1764080618671 1.0151137113571167 1271
1764080627068 0.9427655339241028 1272
1764080635452 0.9949451088905334 1273
1764080644045 1.0101011246442795 1274
1764080652437 1.0006709396839142 1275
1764080660844 1.0437110662460327 1276
1764080669245 0.9915642142295837 1277
1764080677603 1.0389655232429504 1278
1764080686000 1.0109496116638184 1279
1764080694366 0.964983731508255 1280
1764080702770 0.9021228849887848 1281
1764080711172 0.9271446466445923 1282
1764080719539 0.9952699393033981 1283
1764080727941 0.9186435788869858 1284
1764080736340 0.9385854601860046 1285
1764080744755 0.9271655827760696 1286
1764080753177 1.0266307294368744 1287
1764080761591 0.989052951335907 1288
1764080769995 0.9758321642875671 1289
1764080778405 0.931089386343956 1290
1764080786803 0.9513085335493088 1291
1764080795179 1.0109979212284088 1292
1764080803572 0.9835512936115265 1293
1764080811938 0.965633824467659 1294
1764080820317 0.9733369648456573 1295
1764080828746 1.012299969792366 1296
1764080837112 1.028783157467842 1297
1764080845456 1.0692968964576721 1298
1764080853817 0.9428030699491501 1299
1764080862183 0.9202737957239151 1300
1764080870655 1.0467256754636765 1301
1764080879023 0.9787001013755798 1302
1764080887416 1.0373100489377975 1303
1764080895792 1.0056080967187881 1304
1764080904165 0.9052712470293045 1305
1764080912534 0.9455562233924866 1306
1764080920929 0.9479828923940659 1307
1764080929286 0.9911601394414902 1308
1764080937635 0.9051731377840042 1309
1764080946003 1.0033643394708633 1310
1764080954397 0.9606913775205612 1311
1764080962800 1.0004702806472778 1312
1764080971188 0.9935380071401596 1313
1764080979578 0.9210049957036972 1314
1764080987950 1.0500514060258865 1315
1764080996303 0.8968919664621353 1316
1764081004675 0.8650022894144058 1317
1764081013083 0.9198514968156815 1318
1764081021492 0.9483738839626312 1319
1764081029881 0.981642410159111 1320
1764081038274 0.9828681647777557 1321
1764081046643 0.9748955816030502 1322
1764081054993 0.9451198577880859 1323
1764081063426 1.0237591564655304 1324
1764081071779 1.0006921291351318 1325
1764081080161 0.9295957237482071 1326
1764081088529 0.9442323595285416 1327
1764081096891 0.9861776530742645 1328
1764081105272 0.9502090215682983 1329
1764081113632 0.9866809397935867 1330
1764081121997 0.9333867281675339 1331
1764081130416 1.0553943514823914 1332
1764081138834 0.9747549444437027 1333
1764081147378 0.9837389290332794 1334
1764081155748 1.0051788985729218 1335
1764081164112 1.0071220248937607 1336
1764081172489 0.9421691447496414 1337
1764081180946 1.0345527827739716 1338
1764081189333 1.0075157582759857 1339
1764081197705 0.9123877584934235 1340
1764081206077 0.955501988530159 1341
1764081214546 1.0335683822631836 1342
1764081222907 0.915410041809082 1343
1764081231287 0.9585995674133301 1344
1764081239646 1.044791340827942 1345
1764081248007 0.9040393829345703 1346
1764081256395 0.9796105921268463 1347
1764081264772 0.9729358553886414 1348
1764081273177 0.9861709922552109 1349
1764081281550 0.9985389560461044 1350
1764081289931 1.0527276694774628 1351
1764081298310 0.9677837044000626 1352
1764081306670 1.0325590074062347 1353
1764081315015 0.9642822742462158 1354
1764081323376 1.0200401991605759 1355
1764081331758 1.003798857331276 1356
1764081340148 0.9591108113527298 1357
1764081348515 1.04836006462574 1358
1764081356887 0.9837371110916138 1359
1764081365263 0.9926148355007172 1360
1764081373666 0.9380481988191605 1361
1764081382048 0.9556196630001068 1362
1764081390431 1.01067316532135 1363
1764081398814 0.9742212295532227 1364
1764081407190 0.9444776326417923 1365
1764081415554 1.0039456486701965 1366
1764081423951 0.986504003405571 1367
1764081432386 0.9194716066122055 1368
1764081440789 0.9843182265758514 1369
1764081449303 0.886915847659111 1370
1764081457672 1.0472002476453781 1371
1764081466055 0.9791683256626129 1372
1764081474446 0.9572730213403702 1373
1764081482855 1.0213940143585205 1374
1764081491218 0.961555540561676 1375
1764081499758 0.9535206705331802 1376
1764081508124 0.9837350696325302 1377
1764081516479 1.0272502601146698 1378
1764081524831 0.9177483767271042 1379
1764081533215 1.0305403620004654 1380
1764081541644 0.927896723151207 1381
1764081550007 1.0023306459188461 1382
1764081558361 0.9607945084571838 1383
1764081566728 0.9068916440010071 1384
1764081575092 1.011269673705101 1385
1764081583459 1.0013226568698883 1386
1764081591832 1.0060977339744568 1387
1764081600194 0.9688803106546402 1388
1764081608571 1.032391369342804 1389
1764081616978 0.9982323497533798 1390
1764081625356 0.9612845480442047 1391
1764081633746 0.994180217385292 1392
1764081642117 0.956195279955864 1393
1764081650519 0.9381102472543716 1394
1764081658874 0.9966020435094833 1395
1764081667256 0.8976713865995407 1396
1764081675620 0.9540752172470093 1397
1764081683984 1.0250315219163895 1398
1764081692402 1.0006641894578934 1399
1764081700797 0.8838631808757782 1400
1764081709169 0.9634864628314972 1401
1764081717542 1.0062273889780045 1402
1764081725935 0.9375750869512558 1403
1764081734301 0.9281654059886932 1404
1764081742813 0.9990448653697968 1405
1764081751193 0.9777249246835709 1406
1764081759572 0.9095664173364639 1407
1764081767972 0.9891102015972137 1408
1764081776500 0.9244878441095352 1409
1764081784866 0.9700870513916016 1410
1764081793271 0.9700190275907516 1411
1764081801659 0.9146803766489029 1412
1764081810061 0.9884399324655533 1413
1764081818453 1.0120270550251007 1414
1764081826843 1.051386222243309 1415
1764081835223 0.9888470470905304 1416
1764081843641 1.0981446504592896 1417
1764081851990 1.0252081751823425 1418
1764081860410 0.9378462135791779 1419
1764081868793 0.9146033525466919 1420
1764081877210 0.9617826789617538 1421
1764081885588 0.9136372655630112 1422
1764081893949 0.9841381013393402 1423
1764081902317 1.0098551511764526 1424
1764081910689 0.9500168561935425 1425
1764081919087 0.9818985164165497 1426
1764081927497 0.9493242055177689 1427
1764081935874 1.011736899614334 1428
1764081944254 1.0092944502830505 1429
1764081952765 0.8644675463438034 1430
1764081961164 1.0159085541963577 1431
1764081969552 0.989706888794899 1432
1764081977971 0.9719363451004028 1433
1764081986428 0.9521638303995132 1434
1764081994814 0.9787066429853439 1435
1764082003186 0.9911356121301651 1436
1764082011551 1.0083890408277512 1437
1764082019933 0.993028998374939 1438
1764082028342 0.9682680666446686 1439
1764082036731 0.9747791439294815 1440
1764082045123 0.9296573400497437 1441
1764082053526 0.9564332664012909 1442
1764082061927 0.9898017197847366 1443
1764082070343 0.9307328015565872 1444
1764082078720 0.9416270107030869 1445
1764082087074 1.017584428191185 1446
1764082095451 0.9655385762453079 1447
1764082103847 1.0479276925325394 1448
1764082112249 0.9560247212648392 1449
1764082120616 1.0043307095766068 1450
1764082129016 0.8951509594917297 1451
1764082137408 1.0492768287658691 1452
1764082145778 1.0227289497852325 1453
1764082154196 1.0157136172056198 1454
1764082162591 0.9688780754804611 1455
1764082170958 0.9330647438764572 1456
1764082179336 0.9249022752046585 1457
1764082187708 0.9554732292890549 1458
1764082196064 1.0089397877454758 1459
1764082204449 1.0131524205207825 1460
1764082212791 0.9781306087970734 1461
1764082221188 0.9876663684844971 1462
1764082229694 1.038526400923729 1463
1764082238055 0.9966398328542709 1464
1764082246412 1.0257374346256256 1465
1764082254797 1.0625214725732803 1466
1764082263219 0.9792915433645248 1467
1764082271619 0.9161617457866669 1468
1764082280019 1.1296845376491547 1469
1764082288437 1.0644146502017975 1470
1764082296806 0.9666410982608795 1471
1764082305318 1.0314365923404694 1472
1764082313685 0.97117118537426 1473
1764082322046 1.0122602730989456 1474
1764082330480 0.9883587211370468 1475
1764082338845 0.9526073932647705 1476
1764082347263 0.9747250378131866 1477
1764082355626 0.9562963843345642 1478
1764082364001 1.0133616477251053 1479
1764082372380 0.9275300800800323 1480
1764082380766 1.0263044834136963 1481
1764082389120 0.9050206691026688 1482
1764082397488 1.0262131839990616 1483
1764082405892 1.0019268542528152 1484
1764082414254 1.0125004053115845 1485
1764082422655 0.9450217038393021 1486
1764082431061 0.9581593126058578 1487
1764082439489 1.0063318312168121 1488
1764082447875 1.0121514946222305 1489
1764082456230 0.9429704248905182 1490
1764082464563 0.9547723680734634 1491
1764082472978 0.9716684967279434 1492
1764082481363 0.9465810060501099 1493
1764082489737 0.93248550593853 1494
1764082498132 0.9385258704423904 1495
1764082506505 0.960742250084877 1496
1764082514852 0.9763718694448471 1497
1764082523209 0.8834761083126068 1498
1764082531600 0.9669705927371979 1499
1764082539976 1.0190855413675308 1500
1764082548364 1.014397770166397 1501
1764082556767 0.9378195255994797 1502
1764082565150 0.9223267883062363 1503
1764082573507 0.894292876124382 1504
1764082582011 0.946465477347374 1505
1764082590496 0.9633481800556183 1506
1764082598839 0.982726663351059 1507
1764082607183 0.9848455339670181 1508
1764082615546 1.0409593731164932 1509
1764082623958 1.0160302966833115 1510
1764082632335 0.9773474633693695 1511
1764082640743 0.9401289075613022 1512
1764082649159 0.9731024950742722 1513
1764082657673 0.970038652420044 1514
1764082666027 0.9686938226222992 1515
1764082674397 0.9778998494148254 1516
1764082682756 0.9769310802221298 1517
1764082691099 1.073320984840393 1518
1764082699494 0.964858204126358 1519
1764082707923 0.9371099174022675 1520
1764082716324 0.977638840675354 1521
1764082724736 0.91534423828125 1522
1764082733149 0.8945665955543518 1523
1764082741554 0.9806502163410187 1524
1764082749952 0.9707535058259964 1525
1764082758317 0.9852502346038818 1526
1764082766684 1.02565436065197 1527
1764082775066 0.9817709624767303 1528
1764082783432 0.9543529599905014 1529
1764082791799 0.8995571285486221 1530
1764082800177 0.9909761995077133 1531
1764082808582 0.9889633655548096 1532
1764082816951 1.0344138443470001 1533
1764082825303 0.9899725615978241 1534
1764082833672 0.9781767129898071 1535
1764082842116 0.9656167924404144 1536
1764082850540 0.9679625183343887 1537
1764082858925 0.9681593626737595 1538
1764082867419 0.9656047821044922 1539
1764082875809 0.9379643946886063 1540
1764082884195 1.0256202667951584 1541
1764082892565 0.8950440287590027 1542
1764082900936 0.962137758731842 1543
1764082909341 1.0184024572372437 1544
1764082917741 0.9330662786960602 1545
1764082926121 0.9741210490465164 1546
1764082934554 1.0455854088068008 1547
1764082942956 0.9729837626218796 1548
1764082951320 0.9983655214309692 1549
1764082959696 0.9570365250110626 1550
1764082968082 1.0148001611232758 1551
1764082976492 0.9649319052696228 1552
1764082984877 0.9903435558080673 1553
1764082993283 1.0356044471263885 1554
1764083001655 1.0027817636728287 1555
1764083010073 1.037592127919197 1556
1764083018478 1.0380123257637024 1557
1764083026882 0.925861582159996 1558
1764083035254 0.9794688075780869 1559
1764083043644 0.8964102268218994 1560
1764083052038 1.087585836648941 1561
1764083060401 0.9623046517372131 1562
1764083068804 0.9465586841106415 1563
1764083077232 0.9926645755767822 1564
