1764069765579 1.832116812467575 1
1764069773928 1.732735812664032 2
1764069782318 1.7455385327339172 3
1764069790713 1.7132034003734589 4
1764069799141 1.6615288257598877 5
1764069807557 1.7177796065807343 6
1764069816020 1.6609647870063782 7
1764069824475 1.5952587127685547 8
1764069832904 1.4531241953372955 9
1764069841375 1.5024841129779816 10
1764069849849 1.4888038635253906 11
1764069858253 1.6869391798973083 12
1764069866692 1.6056958138942719 13
1764069875136 1.57700115442276 14
1764069883583 1.4166593551635742 15
1764069892027 1.7028660476207733 16
1764069900487 1.539507418870926 17
1764069908926 1.59164759516716 18
1764069917327 1.3355278968811035 19
1764069925752 1.4421631693840027 20
1764069934143 1.5444357097148895 21
1764069942545 1.5444996654987335 22
1764069950973 1.477128505706787 23
1764069959392 1.567405790090561 24
1764069967800 1.3727673888206482 25
1764069976399 1.4824367463588715 26
1764069984762 1.3025257587432861 27
1764069993141 1.5607082843780518 28
1764070001489 1.6519120931625366 29
1764070009903 1.4375385642051697 30
1764070018282 1.5345701277256012 31
1764070026683 1.4506073296070099 32
1764070035066 1.5531660616397858 33
1764070043429 1.4375711381435394 34
1764070051841 1.3554608523845673 35
1764070060240 1.4778539836406708 36
1764070068634 1.4184938669204712 37
1764070077014 1.3376794755458832 38
1764070085404 1.5162899792194366 39
1764070093793 1.5021910667419434 40
1764070102160 1.2705496847629547 41
1764070110565 1.3741304874420166 42
1764070118931 1.4325640499591827 43
1764070127339 1.4914876222610474 44
1764070135717 1.3741943538188934 45
1764070144155 1.370924860239029 46
1764070152544 1.49778214097023 47
1764070160910 1.4912984073162079 48
1764070169302 1.5175248980522156 49
1764070177665 1.5790670216083527 50
1764070186039 1.407619297504425 51
1764070194424 1.5121818482875824 52
1764070202832 1.384894698858261 53
1764070211184 1.3470812439918518 54
1764070219587 1.3969263434410095 55
1764070228010 1.4091646075248718 56
1764070236387 1.563847154378891 57
1764070244793 1.4504387080669403 58
1764070253189 1.3933949172496796 59
1764070261571 1.508396863937378 60
1764070269961 1.6418705582618713 61
1764070278328 1.4344320595264435 62
1764070286727 1.4060381054878235 63
1764070295147 1.4615811705589294 64
1764070303530 1.5614924132823944 65
1764070311916 1.3805707395076752 66
1764070320311 1.395263522863388 67
1764070328708 1.2446936666965485 68
1764070337100 1.3437775075435638 69
1764070345461 1.5110409557819366 70
1764070353890 1.5048067271709442 71
1764070362458 1.3543096482753754 72
1764070370822 1.4080741703510284 73
1764070379196 1.3516006469726562 74
1764070387640 1.5089510083198547 75
1764070396019 1.4273467063903809 76
1764070404388 1.5100694298744202 77
1764070412735 1.399699628353119 78
1764070421112 1.4241519272327423 79
1764070429467 1.3636008501052856 80
1764070437811 1.4289916157722473 81
1764070446183 1.3357774317264557 82
1764070454578 1.4009893834590912 83
1764070462947 1.5105215013027191 84
1764070471312 1.4900369942188263 85
1764070479696 1.5040381252765656 86
1764070488111 1.4165180623531342 87
1764070496486 1.3930319249629974 88
1764070504871 1.4363990128040314 89
1764070513241 1.317295253276825 90
1764070521617 1.4391840100288391 91
1764070529962 1.4633018970489502 92
1764070538343 1.4789390861988068 93
1764070546730 1.50801283121109 94
1764070555101 1.3292906284332275 95
1764070563490 1.383335143327713 96
1764070571870 1.5000003576278687 97
1764070580247 1.5239228010177612 98
1764070588610 1.6397586464881897 99
1764070597001 1.5254190564155579 100
1764070605388 1.549095630645752 101
1764070613772 1.3911835551261902 102
1764070622140 1.5585117936134338 103
1764070630600 1.4375952184200287 104
1764070639020 1.4230250716209412 105
1764070647413 1.547505408525467 106
1764070655799 1.5927958190441132 107
1764070664195 1.2783015966415405 108
1764070672575 1.4369109272956848 109
1764070680982 1.2675078809261322 110
1764070689341 1.4884377419948578 111
1764070697721 1.4077449440956116 112
1764070706137 1.5068677961826324 113
1764070714514 1.5237856209278107 114
1764070722902 1.454960197210312 115
1764070731276 1.4073002934455872 116
1764070739649 1.327021300792694 117
1764070748049 1.4492706656455994 118
1764070756439 1.4619176387786865 119
1764070764833 1.4314410984516144 120
1764070773195 1.1334947496652603 121
1764070781586 1.2051620781421661 122
1764070789964 1.3598440885543823 123
1764070798357 1.5809215009212494 124
1764070806760 1.434889554977417 125
1764070815147 1.4715307354927063 126
1764070823508 1.4417300820350647 127
1764070831909 1.30002099275589 128
1764070840284 1.4172550439834595 129
1764070848773 1.2374098002910614 130
1764070857299 1.3993349969387054 131
1764070865765 1.5591427981853485 132
1764070874139 1.499032586812973 133
1764070882519 1.345474123954773 134
1764070890879 1.4151219725608826 135
1764070899258 1.4627071917057037 136
1764070907626 1.5781461894512177 137
1764070915995 1.3880007565021515 138
1764070924351 1.324083298444748 139
1764070932694 1.3463709503412247 140
1764070941101 1.5051160156726837 141
1764070949473 1.3578051924705505 142
1764070957854 1.3139137029647827 143
1764070966213 1.5153713524341583 144
1764070974581 1.4936395585536957 145
1764070982964 1.2901654243469238 146
1764070991352 1.4136359989643097 147
1764070999722 1.349384605884552 148
1764071008106 1.552041083574295 149
1764071016474 1.3072253167629242 150
1764071024865 1.4109222292900085 151
1764071033246 1.3380400836467743 152
1764071041623 1.2734572291374207 153
1764071050045 1.334701657295227 154
1764071058436 1.3520096242427826 155
1764071066811 1.3336212038993835 156
1764071075192 1.424911081790924 157
1764071083586 1.3391239047050476 158
1764071091962 1.4309342205524445 159
1764071100335 1.2761977314949036 160
1764071108706 1.3738395273685455 161
1764071117088 1.4239739179611206 162
1764071125467 1.380304604768753 163
1764071133891 1.480965942144394 164
1764071142263 1.3872970342636108 165
1764071150617 1.4455096125602722 166
1764071158991 1.447845846414566 167
1764071167375 1.3142647445201874 168
1764071175781 1.341358870267868 169
1764071184162 1.477022796869278 170
1764071192561 1.4530721306800842 171
1764071200935 1.3102647066116333 172
1764071209315 1.481479436159134 173
1764071217903 1.342393934726715 174
1764071226281 1.3856115639209747 175
1764071234684 1.407897800207138 176
1764071243066 1.2770176529884338 177
1764071251441 1.3790352642536163 178
1764071259806 1.4011873006820679 179
1764071268191 1.3437557518482208 180
1764071276575 1.359325647354126 181
1764071284947 1.3900758922100067 182
1764071293323 1.3720139563083649 183
1764071301699 1.2970761358737946 184
1764071310072 1.4279977083206177 185
1764071318460 1.32730633020401 186
1764071326860 1.364567369222641 187
1764071335372 1.3351384699344635 188
1764071343740 1.5229748785495758 189
1764071352115 1.451490342617035 190
1764071360660 1.3169463872909546 191
1764071369020 1.4266387224197388 192
1764071377376 1.3566633462905884 193
1764071385740 1.23578479886055 194
1764071394124 1.300231158733368 195
1764071402511 1.4349856078624725 196
1764071410899 1.510139375925064 197
1764071419292 1.2714286148548126 198
1764071427663 1.3495234847068787 199
1764071436070 1.2779977917671204 200
1764071444458 1.3888782560825348 201
1764071452842 1.2738605737686157 202
1764071461219 1.2616320550441742 203
1764071469601 1.471858650445938 204
1764071478005 1.4648535549640656 205
1764071486385 1.4192814826965332 206
1764071494749 1.3937701284885406 207
1764071503206 1.4016353785991669 208
1764071511614 1.3217889666557312 209
1764071520044 1.3353359997272491 210
1764071528424 1.4043270647525787 211
1764071536821 1.3283710479736328 212
1764071545206 1.310632199048996 213
1764071553584 1.0981588959693909 214
1764071562018 1.4183507561683655 215
1764071570401 1.431937962770462 216
1764071578773 1.2424661815166473 217
1764071587145 1.22194105386734 218
1764071595491 1.3725228309631348 219
1764071603902 1.2944951951503754 220
1764071612279 1.4039399027824402 221
1764071620652 1.33467036485672 222
1764071629032 1.247991144657135 223
1764071637465 1.3935097754001617 224
1764071645840 1.3384217321872711 225
1764071654241 1.2810677587985992 226
1764071662635 1.3458057641983032 227
1764071671020 1.4128637909889221 228
1764071679401 1.3695480227470398 229
1764071687882 1.418924480676651 230
1764071696245 1.3851453065872192 231
1764071704617 1.412712424993515 232
1764071713159 1.247895896434784 233
1764071721530 1.3063021302223206 234
1764071729901 1.4595622420310974 235
1764071738278 1.385914534330368 236
1764071746663 1.3971621692180634 237
1764071755039 1.414804846048355 238
1764071763397 1.4195034205913544 239
1764071771762 1.396437555551529 240
1764071780118 1.3942705690860748 241
1764071788534 1.3288778364658356 242
1764071796908 1.4838757514953613 243
1764071805277 1.4033382833003998 244
1764071813666 1.3468961119651794 245
1764071822016 1.3753135800361633 246
1764071830374 1.313839703798294 247
1764071838818 1.3869612514972687 248
1764071847163 1.3039551377296448 249
1764071855529 1.4537444114685059 250
1764071863925 1.3683458864688873 251
1764071872294 1.3329135477542877 252
1764071880687 1.368892878293991 253
1764071889119 1.3163139522075653 254
1764071897505 1.316144347190857 255
1764071905897 1.4568056464195251 256
1764071914301 1.367009162902832 257
1764071922683 1.4657331109046936 258
1764071931063 1.3747710883617401 259
1764071939404 1.3576244115829468 260
1764071947772 1.3383024036884308 261
1764071956205 1.2679230272769928 262
1764071964592 1.2998306453227997 263
1764071973064 1.5398334860801697 264
1764071981429 1.425902783870697 265
1764071989793 1.3715227544307709 266
1764071998314 1.3366092145442963 267
1764072006684 1.3776361346244812 268
1764072015066 1.3342163264751434 269
1764072023481 1.215611070394516 270
1764072031887 1.468215525150299 271
1764072040258 1.3738168478012085 272
1764072048594 1.3648439347743988 273
1764072056961 1.246328353881836 274
1764072065338 1.2690972685813904 275
1764072073699 1.4541796743869781 276
1764072082074 1.354684442281723 277
1764072090466 1.2984386086463928 278
1764072098869 1.464142918586731 279
1764072107277 1.4173692762851715 280
1764072115674 1.294030249118805 281
1764072124051 1.3573209345340729 282
1764072132405 1.241080403327942 283
1764072140835 1.3579454720020294 284
1764072149195 1.3146556913852692 285
1764072157554 1.2766424119472504 286
1764072165962 1.2298432290554047 287
1764072174347 1.3098406493663788 288
1764072182753 1.4361363649368286 289
1764072191133 1.4155105948448181 290
1764072199519 1.4346031248569489 291
1764072207895 1.3020721971988678 292
1764072216260 1.3784482777118683 293
1764072224636 1.4128934442996979 294
1764072233025 1.4205861389636993 295
1764072241453 1.2741953134536743 296
1764072249869 1.2855517864227295 297
1764072258230 1.3082502484321594 298
1764072266623 1.2487860918045044 299
1764072274998 1.3102991878986359 300
1764072283350 1.326138287782669 301
1764072291712 1.2283111214637756 302
1764072300104 1.3526409268379211 303
1764072308539 1.2822548151016235 304
1764072316937 1.4257380962371826 305
1764072325296 1.3100814819335938 306
1764072333659 1.30837881565094 307
1764072342059 1.3174403607845306 308
1764072350437 1.367136538028717 309
1764072358824 1.266139656305313 310
1764072367293 1.2788229584693909 311
1764072375668 1.3781022727489471 312
1764072440187 1.2791453897953033 314
1764072448601 1.2226618528366089 315
1764072456985 1.2940641045570374 316
1764072465366 1.3035812675952911 317
1764072473753 1.190797746181488 318
1764072482157 1.0637097209692001 319
1764072490529 1.2425744831562042 320
1764072498917 1.278792917728424 321
1764072507306 1.3304184973239899 322
1764072515755 1.3564462065696716 323
1764072524175 1.3330285549163818 324
1764072532559 1.2249051630496979 325
1764072540962 1.2593277394771576 326
1764072549348 1.1847320199012756 327
1764072557752 1.3152499198913574 328
1764072566186 1.3955332934856415 329
1764072574569 1.3943293988704681 330
1764072582961 1.2425336837768555 331
1764072591391 1.1711097359657288 332
1764072599836 1.23714879155159 333
1764072608217 1.348732590675354 334
1764072616572 1.330955594778061 335
1764072624970 1.297328531742096 336
1764072633342 1.383907973766327 337
1764072641714 1.428599625825882 338
1764072650116 1.265865832567215 339
1764072658515 1.222588837146759 340
1764072666902 1.2058123648166656 341
1764072675282 1.4210300743579865 342
1764072683645 1.2774128317832947 343
1764072692179 1.3005193769931793 344
1764072700553 1.3213441371917725 345
1764072708917 1.273267775774002 346
1764072717289 1.370937317609787 347
1764072725697 1.3026531636714935 348
1764072734057 1.358850508928299 349
1764072742412 1.2330799102783203 350
1764072750760 1.2719734609127045 351
1764072759150 1.3359555304050446 352
1764072767561 1.2815875709056854 353
1764072775960 1.2123821079730988 354
1764072784368 1.3370159566402435 355
1764072792749 1.2346747815608978 356
1764072801138 1.2372390627861023 357
1764072809512 1.2616289258003235 358
1764072817936 1.2964825332164764 359
1764072826318 1.1777789890766144 360
1764072834679 1.1641753613948822 361
1764072843104 1.3073375821113586 362
1764072851483 1.2636458575725555 363
1764072859881 1.3107603788375854 364
1764072868272 1.4405401051044464 365
1764072876648 1.2452261745929718 366
1764072885174 1.2697325348854065 367
1764072893558 1.2284564077854156 368
1764072901949 1.2015535831451416 369
1764072910324 1.360659420490265 370
1764072918693 1.2653722763061523 371
1764072927258 1.3693036139011383 372
1764072935616 1.4319678246974945 373
1764072943996 1.3770105242729187 374
1764072952425 1.182678759098053 375
1764072960819 1.0928146541118622 376
1764072969227 1.3262271583080292 377
1764072977622 1.2647835612297058 378
1764072986000 1.2090235650539398 379
1764072994376 1.2124543190002441 380
1764073002746 1.251717358827591 381
1764073011150 1.0995968580245972 382
1764073019528 1.376266747713089 383
1764073027928 1.263580083847046 384
1764073036334 1.1736886948347092 385
1764073044716 1.3165624737739563 386
1764073053157 1.2516957223415375 387
1764073061522 1.2195440530776978 388
1764073069925 1.4051496386528015 389
1764073078327 1.3667967021465302 390
1764073086694 1.3552846908569336 391
1764073095111 1.1550105810165405 392
1764073103493 1.2828388512134552 393
1764073111878 1.1873922646045685 394
1764073120238 1.3058263957500458 395
1764073128621 1.2624986171722412 396
1764073137013 1.374108225107193 397
1764073145432 1.1545761227607727 398
1764073153833 1.096112921833992 399
1764073162242 1.3852533102035522 400
1764073170621 1.2634623348712921 401
1764073178962 1.2366613447666168 402
1764073187327 1.2468253374099731 403
1764073195727 1.3616847693920135 404
1764073204099 1.124361366033554 405
1764073212480 1.2251755595207214 406
1764073220868 1.225508987903595 407
1764073229250 1.2314268946647644 408
1764073237646 1.1866337656974792 409
1764073246050 1.3110634088516235 410
1764073254443 1.1807780712842941 411
1764073262841 1.23463636636734 412
1764073271246 1.311514526605606 413
1764073279608 1.345028668642044 414
1764073287973 1.200067013502121 415
1764073296443 1.2518251836299896 416
1764073304810 1.4500389993190765 417
1764073313182 1.376632809638977 418
1764073321547 1.2573944926261902 419
1764073329930 1.372004747390747 420
1764073338317 1.1726722717285156 421
1764073346683 1.2615520060062408 422
1764073355060 1.1991154551506042 423
1764073363415 1.349481463432312 424
1764073371781 1.213627815246582 425
1764073380334 1.1254998743534088 426
1764073388732 1.2611119747161865 427
1764073397091 1.1708242297172546 428
1764073405495 1.2360545694828033 429
1764073413935 1.0692505240440369 430
1764073422366 1.259761393070221 431
1764073430918 1.1697443127632141 432
1764073439307 1.2760379016399384 433
1764073447675 1.3503263592720032 434
1764073456041 1.318841427564621 435
1764073464405 1.313226044178009 436
1764073472787 1.4285423755645752 437
1764073481159 1.2197937965393066 438
1764073489575 1.2120303213596344 439
1764073497956 1.1749822497367859 440
1764073506319 1.2062885165214539 441
1764073514717 1.1487731784582138 442
1764073523098 1.1132312715053558 443
1764073531499 1.159864753484726 444
1764073539887 1.1617813110351562 445
1764073548265 1.281158059835434 446
1764073556622 1.0450263321399689 447
1764073565129 1.1956161856651306 448
1764073573504 1.2889206409454346 449
1764073581876 1.2281590104103088 450
1764073590236 1.3103508651256561 451
1764073598639 1.2566266357898712 452
1764073607035 1.3298884332180023 453
1764073615417 1.2880979478359222 454
1764073623831 1.2114483416080475 455
1764073632248 1.2373774647712708 456
1764073640632 1.3353160321712494 457
1764073649028 1.248351514339447 458
1764073657411 1.1777677834033966 459
1764073665793 1.2630025744438171 460
1764073674197 1.2340287268161774 461
1764073682618 1.3501131236553192 462
1764073690982 1.2277371287345886 463
1764073699377 1.188180834054947 464
1764073707780 1.192160815000534 465
1764073716185 1.3146708607673645 466
1764073724544 1.3305399119853973 467
1764073733053 0.9948114156723022 468
1764073741431 1.2297053039073944 469
1764073749806 1.2391722202301025 470
1764073758211 1.1892192661762238 471
1764073766574 1.2204855382442474 472
1764073774952 1.209352970123291 473
1764073783524 1.3281204998493195 474
1764073791892 1.3612745106220245 475
1764073800232 1.365408182144165 476
1764073808628 1.2796576023101807 477
1764073817001 1.5167440474033356 478
1764073825364 1.1875677108764648 479
1764073833746 1.2364579737186432 480
1764073842171 1.3796573281288147 481
1764073850562 1.2288744449615479 482
1764073858921 1.3015267848968506 483
1764073867272 1.1686117947101593 484
1764073875637 1.2343286722898483 485
1764073884041 1.1833164393901825 486
1764073892454 1.1796362400054932 487
1764073900829 1.2001993060112 488
1764073909205 1.2651269137859344 489
1764073917619 1.3063210844993591 490
1764073925976 1.3154661059379578 491
1764073934346 1.3636902570724487 492
1764073942715 1.167515516281128 493
1764073951105 1.2875632643699646 494
1764073959467 1.1653182804584503 495
1764073967855 1.1874618828296661 496
1764073976192 1.292269766330719 497
1764073984592 1.1736491173505783 498
1764073992983 1.1787605285644531 499
1764074001331 1.3229371309280396 500
1764074009838 1.2604493200778961 501
1764074018189 1.2806456685066223 502
1764074026571 1.327471286058426 503
1764074034976 1.2487736940383911 504
1764074043357 1.0944572985172272 505
1764074051731 1.2128005027770996 506
1764074060284 1.3223170936107635 507
1764074068795 1.399796187877655 508
1764074077164 1.1943288445472717 509
1764074085583 1.1608611941337585 510
1764074093958 1.2182844579219818 511
1764074102397 1.3343390822410583 512
1764074110803 1.2256072759628296 513
1764074119192 1.2645114660263062 514
1764074127565 1.2194357365369797 515
1764074135960 1.3762460947036743 516
1764074144355 1.2247591465711594 517
1764074152753 1.2256782352924347 518
1764074161163 1.2398512065410614 519
1764074169537 1.1919011771678925 520
1764074177932 1.2900853753089905 521
1764074186307 1.3135385811328888 522
1764074194708 1.259080022573471 523
1764074203108 1.2018383145332336 524
1764074211484 1.1945694983005524 525
1764074219876 1.3562045097351074 526
1764074228229 1.3789973258972168 527
1764074236662 1.254940778017044 528
1764074245041 1.2400107085704803 529
1764074253413 1.3538987040519714 530
1764074261822 1.1708400696516037 531
1764074270194 1.3098920285701752 532
1764074278579 1.3553827702999115 533
1764074286976 1.195358157157898 534
1764074295362 1.083206057548523 535
1764074303744 1.4205158948898315 536
1764074312146 1.1767763793468475 537
1764074320521 1.2642152607440948 538
1764074328927 1.204743891954422 539
1764074337333 1.2861701250076294 540
1764074345700 1.1586258113384247 541
1764074354100 1.2139201164245605 542
1764074362466 1.2824998497962952 543
1764074370832 1.3214547634124756 544
1764074379198 1.245459333062172 545
1764074387591 1.211123377084732 546
1764074395972 1.2411964535713196 547
1764074404342 1.2649615705013275 548
1764074412718 1.0721994638442993 549
1764074421262 1.1595939844846725 550
1764074429650 1.156900405883789 551
1764074438029 1.2693753242492676 552
1764074446425 1.2597394585609436 553
1764074454801 1.2913630902767181 554
1764074463169 1.154498666524887 555
1764074471556 1.2383411228656769 556
1764074479935 1.176655799150467 557
1764074488343 1.2232845425605774 558
1764074496741 1.3424247950315475 559
1764074505132 1.2166024148464203 560
1764074513510 1.3065072000026703 561
1764074521894 1.230211228132248 562
1764074530256 1.1567802131175995 563
1764074538644 1.0525048077106476 564
1764074547029 1.1819022297859192 565
1764074555438 1.2708176672458649 566
1764074563819 1.1031885892152786 567
1764074572195 1.3443605303764343 568
1764074580613 1.1759603321552277 569
1764074589005 1.1545825898647308 570
1764074597394 1.2146513760089874 571
1764074605775 1.2529054284095764 572
1764074614151 1.1203607320785522 573
1764074622559 1.2161923348903656 574
1764074630949 1.3921626210212708 575
1764074639348 1.222680926322937 576
1764074647746 1.1993189752101898 577
1764074656156 1.3342171013355255 578
1764074664545 1.2167805433273315 579
1764074672917 1.247928649187088 580
1764074681316 1.1536985635757446 581
1764074689706 1.4096678495407104 582
1764074698197 1.0687211453914642 583
1764074706601 1.1609513461589813 584
1764074715030 1.1961929202079773 585
1764074723431 1.2802208960056305 586
1764074731814 1.1817255318164825 587
1764074740240 1.196649581193924 588
1764074748612 1.1054531931877136 589
1764074757017 1.2070943117141724 590
1764074765385 1.2759901583194733 591
1764074773768 1.1518154442310333 592
1764074782157 1.2901095747947693 593
1764074790547 1.0796616077423096 594
1764074798959 1.1651476621627808 595
1764074807394 1.1497175693511963 596
1764074815801 1.1926731765270233 597
1764074824166 1.2102614790201187 598
1764074832531 1.2099855542182922 599
1764074840932 1.2508134841918945 600
1764074849341 1.1450680643320084 601
1764074857701 1.2139613628387451 602
1764074866127 1.1931258738040924 603
1764074874512 1.301371157169342 604
1764074882968 1.2240858674049377 605
1764074891341 1.1101434826850891 606
1764074899732 1.1310674846172333 607
1764074908138 1.2713404297828674 608
1764074916513 1.2595427930355072 609
1764074924906 1.2183440625667572 610
1764074933318 1.2294960618019104 611
1764074941813 1.2618954479694366 612
1764074950168 1.208173245191574 613
1764074958600 1.2942627668380737 614
1764074966956 1.3410062193870544 615
1764074975326 1.1526371836662292 616
1764074983706 1.3749251067638397 617
1764074992075 1.3197359442710876 618
1764075000463 1.2245046645402908 619
1764075008848 1.0981913805007935 620
1764075017236 1.165997326374054 621
1764075025610 1.188836932182312 622
1764075034044 1.0954755991697311 623
1764075042400 1.1896254420280457 624
1764075050764 1.360906183719635 625
1764075115339 1.2079285085201263 627
1764075123707 1.0716476291418076 628
1764075132045 1.0494698882102966 629
1764075140422 1.1172337085008621 630
1764075148775 1.214538723230362 631
1764075157132 1.1004165709018707 632
1764075165510 1.30311781167984 633
1764075173867 1.1290496587753296 634
1764075182262 1.227231502532959 635
1764075190659 1.1962542533874512 636
1764075199066 1.2651160955429077 637
1764075207527 1.2414673268795013 638
1764075215939 1.2014447748661041 639
1764075224317 1.2138268947601318 640
1764075232709 1.198795884847641 641
1764075241072 1.1611833274364471 642
1764075249483 1.2099113166332245 643
1764075257925 1.1238857507705688 644
1764075266672 1.2329513728618622 645
1764075275058 1.2494551837444305 646
1764075283422 1.250965654850006 647
1764075291783 1.226815551519394 648
1764075300183 1.1172062456607819 649
1764075308601 1.1971149444580078 650
1764075316965 1.251691222190857 651
1764075325361 1.1009176969528198 652
1764075333915 1.1550072133541107 653
1764075342264 1.1878282874822617 654
1764075350671 1.1569567322731018 655
1764075359038 1.194151610136032 656
1764075367632 1.3472351729869843 657
1764075375980 1.1380019187927246 658
1764075384339 1.395469307899475 659
1764075392725 1.050317406654358 660
1764075401094 1.148564726114273 661
1764075409502 1.2060914039611816 662
1764075417871 1.230326920747757 663
1764075426291 1.3291846215724945 664
1764075434671 1.1778823137283325 665
1764075443103 1.1507093906402588 666
1764075451522 1.1360689550638199 667
1764075459920 1.097124993801117 668
1764075468299 1.1180200576782227 669
1764075476695 1.1764536499977112 670
1764075485088 1.2261569201946259 671
1764075493495 1.1389992833137512 672
1764075501876 1.1988724619150162 673
1764075510254 1.2389870584011078 674
1764075518618 1.0968708395957947 675
1764075526983 1.2812533527612686 676
1764075535406 1.2383905351161957 677
1764075543786 1.312361627817154 678
1764075552211 1.2614042162895203 679
1764075560571 1.1865839660167694 680
1764075568997 1.0742048025131226 681
1764075577390 1.045940339565277 682
1764075585758 1.2462317645549774 683
1764075594142 1.2524000406265259 684
1764075602550 1.2469110190868378 685
1764075611023 1.31816565990448 686
1764075619420 1.2497530281543732 687
1764075627795 1.2331132888793945 688
1764075636172 1.1865802705287933 689
1764075644548 1.1726308166980743 690
1764075653059 1.1907483637332916 691
1764075661436 1.2247281968593597 692
1764075669824 1.0748677849769592 693
1764075678222 1.157095491886139 694
1764075686627 1.127663254737854 695
1764075695005 1.2614778578281403 696
1764075703461 1.1361839175224304 697
1764075711817 1.3108740150928497 698
1764075720177 1.3104407489299774 699
1764075728535 1.1302558183670044 700
1764075736896 1.2975844144821167 701
1764075745265 1.1771366745233536 702
1764075753619 1.2938529551029205 703
1764075761981 1.2330585718154907 704
1764075770371 1.0600045025348663 705
1764075778753 1.1532135903835297 706
1764075787134 1.1530633866786957 707
1764075795528 1.1558418273925781 708
1764075803915 1.1639838218688965 709
1764075812324 1.1181153059005737 710
1764075820689 1.1448702216148376 711
1764075829047 1.1983407735824585 712
1764075837452 1.0655502378940582 713
1764075845854 1.241176813840866 714
1764075854233 1.2501126527786255 715
1764075862628 1.1755228340625763 716
1764075871007 1.1892615854740143 717
1764075879394 1.3643067479133606 718
1764075887779 1.226409912109375 719
1764075896171 1.2035710215568542 720
1764075904560 1.1337858736515045 721
1764075912941 1.2243362963199615 722
1764075921290 1.2059272527694702 723
1764075929678 1.1275746822357178 724
1764075938063 1.1638239026069641 725
1764075946430 1.2000443637371063 726
1764075954869 1.2592832446098328 727
1764075963228 1.209743618965149 728
1764075971630 1.3820492327213287 729
1764075980016 1.2259114533662796 730
1764075988384 1.1541157364845276 731
1764075996789 1.1239717900753021 732
1764076005140 1.2719268202781677 733
1764076013540 1.1019554138183594 734
1764076021953 1.101167470216751 735
1764076030364 1.199032038450241 736
1764076038748 1.051427811384201 737
1764076047132 1.1578230559825897 738
1764076055521 1.1474162936210632 739
1764076063907 1.1785830706357956 740
1764076072271 1.2739727795124054 741
1764076080641 1.4444390535354614 742
1764076089062 1.123718947172165 743
1764076097441 1.1247912049293518 744
1764076105835 1.1848958432674408 745
1764076114222 1.1398481130599976 746
1764076122606 1.232765093445778 747
1764076131095 1.1208576261997223 748
1764076139466 1.1314927339553833 749
1764076147852 1.1354328840970993 750
1764076156217 1.215381145477295 751
1764076164570 1.2388378381729126 752
1764076172947 1.1988524496555328 753
1764076181318 1.1759482473134995 754
1764076189700 1.1554308533668518 755
1764076198092 1.1821447312831879 756
1764076206467 1.2358340322971344 757
1764076214841 1.2334911525249481 758
1764076223227 1.1646613776683807 759
1764076231615 1.3230918943881989 760
1764076239999 1.1755807399749756 761
1764076248363 1.2189280986785889 762
1764076256740 1.1842103004455566 763
1764076265124 1.1801146864891052 764
1764076273497 1.1844689846038818 765
1764076281940 1.232458308339119 766
1764076290322 1.230612426996231 767
1764076298665 1.2015955746173859 768
1764076307056 1.182765632867813 769
1764076315459 1.31270170211792 770
1764076323831 1.2866473197937012 771
1764076332246 1.0888144671916962 772
1764076340608 1.1677052080631256 773
1764076349007 1.2462013065814972 774
1764076357419 1.0540513098239899 775
1764076365780 1.237315595149994 776
1764076374172 1.1576910316944122 777
1764076382560 1.088123470544815 778
1764076390933 1.3102796077728271 779
1764076399329 1.1888900101184845 780
1764076407699 1.1062477231025696 781
1764076416072 1.1188209354877472 782
1764076424451 1.1910849213600159 783
1764076432843 1.2045185267925262 784
1764076441242 1.1433657109737396 785
1764076449624 0.9780326783657074 786
1764076458012 1.0844344049692154 787
1764076466394 1.3503582179546356 788
1764076474775 1.1822456419467926 789
1764076483257 1.1544427275657654 790
1764076491636 1.157016634941101 791
1764076499995 1.2207415699958801 792
1764076508455 1.1347333192825317 793
1764076516824 1.2057566344738007 794
1764076525203 1.2673654854297638 795
1764076533705 1.1828397810459137 796
1764076542089 1.1911920011043549 797
1764076550442 1.0985344052314758 798
1764076558795 1.2707712948322296 799
1764076567144 1.1679165959358215 800
1764076575513 1.2550541758537292 801
1764076583968 1.0453517138957977 802
1764076592343 1.2483777105808258 803
1764076600709 1.2103955745697021 804
1764076609063 1.2523803412914276 805
1764076617438 1.3156307935714722 806
1764076625812 1.3052281141281128 807
1764076634321 1.2044781148433685 808
1764076642712 1.1420556157827377 809
1764076651094 1.2151678204536438 810
1764076659463 1.1336934864521027 811
1764076667844 1.1004458367824554 812
1764076676256 1.2054652571678162 813
1764076684649 1.263134926557541 814
1764076693004 1.1870631277561188 815
1764076701385 1.3033132553100586 816
1764076709741 1.2137773036956787 817
1764076718135 1.2696977257728577 818
1764076726476 1.1718606352806091 819
1764076734831 1.0810895711183548 820
1764076743216 1.159417986869812 821
1764076751624 1.2201229929924011 822
1764076760010 1.0759303122758865 823
1764076768376 1.1554207652807236 824
1764076776797 1.0395903438329697 825
1764076785170 1.322853147983551 826
1764076793575 1.1644845008850098 827
1764076801980 1.2786908149719238 828
1764076810360 1.2271751761436462 829
1764076818735 1.1370136141777039 830
1764076827093 1.210611343383789 831
1764076835538 1.098509967327118 832
1764076843921 1.0944873690605164 833
1764076852336 1.123424381017685 834
1764076860677 1.121697098016739 835
1764076869033 1.029303953051567 836
1764076877393 1.2919660806655884 837
1764076885771 1.3468791544437408 838
1764076894189 1.0597845017910004 839
1764076902552 1.3040469288825989 840
1764076910931 1.1878273785114288 841
1764076919333 1.0852065980434418 842
1764076927723 1.2076810896396637 843
1764076936135 1.1197247207164764 844
1764076944503 1.2039040327072144 845
1764076952908 1.0949467867612839 846
1764076961286 1.1731006503105164 847
1764076969785 1.1607548892498016 848
1764076978189 1.2107488811016083 849
1764076986696 1.1632626950740814 850
1764076995063 1.1575647592544556 851
1764077003419 1.1405264288187027 852
1764077011791 1.3113409578800201 853
1764077020175 1.1593474745750427 854
1764077028573 1.1620365679264069 855
1764077037110 1.146725207567215 856
1764077045504 1.1302636563777924 857
1764077053885 1.095812276005745 858
1764077062239 1.0822042524814606 859
1764077070628 1.0980672389268875 860
1764077078999 1.0185710340738297 861
1764077087376 1.126687377691269 862
1764077095769 1.1581902205944061 863
1764077104148 1.1750318706035614 864
1764077112557 1.1608149111270905 865
1764077120961 1.2721149921417236 866
1764077129339 1.2375958561897278 867
1764077137729 1.177498310804367 868
1764077146090 1.1944816708564758 869
1764077154482 1.2095969021320343 870
1764077162859 1.325824499130249 871
1764077171247 1.2236249148845673 872
1764077179653 1.1072066128253937 873
1764077188044 1.2011582553386688 874
1764077196455 1.166106790304184 875
1764077204835 1.1685778498649597 876
1764077213190 1.1246005594730377 877
1764077221548 1.2202580869197845 878
1764077229956 1.1119984686374664 879
1764077238348 1.1774615347385406 880
1764077246752 1.3568808734416962 881
1764077255142 1.0642645806074142 882
1764077263553 1.2956931591033936 883
1764077272012 1.05011548101902 884
1764077280390 1.1416259706020355 885
1764077288761 1.0023015439510345 886
1764077297175 1.374697744846344 887
1764077305539 1.2341831922531128 888
1764077313940 1.2948482632637024 889
1764077322445 1.234034240245819 890
1764077330882 1.1204791367053986 891
1764077339267 1.146756261587143 892
1764077347650 1.1229753196239471 893
1764077356051 1.0810087621212006 894
1764077364423 1.1650815308094025 895
1764077372789 1.0764001905918121 896
1764077381164 1.0886199623346329 897
1764077389688 1.175125241279602 898
1764077398113 1.099038615822792 899
1764077406526 1.1371092200279236 900
1764077414895 1.1873147040605545 901
1764077423255 1.1625646650791168 902
1764077431639 1.045853853225708 903
1764077440025 1.0663857012987137 904
1764077448391 1.2114274501800537 905
1764077456767 1.1985232532024384 906
1764077465138 1.2109201550483704 907
1764077473538 1.3629466593265533 908
1764077481919 1.3416281044483185 909
1764077490301 1.2271374464035034 910
1764077498736 1.105059176683426 911
1764077507107 1.1984274089336395 912
1764077515515 1.1598661243915558 913
1764077523868 1.0393611788749695 914
1764077532311 1.0931342393159866 915
1764077540726 1.1845492720603943 916
1764077549141 1.2878917157649994 917
1764077557535 0.974111020565033 918
1764077565926 1.0388588607311249 919
1764077574312 1.1782296299934387 920
1764077582680 1.1715806722640991 921
1764077591059 1.386378675699234 922
1764077599449 1.0288389474153519 923
1764077607939 1.1766929030418396 924
1764077616328 1.2961337268352509 925
1764077624725 1.1194172352552414 926
1764077633112 1.2029402554035187 927
1764077641504 1.1417402923107147 928
1764077649883 1.169388324022293 929
1764077658239 1.0828061997890472 930
1764077666765 1.1281515061855316 931
1764077675181 1.1754051446914673 932
1764077683614 1.1859156787395477 933
1764077691982 1.1097615659236908 934
1764077700373 1.1738354861736298 935
1764077708766 1.1621092557907104 936
1764077717162 1.1522710621356964 937
1764077725525 1.2565376162528992 938
1764077790154 1.2037773728370667 940
1764077798561 1.214201420545578 941
1764077806921 1.2790491878986359 942
1764077815279 1.1212054193019867 943
1764077823712 1.1444419920444489 944
1764077832108 1.1352068781852722 945
1764077840509 1.0659242570400238 946
1764077848907 1.1864162683486938 947
1764077857310 1.1326913982629776 948
1764077865711 1.2621340155601501 949
1764077874115 1.0441820323467255 950
1764077882560 1.3850679993629456 951
1764077890953 1.1081092655658722 952
1764077899377 1.1112021803855896 953
1764077907924 1.281972974538803 954
1764077916374 1.16641166806221 955
1764077924755 1.0705260038375854 956
1764077933157 1.1484660506248474 957
1764077941544 1.0730014741420746 958
1764077949934 1.2998501658439636 959
1764077958345 1.1004591584205627 960
1764077966735 1.2963235080242157 961
1764077975141 1.1974449157714844 962
1764077983539 1.2888632416725159 963
1764077991994 1.1202428340911865 964
1764078000354 1.3034619092941284 965
1764078008721 1.097525179386139 966
1764078017090 1.2145046293735504 967
1764078025466 1.2511337101459503 968
1764078033869 1.0513380467891693 969
1764078042255 1.140478789806366 970
1764078050700 1.1099796742200851 971
1764078059082 1.0473361909389496 972
1764078067465 1.1966794431209564 973
1764078075882 1.152317762374878 974
1764078084282 1.0713101029396057 975
1764078092656 1.0767322927713394 976
1764078101062 1.1573998630046844 977
1764078109460 1.1473805904388428 978
1764078117847 1.155332326889038 979
1764078126246 1.1742161512374878 980
1764078134663 1.152228593826294 981
1764078143066 0.9637929052114487 982
1764078151425 1.2159970998764038 983
1764078159803 1.112198680639267 984
1764078168169 1.1955252885818481 985
1764078176569 0.9572959691286087 986
1764078184979 1.1111650168895721 987
1764078193525 1.2512853145599365 988
1764078201939 1.226339042186737 989
1764078210334 1.1454028487205505 990
1764078218732 1.2065842300653458 991
1764078227163 1.0426159799098969 992
1764078235553 1.0496695637702942 993
1764078243941 1.1977530717849731 994
1764078252288 1.0917969048023224 995
1764078260655 0.9721991717815399 996
1764078269053 1.2520908117294312 997
1764078277439 1.0500548034906387 998
1764078285849 1.193346455693245 999
1764078294263 1.2580626904964447 1000
1764078302660 1.2643128037452698 1001
1764078311055 1.2134023308753967 1002
1764078319440 1.1167796552181244 1003
1764078327821 1.1829279214143753 1004
1764078336170 1.107924923300743 1005
1764078344566 1.2104352414608002 1006
1764078353019 1.1742672324180603 1007
1764078361407 1.0839864313602448 1008
1764078369779 0.938259020447731 1009
1764078378149 1.0709049999713898 1010
1764078386530 1.136069267988205 1011
1764078394944 1.17317596077919 1012
1764078403333 1.3386432230472565 1013
1764078411738 1.2577697336673737 1014
1764078420136 1.28670072555542 1015
1764078428534 1.094282403588295 1016
1764078436887 1.1082582473754883 1017
1764078445292 1.11902517080307 1018
1764078453681 1.0305648297071457 1019
1764078462053 1.1275792121887207 1020
1764078470465 1.256904512643814 1021
1764078478861 1.1906726360321045 1022
1764078487242 1.1774065792560577 1023
1764078495650 1.1739715039730072 1024
1764078504071 1.1184775531291962 1025
1764078512435 1.1529770493507385 1026
1764078520815 1.2149547040462494 1027
1764078529195 1.0772092640399933 1028
1764078537575 1.1402890086174011 1029
1764078546066 1.1557455658912659 1030
1764078554457 1.0670864582061768 1031
1764078562864 1.3065653145313263 1032
1764078571254 1.1198713779449463 1033
1764078579656 1.1875229477882385 1034
1764078588248 1.1113931238651276 1035
1764078596604 1.0175761282444 1036
1764078604967 1.1352971494197845 1037
1764078613346 1.1679462790489197 1038
1764078621757 1.1408187747001648 1039
1764078630144 1.2600233554840088 1040
1764078638526 1.3692809641361237 1041
1764078646905 1.0631051659584045 1042
1764078655334 1.2537957429885864 1043
1764078663684 1.117412507534027 1044
1764078672067 1.1699849665164948 1045
1764078680437 1.0838753581047058 1046
1764078688837 1.0939569622278214 1047
1764078697261 1.0036920607089996 1048
1764078705595 1.0138995200395584 1049
1764078713974 1.208131104707718 1050
1764078722395 1.2030080258846283 1051
1764078730775 1.0846942365169525 1052
1764078739138 1.0419650822877884 1053
1764078747535 1.1010860204696655 1054
1764078755916 1.23318812251091 1055
1764078764302 1.0481973588466644 1056
1764078772680 1.0776211023330688 1057
1764078781172 1.1309775114059448 1058
1764078789572 1.094911515712738 1059
1764078797939 1.2670587599277496 1060
1764078806345 1.261807769536972 1061
1764078814740 1.1835302710533142 1062
1764078823173 1.242500215768814 1063
1764078831665 1.1730623841285706 1064
1764078840038 1.212639182806015 1065
1764078848416 1.330177128314972 1066
1764078856787 1.0757979899644852 1067
1764078865160 1.1966975033283234 1068
1764078873557 1.1491429954767227 1069
1764078881922 1.0917624831199646 1070
1764078890306 1.202757328748703 1071
1764078898676 1.152173489332199 1072
1764078907061 1.0737601220607758 1073
1764078915416 1.1044901013374329 1074
1764078923771 1.1779749691486359 1075
1764078932161 1.1084311753511429 1076
1764078940539 1.1148243248462677 1077
1764078948968 1.262784719467163 1078
1764078957349 1.16450235247612 1079
1764078965747 1.1766783595085144 1080
1764078974133 1.1290194988250732 1081
1764078982524 1.1208205819129944 1082
1764078990925 0.9449075609445572 1083
1764078999343 1.1163557171821594 1084
1764079007742 1.280398041009903 1085
1764079016171 1.1290500462055206 1086
1764079024581 1.142901062965393 1087
1764079032973 1.1242607533931732 1088
1764079041369 1.0712245851755142 1089
1764079049742 1.0648142397403717 1090
1764079058124 1.0960241556167603 1091
1764079066542 1.2008085250854492 1092
1764079074932 1.128830373287201 1093
1764079083317 1.1622773706912994 1094
1764079091923 1.0944601446390152 1095
1764079100299 1.1840121150016785 1096
1764079108694 1.119754821062088 1097
1764079117106 1.0614065378904343 1098
1764079125485 1.1477647125720978 1099
1764079133861 1.274399220943451 1100
1764079142264 1.0850649178028107 1101
1764079150648 1.191746562719345 1102
1764079159046 1.1705571115016937 1103
1764079167443 1.1416206359863281 1104
1764079175826 1.1853151321411133 1105
1764079184263 1.1954824030399323 1106
1764079192642 1.2090155184268951 1107
1764079201076 1.1688438057899475 1108
1764079209446 1.184647113084793 1109
1764079217835 1.2788010835647583 1110
1764079226218 1.009487807750702 1111
1764079234631 0.9456624537706375 1112
1764079243002 1.02300426363945 1113
1764079251388 1.0476031601428986 1114
1764079259781 1.1555821597576141 1115
1764079268181 1.0692567229270935 1116
1764079276559 1.0341898798942566 1117
1764079285073 1.1470510959625244 1118
1764079293448 1.040373146533966 1119
1764079301820 1.1430124640464783 1120
1764079310228 1.29878631234169 1121
1764079318618 1.0337330549955368 1122
1764079327036 1.101764589548111 1123
1764079335443 1.1635439991950989 1124
1764079343802 1.101353496313095 1125
1764079352187 0.9870026558637619 1126
1764079360548 1.195807307958603 1127
1764079368922 1.1659240126609802 1128
1764079377303 1.1666088104248047 1129
1764079385676 1.1533770263195038 1130
1764079394040 1.1757227778434753 1131
1764079402468 1.2032169103622437 1132
1764079410861 1.1784416735172272 1133
1764079419242 1.0703345090150833 1134
1764079427608 1.0388846695423126 1135
1764079435988 1.1106725633144379 1136
1764079444524 1.150758519768715 1137
1764079452935 1.294172078371048 1138
1764079461316 1.1692918241024017 1139
1764079469682 1.1106421947479248 1140
1764079478044 1.1558541059494019 1141
1764079486446 1.1914409399032593 1142
1764079494814 1.0484919250011444 1143
1764079503226 0.9254412651062012 1144
1764079511601 1.095470443367958 1145
1764079519979 1.1322047710418701 1146
1764079528380 1.22154501080513 1147
1764079536786 1.0817843824625015 1148
1764079545185 1.2083148956298828 1149
1764079553540 1.0202846229076385 1150
1764079561896 1.041054517030716 1151
1764079570274 1.2415747344493866 1152
1764079578628 1.216026246547699 1153
1764079587021 1.2647617161273956 1154
1764079595388 1.2058045268058777 1155
1764079603807 1.0393683910369873 1156
1764079612197 1.189539909362793 1157
1764079620537 1.0726021826267242 1158
1764079628896 1.0110357999801636 1159
1764079637400 1.2438166737556458 1160
1764079645777 1.1860486567020416 1161
1764079654168 1.2769204676151276 1162
1764079662557 1.3249429762363434 1163
1764079670920 1.0436807572841644 1164
1764079679283 1.1555154919624329 1165
1764079687640 1.1161185204982758 1166
1764079696121 1.2537460625171661 1167
1764079704504 1.1554375141859055 1168
1764079712886 1.0560750365257263 1169
1764079721364 1.1755128800868988 1170
1764079729736 1.1245728880167007 1171
1764079738118 1.0934866666793823 1172
1764079746488 1.0936569273471832 1173
1764079754867 1.0441517531871796 1174
1764079763229 1.1612256169319153 1175
1764079771650 1.1578116118907928 1176
1764079780041 1.2382304072380066 1177
1764079788423 1.0760554820299149 1178
1764079796813 1.2556860148906708 1179
1764079805215 1.2405027747154236 1180
1764079813582 1.0644022971391678 1181
1764079821983 1.1259211599826813 1182
1764079830343 1.1215557754039764 1183
1764079838733 1.0259058773517609 1184
1764079847124 1.1796432435512543 1185
1764079855526 1.1968278586864471 1186
1764079863903 1.1297054439783096 1187
1764079872292 1.2800606191158295 1188
1764079880670 1.0627405643463135 1189
1764079889046 1.1842089891433716 1190
1764079897421 1.152185708284378 1191
1764079905811 1.0526061356067657 1192
1764079914314 1.1255038678646088 1193
1764079922684 1.1840291768312454 1194
1764079931069 1.2078122198581696 1195
1764079939462 1.1892083585262299 1196
1764079947825 1.150321215391159 1197
1764079956192 1.0560771524906158 1198
1764079964592 1.1344736516475677 1199
1764079972968 1.0973394513130188 1200
1764079981361 1.188408300280571 1201
1764079989744 1.0218974649906158 1202
1764079998131 1.1342131197452545 1203
1764080006535 1.2037635445594788 1204
1764080014929 1.0785394310951233 1205
1764080023302 1.0868728905916214 1206
1764080031683 1.1271706819534302 1207
1764080040062 1.1124763786792755 1208
1764080048466 1.0851294994354248 1209
1764080056840 1.1571083068847656 1210
1764080065247 0.9798979163169861 1211
1764080073646 1.1577082574367523 1212
1764080082028 1.1806373596191406 1213
1764080090444 1.0284100025892258 1214
1764080098838 1.2343368828296661 1215
1764080107216 1.0541633069515228 1216
1764080115585 1.1021658182144165 1217
1764080123966 1.0869392454624176 1218
1764080132349 1.138664424419403 1219
1764080140703 1.032197743654251 1220
1764080149074 1.095860242843628 1221
1764080157421 1.1032346189022064 1222
1764080165809 1.129828780889511 1223
1764080174200 1.1322098076343536 1224
1764080182575 1.251452922821045 1225
1764080191073 1.1154242902994156 1226
1764080199447 1.1697756350040436 1227
1764080207849 1.2644179463386536 1228
1764080216275 1.155208945274353 1229
1764080224640 1.1283971518278122 1230
1764080233001 0.996489867568016 1231
1764080241343 1.1841480135917664 1232
1764080249776 1.2463769018650055 1233
1764080258110 1.1524536609649658 1234
1764080266525 1.179004430770874 1235
1764080274888 1.1754092276096344 1236
1764080283270 1.0873965919017792 1237
1764080291630 1.1257100105285645 1238
1764080300022 1.2581917643547058 1239
1764080308396 1.1988506019115448 1240
1764080316788 1.186181679368019 1241
1764080325184 1.1533993780612946 1242
1764080333552 1.1526485085487366 1243
1764080341947 1.1469608694314957 1244
1764080350350 1.1917844712734222 1245
1764080358737 1.1612168848514557 1246
1764080367127 1.14790540933609 1247
1764080375507 1.1938203871250153 1248
1764080383883 1.168672800064087 1249
1764080392288 1.0623928606510162 1250
1764080400724 0.9946442395448685 1251
1764080467129 1.1612082123756409 1253
1764080475496 1.0824427604675293 1254
1764080483861 1.11279296875 1255
1764080492280 1.1794546842575073 1256
1764080500648 1.068486362695694 1257
1764080509060 1.194362461566925 1258
1764080517458 1.0479699075222015 1259
1764080525852 1.2309219688177109 1260
1764080534261 1.1406242847442627 1261
1764080542672 1.2424311339855194 1262
1764080551075 1.2240656316280365 1263
1764080559458 1.1670749485492706 1264
1764080567900 1.0632172524929047 1265
1764080576322 1.2479491531848907 1266
1764080584869 1.0373639613389969 1267
1764080593496 1.1289678514003754 1268
1764080601876 1.095418319106102 1269
1764080610291 1.1276296079158783 1270
1764080618671 1.1923739612102509 1271
1764080627068 1.2176764607429504 1272
1764080635452 1.0442771315574646 1273
1764080644045 1.3724026083946228 1274
1764080652437 1.1972222924232483 1275
1764080660844 1.1095885187387466 1276
1764080669245 1.24728325009346 1277
1764080677603 1.1790462583303452 1278
1764080686000 1.2150173783302307 1279
1764080694366 1.106505811214447 1280
1764080702770 1.1269311755895615 1281
1764080711172 1.0822475254535675 1282
1764080719539 1.128081426024437 1283
1764080727941 1.2169543206691742 1284
1764080736340 1.170223355293274 1285
1764080744755 1.1582124531269073 1286
1764080753177 1.2257696688175201 1287
1764080761591 1.1938370019197464 1288
1764080769995 1.110082522034645 1289
1764080778405 1.1604987382888794 1290
1764080786803 1.2281083166599274 1291
1764080795179 1.2209517359733582 1292
1764080803572 0.8805137723684311 1293
1764080811938 1.2379905581474304 1294
1764080820317 1.091588705778122 1295
1764080828746 1.1594908237457275 1296
1764080837112 1.307409644126892 1297
1764080845456 1.2721751034259796 1298
1764080853817 1.3094404339790344 1299
1764080862183 1.2181152701377869 1300
1764080870655 1.203564465045929 1301
1764080879023 1.197383314371109 1302
1764080887416 1.1830974966287613 1303
1764080895792 1.109818086028099 1304
1764080904165 1.1548557430505753 1305
1764080912534 1.0925351083278656 1306
1764080920929 1.2313108444213867 1307
1764080929286 1.1501763463020325 1308
1764080937635 1.1978527903556824 1309
1764080946003 1.1663676500320435 1310
1764080954397 1.0502071380615234 1311
1764080962800 1.1622079908847809 1312
1764080971188 1.2564942240715027 1313
1764080979578 1.1109839975833893 1314
1764080987950 1.0762237906455994 1315
1764080996303 1.1270352602005005 1316
1764081004675 1.0977552235126495 1317
1764081013083 1.1714140474796295 1318
1764081021492 1.0712117105722427 1319
1764081029881 1.1357068121433258 1320
1764081038274 1.1095696836709976 1321
1764081046643 1.0193914622068405 1322
1764081054993 1.1263866573572159 1323
1764081063426 1.1939625144004822 1324
1764081071779 1.1150814592838287 1325
1764081080161 1.105878233909607 1326
1764081088529 1.1010470390319824 1327
1764081096891 1.1013353765010834 1328
1764081105272 1.0148124396800995 1329
1764081113632 1.1712158024311066 1330
1764081121997 0.982856959104538 1331
1764081130416 1.2032110095024109 1332
1764081138834 1.080463171005249 1333
1764081147378 1.221875160932541 1334
1764081155748 1.1842980086803436 1335
1764081164112 1.1208930015563965 1336
1764081172489 1.0615231841802597 1337
1764081180946 1.3494133651256561 1338
1764081189333 1.082795888185501 1339
1764081197705 1.0597417652606964 1340
1764081206077 1.181610107421875 1341
1764081214546 1.0132271647453308 1342
1764081222907 1.1447351276874542 1343
1764081231287 1.2472261190414429 1344
1764081239646 1.0787749588489532 1345
1764081248007 1.1072368025779724 1346
1764081256395 1.1135694980621338 1347
1764081264772 1.0553759634494781 1348
1764081273177 1.1960644721984863 1349
1764081281550 1.1796202063560486 1350
1764081289931 1.1983157247304916 1351
1764081298310 1.1099036931991577 1352
1764081306670 1.2596843540668488 1353
1764081315015 1.1168255507946014 1354
1764081323376 1.1990622580051422 1355
1764081331758 1.087670162320137 1356
1764081340148 1.2687260806560516 1357
1764081348515 1.339148759841919 1358
1764081356887 1.0721798241138458 1359
1764081365263 1.1243445575237274 1360
1764081373666 1.1539628207683563 1361
1764081382048 1.191372111439705 1362
1764081390431 1.1219117641448975 1363
1764081398814 1.1769492775201797 1364
1764081407190 1.2269449532032013 1365
1764081415554 1.247331440448761 1366
1764081423951 1.1420871317386627 1367
1764081432386 1.1859149932861328 1368
1764081440789 1.1428970396518707 1369
1764081449303 1.1451340913772583 1370
1764081457672 1.2070444226264954 1371
1764081466055 1.1289143562316895 1372
1764081474446 1.1998874247074127 1373
1764081482855 1.014504075050354 1374
1764081491218 1.0686360597610474 1375
1764081499758 1.1185267865657806 1376
1764081508124 1.2502987086772919 1377
1764081516479 1.2096426784992218 1378
1764081524831 1.1509486734867096 1379
1764081533215 1.1603373885154724 1380
1764081541644 1.058872938156128 1381
1764081550007 1.1268880367279053 1382
1764081558361 1.0843496918678284 1383
1764081566728 1.0512683987617493 1384
1764081575092 1.228220522403717 1385
1764081583459 1.1654813438653946 1386
1764081591832 1.0724780857563019 1387
1764081600194 1.1123164892196655 1388
1764081608571 1.1927772760391235 1389
1764081616978 1.0823437869548798 1390
1764081625356 1.031230390071869 1391
1764081633746 1.1436308026313782 1392
1764081642117 1.07417631149292 1393
1764081650519 1.1431249380111694 1394
1764081658874 1.099857047200203 1395
1764081667256 1.023839846253395 1396
1764081675620 1.199233055114746 1397
1764081683984 1.2120155692100525 1398
1764081692402 1.0263352990150452 1399
1764081700797 1.0119606107473373 1400
1764081709169 1.1379143297672272 1401
1764081717542 1.2630674839019775 1402
1764081725935 1.143662691116333 1403
1764081734301 1.2196410596370697 1404
1764081742813 1.1775929927825928 1405
1764081751193 1.1613886207342148 1406
1764081759572 1.0468729138374329 1407
1764081767972 1.0435198694467545 1408
1764081776500 1.0528177618980408 1409
1764081784866 1.121407389640808 1410
1764081793271 1.0821963101625443 1411
1764081801659 1.1187129020690918 1412
1764081810061 1.2253217101097107 1413
1764081818453 1.303650587797165 1414
1764081826843 1.2699006795883179 1415
1764081835223 1.1221822798252106 1416
1764081843641 1.2543416619300842 1417
1764081851990 1.1847698986530304 1418
1764081860410 1.1182538270950317 1419
1764081868793 1.1629887223243713 1420
1764081877210 1.1816869676113129 1421
1764081885588 1.0856236815452576 1422
1764081893949 1.1662247478961945 1423
1764081902317 1.1847635507583618 1424
1764081910689 1.1179827153682709 1425
1764081919087 1.0489960610866547 1426
1764081927497 1.1264132857322693 1427
1764081935874 1.183112621307373 1428
1764081944254 0.9709224104881287 1429
1764081952765 1.0089591145515442 1430
1764081961164 1.141886830329895 1431
1764081969552 1.154239147901535 1432
1764081977971 1.156541109085083 1433
1764081986428 1.2142765820026398 1434
1764081994814 1.2110651582479477 1435
1764082003186 1.2634567618370056 1436
1764082011551 1.2934824526309967 1437
1764082019933 1.1913285553455353 1438
1764082028342 1.1819368302822113 1439
1764082036731 1.0839422941207886 1440
1764082045123 1.1483739912509918 1441
1764082053526 1.0319193601608276 1442
1764082061927 1.057654082775116 1443
1764082070343 1.09530708193779 1444
1764082078720 1.0381124317646027 1445
1764082087074 1.140267550945282 1446
1764082095451 1.1344114392995834 1447
1764082103847 1.1545038521289825 1448
1764082112249 1.113833338022232 1449
1764082120616 1.1724177598953247 1450
1764082129016 1.0457721054553986 1451
1764082137408 1.3247733414173126 1452
1764082145778 1.179485946893692 1453
1764082154196 1.1038604229688644 1454
1764082162591 1.0077586770057678 1455
1764082170958 1.0403246134519577 1456
1764082179336 1.1152909398078918 1457
1764082187708 1.1408896446228027 1458
1764082196064 1.2227385342121124 1459
1764082204449 1.276076227426529 1460
1764082212791 1.2642222046852112 1461
1764082221188 1.224161982536316 1462
1764082229694 1.1679621636867523 1463
1764082238055 1.1463673114776611 1464
1764082246412 1.2059058547019958 1465
1764082254797 1.1145808100700378 1466
1764082263219 1.2538377940654755 1467
1764082271619 1.1723578572273254 1468
1764082280019 1.1900014728307724 1469
1764082288437 1.1472010910511017 1470
1764082296806 1.1234623193740845 1471
1764082305318 1.242543339729309 1472
1764082313685 1.0690057277679443 1473
1764082322046 1.062826782464981 1474
1764082330480 1.1394457519054413 1475
1764082338845 1.1484699845314026 1476
1764082347263 1.1270686388015747 1477
1764082355626 1.0965726673603058 1478
1764082364001 1.1820963025093079 1479
1764082372380 1.0752217173576355 1480
1764082380766 1.1423220485448837 1481
1764082389120 1.2259511351585388 1482
1764082397488 1.220797598361969 1483
1764082405892 0.9557289630174637 1484
1764082414254 1.1800955533981323 1485
1764082422655 1.1374077796936035 1486
1764082431061 1.1451932191848755 1487
1764082439489 1.058299332857132 1488
1764082447875 1.263031929731369 1489
1764082456230 1.0529428720474243 1490
1764082464563 1.109230950474739 1491
1764082472978 1.201870709657669 1492
1764082481363 1.2020866870880127 1493
1764082489737 1.0667440295219421 1494
1764082498132 1.1339673697948456 1495
1764082506505 1.1742422878742218 1496
1764082514852 1.040454477071762 1497
1764082523209 1.1214664280414581 1498
1764082531600 1.1035308837890625 1499
1764082539976 1.220773696899414 1500
1764082548364 1.0672141313552856 1501
1764082556767 1.1053101271390915 1502
1764082565150 0.9910686314105988 1503
1764082573507 1.0739709436893463 1504
1764082582011 1.1030762493610382 1505
1764082590496 1.1406404972076416 1506
1764082598839 1.1702077984809875 1507
1764082607183 1.1451621353626251 1508
1764082615546 1.0919988006353378 1509
1764082623958 1.1057863235473633 1510
1764082632335 0.9250867962837219 1511
1764082640743 1.160613939166069 1512
1764082649159 1.117922455072403 1513
1764082657673 1.1217418313026428 1514
1764082666027 1.1587173342704773 1515
1764082674397 1.127995878458023 1516
1764082682756 1.170348048210144 1517
1764082691099 1.0588266551494598 1518
1764082699494 1.1555909514427185 1519
1764082707923 1.0899585038423538 1520
1764082716324 1.0941175520420074 1521
1764082724736 1.1967844665050507 1522
1764082733149 1.0751234889030457 1523
1764082741554 1.1193548738956451 1524
1764082749952 1.0915120840072632 1525
1764082758317 1.1729094684123993 1526
1764082766684 1.1273495107889175 1527
1764082775066 1.1160081028938293 1528
1764082783432 1.1616020798683167 1529
1764082791799 1.1227311491966248 1530
1764082800177 1.0931293368339539 1531
1764082808582 1.0349795371294022 1532
1764082816951 1.1031107753515244 1533
1764082825303 1.1753315031528473 1534
1764082833672 0.9821140021085739 1535
1764082842116 1.0746773332357407 1536
1764082850540 1.05512273311615 1537
1764082858925 1.1664396524429321 1538
1764082867419 1.1841744184494019 1539
1764082875809 1.1176092028617859 1540
1764082884195 1.1755470633506775 1541
1764082892565 0.9266062527894974 1542
1764082900936 1.1033564507961273 1543
1764082909341 1.2706219255924225 1544
1764082917741 1.1637870967388153 1545
1764082926121 1.200377881526947 1546
1764082934554 1.0264386087656021 1547
1764082942956 1.118491217494011 1548
1764082951320 1.160792499780655 1549
1764082959696 1.1372081935405731 1550
1764082968082 1.1763646602630615 1551
1764082976492 1.0629379451274872 1552
1764082984877 1.1567542552947998 1553
1764082993283 1.116581678390503 1554
1764083001655 1.2486521303653717 1555
1764083010073 1.158996433019638 1556
1764083018478 1.2063325345516205 1557
1764083026882 1.1458537876605988 1558
1764083035254 1.1874167323112488 1559
1764083043644 1.0712518841028214 1560
1764083052038 1.2062195837497711 1561
1764083060401 1.169129490852356 1562
1764083068804 1.0849654376506805 1563
1764083077232 1.026060163974762 1564
