1764055756079 0.0 1
1764055762605 3.3760443329811096e-09 2
1764055769082 0.018890380859375 3
1764055775575 0.053955078125 4
1764055782079 0.107177734375 5
1764055788733 0.1875 6
1764055795082 0.28271484375 7
1764055801676 0.38134765625 8
1764055808220 0.5263671875 9
1764055814848 0.6103515625 10
1764055821488 0.6728515625 11
1764055827962 0.7568359375 12
1764055834545 0.7041015625 13
1764055841039 0.751953125 14
1764055847684 0.689453125 15
1764055854243 0.640625 16
1764055860755 0.5458984375 17
1764055867373 0.4248046875 18
1764055873896 0.3525390625 19
1764055880295 0.31591796875 20
1764055886850 0.2919921875 21
1764055893495 0.349609375 22
1764055900175 0.39404296875 23
1764055906681 0.48828125 24
1764055913300 0.5732421875 25
1764055919822 0.6103515625 26
1764055926538 0.65234375 27
1764055933007 0.5947265625 28
1764055939714 0.552734375 29
1764055946222 0.44873046875 30
1764055952856 0.3857421875 31
1764055959477 0.3857421875 32
1764055966103 0.38671875 33
1764055972578 0.47216796875 34
1764055979171 0.5439453125 35
1764055985966 0.5966796875 36
1764055992441 0.5634765625 37
1764055999027 0.5341796875 38
1764056005759 0.4853515625 39
1764056012186 0.47802734375 40
1764056018682 0.49462890625 41
1764056025084 0.44580078125 42
1764056031695 0.4755859375 43
1764056038433 0.51708984375 44
1764056044817 0.529296875 45
1764056051383 0.4892578125 46
1764056058052 0.54296875 47
1764056064792 0.6025390625 48
1764056071261 0.6357421875 49
1764056077739 0.5947265625 50
1764056084365 0.56640625 51
1764056090869 0.466796875 52
1764056097350 0.4697265625 53
1764056103727 0.435546875 54
1764056110210 0.44970703125 55
1764056116903 0.50927734375 56
1764056123447 0.5439453125 57
1764056129940 0.578125 58
1764056136568 0.55419921875 59
1764056143186 0.546875 60
1764056149707 0.44091796875 61
1764056156258 0.4287109375 62
1764056162873 0.4677734375 63
1764056169375 0.43701171875 64
1764056175906 0.4755859375 65
1764056182416 0.564453125 66
1764056188895 0.576171875 67
1764056195559 0.6123046875 68
1764056202014 0.615234375 69
1764056208564 0.53515625 70
1764056215154 0.5615234375 71
1764056221738 0.49951171875 72
1764056228198 0.47607421875 73
1764056234604 0.5166015625 74
1764056241126 0.51416015625 75
1764056247692 0.5283203125 76
1764056254106 0.556640625 77
1764056260640 0.5791015625 78
1764056267269 0.53125 79
1764056273897 0.513671875 80
1764056280264 0.53271484375 81
1764056286720 0.49951171875 82
1764056293499 0.4755859375 83
1764056300019 0.50146484375 84
1764056306666 0.52685546875 85
1764056313142 0.53076171875 86
1764056319677 0.5595703125 87
1764056326186 0.44140625 88
1764056332769 0.5439453125 89
1764056339311 0.52587890625 90
1764056345857 0.48095703125 91
1764056352253 0.515625 92
1764056358724 0.53662109375 93
1764056365156 0.52294921875 94
1764056371735 0.52978515625 95
1764056378210 0.548828125 96
1764056384755 0.533203125 97
1764056391391 0.49072265625 98
1764056397954 0.50048828125 99
1764056404492 0.48291015625 100
1764056411010 0.5556640625 101
1764056417379 0.52978515625 102
1764056423871 0.5732421875 103
1764056430425 0.5537109375 104
1764056437066 0.4765625 105
1764056443673 0.51513671875 106
1764056450242 0.47509765625 107
1764056456832 0.40673828125 108
1764056463350 0.43408203125 109
1764056470051 0.47607421875 110
1764056476573 0.529296875 111
1764056483059 0.6162109375 112
1764056489595 0.57958984375 113
1764056496112 0.5419921875 114
1764056502686 0.50537109375 115
1764056509187 0.5244140625 116
1764056515936 0.44287109375 117
1764056522462 0.43017578125 118
1764056529231 0.404296875 119
1764056535768 0.4599609375 120
1764056542278 0.52685546875 121
1764056548761 0.56298828125 122
1764056555385 0.5654296875 123
1764056561941 0.49365234375 124
1764056568460 0.505859375 125
1764056628035 0.55859375 126
1764056634549 0.6162109375 127
1764056641040 0.560546875 128
1764056647612 0.5283203125 129
1764056654072 0.5439453125 130
1764056660687 0.50341796875 131
1764056667287 0.49658203125 132
1764056673792 0.48486328125 133
1764056680441 0.4716796875 134
1764056687192 0.490234375 135
1764056693643 0.58203125 136
1764056700263 0.6201171875 137
1764056706911 0.6142578125 138
1764056713492 0.5693359375 139
1764056720077 0.6494140625 140
1764056726834 0.6533203125 141
1764056733523 0.6796875 142
1764056740092 0.5849609375 143
1764056746622 0.5224609375 144
1764056753040 0.48828125 145
1764056759716 0.43701171875 146
1764056766283 0.46533203125 147
1764056772761 0.45458984375 148
1764056779372 0.583984375 149
1764056785910 0.6376953125 150
1764056792466 0.69140625 151
1764056799001 0.75 152
1764056805540 0.6953125 153
1764056812218 0.6142578125 154
1764056818696 0.591796875 155
1764056825319 0.55859375 156
1764056831779 0.458984375 157
1764056838339 0.38232421875 158
1764056845072 0.3779296875 159
1764056851502 0.45654296875 160
1764056858069 0.43505859375 161
1764056864548 0.48779296875 162
1764056871087 0.56640625 163
1764056877506 0.65625 164
1764056884056 0.6904296875 165
1764056890490 0.6728515625 166
1764056897068 0.6298828125 167
1764056903729 0.6240234375 168
1764056910288 0.544921875 169
1764056917041 0.52294921875 170
1764056923528 0.46337890625 171
1764056929984 0.5537109375 172
1764056936539 0.6064453125 173
1764056943105 0.5927734375 174
1764056949600 0.5380859375 175
1764056956267 0.640625 176
1764056962828 0.6494140625 177
1764056969389 0.5986328125 178
1764056975945 0.60546875 179
1764056982800 0.583984375 180
1764056989509 0.50048828125 181
1764056996003 0.5458984375 182
1764057002461 0.46826171875 183
1764057008959 0.47802734375 184
1764057015623 0.53125 185
1764057022082 0.537109375 186
1764057028620 0.59375 187
1764057035276 0.62109375 188
1764057041754 0.6201171875 189
1764057048119 0.5693359375 190
1764057054557 0.5322265625 191
1764057061116 0.46826171875 192
1764057067655 0.482421875 193
1764057074105 0.45947265625 194
1764057080630 0.4765625 195
1764057087119 0.4970703125 196
1764057093658 0.54150390625 197
1764057100119 0.62109375 198
1764057106761 0.568359375 199
1764057113339 0.5859375 200
1764057119960 0.568359375 201
1764057126440 0.544921875 202
1764057132952 0.482421875 203
1764057139498 0.47216796875 204
1764057146006 0.55859375 205
1764057152334 0.5302734375 206
1764057158863 0.61328125 207
1764057165531 0.6474609375 208
1764057171986 0.6572265625 209
1764057178565 0.59375 210
1764057185284 0.5849609375 211
1764057191777 0.5341796875 212
1764057198428 0.4755859375 213
1764057205085 0.431640625 214
1764057211587 0.4404296875 215
1764057218162 0.4345703125 216
1764057224582 0.47509765625 217
1764057231270 0.5126953125 218
1764057237719 0.6083984375 219
1764057244567 0.615234375 220
1764057251012 0.638671875 221
1764057257488 0.65625 222
1764057263959 0.640625 223
1764057270484 0.59375 224
1764057277058 0.5517578125 225
1764057283788 0.43359375 226
1764057290282 0.462890625 227
1764057296675 0.3935546875 228
1764057303285 0.4072265625 229
1764057309884 0.47900390625 230
1764057316388 0.45849609375 231
1764057322930 0.5859375 232
1764057329407 0.5830078125 233
1764057335915 0.5859375 234
1764057342451 0.6103515625 235
1764057349021 0.6650390625 236
1764057355524 0.62890625 237
1764057361989 0.65625 238
1764057368679 0.615234375 239
1764057375101 0.5224609375 240
1764057381604 0.4501953125 241
1764057388100 0.50146484375 242
1764057394491 0.4150390625 243
1764057401162 0.46923828125 244
1764057407763 0.4541015625 245
1764057414184 0.52294921875 246
1764057420688 0.47705078125 247
1764057427186 0.5439453125 248
1764057433685 0.5625 249
1764057440271 0.5791015625 250
1764057479634 0.61328125 251
1764057485999 0.58154296875 252
1764057492444 0.5986328125 253
1764057499081 0.55224609375 254
1764057505512 0.541015625 255
1764057512031 0.47412109375 256
1764057518574 0.40771484375 257
1764057524946 0.45654296875 258
1764057531492 0.45361328125 259
1764057538229 0.458984375 260
1764057544803 0.5361328125 261
1764057551288 0.5419921875 262
1764057557973 0.5859375 263
1764057564655 0.52880859375 264
1764057571380 0.587890625 265
1764057577906 0.5888671875 266
1764057584478 0.51220703125 267
1764057591067 0.4658203125 268
1764057597570 0.48046875 269
1764057604120 0.509765625 270
1764057610680 0.5478515625 271
1764057617362 0.5361328125 272
1764057623885 0.6083984375 273
1764057630460 0.6865234375 274
1764057637173 0.59375 275
1764057643805 0.6826171875 276
1764057650435 0.666015625 277
1764057656996 0.6171875 278
1764057663580 0.5732421875 279
1764057670095 0.50537109375 280
1764057676706 0.5400390625 281
1764057683258 0.505859375 282
1764057689807 0.5048828125 283
1764057696500 0.544921875 284
1764057703176 0.5439453125 285
1764057709688 0.5947265625 286
1764057716105 0.625 287
1764057722647 0.6357421875 288
1764057729357 0.5908203125 289
1764057735728 0.6650390625 290
1764057742276 0.6171875 291
1764057748819 0.484375 292
1764057755299 0.4970703125 293
1764057761880 0.53857421875 294
1764057768455 0.5322265625 295
1764057775158 0.53857421875 296
1764057781607 0.658203125 297
1764057788275 0.630859375 298
1764057794813 0.625 299
1764057801281 0.5986328125 300
1764057807734 0.6455078125 301
1764057814319 0.603515625 302
1764057820888 0.560546875 303
1764057827577 0.52197265625 304
1764057834146 0.5595703125 305
1764057840743 0.50048828125 306
1764057847243 0.505859375 307
1764057853745 0.4755859375 308
1764057860362 0.4775390625 309
1764057866884 0.4892578125 310
1764057873318 0.6083984375 311
1764057879973 0.544921875 312
1764057886512 0.5283203125 313
1764057892900 0.5810546875 314
1764057899376 0.5859375 315
1764057905985 0.6103515625 316
1764057912579 0.5498046875 317
1764057919179 0.52099609375 318
1764057925706 0.541015625 319
1764057932398 0.5458984375 320
1764057939091 0.552734375 321
1764057945609 0.54736328125 322
1764057952175 0.6064453125 323
1764057958559 0.5693359375 324
1764057964984 0.5634765625 325
1764057971579 0.6015625 326
1764057977972 0.6142578125 327
1764057984623 0.6064453125 328
1764057991356 0.6181640625 329
1764057997919 0.5830078125 330
1764058004360 0.59375 331
1764058010847 0.5634765625 332
1764058017464 0.5517578125 333
1764058024217 0.49072265625 334
1764058030731 0.517578125 335
1764058037350 0.49609375 336
1764058044061 0.5029296875 337
1764058050547 0.599609375 338
1764058057167 0.46044921875 339
1764058063800 0.568359375 340
1764058070367 0.5732421875 341
1764058077080 0.572265625 342
1764058083595 0.583984375 343
1764058090134 0.5625 344
1764058096641 0.5458984375 345
1764058103185 0.5302734375 346
1764058109835 0.50146484375 347
1764058116438 0.4912109375 348
1764058122960 0.46240234375 349
1764058129426 0.5791015625 350
1764058135891 0.5546875 351
1764058142334 0.5458984375 352
1764058148847 0.52392578125 353
1764058155337 0.515625 354
1764058162122 0.498046875 355
1764058168580 0.529296875 356
1764058175083 0.58984375 357
1764058181608 0.5595703125 358
1764058188310 0.5751953125 359
1764058194951 0.59375 360
1764058201510 0.609375 361
1764058207978 0.673828125 362
1764058214468 0.6240234375 363
1764058220974 0.580078125 364
1764058227537 0.544921875 365
1764058234002 0.51611328125 366
1764058240519 0.50341796875 367
1764058247313 0.51513671875 368
1764058253723 0.5595703125 369
1764058260258 0.5478515625 370
1764058266877 0.50927734375 371
1764058273528 0.48046875 372
1764058280112 0.49267578125 373
1764058286737 0.56103515625 374
1764058293454 0.5244140625 375
1764058332615 0.53857421875 376
1764058339263 0.541015625 377
1764058345869 0.6015625 378
1764058352434 0.5712890625 379
1764058358926 0.53955078125 380
1764058365570 0.53955078125 381
1764058372311 0.501953125 382
1764058379006 0.521484375 383
1764058385718 0.5234375 384
1764058392205 0.5322265625 385
1764058398648 0.55078125 386
1764058405369 0.5810546875 387
1764058411855 0.5556640625 388
1764058418418 0.6064453125 389
1764058424942 0.619140625 390
1764058431815 0.66015625 391
1764058438268 0.61328125 392
1764058444717 0.646484375 393
1764058451207 0.6083984375 394
1764058457837 0.5830078125 395
1764058464551 0.5654296875 396
1764058471021 0.5322265625 397
1764058477487 0.5576171875 398
1764058483942 0.49365234375 399
1764058490489 0.51513671875 400
1764058497065 0.501953125 401
1764058503726 0.49462890625 402
1764058510304 0.5234375 403
1764058516727 0.4951171875 404
1764058523235 0.533203125 405
1764058529719 0.49658203125 406
1764058536352 0.544921875 407
1764058542888 0.541015625 408
1764058549481 0.5771484375 409
1764058556017 0.5703125 410
1764058562509 0.5732421875 411
1764058569204 0.587890625 412
1764058575739 0.56201171875 413
1764058582247 0.47998046875 414
1764058588713 0.55322265625 415
1764058595250 0.517578125 416
1764058601616 0.54296875 417
1764058608066 0.580078125 418
1764058614727 0.5869140625 419
1764058621325 0.6005859375 420
1764058627811 0.5732421875 421
1764058634322 0.55078125 422
1764058640850 0.5478515625 423
1764058647272 0.58984375 424
1764058653790 0.5185546875 425
1764058660338 0.533203125 426
1764058666976 0.50830078125 427
1764058673460 0.59765625 428
1764058680109 0.560546875 429
1764058686586 0.5634765625 430
1764058693312 0.5791015625 431
1764058699784 0.5771484375 432
1764058706321 0.544921875 433
1764058712868 0.5322265625 434
1764058719228 0.5595703125 435
1764058725711 0.5654296875 436
1764058732276 0.5791015625 437
1764058738762 0.5888671875 438
1764058745422 0.5517578125 439
1764058751809 0.54736328125 440
1764058758573 0.56591796875 441
1764058765052 0.55322265625 442
1764058771497 0.5615234375 443
1764058778000 0.5703125 444
1764058784421 0.58984375 445
1764058790996 0.5205078125 446
1764058797565 0.5322265625 447
1764058804165 0.4892578125 448
1764058810738 0.49951171875 449
1764058817274 0.5625 450
1764058823836 0.48876953125 451
1764058830366 0.556640625 452
1764058836784 0.5419921875 453
1764058843354 0.51953125 454
1764058849765 0.544921875 455
1764058856280 0.59375 456
1764058862844 0.6064453125 457
1764058869528 0.5966796875 458
1764058876174 0.595703125 459
1764058882777 0.5947265625 460
1764058889231 0.591796875 461
1764058895734 0.56884765625 462
1764058902286 0.5859375 463
1764058908774 0.5751953125 464
1764058915308 0.5537109375 465
1764058921906 0.556640625 466
1764058928431 0.517578125 467
1764058935014 0.4755859375 468
1764058941528 0.47509765625 469
1764058948059 0.46875 470
1764058954678 0.515625 471
1764058961483 0.5205078125 472
1764058968025 0.5263671875 473
1764058974450 0.52490234375 474
1764058981062 0.552734375 475
1764058987664 0.5380859375 476
1764058994118 0.50048828125 477
1764059000550 0.5771484375 478
1764059007121 0.5029296875 479
1764059013562 0.5712890625 480
1764059020186 0.56640625 481
1764059026606 0.55615234375 482
1764059033043 0.546875 483
1764059039457 0.56640625 484
1764059046152 0.5634765625 485
1764059052930 0.5732421875 486
1764059059329 0.53662109375 487
1764059066016 0.53125 488
1764059072518 0.5341796875 489
1764059079030 0.5 490
1764059085629 0.5166015625 491
1764059092109 0.50927734375 492
1764059098583 0.49609375 493
1764059105007 0.52490234375 494
1764059111469 0.59765625 495
1764059117940 0.53515625 496
1764059124571 0.55859375 497
1764059131302 0.49951171875 498
1764059137851 0.4990234375 499
1764059144458 0.51025390625 500
1764059204160 0.556640625 501
1764059210621 0.5244140625 502
1764059217019 0.5439453125 503
1764059223675 0.5634765625 504
1764059230194 0.5634765625 505
1764059236763 0.5556640625 506
1764059243316 0.583984375 507
1764059249758 0.54296875 508
1764059256234 0.5947265625 509
1764059262912 0.56689453125 510
1764059269529 0.576171875 511
1764059276118 0.578125 512
1764059282767 0.5859375 513
1764059289313 0.5947265625 514
1764059295800 0.6298828125 515
1764059302507 0.611328125 516
1764059308994 0.5966796875 517
1764059315599 0.58984375 518
1764059322133 0.57421875 519
1764059328740 0.5390625 520
1764059335090 0.5771484375 521
1764059341553 0.5166015625 522
1764059348249 0.591796875 523
1764059354857 0.5751953125 524
1764059361493 0.5712890625 525
1764059368087 0.546875 526
1764059374761 0.53564453125 527
1764059381234 0.560546875 528
1764059387827 0.54638671875 529
1764059394279 0.58203125 530
1764059400719 0.5546875 531
1764059407236 0.48046875 532
1764059413715 0.541015625 533
1764059420443 0.541015625 534
1764059427145 0.541015625 535
1764059433525 0.56005859375 536
1764059440055 0.5576171875 537
1764059446674 0.55078125 538
1764059453285 0.5546875 539
1764059460035 0.521484375 540
1764059466482 0.5830078125 541
1764059473182 0.52783203125 542
1764059479737 0.6015625 543
1764059486254 0.556640625 544
1764059492736 0.58984375 545
1764059499338 0.6123046875 546
1764059505808 0.6416015625 547
1764059512332 0.56884765625 548
1764059518859 0.640625 549
1764059525507 0.52490234375 550
1764059531954 0.576171875 551
1764059538362 0.5634765625 552
1764059545029 0.5849609375 553
1764059551531 0.576171875 554
1764059558193 0.58642578125 555
1764059564661 0.5263671875 556
1764059571052 0.552734375 557
1764059577600 0.5751953125 558
1764059584143 0.5654296875 559
1764059590761 0.5888671875 560
1764059597368 0.53515625 561
1764059603783 0.58984375 562
1764059610302 0.52197265625 563
1764059616929 0.5576171875 564
1764059623660 0.609375 565
1764059630214 0.552734375 566
1764059636663 0.5498046875 567
1764059643295 0.546875 568
1764059650114 0.51806640625 569
1764059656667 0.5107421875 570
1764059663130 0.55078125 571
1764059669588 0.5947265625 572
1764059676130 0.5439453125 573
1764059682805 0.52392578125 574
1764059689222 0.5947265625 575
1764059695858 0.5849609375 576
1764059702438 0.54296875 577
1764059709014 0.55859375 578
1764059715507 0.541015625 579
1764059722083 0.5361328125 580
1764059728597 0.50244140625 581
1764059735046 0.6005859375 582
1764059741692 0.5966796875 583
1764059748289 0.5693359375 584
1764059754820 0.5576171875 585
1764059761343 0.56787109375 586
1764059767929 0.5791015625 587
1764059774475 0.5732421875 588
1764059781040 0.5458984375 589
1764059787587 0.4921875 590
1764059794076 0.61279296875 591
1764059800582 0.537109375 592
1764059807093 0.4970703125 593
1764059813637 0.55859375 594
1764059820138 0.55078125 595
1764059826899 0.55615234375 596
1764059833509 0.556640625 597
1764059840183 0.5654296875 598
1764059846715 0.5517578125 599
1764059853188 0.55712890625 600
1764059859850 0.53759765625 601
1764059866466 0.599609375 602
1764059873149 0.576171875 603
1764059879580 0.5478515625 604
1764059886175 0.54931640625 605
1764059892743 0.5810546875 606
1764059899431 0.541015625 607
1764059906025 0.5771484375 608
1764059912541 0.57421875 609
1764059919080 0.56396484375 610
1764059925614 0.6005859375 611
1764059932133 0.5419921875 612
1764059938848 0.6064453125 613
1764059945392 0.546875 614
1764059951853 0.5634765625 615
1764059958387 0.6103515625 616
1764059964917 0.564453125 617
1764059971422 0.595703125 618
1764059977944 0.6005859375 619
1764059984447 0.552734375 620
1764059990932 0.5791015625 621
1764059997486 0.599609375 622
1764060004069 0.5087890625 623
1764060010608 0.59375 624
1764060017167 0.578125 625
