1764055756079 0.0 1
1764055762605 3.3396645449101925e-09 2
1764055769082 0.01788330078125 3
1764055775575 0.05279541015625 4
1764055782079 0.1104736328125 5
1764055788733 0.181884765625 6
1764055795082 0.267578125 7
1764055801676 0.37255859375 8
1764055808220 0.49560546875 9
1764055814848 0.580078125 10
1764055821488 0.6328125 11
1764055827962 0.685546875 12
1764055834545 0.7333984375 13
1764055841039 0.7177734375 14
1764055847684 0.6484375 15
1764055854243 0.5908203125 16
1764055860755 0.48779296875 17
1764055867373 0.36767578125 18
1764055873896 0.27685546875 19
1764055880295 0.221435546875 20
1764055886850 0.22607421875 21
1764055893495 0.279052734375 22
1764055900175 0.32275390625 23
1764055906681 0.365234375 24
1764055913300 0.4677734375 25
1764055919822 0.490234375 26
1764055926538 0.4755859375 27
1764055933007 0.478515625 28
1764055939714 0.384765625 29
1764055946222 0.34033203125 30
1764055952856 0.30859375 31
1764055959477 0.3095703125 32
1764055966103 0.2783203125 33
1764055972578 0.3427734375 34
1764055979171 0.431640625 35
1764055985966 0.4404296875 36
1764055992441 0.46240234375 37
1764055999027 0.3896484375 38
1764056005759 0.41064453125 39
1764056012186 0.34033203125 40
1764056018682 0.3564453125 41
1764056025084 0.3193359375 42
1764056031695 0.34130859375 43
1764056038433 0.36962890625 44
1764056044817 0.35009765625 45
1764056051383 0.40380859375 46
1764056058052 0.42529296875 47
1764056064792 0.478515625 48
1764056071261 0.4453125 49
1764056077739 0.45556640625 50
1764056084365 0.40380859375 51
1764056090869 0.37109375 52
1764056097350 0.3037109375 53
1764056103727 0.291015625 54
1764056110210 0.3134765625 55
1764056116903 0.35400390625 56
1764056123447 0.361328125 57
1764056129940 0.33349609375 58
1764056136568 0.3935546875 59
1764056143186 0.3466796875 60
1764056149707 0.270263671875 61
1764056156258 0.257080078125 62
1764056162873 0.247314453125 63
1764056169375 0.30712890625 64
1764056175906 0.35205078125 65
1764056182416 0.41357421875 66
1764056188895 0.4775390625 67
1764056195559 0.435546875 68
1764056202014 0.40966796875 69
1764056208564 0.416015625 70
1764056215154 0.4033203125 71
1764056221738 0.32177734375 72
1764056228198 0.306640625 73
1764056234604 0.344970703125 74
1764056241126 0.38720703125 75
1764056247692 0.33935546875 76
1764056254106 0.41455078125 77
1764056260640 0.39306640625 78
1764056267269 0.3603515625 79
1764056273897 0.3369140625 80
1764056280264 0.37744140625 81
1764056286720 0.298583984375 82
1764056293499 0.260009765625 83
1764056300019 0.37109375 84
1764056306666 0.31982421875 85
1764056313142 0.36962890625 86
1764056319677 0.3740234375 87
1764056326186 0.341796875 88
1764056332769 0.4140625 89
1764056339311 0.35205078125 90
1764056345857 0.300537109375 91
1764056352253 0.262451171875 92
1764056358724 0.3388671875 93
1764056365156 0.34326171875 94
1764056371735 0.3740234375 95
1764056378210 0.328125 96
1764056384755 0.38720703125 97
1764056391391 0.3408203125 98
1764056397954 0.33203125 99
1764056404492 0.349609375 100
1764056411010 0.3623046875 101
1764056417379 0.3779296875 102
1764056423871 0.35693359375 103
1764056430425 0.3447265625 104
1764056437066 0.3662109375 105
1764056443673 0.31005859375 106
1764056450242 0.244873046875 107
1764056456832 0.2958984375 108
1764056463350 0.269775390625 109
1764056470051 0.225341796875 110
1764056476573 0.3564453125 111
1764056483059 0.373046875 112
1764056489595 0.45556640625 113
1764056496112 0.3701171875 114
1764056502686 0.31396484375 115
1764056509187 0.289794921875 116
1764056515936 0.24072265625 117
1764056522462 0.274169921875 118
1764056529231 0.247802734375 119
1764056535768 0.31640625 120
1764056542278 0.35595703125 121
1764056548761 0.36279296875 122
1764056555385 0.35888671875 123
1764056561941 0.28515625 124
1764056568460 0.2978515625 125
1764056628035 0.37255859375 126
1764056634549 0.3935546875 127
1764056641040 0.43115234375 128
1764056647612 0.36865234375 129
1764056654072 0.33642578125 130
1764056660687 0.28271484375 131
1764056667287 0.22705078125 132
1764056673792 0.240966796875 133
1764056680441 0.264404296875 134
1764056687192 0.33642578125 135
1764056693643 0.337890625 136
1764056700263 0.42041015625 137
1764056706911 0.38427734375 138
1764056713492 0.36767578125 139
1764056720077 0.42919921875 140
1764056726834 0.43408203125 141
1764056733523 0.42041015625 142
1764056740092 0.42919921875 143
1764056746622 0.3154296875 144
1764056753040 0.20751953125 145
1764056759716 0.3115234375 146
1764056766283 0.264404296875 147
1764056772761 0.27685546875 148
1764056779372 0.4228515625 149
1764056785910 0.4853515625 150
1764056792466 0.47021484375 151
1764056799001 0.52001953125 152
1764056805540 0.5068359375 153
1764056812218 0.50390625 154
1764056818696 0.37939453125 155
1764056825319 0.369140625 156
1764056831779 0.189453125 157
1764056838339 0.2294921875 158
1764056845072 0.259765625 159
1764056851502 0.186767578125 160
1764056858069 0.256103515625 161
1764056864548 0.27392578125 162
1764056871087 0.3544921875 163
1764056877506 0.45654296875 164
1764056884056 0.45947265625 165
1764056890490 0.4267578125 166
1764056897068 0.43408203125 167
1764056903729 0.42138671875 168
1764056910288 0.3076171875 169
1764056917041 0.2919921875 170
1764056923528 0.305419921875 171
1764056929984 0.267578125 172
1764056936539 0.36474609375 173
1764056943105 0.38525390625 174
1764056949600 0.3310546875 175
1764056956267 0.3515625 176
1764056962828 0.43505859375 177
1764056969389 0.3896484375 178
1764056975945 0.4482421875 179
1764056982800 0.36767578125 180
1764056989509 0.3232421875 181
1764056996003 0.225830078125 182
1764057002461 0.23681640625 183
1764057008959 0.3125 184
1764057015623 0.330078125 185
1764057022082 0.4013671875 186
1764057028620 0.4140625 187
1764057035276 0.439453125 188
1764057041754 0.3955078125 189
1764057048119 0.380859375 190
1764057054557 0.3525390625 191
1764057061116 0.24462890625 192
1764057067655 0.330078125 193
1764057074105 0.32373046875 194
1764057080630 0.281494140625 195
1764057087119 0.272216796875 196
1764057093658 0.4130859375 197
1764057100119 0.408203125 198
1764057106761 0.40283203125 199
1764057113339 0.35986328125 200
1764057119960 0.34619140625 201
1764057126440 0.25146484375 202
1764057132952 0.288818359375 203
1764057139498 0.30712890625 204
1764057146006 0.2900390625 205
1764057152334 0.37744140625 206
1764057158863 0.421875 207
1764057165531 0.48828125 208
1764057171986 0.44287109375 209
1764057178565 0.46240234375 210
1764057185284 0.34619140625 211
1764057191777 0.2626953125 212
1764057198428 0.32275390625 213
1764057205085 0.2626953125 214
1764057211587 0.28076171875 215
1764057218162 0.284912109375 216
1764057224582 0.243408203125 217
1764057231270 0.33544921875 218
1764057237719 0.41162109375 219
1764057244567 0.4228515625 220
1764057251012 0.4541015625 221
1764057257488 0.41162109375 222
1764057263959 0.40576171875 223
1764057270484 0.33447265625 224
1764057277058 0.39453125 225
1764057283788 0.3134765625 226
1764057290282 0.2470703125 227
1764057296675 0.21142578125 228
1764057303285 0.1875 229
1764057309884 0.27099609375 230
1764057316388 0.299560546875 231
1764057322930 0.33984375 232
1764057329407 0.365966796875 233
1764057335915 0.42138671875 234
1764057342451 0.40673828125 235
1764057349021 0.44970703125 236
1764057355524 0.46728515625 237
1764057361989 0.46630859375 238
1764057368679 0.4111328125 239
1764057375101 0.34765625 240
1764057381604 0.29638671875 241
1764057388100 0.259033203125 242
1764057394491 0.218017578125 243
1764057401162 0.255126953125 244
1764057407763 0.234619140625 245
1764057414184 0.322265625 246
1764057420688 0.34521484375 247
1764057427186 0.284423828125 248
1764057433685 0.3662109375 249
1764057440271 0.3935546875 250
1764057479634 0.4404296875 251
1764057485999 0.4287109375 252
1764057492444 0.4150390625 253
1764057499081 0.3193359375 254
1764057505512 0.357421875 255
1764057512031 0.29638671875 256
1764057518574 0.203369140625 257
1764057524946 0.22314453125 258
1764057531492 0.2314453125 259
1764057538229 0.29541015625 260
1764057544803 0.34716796875 261
1764057551288 0.35888671875 262
1764057557973 0.361328125 263
1764057564655 0.38671875 264
1764057571380 0.3828125 265
1764057577906 0.34033203125 266
1764057584478 0.314208984375 267
1764057591067 0.27734375 268
1764057597570 0.253662109375 269
1764057604120 0.31982421875 270
1764057610680 0.337890625 271
1764057617362 0.33349609375 272
1764057623885 0.42919921875 273
1764057630460 0.43017578125 274
1764057637173 0.353515625 275
1764057643805 0.42919921875 276
1764057650435 0.46337890625 277
1764057656996 0.41943359375 278
1764057663580 0.36279296875 279
1764057670095 0.38525390625 280
1764057676706 0.291748046875 281
1764057683258 0.291015625 282
1764057689807 0.27490234375 283
1764057696500 0.296875 284
1764057703176 0.291015625 285
1764057709688 0.34130859375 286
1764057716105 0.408203125 287
1764057722647 0.34423828125 288
1764057729357 0.35595703125 289
1764057735728 0.41748046875 290
1764057742276 0.32568359375 291
1764057748819 0.29345703125 292
1764057755299 0.3212890625 293
1764057761880 0.326171875 294
1764057768455 0.33837890625 295
1764057775158 0.38232421875 296
1764057781607 0.31640625 297
1764057788275 0.4248046875 298
1764057794813 0.4853515625 299
1764057801281 0.3876953125 300
1764057807734 0.4130859375 301
1764057814319 0.390625 302
1764057820888 0.34423828125 303
1764057827577 0.3134765625 304
1764057834146 0.279296875 305
1764057840743 0.32763671875 306
1764057847243 0.2646484375 307
1764057853745 0.29150390625 308
1764057860362 0.286865234375 309
1764057866884 0.296875 310
1764057873318 0.361328125 311
1764057879973 0.35205078125 312
1764057886512 0.36083984375 313
1764057892900 0.40771484375 314
1764057899376 0.33203125 315
1764057905985 0.318603515625 316
1764057912579 0.3291015625 317
1764057919179 0.38037109375 318
1764057925706 0.32275390625 319
1764057932398 0.31396484375 320
1764057939091 0.33056640625 321
1764057945609 0.31787109375 322
1764057952175 0.330078125 323
1764057958559 0.3388671875 324
1764057964984 0.33447265625 325
1764057971579 0.3740234375 326
1764057977972 0.3671875 327
1764057984623 0.35595703125 328
1764057991356 0.37841796875 329
1764057997919 0.376953125 330
1764058004360 0.287841796875 331
1764058010847 0.3388671875 332
1764058017464 0.3203125 333
1764058024217 0.2822265625 334
1764058030731 0.30615234375 335
1764058037350 0.298828125 336
1764058044061 0.35302734375 337
1764058050547 0.345703125 338
1764058057167 0.31201171875 339
1764058063800 0.38720703125 340
1764058070367 0.41015625 341
1764058077080 0.376953125 342
1764058083595 0.36865234375 343
1764058090134 0.314208984375 344
1764058096641 0.35400390625 345
1764058103185 0.32275390625 346
1764058109835 0.24560546875 347
1764058116438 0.289306640625 348
1764058122960 0.288330078125 349
1764058129426 0.33740234375 350
1764058135891 0.256591796875 351
1764058142334 0.328125 352
1764058148847 0.273193359375 353
1764058155337 0.3330078125 354
1764058162122 0.338623046875 355
1764058168580 0.24609375 356
1764058175083 0.264404296875 357
1764058181608 0.36962890625 358
1764058188310 0.35009765625 359
1764058194951 0.392578125 360
1764058201510 0.43408203125 361
1764058207978 0.3369140625 362
1764058214468 0.419921875 363
1764058220974 0.39013671875 364
1764058227537 0.400390625 365
1764058234002 0.264892578125 366
1764058240519 0.26806640625 367
1764058247313 0.32275390625 368
1764058253723 0.3251953125 369
1764058260258 0.31201171875 370
1764058266877 0.31298828125 371
1764058273528 0.33740234375 372
1764058280112 0.33154296875 373
1764058286737 0.3154296875 374
1764058293454 0.33984375 375
1764058332615 0.42578125 376
1764058339263 0.41259765625 377
1764058345869 0.431640625 378
1764058352434 0.3701171875 379
1764058358926 0.3369140625 380
1764058365570 0.375 381
1764058372311 0.27001953125 382
1764058379006 0.312744140625 383
1764058385718 0.3330078125 384
1764058392205 0.311279296875 385
1764058398648 0.33203125 386
1764058405369 0.35498046875 387
1764058411855 0.345703125 388
1764058418418 0.38037109375 389
1764058424942 0.4140625 390
1764058431815 0.39013671875 391
1764058438268 0.41064453125 392
1764058444717 0.4013671875 393
1764058451207 0.39990234375 394
1764058457837 0.39501953125 395
1764058464551 0.3525390625 396
1764058471021 0.37353515625 397
1764058477487 0.373046875 398
1764058483942 0.2783203125 399
1764058490489 0.34228515625 400
1764058497065 0.255615234375 401
1764058503726 0.28955078125 402
1764058510304 0.3173828125 403
1764058516727 0.298095703125 404
1764058523235 0.29248046875 405
1764058529719 0.318115234375 406
1764058536352 0.29345703125 407
1764058542888 0.30419921875 408
1764058549481 0.369140625 409
1764058556017 0.35595703125 410
1764058562509 0.37939453125 411
1764058569204 0.3095703125 412
1764058575739 0.34423828125 413
1764058582247 0.31591796875 414
1764058588713 0.326171875 415
1764058595250 0.3564453125 416
1764058601616 0.3818359375 417
1764058608066 0.37255859375 418
1764058614727 0.3828125 419
1764058621325 0.345703125 420
1764058627811 0.37451171875 421
1764058634322 0.3486328125 422
1764058640850 0.37158203125 423
1764058647272 0.34716796875 424
1764058653790 0.316162109375 425
1764058660338 0.34375 426
1764058666976 0.3291015625 427
1764058673460 0.31982421875 428
1764058680109 0.361328125 429
1764058686586 0.3349609375 430
1764058693312 0.337890625 431
1764058699784 0.38427734375 432
1764058706321 0.34521484375 433
1764058712868 0.31884765625 434
1764058719228 0.359375 435
1764058725711 0.38720703125 436
1764058732276 0.34814453125 437
1764058738762 0.363525390625 438
1764058745422 0.4111328125 439
1764058751809 0.34033203125 440
1764058758573 0.35400390625 441
1764058765052 0.363525390625 442
1764058771497 0.29736328125 443
1764058778000 0.345703125 444
1764058784421 0.321533203125 445
1764058790996 0.36767578125 446
1764058797565 0.298828125 447
1764058804165 0.28271484375 448
1764058810738 0.34423828125 449
1764058817274 0.33251953125 450
1764058823836 0.33642578125 451
1764058830366 0.31982421875 452
1764058836784 0.34375 453
1764058843354 0.353515625 454
1764058849765 0.36328125 455
1764058856280 0.34130859375 456
1764058862844 0.38623046875 457
1764058869528 0.36572265625 458
1764058876174 0.39599609375 459
1764058882777 0.4287109375 460
1764058889231 0.36669921875 461
1764058895734 0.40869140625 462
1764058902286 0.33544921875 463
1764058908774 0.39404296875 464
1764058915308 0.345703125 465
1764058921906 0.3564453125 466
1764058928431 0.35205078125 467
1764058935014 0.34033203125 468
1764058941528 0.3017578125 469
1764058948059 0.273193359375 470
1764058954678 0.2470703125 471
1764058961483 0.311767578125 472
1764058968025 0.3095703125 473
1764058974450 0.315185546875 474
1764058981062 0.3388671875 475
1764058987664 0.323486328125 476
1764058994118 0.3037109375 477
1764059000550 0.35205078125 478
1764059007121 0.31103515625 479
1764059013562 0.30419921875 480
1764059020186 0.33349609375 481
1764059026606 0.31591796875 482
1764059033043 0.39990234375 483
1764059039457 0.331787109375 484
1764059046152 0.35400390625 485
1764059052930 0.32763671875 486
1764059059329 0.281005859375 487
1764059066016 0.3203125 488
1764059072518 0.25537109375 489
1764059079030 0.30712890625 490
1764059085629 0.30908203125 491
1764059092109 0.3232421875 492
1764059098583 0.29833984375 493
1764059105007 0.314453125 494
1764059111469 0.317626953125 495
1764059117940 0.275390625 496
1764059124571 0.30908203125 497
1764059131302 0.37451171875 498
1764059137851 0.33984375 499
1764059144458 0.310791015625 500
1764059204160 0.30810546875 501
1764059210621 0.294189453125 502
1764059217019 0.254150390625 503
1764059223675 0.3369140625 504
1764059230194 0.31298828125 505
1764059236763 0.33642578125 506
1764059243316 0.274658203125 507
1764059249758 0.3330078125 508
1764059256234 0.36083984375 509
1764059262912 0.34521484375 510
1764059269529 0.38134765625 511
1764059276118 0.33203125 512
1764059282767 0.37109375 513
1764059289313 0.38818359375 514
1764059295800 0.39501953125 515
1764059302507 0.345703125 516
1764059308994 0.337646484375 517
1764059315599 0.36279296875 518
1764059322133 0.326171875 519
1764059328740 0.38134765625 520
1764059335090 0.35595703125 521
1764059341553 0.31787109375 522
1764059348249 0.36083984375 523
1764059354857 0.36669921875 524
1764059361493 0.36083984375 525
1764059368087 0.28466796875 526
1764059374761 0.35986328125 527
1764059381234 0.30712890625 528
1764059387827 0.327392578125 529
1764059394279 0.308837890625 530
1764059400719 0.2734375 531
1764059407236 0.29150390625 532
1764059413715 0.31982421875 533
1764059420443 0.28759765625 534
1764059427145 0.31298828125 535
1764059433525 0.30126953125 536
1764059440055 0.29736328125 537
1764059446674 0.32421875 538
1764059453285 0.3603515625 539
1764059460035 0.33154296875 540
1764059466482 0.32275390625 541
1764059473182 0.337890625 542
1764059479737 0.33056640625 543
1764059486254 0.32568359375 544
1764059492736 0.33056640625 545
1764059499338 0.36181640625 546
1764059505808 0.373046875 547
1764059512332 0.326171875 548
1764059518859 0.39208984375 549
1764059525507 0.36328125 550
1764059531954 0.320068359375 551
1764059538362 0.3232421875 552
1764059545029 0.40185546875 553
1764059551531 0.390625 554
1764059558193 0.326171875 555
1764059564661 0.350830078125 556
1764059571052 0.36279296875 557
1764059577600 0.33251953125 558
1764059584143 0.31640625 559
1764059590761 0.306640625 560
1764059597368 0.341796875 561
1764059603783 0.353515625 562
1764059610302 0.34912109375 563
1764059616929 0.39111328125 564
1764059623660 0.32666015625 565
1764059630214 0.3583984375 566
1764059636663 0.357421875 567
1764059643295 0.2880859375 568
1764059650114 0.31103515625 569
1764059656667 0.27783203125 570
1764059663130 0.31640625 571
1764059669588 0.35302734375 572
1764059676130 0.353515625 573
1764059682805 0.318115234375 574
1764059689222 0.3203125 575
1764059695858 0.31982421875 576
1764059702438 0.298095703125 577
1764059709014 0.37841796875 578
1764059715507 0.35302734375 579
1764059722083 0.3662109375 580
1764059728597 0.37646484375 581
1764059735046 0.37060546875 582
1764059741692 0.34765625 583
1764059748289 0.35498046875 584
1764059754820 0.39111328125 585
1764059761343 0.34521484375 586
1764059767929 0.31494140625 587
1764059774475 0.34716796875 588
1764059781040 0.38916015625 589
1764059787587 0.36572265625 590
1764059794076 0.281005859375 591
1764059800582 0.33447265625 592
1764059807093 0.359375 593
1764059813637 0.34033203125 594
1764059820138 0.293212890625 595
1764059826899 0.286376953125 596
1764059833509 0.3427734375 597
1764059840183 0.33154296875 598
1764059846715 0.38720703125 599
1764059853188 0.3212890625 600
1764059859850 0.380859375 601
1764059866466 0.30126953125 602
1764059873149 0.37451171875 603
1764059879580 0.3369140625 604
1764059886175 0.3515625 605
1764059892743 0.3671875 606
1764059899431 0.306640625 607
1764059906025 0.376953125 608
1764059912541 0.34423828125 609
1764059919080 0.353515625 610
1764059925614 0.3408203125 611
1764059932133 0.37744140625 612
1764059938848 0.39697265625 613
1764059945392 0.37890625 614
1764059951853 0.35546875 615
1764059958387 0.318115234375 616
1764059964917 0.34716796875 617
1764059971422 0.328125 618
1764059977944 0.3359375 619
1764059984447 0.34033203125 620
1764059990932 0.32470703125 621
1764059997486 0.36767578125 622
1764060004069 0.33544921875 623
1764060010608 0.3740234375 624
1764060017167 0.29931640625 625
