1764171083726 19.6875 1
1764171093223 23.0625 2
1764171102249 21.0 3
1764171111240 24.03125 4
1764171120277 18.75 5
1764171129356 22.625 6
1764171138443 21.4375 7
1764171147558 25.625 8
1764171156609 21.90625 9
1764171165712 23.84375 10
1764171174816 23.125 11
1764171183856 26.0 12
1764171192937 27.28125 13
1764171202029 25.140625 14
1764171211126 25.3125 15
1764171220213 23.71875 16
1764171229302 20.75 17
1764171238360 23.125 18
1764171247398 23.5625 19
1764171256441 23.4375 20
1764171265482 22.0625 21
1764171274516 20.59375 22
1764171283525 23.125 23
1764171292594 24.03125 24
1764171301636 23.1875 25
1764171310693 24.8125 26
1764171319706 23.71875 27
1764171328736 23.4375 28
1764171337792 21.84375 29
1764171346802 21.8125 30
1764171355814 24.40625 31
1764171364809 20.84375 32
1764171373854 22.3125 33
1764171382844 20.78125 34
1764171391861 22.59375 35
1764171401128 25.09375 36
1764171410155 21.1875 37
1764171419156 22.09375 38
1764171428200 26.03125 39
1764171437241 20.625 40
1764171446312 25.8125 41
1764171455328 23.3125 42
1764171464492 21.53125 43
1764171473541 24.21875 44
1764171482590 24.59375 45
1764171491622 21.09375 46
1764171500610 22.1875 47
1764171509609 24.6875 48
1764171518639 23.28125 49
1764171527630 21.34375 50
1764171536644 22.25 51
1764171545714 25.0625 52
1764171554729 23.0 53
1764171563759 21.59375 54
1764171572775 24.375 55
1764171581829 24.8125 56
1764171590900 23.65625 57
1764171599883 21.3125 58
1764171608940 24.9375 59
1764171617993 23.625 60
1764171627020 25.28125 61
1764171636095 24.1875 62
1764171645152 24.65625 63
1764171654249 24.28125 64
1764171663241 23.84375 65
1764171672258 23.75 66
1764171681305 26.3125 67
1764171690366 22.46875 68
1764171699420 28.09375 69
1764171708423 25.15625 70
1764171717430 26.5625 71
1764171726442 24.0625 72
1764171735479 25.71875 73
1764171744480 23.40625 74
1764171753498 23.03125 75
1764171762511 25.53125 76
1764171771539 28.90625 77
1764171780543 24.34375 78
1764171789595 26.78125 79
1764171798647 28.1875 80
1764171807704 27.90625 81
1764171816728 27.375 82
1764171825808 32.34375 83
1764171834941 27.9375 84
1764171843938 32.28125 85
1764171852987 27.34375 86
