1764171083726 0.02248146152123809 1
1764171093223 0.023726697079837322 2
1764171102249 0.02714018151164055 3
1764171111240 0.026255992241203785 4
1764171120277 0.024187784176319838 5
1764171129356 0.022777120117098093 6
1764171138443 0.024459457956254482 7
1764171147558 0.02397803496569395 8
1764171156609 0.026774514466524124 9
1764171165712 0.025944138411432505 10
1764171174816 0.029004926327615976 11
1764171183856 0.024845581967383623 12
1764171192937 0.022072799503803253 13
1764171202029 0.020578578347340226 14
1764171211126 0.021465201396495104 15
1764171220213 0.019845057977363467 16
1764171229302 0.027253454085439444 17
1764171238360 0.022403046023100615 18
1764171247398 0.0219599693082273 19
1764171256441 0.023220519069582224 20
1764171265482 0.022083173040300608 21
1764171274516 0.022345411125570536 22
1764171283525 0.027676186989992857 23
1764171292594 0.01809701230376959 24
1764171301636 0.022367913275957108 25
1764171310693 0.02260726224631071 26
1764171319706 0.02230825275182724 27
1764171328736 0.020652716979384422 28
1764171337792 0.020007532089948654 29
1764171346802 0.020325778517872095 30
1764171355814 0.023973476141691208 31
1764171364809 0.026024959981441498 32
1764171373854 0.019291755510494113 33
1764171382844 0.022625265177339315 34
1764171391861 0.020186851732432842 35
1764171401128 0.014491294045001268 36
1764171410155 0.019108727807179093 37
1764171419156 0.02445901930332184 38
1764171428200 0.02108776243403554 39
1764171437241 0.01794797577895224 40
1764171446312 0.01782034197822213 41
1764171455328 0.01839689491316676 42
1764171464492 0.016976878279820085 43
1764171473541 0.01844998635351658 44
1764171482590 0.013051904970780015 45
1764171491622 0.02103308169171214 46
1764171500610 0.021455081179738045 47
1764171509609 0.019414971582591534 48
1764171518639 0.01578240259550512 49
1764171527630 0.016754671931266785 50
1764171536644 0.018830321729183197 51
1764171545714 0.016879540169611573 52
1764171554729 0.01669881190173328 53
1764171563759 0.018520807847380638 54
1764171572775 0.01763171935454011 55
1764171581829 0.016777918441221118 56
1764171590900 0.018595384201034904 57
1764171599883 0.018669249955564737 58
1764171608940 0.014977973885834217 59
1764171617993 0.010927519295364618 60
1764171627020 0.015707654878497124 61
1764171636095 0.010829316219314933 62
1764171645152 0.012776353512890637 63
1764171654249 0.013876687968149781 64
1764171663241 0.014950074022635818 65
1764171672258 0.013324526371434331 66
1764171681305 0.0103694157442078 67
1764171690366 0.014794262358918786 68
1764171699420 0.008404725813306868 69
1764171708423 0.014356892323121428 70
1764171717430 0.010029332363046706 71
1764171726442 0.011728632263839245 72
1764171735479 0.008962236111983657 73
1764171744480 0.012297011562623084 74
1764171753498 0.004551580408588052 75
1764171762511 0.008334852755069733 76
1764171771539 0.008092882810160518 77
1764171780543 0.003095427426160313 78
1764171789595 0.00757322390563786 79
1764171798647 0.002950464404420927 80
1764171807704 0.00399497093167156 81
1764171816728 0.005414673825725913 82
1764171825808 0.004250589059665799 83
1764171834941 0.004549232835415751 84
1764171843938 0.008737526601180434 85
1764171852987 0.001915397951961495 86
