1764171083726 -20.125 1
1764171093223 -21.0 2
1764171102249 -18.46875 3
1764171111240 -21.15625 4
1764171120277 -19.96875 5
1764171129356 -22.78125 6
1764171138443 -17.9375 7
1764171147558 -22.03125 8
1764171156609 -18.71875 9
1764171165712 -19.875 10
1764171174816 -22.90625 11
1764171183856 -19.03125 12
1764171192937 -22.78125 13
1764171202029 -21.96875 14
1764171211126 -24.09375 15
1764171220213 -21.6875 16
1764171229302 -20.59375 17
1764171238360 -19.84375 18
1764171247398 -19.6875 19
1764171256441 -20.21875 20
1764171265482 -19.875 21
1764171274516 -21.28125 22
1764171283525 -19.46875 23
1764171292594 -20.46875 24
1764171301636 -20.40625 25
1764171310693 -22.59375 26
1764171319706 -21.84375 27
1764171328736 -17.375 28
1764171337792 -21.25 29
1764171346802 -19.25 30
1764171355814 -20.09375 31
1764171364809 -17.859375 32
1764171373854 -19.0 33
1764171382844 -22.4375 34
1764171391861 -23.375 35
1764171401128 -20.9375 36
1764171410155 -21.75 37
1764171419156 -19.5 38
1764171428200 -21.0625 39
1764171437241 -19.9375 40
1764171446312 -20.65625 41
1764171455328 -19.625 42
1764171464492 -22.90625 43
1764171473541 -20.09375 44
1764171482590 -22.71875 45
1764171491622 -19.4375 46
1764171500610 -20.25 47
1764171509609 -19.53125 48
1764171518639 -19.59375 49
1764171527630 -21.90625 50
1764171536644 -19.875 51
1764171545714 -23.0625 52
1764171554729 -20.625 53
1764171563759 -20.6875 54
1764171572775 -22.09375 55
1764171581829 -25.5625 56
1764171590900 -22.34375 57
1764171599883 -22.34375 58
1764171608940 -22.96875 59
1764171617993 -23.25 60
1764171627020 -23.65625 61
1764171636095 -26.53125 62
1764171645152 -24.59375 63
1764171654249 -24.8125 64
1764171663241 -29.03125 65
1764171672258 -26.71875 66
1764171681305 -26.21875 67
1764171690366 -27.59375 68
1764171699420 -29.15625 69
1764171708423 -25.8125 70
1764171717430 -28.65625 71
1764171726442 -28.5625 72
1764171735479 -29.28125 73
1764171744480 -30.15625 74
1764171753498 -29.0625 75
1764171762511 -30.9375 76
1764171771539 -29.59375 77
1764171780543 -32.0 78
1764171789595 -30.09375 79
1764171798647 -33.875 80
1764171807704 -33.125 81
1764171816728 -32.6875 82
1764171825808 -34.5 83
1764171834941 -34.4375 84
1764171843938 -35.625 85
1764171852987 -35.0 86
