1764171083726 2.774368703365326 1
1764171093223 2.6748470664024353 2
1764171102249 2.719295918941498 3
1764171111240 2.8038527965545654 4
1764171120277 2.694552481174469 5
1764171129356 2.751837193965912 6
1764171138443 2.7028027176856995 7
1764171147558 2.7814090251922607 8
1764171156609 2.6804500222206116 9
1764171165712 2.7037660479545593 10
1764171174816 2.8331823348999023 11
1764171183856 2.7063398361206055 12
1764171192937 2.8053717613220215 13
1764171202029 2.7149779200553894 14
1764171211126 2.746562421321869 15
1764171220213 2.780061423778534 16
1764171229302 2.7960104942321777 17
1764171238360 2.7768803238868713 18
1764171247398 2.5925676822662354 19
1764171256441 2.82430100440979 20
1764171265482 2.6852262020111084 21
1764171274516 2.8694000840187073 22
1764171283525 2.6886454224586487 23
1764171292594 2.8554890155792236 24
1764171301636 2.748225688934326 25
1764171310693 2.7519689202308655 26
1764171319706 2.706717073917389 27
1764171328736 2.712249517440796 28
1764171337792 2.7279431223869324 29
1764171346802 2.6681597232818604 30
1764171355814 2.8075512051582336 31
1764171364809 2.6645281314849854 32
1764171373854 2.7258838415145874 33
1764171382844 2.6997641921043396 34
1764171391861 2.745550811290741 35
1764171401128 2.839233100414276 36
1764171410155 2.6434749364852905 37
1764171419156 2.787187159061432 38
1764171428200 2.8336786031723022 39
1764171437241 2.7057007551193237 40
1764171446312 2.792509138584137 41
1764171455328 2.8375971913337708 42
1764171464492 2.671872317790985 43
1764171473541 2.750161051750183 44
1764171482590 2.765715479850769 45
1764171491622 2.724075734615326 46
1764171500610 2.723640024662018 47
1764171509609 2.6544318795204163 48
1764171518639 2.828397035598755 49
1764171527630 2.702025890350342 50
1764171536644 2.6331918835639954 51
1764171545714 2.8282668590545654 52
1764171554729 2.80274897813797 53
1764171563759 2.8018208742141724 54
1764171572775 2.857357978820801 55
1764171581829 2.928588330745697 56
1764171590900 2.9369252920150757 57
1764171599883 2.95946729183197 58
1764171608940 2.928676664829254 59
1764171617993 2.86902916431427 60
1764171627020 3.006235957145691 61
1764171636095 3.037230372428894 62
1764171645152 2.990940272808075 63
1764171654249 3.051612436771393 64
1764171663241 3.0320299863815308 65
1764171672258 3.141423761844635 66
1764171681305 3.2047313451766968 67
1764171690366 3.060250461101532 68
1764171699420 3.1780903339385986 69
1764171708423 3.2467883229255676 70
1764171717430 3.173145353794098 71
1764171726442 3.2628228068351746 72
1764171735479 3.3582228422164917 73
1764171744480 3.36622953414917 74
1764171753498 3.29271137714386 75
1764171762511 3.4053655862808228 76
1764171771539 3.353833854198456 77
1764171780543 3.4486928582191467 78
1764171789595 3.534119665622711 79
1764171798647 3.5102341175079346 80
1764171807704 3.5329810976982117 81
1764171816728 3.671957314014435 82
1764171825808 3.631661832332611 83
1764171834941 3.617446780204773 84
1764171843938 3.8043599128723145 85
1764171852987 3.784882366657257 86
