1764060991695 0.52978515625 1
1764061000723 0.580078125 2
1764061009792 0.53125 3
1764061018593 0.537109375 4
1764061027511 0.5380859375 5
1764061036509 0.53271484375 6
1764061045545 0.5712890625 7
1764061054503 0.583984375 8
1764061063542 0.572265625 9
1764061072377 0.6904296875 10
1764061081414 0.638671875 11
1764061090460 0.7412109375 12
1764061099623 0.794921875 13
1764061108636 0.806640625 14
1764061117885 0.78515625 15
1764061126789 0.8271484375 16
1764061135904 0.8505859375 17
1764061144854 0.8701171875 18
1764061153757 0.8359375 19
1764061162652 0.8984375 20
1764061171730 0.8583984375 21
1764061181047 0.857421875 22
1764061189955 0.8779296875 23
1764061198820 0.8828125 24
1764061207773 0.90625 25
1764061216555 0.9521484375 26
1764061225457 0.9716796875 27
1764061234263 1.0068359375 28
1764061243343 1.033203125 29
1764061252218 1.052734375 30
1764061261213 1.05078125 31
1764061270269 1.0224609375 32
1764061279188 1.1015625 33
1764061288129 1.068359375 34
1764061297045 1.0498046875 35
1764061306064 0.9970703125 36
1764061315033 1.009765625 37
1764061324074 1.0390625 38
1764061332992 1.09765625 39
1764061341923 1.0859375 40
1764061350871 1.080078125 41
1764061359719 1.01953125 42
1764061368540 0.9638671875 43
1764061377325 1.0009765625 44
1764061386294 1.013671875 45
1764061395063 1.05859375 46
1764061404094 1.091796875 47
1764061412855 1.09375 48
1764061421662 0.98828125 49
1764061430821 0.9521484375 50
1764061439595 0.9609375 51
1764061448421 1.0322265625 52
1764061457495 1.013671875 53
1764061466408 1.064453125 54
1764061475309 1.1015625 55
1764061484189 1.046875 56
1764061492992 0.9765625 57
1764061501793 0.9609375 58
1764061510732 1.0087890625 59
1764061519604 1.037109375 60
1764061528720 1.09765625 61
1764061537643 1.078125 62
1764061546574 1.052734375 63
1764061555587 0.94921875 64
1764061564372 0.9541015625 65
1764061573191 1.00390625 66
1764061582106 1.046875 67
1764061590995 1.06640625 68
1764061599919 1.09375 69
1764061608848 1.048828125 70
1764061617676 0.9970703125 71
1764061626739 0.9443359375 72
1764061635652 0.9033203125 73
1764061644714 1.0 74
1764061653739 1.091796875 75
1764061662688 1.080078125 76
1764061671527 1.02734375 77
1764061680547 1.0029296875 78
1764061689458 0.951171875 79
1764061698497 0.9765625 80
1764061707456 1.0009765625 81
1764061716296 1.08203125 82
1764061725175 1.111328125 83
1764061734036 1.06640625 84
1764061743124 1.01953125 85
1764061751963 0.978515625 86
1764061760845 0.9482421875 87
1764061769695 0.966796875 88
1764061778670 1.01171875 89
1764061787498 1.052734375 90
1764061796385 1.07421875 91
1764061805253 1.0048828125 92
1764061814213 0.9921875 93
1764061823156 1.001953125 94
1764061832136 0.9921875 95
1764061840970 1.0009765625 96
1764061850014 1.07421875 97
1764061858787 1.044921875 98
1764061867738 1.0341796875 99
1764061876765 0.9833984375 100
1764061885801 0.9638671875 101
1764061894652 0.9599609375 102
1764061903627 0.9970703125 103
1764061912655 1.05078125 104
1764061921528 1.0263671875 105
1764061930499 1.04296875 106
1764061939435 0.9990234375 107
1764061948492 0.9619140625 108
1764061957459 0.9833984375 109
1764061966384 1.02734375 110
1764061975396 1.029296875 111
1764061984229 1.048828125 112
1764061993245 1.04296875 113
1764062002082 0.9931640625 114
1764062010953 0.9599609375 115
1764062019879 0.9501953125 116
1764062029103 0.99609375 117
1764062037964 1.0634765625 118
1764062046667 1.037109375 119
1764062055524 1.0390625 120
1764062064340 1.048828125 121
1764062073192 1.0107421875 122
1764062082035 0.974609375 123
1764062090888 0.984375 124
1764062099857 1.0087890625 125
1764062108737 1.05859375 126
1764062117652 1.013671875 127
