1764060991695 0.267822265625 1
1764061000723 0.20703125 2
1764061009792 0.249267578125 3
1764061018593 0.251220703125 4
1764061027511 0.2509765625 5
1764061036509 0.260009765625 6
1764061045545 0.218017578125 7
1764061054503 0.207763671875 8
1764061063542 0.229248046875 9
1764061072377 0.1368408203125 10
1764061081414 0.1875 11
1764061090460 0.114501953125 12
1764061099623 0.0887451171875 13
1764061108636 0.0970458984375 14
1764061117885 0.1204833984375 15
1764061126789 0.0947265625 16
1764061135904 0.093505859375 17
1764061144854 0.091552734375 18
1764061153757 0.10400390625 19
1764061162652 0.0859375 20
1764061171730 0.1016845703125 21
1764061181047 0.109130859375 22
1764061189955 0.113037109375 23
1764061198820 0.1259765625 24
1764061207773 0.123779296875 25
1764061216555 0.149658203125 26
1764061225457 0.163818359375 27
1764061234263 0.194091796875 28
1764061243343 0.2255859375 29
1764061252218 0.266357421875 30
1764061261213 0.29296875 31
1764061270269 0.333984375 32
1764061279188 0.4208984375 33
1764061288129 0.4296875 34
1764061297045 0.49462890625 35
1764061306064 0.494140625 36
1764061315033 0.56103515625 37
1764061324074 0.6328125 38
1764061332992 0.6953125 39
1764061341923 0.708984375 40
1764061350871 0.7236328125 41
1764061359719 0.7861328125 42
1764061368540 0.7705078125 43
1764061377325 0.7841796875 44
1764061386294 0.810546875 45
1764061395063 0.8349609375 46
1764061404094 0.80078125 47
1764061412855 0.833984375 48
1764061421662 0.76953125 49
1764061430821 0.78125 50
1764061439595 0.7998046875 51
1764061448421 0.8779296875 52
1764061457495 0.8125 53
1764061466408 0.8525390625 54
1764061475309 0.9453125 55
1764061484189 0.8408203125 56
1764061492992 0.9013671875 57
1764061501793 0.8798828125 58
1764061510732 0.8076171875 59
1764061519604 0.822265625 60
1764061528720 0.7568359375 61
1764061537643 0.830078125 62
1764061546574 0.8505859375 63
1764061555587 0.8359375 64
1764061564372 0.830078125 65
1764061573191 0.8544921875 66
1764061582106 0.8017578125 67
1764061590995 0.849609375 68
1764061599919 0.83203125 69
1764061608848 0.8525390625 70
1764061617676 0.845703125 71
1764061626739 0.841796875 72
1764061635652 0.869140625 73
1764061644714 0.8193359375 74
1764061653739 0.8017578125 75
1764061662688 0.7724609375 76
1764061671527 0.837890625 77
1764061680547 0.8671875 78
1764061689458 0.82421875 79
1764061698497 0.779296875 80
1764061707456 0.7734375 81
1764061716296 0.837890625 82
1764061725175 0.7998046875 83
1764061734036 0.86328125 84
1764061743124 0.83203125 85
1764061751963 0.796875 86
1764061760845 0.8515625 87
1764061769695 0.84375 88
1764061778670 0.830078125 89
1764061787498 0.8388671875 90
1764061796385 0.8076171875 91
1764061805253 0.8564453125 92
1764061814213 0.87890625 93
1764061823156 0.78125 94
1764061832136 0.85546875 95
1764061840970 0.8408203125 96
1764061850014 0.7626953125 97
1764061858787 0.8095703125 98
1764061867738 0.7978515625 99
1764061876765 0.8017578125 100
1764061885801 0.822265625 101
1764061894652 0.7861328125 102
1764061903627 0.7646484375 103
1764061912655 0.833984375 104
1764061921528 0.806640625 105
1764061930499 0.8056640625 106
1764061939435 0.8671875 107
1764061948492 0.7880859375 108
1764061957459 0.814453125 109
1764061966384 0.857421875 110
1764061975396 0.8125 111
1764061984229 0.8193359375 112
1764061993245 0.7978515625 113
1764062002082 0.771484375 114
1764062010953 0.7626953125 115
1764062019879 0.8173828125 116
1764062029103 0.8076171875 117
1764062037964 0.7958984375 118
1764062046667 0.8251953125 119
1764062055524 0.8095703125 120
1764062064340 0.912109375 121
1764062073192 0.791015625 122
1764062082035 0.724609375 123
1764062090888 0.796875 124
1764062099857 0.755859375 125
1764062108737 0.716796875 126
1764062117652 0.8056640625 127
