1764424149187 25.058602809906006 5
1764424191817 25.058602809906006 10
1764424234674 25.058602809906006 15
1764424277353 25.058602809906006 20
1764424319965 25.058602809906006 25
1764424362623 25.058602809906006 30
1764424405335 25.058602809906006 35
1764424447934 25.058602809906006 40
1764424490575 25.058602809906006 45
1764424533182 25.058602809906006 50
1764424575806 25.058602809906006 55
1764424618392 25.058602809906006 60
1764424661180 25.058602809906006 65
1764424703897 25.058602809906006 70
1764424746614 25.058602809906006 75
1764424789362 25.058602809906006 80
1764424832145 25.058602809906006 85
1764424874839 25.058602809906006 90
1764424917523 25.058602809906006 95
1764424960263 25.058602809906006 100
1764425002958 25.058602809906006 105
1764425045724 25.058602809906006 110
1764425088403 25.058602809906006 115
1764425131170 25.058602809906006 120
1764425173763 25.058602809906006 125
1764425216297 25.058602809906006 130
1764425258967 25.058602809906006 135
1764425301596 25.058602809906006 140
1764425344230 25.058602809906006 145
1764425386797 25.058602809906006 150
1764425429288 25.058602809906006 155
1764425471976 25.058602809906006 160
1764425514618 25.058602809906006 165
1764425557170 25.058602809906006 170
1764425599695 25.058602809906006 175
1764425642314 25.058602809906006 180
1764425684803 25.058602809906006 185
1764425727466 25.058602809906006 190
1764425770118 25.058602809906006 195
1764425812843 25.058602809906006 200
1764425855459 25.058602809906006 205
1764425898165 25.058602809906006 210
1764425940845 25.058602809906006 215
1764425983565 25.058602809906006 220
1764426026190 25.058602809906006 225
1764426068862 25.058602809906006 230
1764426111580 25.058602809906006 235
1764426154309 25.058602809906006 240
1764426196905 25.058602809906006 245
1764426239563 25.058602809906006 250
1764426320086 25.058602809906006 255
1764426362779 25.058602809906006 260
1764426405524 25.058602809906006 265
1764426448137 25.058602809906006 270
1764426490896 25.058602809906006 275
1764426533540 25.058602809906006 280
1764426576223 25.058602809906006 285
1764426618909 25.058602809906006 290
1764426661564 25.058602809906006 295
1764426704283 25.058602809906006 300
1764426746908 25.058602809906006 305
1764426789577 25.058602809906006 310
1764426832199 25.058602809906006 315
1764426874701 25.058602809906006 320
1764426917348 25.058602809906006 325
1764426959906 25.058602809906006 330
1764427002477 25.058602809906006 335
1764427045129 25.058602809906006 340
1764427087685 25.058602809906006 345
1764427130307 25.058602809906006 350
1764427173056 25.058602809906006 355
1764427215739 25.058602809906006 360
1764427258469 25.058602809906006 365
1764427301154 25.058602809906006 370
1764427343779 25.058602809906006 375
1764427386507 25.058602809906006 380
1764427429217 25.058602809906006 385
1764427471838 25.058602809906006 390
1764427514498 25.058602809906006 395
1764427557156 25.058602809906006 400
1764427599813 25.058602809906006 405
1764427642455 25.058602809906006 410
1764427685067 25.058602809906006 415
1764427727637 25.058602809906006 420
1764427770291 25.058602809906006 425
1764427812792 25.058602809906006 430
1764427855425 25.058602809906006 435
1764427897959 25.058602809906006 440
1764427940445 25.058602809906006 445
1764427982985 25.058602809906006 450
1764428025519 25.058602809906006 455
1764428068166 25.058602809906006 460
1764428110881 25.058602809906006 465
1764428153453 25.058602809906006 470
1764428196021 25.058602809906006 475
1764428238654 25.058602809906006 480
1764428281209 25.058602809906006 485
1764428323755 25.058602809906006 490
1764428366360 25.058602809906006 495
1764428409006 25.058602809906006 500
1764428490040 25.058602809906006 505
1764428532728 25.058602809906006 510
1764428575351 25.058602809906006 515
1764428617948 25.058602809906006 520
1764428660514 25.058602809906006 525
1764428703122 25.058602809906006 530
1764428745673 25.058602809906006 535
1764428788234 25.058602809906006 540
1764428830890 25.058602809906006 545
1764428873482 25.058602809906006 550
1764428916006 25.058602809906006 555
1764428958519 25.058602809906006 560
1764429001040 25.058602809906006 565
1764429043582 25.058602809906006 570
1764429086145 25.058602809906006 575
1764429128790 25.058602809906006 580
1764429171504 25.058602809906006 585
1764429214102 25.058602809906006 590
1764429256877 25.058602809906006 595
1764429299632 25.058602809906006 600
1764429342284 25.058602809906006 605
1764429384907 25.058602809906006 610
1764429427611 25.058602809906006 615
1764429470241 25.058602809906006 620
1764429512967 25.058602809906006 625
1764429555645 25.058602809906006 630
1764429598268 25.058602809906006 635
1764429640788 25.058602809906006 640
1764429683275 25.058602809906006 645
1764429725863 25.058602809906006 650
1764429768473 25.058602809906006 655
1764429811033 25.058602809906006 660
1764429853681 25.058602809906006 665
1764429896244 25.058602809906006 670
1764429938805 25.058602809906006 675
1764429981490 25.058602809906006 680
1764430024005 25.058602809906006 685
1764430066568 25.058602809906006 690
1764430109125 25.058602809906006 695
1764430151719 25.058602809906006 700
1764430194299 25.058602809906006 705
1764430236897 25.058602809906006 710
1764430279573 25.058602809906006 715
1764430322316 25.058602809906006 720
1764430364922 25.058602809906006 725
1764430407615 25.058602809906006 730
1764430450341 25.058602809906006 735
1764430493045 25.058602809906006 740
1764430535764 25.058602809906006 745
1764430578468 25.058602809906006 750
1764430660087 25.058602809906006 755
1764430702737 25.058602809906006 760
1764430745276 25.058602809906006 765
1764430787795 25.058602809906006 770
1764430830438 25.058602809906006 775
1764430873137 25.058602809906006 780
1764430915852 25.058602809906006 785
1764430958457 25.058602809906006 790
1764431001089 25.058602809906006 795
1764431043672 25.058602809906006 800
1764431086162 25.058602809906006 805
1764431128753 25.058602809906006 810
1764431171268 25.058602809906006 815
1764431213744 25.058602809906006 820
1764431256321 25.058602809906006 825
1764431299029 25.058602809906006 830
1764431341755 25.058602809906006 835
1764431384357 25.058602809906006 840
1764431426952 25.058602809906006 845
1764431469521 25.058602809906006 850
1764431512109 25.058602809906006 855
1764431554577 25.058602809906006 860
1764431597124 25.058602809906006 865
1764431639710 25.058602809906006 870
1764431682378 25.058602809906006 875
1764431725028 25.058602809906006 880
1764431767616 25.058602809906006 885
1764431810259 25.058602809906006 890
1764431852913 25.058602809906006 895
1764431895579 25.058602809906006 900
1764431938090 25.058602809906006 905
1764431980592 25.058602809906006 910
1764432023119 25.058602809906006 915
1764432065839 25.058602809906006 920
1764432108554 25.058602809906006 925
1764432151212 25.058602809906006 930
1764432193926 25.058602809906006 935
1764432236529 25.058602809906006 940
1764432279227 25.058602809906006 945
1764432321902 25.058602809906006 950
1764432364592 25.058602809906006 955
1764432407278 25.058602809906006 960
1764432449955 25.058602809906006 965
1764432492580 25.058602809906006 970
1764432535309 25.058602809906006 975
1764432578072 25.058602809906006 980
1764432620789 25.058602809906006 985
1764432663463 25.058602809906006 990
1764432706189 25.058602809906006 995
1764432748911 25.058602809906006 1000
1764432830358 25.058602809906006 1005
1764432873001 25.058602809906006 1010
1764432915528 25.058602809906006 1015
1764432958146 25.058602809906006 1020
1764433000683 25.058602809906006 1025
1764433043282 25.058602809906006 1030
1764433086004 25.058602809906006 1035
1764433128913 25.058602809906006 1040
1764433171537 25.058602809906006 1045
1764433214074 25.058602809906006 1050
1764433256567 25.058602809906006 1055
1764433299092 25.058602809906006 1060
1764433341616 25.058602809906006 1065
1764433384203 25.058602809906006 1070
1764433426793 25.058602809906006 1075
1764433469403 25.058602809906006 1080
1764433511959 25.058602809906006 1085
1764433554507 25.058602809906006 1090
1764433597148 25.058602809906006 1095
1764433639744 25.058602809906006 1100
1764433682353 25.058602809906006 1105
1764433725107 25.058602809906006 1110
1764433767806 25.058602809906006 1115
1764433810238 25.058602809906006 1120
1764433852763 25.058602809906006 1125
1764433895305 25.058602809906006 1130
1764433937786 25.058602809906006 1135
1764433980377 25.058602809906006 1140
1764434022990 25.058602809906006 1145
1764434065554 25.058602809906006 1150
1764434108223 25.058602809906006 1155
1764434150849 25.058602809906006 1160
1764434193513 25.058602809906006 1165
1764434236187 25.058602809906006 1170
1764434278936 25.058602809906006 1175
1764434321725 25.058602809906006 1180
1764434364494 25.058602809906006 1185
1764434407159 25.058602809906006 1190
1764434449742 25.058602809906006 1195
1764434492305 25.058602809906006 1200
1764434534926 25.058602809906006 1205
1764434577647 25.058602809906006 1210
1764434620272 25.058602809906006 1215
1764434662962 25.058602809906006 1220
1764434705558 25.058602809906006 1225
1764434748222 25.058602809906006 1230
1764434790914 25.058602809906006 1235
1764434833546 25.058602809906006 1240
1764434876276 25.058602809906006 1245
1764434918939 25.058602809906006 1250
1764435000416 25.058602809906006 1255
1764435043098 25.058602809906006 1260
1764435085637 25.058602809906006 1265
1764435128166 25.058602809906006 1270
1764435170829 25.058602809906006 1275
1764435213612 25.058602809906006 1280
1764435256321 25.058602809906006 1285
1764435299233 25.058602809906006 1290
1764435341858 25.058602809906006 1295
1764435384417 25.058602809906006 1300
1764435426948 25.058602809906006 1305
1764435469557 25.058602809906006 1310
1764435512135 25.058602809906006 1315
1764435554860 25.058602809906006 1320
1764435597399 25.058602809906006 1325
1764435639975 25.058602809906006 1330
1764435682608 25.058602809906006 1335
1764435725288 25.058602809906006 1340
1764435767928 25.058602809906006 1345
1764435810448 25.058602809906006 1350
1764435852984 25.058602809906006 1355
1764435895587 25.058602809906006 1360
1764435938095 25.058602809906006 1365
1764435980700 25.058602809906006 1370
1764436023395 25.058602809906006 1375
1764436066015 25.058602809906006 1380
1764436108595 25.058602809906006 1385
1764436151218 25.058602809906006 1390
1764436193731 25.058602809906006 1395
1764436236343 25.058602809906006 1400
1764436279063 25.058602809906006 1405
1764436321787 25.058602809906006 1410
1764436364459 25.058602809906006 1415
1764436407189 25.058602809906006 1420
1764436449912 25.058602809906006 1425
1764436492613 25.058602809906006 1430
1764436535308 25.058602809906006 1435
1764436577955 25.058602809906006 1440
1764436620655 25.058602809906006 1445
1764436663481 25.058602809906006 1450
1764436706317 25.058602809906006 1455
1764436748990 25.058602809906006 1460
1764436791719 25.058602809906006 1465
1764436834432 25.058602809906006 1470
1764436877151 25.058602809906006 1475
1764436919875 25.058602809906006 1480
1764436962413 25.058602809906006 1485
1764437004974 25.058602809906006 1490
1764437047598 25.058602809906006 1495
1764437090143 25.058602809906006 1500
1764437171722 25.058602809906006 1505
1764437214321 25.058602809906006 1510
1764437256888 25.058602809906006 1515
1764437299667 25.058602809906006 1520
1764437342250 25.058602809906006 1525
1764437384783 25.058602809906006 1530
1764437427332 25.058602809906006 1535
1764437470013 25.058602809906006 1540
1764437512536 25.058602809906006 1545
1764437555075 25.058602809906006 1550
1764437597544 25.058602809906006 1555
1764437640099 25.058602809906006 1560
1764437682571 25.058602809906006 1565
1764437725181 25.058602809906006 1570
1764437767788 25.058602809906006 1575
1764437810385 25.058602809906006 1580
1764437852914 25.058602809906006 1585
1764437895372 25.058602809906006 1590
1764437937872 25.058602809906006 1595
1764437980547 25.058602809906006 1600
1764438023251 25.058602809906006 1605
1764438065983 25.058602809906006 1610
1764438108620 25.058602809906006 1615
1764438151304 25.058602809906006 1620
1764438194044 25.058602809906006 1625
1764438236718 25.058602809906006 1630
1764438279339 25.058602809906006 1635
1764438322153 25.058602809906006 1640
1764438364855 25.058602809906006 1645
1764438407542 25.058602809906006 1650
1764438450294 25.058602809906006 1655
1764438492824 25.058602809906006 1660
1764438535412 25.058602809906006 1665
1764438577960 25.058602809906006 1670
1764438620521 25.058602809906006 1675
1764438663261 25.058602809906006 1680
1764438705913 25.058602809906006 1685
1764438748631 25.058602809906006 1690
1764438791398 25.058602809906006 1695
1764438834070 25.058602809906006 1700
1764438876703 25.058602809906006 1705
1764438919413 25.058602809906006 1710
1764438962119 25.058602809906006 1715
1764439004827 25.058602809906006 1720
1764439047495 25.058602809906006 1725
1764439090276 25.058602809906006 1730
1764439132912 25.058602809906006 1735
1764439175562 25.058602809906006 1740
1764439218268 25.058602809906006 1745
1764439260933 25.058602809906006 1750
1764439342890 25.058602809906006 1755
1764439385672 25.058602809906006 1760
1764439428352 25.058602809906006 1765
1764439471084 25.058602809906006 1770
1764439513724 25.058602809906006 1775
1764439556425 25.058602809906006 1780
1764439599084 25.058602809906006 1785
1764439641710 25.058602809906006 1790
1764439684291 25.058602809906006 1795
1764439727124 25.058602809906006 1800
1764439769793 25.058602809906006 1805
1764439812382 25.058602809906006 1810
1764439855111 25.058602809906006 1815
1764439897748 25.058602809906006 1820
1764439940473 25.058602809906006 1825
1764439983155 25.058602809906006 1830
1764440025880 25.058602809906006 1835
1764440068593 25.058602809906006 1840
1764440111207 25.058602809906006 1845
1764440153887 25.058602809906006 1850
1764440196545 25.058602809906006 1855
1764440239266 25.058602809906006 1860
1764440281936 25.058602809906006 1865
1764440324638 25.058602809906006 1870
1764440367368 25.058602809906006 1875
1764440410115 25.058602809906006 1880
1764440452812 25.058602809906006 1885
1764440495510 25.058602809906006 1890
1764440538170 25.058602809906006 1895
1764440580837 25.058602809906006 1900
1764440623564 25.058602809906006 1905
1764440666195 25.058602809906006 1910
1764440708896 25.058602809906006 1915
1764440751451 25.058602809906006 1920
1764440793996 25.058602809906006 1925
1764440836537 25.058602809906006 1930
1764440879217 25.058602809906006 1935
1764440921785 25.058602809906006 1940
1764440964435 25.058602809906006 1945
1764441007009 25.058602809906006 1950
1764441049569 25.058602809906006 1955
1764441092081 25.058602809906006 1960
1764441134596 25.058602809906006 1965
1764441177152 25.058602809906006 1970
1764441219687 25.058602809906006 1975
1764441262264 25.058602809906006 1980
1764441304996 25.058602809906006 1985
1764441347503 25.058602809906006 1990
1764441390036 25.058602809906006 1995
1764441471920 25.058602809906006 2000
1764441514538 25.058602809906006 2005
1764441557184 25.058602809906006 2010
1764441599808 25.058602809906006 2015
1764441642303 25.058602809906006 2020
1764441684861 25.058602809906006 2025
1764441727864 25.058602809906006 2030
1764441770423 25.058602809906006 2035
1764441813089 25.058602809906006 2040
1764441855678 25.058602809906006 2045
1764441898146 25.058602809906006 2050
1764441940740 25.058602809906006 2055
1764441983325 25.058602809906006 2060
1764442025820 25.058602809906006 2065
1764442068332 25.058602809906006 2070
1764442111072 25.058602809906006 2075
1764442153790 25.058602809906006 2080
1764442196341 25.058602809906006 2085
1764442238970 25.058602809906006 2090
1764442281698 25.058602809906006 2095
1764442324363 25.058602809906006 2100
1764442367055 25.058602809906006 2105
1764442409843 25.058602809906006 2110
1764442452577 25.058602809906006 2115
1764442495206 25.058602809906006 2120
1764442537909 25.058602809906006 2125
1764442580634 25.058602809906006 2130
1764442623296 25.058602809906006 2135
1764442665934 25.058602809906006 2140
1764442708560 25.058602809906006 2145
1764442751298 25.058602809906006 2150
1764442793971 25.058602809906006 2155
1764442836517 25.058602809906006 2160
1764442878970 25.058602809906006 2165
1764442921558 25.058602809906006 2170
1764442964200 25.058602809906006 2175
1764443006803 25.058602809906006 2180
1764443049458 25.058602809906006 2185
1764443092143 25.058602809906006 2190
1764443134904 25.058602809906006 2195
1764443177400 25.058602809906006 2200
1764443219942 25.058602809906006 2205
1764443262538 25.058602809906006 2210
1764443305051 25.058602809906006 2215
1764443347555 25.058602809906006 2220
1764443390114 25.058602809906006 2225
1764443432720 25.058602809906006 2230
1764443475239 25.058602809906006 2235
1764443517813 25.058602809906006 2240
1764443560410 25.058602809906006 2245
1764443602962 25.058602809906006 2250
1764443657805 25.058602809906006 2255
1764443700383 25.058602809906006 2260
1764443742973 25.058602809906006 2265
1764443785549 25.058602809906006 2270
1764443828123 25.058602809906006 2275
1764443870999 25.058602809906006 2280
1764443913689 25.058602809906006 2285
1764443956387 25.058602809906006 2290
1764443999138 25.058602809906006 2295
1764444041924 25.058602809906006 2300
1764444084650 25.058602809906006 2305
1764444127407 25.058602809906006 2310
1764444170176 25.058602809906006 2315
1764444212684 25.058602809906006 2320
1764444255119 25.058602809906006 2325
1764444297719 25.058602809906006 2330
1764444340324 25.058602809906006 2335
1764444382985 25.058602809906006 2340
1764444425582 25.058602809906006 2345
1764444468219 25.058602809906006 2350
1764444510963 25.058602809906006 2355
1764444553685 25.058602809906006 2360
1764444596330 25.058602809906006 2365
1764444639019 25.058602809906006 2370
1764444681709 25.058602809906006 2375
1764444724385 25.058602809906006 2380
1764444766999 25.058602809906006 2385
1764444809590 25.058602809906006 2390
1764444852269 25.058602809906006 2395
1764444894930 25.058602809906006 2400
1764444937652 25.058602809906006 2405
1764444980377 25.058602809906006 2410
1764445023087 25.058602809906006 2415
1764445065671 25.058602809906006 2420
1764445108364 25.058602809906006 2425
1764445151094 25.058602809906006 2430
1764445193868 25.058602809906006 2435
1764445236512 25.058602809906006 2440
1764445279222 25.058602809906006 2445
1764445321914 25.058602809906006 2450
1764445364575 25.058602809906006 2455
1764445407232 25.058602809906006 2460
1764445449879 25.058602809906006 2465
1764445492618 25.058602809906006 2470
1764445535300 25.058602809906006 2475
1764445577866 25.058602809906006 2480
1764445620497 25.058602809906006 2485
1764445663109 25.058602809906006 2490
1764445705714 25.058602809906006 2495
1764445760005 25.058602809906006 2500
