1764051658491 0.0 1
1764051665086 3.259629011154175e-09 2
1764051671568 0.01812744140625 3
1764051678076 0.05169677734375 4
1764051684573 0.1031494140625 5
1764051691184 0.17919921875 6
1764051697553 0.2685546875 7
1764051704188 0.35595703125 8
1764051710749 0.490234375 9
1764051717338 0.576171875 10
1764051723959 0.6337890625 11
1764051730427 0.728515625 12
1764051736999 0.689453125 13
1764051743489 0.75 14
1764051750080 0.69921875 15
1764051756682 0.669921875 16
1764051763174 0.5869140625 17
1764051769791 0.52294921875 18
1764051776348 0.41455078125 19
1764051782757 0.337890625 20
1764051789294 0.2890625 21
1764051795936 0.28955078125 22
1764051802633 0.28216552734375 23
1764051809100 0.3533935546875 24
1764051815683 0.369140625 25
1764051822182 0.429443359375 26
1764051828849 0.5302734375 27
1764051835330 0.53759765625 28
1764051842003 0.5380859375 29
1764051848492 0.5244140625 30
1764051855100 0.5068359375 31
1764051861715 0.501953125 32
1764051868292 0.46484375 33
1764051874755 0.5 34
1764051881336 0.50048828125 35
1764051888095 0.48876953125 36
1764051894587 0.4619140625 37
1764051901129 0.44384765625 38
1764051907853 0.44189453125 39
1764051914289 0.45556640625 40
1764051920822 0.48974609375 41
1764051927236 0.48095703125 42
1764051933851 0.5400390625 43
1764051940539 0.51513671875 44
1764051946899 0.5390625 45
1764051953446 0.48291015625 46
1764051960085 0.51611328125 47
1764051966823 0.53564453125 48
1764051973279 0.60986328125 49
1764051979767 0.5830078125 50
1764051986426 0.5888671875 51
1764051992970 0.55908203125 52
1764051999453 0.537109375 53
1764052005822 0.5078125 54
1764052012300 0.49169921875 55
1764052018989 0.47900390625 56
1764052025504 0.478271484375 57
1764052031961 0.48876953125 58
1764052038586 0.448486328125 59
1764052045184 0.49853515625 60
1764052051662 0.42578125 61
1764052058183 0.44873046875 62
1764052064821 0.53173828125 63
1764052071336 0.47314453125 64
1764052077853 0.5263671875 65
1764052084305 0.5087890625 66
1764052090755 0.51123046875 67
1764052097412 0.56103515625 68
1764052103846 0.57958984375 69
1764052110368 0.54296875 70
1764052116987 0.595703125 71
1764052123535 0.56201171875 72
1764052129982 0.53271484375 73
1764052136371 0.4873046875 74
1764052142888 0.4736328125 75
1764052149385 0.5029296875 76
1764052155792 0.48828125 77
1764052162322 0.50537109375 78
1764052168927 0.494140625 79
1764052175501 0.5244140625 80
1764052181885 0.5771484375 81
1764052188316 0.51611328125 82
1764052195074 0.482421875 83
1764052201596 0.5380859375 84
1764052208224 0.51220703125 85
1764052214688 0.5146484375 86
1764052221173 0.54345703125 87
1764052227699 0.44482421875 88
1764052234275 0.4794921875 89
1764052240805 0.4912109375 90
1764052247381 0.494140625 91
1764052253761 0.50341796875 92
1764052260259 0.53515625 93
1764052266689 0.5595703125 94
1764052273289 0.53564453125 95
1764052279778 0.56396484375 96
1764052286324 0.53466796875 97
1764052292968 0.5048828125 98
1764052299477 0.52587890625 99
1764052306002 0.494140625 100
1764052312611 0.54638671875 101
1764052319048 0.490234375 102
1764052325527 0.54345703125 103
1764052332043 0.51025390625 104
1764052338671 0.4658203125 105
1764052345294 0.51953125 106
1764052351813 0.517578125 107
1764052358405 0.44970703125 108
1764052364874 0.46337890625 109
1764052371527 0.470703125 110
1764052378069 0.5146484375 111
1764052384520 0.5478515625 112
1764052391026 0.5361328125 113
1764052397529 0.5361328125 114
1764052404106 0.50830078125 115
1764052410551 0.544921875 116
1764052417281 0.49658203125 117
1764052423773 0.48974609375 118
1764052430442 0.44384765625 119
1764052437005 0.50146484375 120
1764052443513 0.51953125 121
1764052449941 0.54541015625 122
1764052456531 0.541015625 123
1764052463080 0.52880859375 124
1764052469544 0.5 125
1764052533112 0.5390625 126
1764052539590 0.57568359375 127
1764052546037 0.4921875 128
1764052552559 0.4873046875 129
1764052558985 0.54345703125 130
1764052565619 0.5712890625 131
1764052572195 0.5712890625 132
1764052578649 0.537109375 133
1764052585196 0.49658203125 134
1764052591950 0.4619140625 135
1764052598391 0.53076171875 136
1764052604975 0.57470703125 137
1764052611606 0.55419921875 138
1764052618113 0.486328125 139
1764052624673 0.56640625 140
1764052631440 0.58935546875 141
1764052638105 0.6953125 142
1764052644739 0.62890625 143
1764052651230 0.6064453125 144
1764052657649 0.572265625 145
1764052664283 0.52294921875 146
1764052670856 0.53857421875 147
1764052677324 0.482421875 148
1764052683849 0.5283203125 149
1764052690408 0.552734375 150
1764052696952 0.53515625 151
1764052703471 0.5732421875 152
1764052710013 0.52294921875 153
1764052716672 0.5078125 154
1764052723154 0.5322265625 155
1764052729768 0.564453125 156
1764052736284 0.49365234375 157
1764052742813 0.49560546875 158
1764052749486 0.5107421875 159
1764052755894 0.5419921875 160
1764052762411 0.505859375 161
1764052768853 0.49853515625 162
1764052775398 0.49267578125 163
1764052781812 0.5703125 164
1764052788377 0.5810546875 165
1764052794795 0.60009765625 166
1764052801399 0.56298828125 167
1764052808010 0.6533203125 168
1764052814575 0.62109375 169
1764052821320 0.634765625 170
1764052827813 0.552734375 171
1764052834260 0.61474609375 172
1764052840825 0.61572265625 173
1764052847427 0.5859375 174
1764052853906 0.51611328125 175
1764052860500 0.560546875 176
1764052867129 0.56689453125 177
1764052873676 0.54248046875 178
1764052880228 0.56494140625 179
1764052887095 0.5732421875 180
1764052893694 0.53759765625 181
1764052900177 0.6328125 182
1764052906633 0.54443359375 183
1764052913130 0.50146484375 184
1764052919771 0.52099609375 185
1764052926235 0.5 186
1764052932781 0.54736328125 187
1764052939380 0.541015625 188
1764052945832 0.54931640625 189
1764052952192 0.56201171875 190
1764052958646 0.54736328125 191
1764052965223 0.5224609375 192
1764052971700 0.5478515625 193
1764052978180 0.52783203125 194
1764052984626 0.52490234375 195
1764052991066 0.50390625 196
1764052997531 0.4814453125 197
1764053003971 0.5361328125 198
1764053010615 0.48291015625 199
1764053017148 0.5341796875 200
1764053023745 0.5625 201
1764053030190 0.576171875 202
1764053036671 0.5302734375 203
1764053043184 0.53857421875 204
1764053049649 0.60986328125 205
1764053055943 0.5478515625 206
1764053062474 0.5693359375 207
1764053069132 0.5693359375 208
1764053075587 0.5732421875 209
1764053082202 0.4765625 210
1764053088948 0.5107421875 211
1764053095419 0.52392578125 212
1764053102067 0.4951171875 213
1764053108727 0.4541015625 214
1764053115184 0.5166015625 215
1764053121700 0.484375 216
1764053128103 0.4931640625 217
1764053134862 0.52197265625 218
1764053141310 0.5703125 219
1764053148141 0.5693359375 220
1764053154582 0.6025390625 221
1764053161057 0.646484375 222
1764053167520 0.6484375 223
1764053174084 0.6455078125 224
1764053180684 0.62890625 225
1764053187373 0.56982421875 226
1764053193899 0.5966796875 227
1764053200307 0.51953125 228
1764053206868 0.4736328125 229
1764053213454 0.50048828125 230
1764053219986 0.443359375 231
1764053226433 0.494140625 232
1764053232930 0.47607421875 233
1764053239439 0.44970703125 234
1764053245969 0.48046875 235
1764053252531 0.55419921875 236
1764053259015 0.57177734375 237
1764053265459 0.654296875 238
1764053272132 0.6787109375 239
1764053278584 0.658203125 240
1764053285092 0.609375 241
1764053291580 0.64404296875 242
1764053298040 0.5634765625 243
1764053304703 0.55078125 244
1764053311282 0.5 245
1764053317691 0.5078125 246
1764053324217 0.39794921875 247
1764053330720 0.42431640625 248
1764053337230 0.400146484375 249
1764053343783 0.3896484375 250
1764053382899 0.4580078125 251
1764053389281 0.45068359375 252
1764053395718 0.51416015625 253
1764053402351 0.5703125 254
1764053408791 0.59375 255
1764053415293 0.60009765625 256
1764053421851 0.58349609375 257
1764053428217 0.6357421875 258
1764053434744 0.64111328125 259
1764053441464 0.5556640625 260
1764053448047 0.56396484375 261
1764053454551 0.5390625 262
1764053461234 0.50732421875 263
1764053467897 0.4521484375 264
1764053474651 0.5166015625 265
1764053481163 0.53125 266
1764053487734 0.498046875 267
1764053494316 0.50146484375 268
1764053500826 0.47021484375 269
1764053507376 0.5263671875 270
1764053513925 0.54150390625 271
1764053520604 0.5009765625 272
1764053527153 0.53662109375 273
1764053533733 0.60888671875 274
1764053540463 0.51025390625 275
1764053547144 0.623046875 276
1764053553796 0.6552734375 277
1764053560360 0.6474609375 278
1764053566886 0.6181640625 279
1764053573408 0.568359375 280
1764053580008 0.6044921875 281
1764053586576 0.5673828125 282
1764053593154 0.5380859375 283
1764053599837 0.5380859375 284
1764053606513 0.51318359375 285
1764053613050 0.521484375 286
1764053619469 0.52001953125 287
1764053626034 0.53955078125 288
1764053632744 0.53955078125 289
1764053639148 0.60400390625 290
1764053645725 0.6015625 291
1764053652306 0.4912109375 292
1764053658799 0.51904296875 293
1764053665409 0.5517578125 294
1764053671991 0.5361328125 295
1764053678647 0.54833984375 296
1764053685101 0.6416015625 297
1764053691774 0.60400390625 298
1764053698327 0.619140625 299
1764053704788 0.5859375 300
1764053711246 0.6494140625 301
1764053717809 0.61328125 302
1764053724383 0.599609375 303
1764053731047 0.5830078125 304
1764053737654 0.625 305
1764053744252 0.5537109375 306
1764053750751 0.5546875 307
1764053757291 0.52001953125 308
1764053763904 0.49365234375 309
1764053770447 0.482421875 310
1764053776883 0.5400390625 311
1764053783482 0.48095703125 312
1764053790001 0.45751953125 313
1764053796406 0.47119140625 314
1764053802895 0.51416015625 315
1764053809516 0.5654296875 316
1764053816088 0.52587890625 317
1764053822685 0.54541015625 318
1764053829226 0.599609375 319
1764053835912 0.6083984375 320
1764053842559 0.62109375 321
1764053849064 0.6376953125 322
1764053855640 0.654296875 323
1764053862004 0.6416015625 324
1764053868393 0.6083984375 325
1764053874957 0.62890625 326
1764053881324 0.62451171875 327
1764053887889 0.5830078125 328
1764053894623 0.564453125 329
1764053901170 0.54638671875 330
1764053907595 0.513671875 331
1764053914053 0.48974609375 332
1764053920705 0.4755859375 333
1764053927374 0.4541015625 334
1764053933927 0.46630859375 335
1764053940539 0.46337890625 336
1764053947221 0.462890625 337
1764053953695 0.5595703125 338
1764053960330 0.44091796875 339
1764053966962 0.54052734375 340
1764053973550 0.5380859375 341
1764053980272 0.55712890625 342
1764053986779 0.576171875 343
1764053993312 0.57568359375 344
1764053999823 0.58056640625 345
1764054006306 0.5830078125 346
1764054012961 0.55078125 347
1764054019534 0.54931640625 348
1764054026019 0.51953125 349
1764054032478 0.59033203125 350
1764054038963 0.529296875 351
1764054045435 0.50830078125 352
1764054051955 0.5 353
1764054058425 0.48193359375 354
1764054065285 0.4697265625 355
1764054071769 0.50146484375 356
1764054078246 0.55322265625 357
1764054084772 0.533203125 358
1764054091443 0.5458984375 359
1764054098082 0.55029296875 360
1764054104616 0.56591796875 361
1764054111075 0.640625 362
1764054117568 0.6220703125 363
1764054124064 0.58837890625 364
1764054130616 0.5859375 365
1764054137065 0.5966796875 366
1764054143565 0.57568359375 367
1764054150328 0.5693359375 368
1764054156711 0.6103515625 369
1764054163226 0.6142578125 370
1764054169901 0.54931640625 371
1764054176507 0.49365234375 372
1764054183078 0.49365234375 373
1764054189729 0.55615234375 374
1764054196422 0.5068359375 375
1764054235587 0.4951171875 376
1764054242272 0.5 377
1764054248847 0.56005859375 378
1764054255384 0.54150390625 379
1764054261878 0.53271484375 380
1764054268517 0.5361328125 381
1764054275232 0.5302734375 382
1764054281940 0.53662109375 383
1764054288588 0.5439453125 384
1764054295090 0.55859375 385
1764054301458 0.5927734375 386
1764054308184 0.615234375 387
1764054314662 0.5654296875 388
1764054321198 0.6123046875 389
1764054327688 0.6181640625 390
1764054334598 0.6318359375 391
1764054341030 0.6103515625 392
1764054347484 0.5908203125 393
1764054353975 0.6123046875 394
1764054360573 0.5751953125 395
1764054367278 0.576171875 396
1764054373775 0.5302734375 397
1764054380264 0.58203125 398
1764054386773 0.51318359375 399
1764054393325 0.5380859375 400
1764054399896 0.50634765625 401
1764054406618 0.50537109375 402
1764054413195 0.53857421875 403
1764054419640 0.50732421875 404
1764054426152 0.51904296875 405
1764054432660 0.484375 406
1764054439289 0.51708984375 407
1764054445827 0.5302734375 408
1764054452382 0.517578125 409
1764054458907 0.51025390625 410
1764054465403 0.529296875 411
1764054472085 0.546875 412
1764054478628 0.529296875 413
1764054485145 0.45751953125 414
1764054491633 0.564453125 415
1764054498148 0.50244140625 416
1764054504520 0.52783203125 417
1764054510962 0.5693359375 418
1764054517596 0.59228515625 419
1764054524181 0.607421875 420
1764054530663 0.5869140625 421
1764054537162 0.5751953125 422
1764054543695 0.5986328125 423
1764054550144 0.6162109375 424
1764054556678 0.5517578125 425
1764054563225 0.560546875 426
1764054569829 0.546875 427
1764054576320 0.6044921875 428
1764054582993 0.5771484375 429
1764054589504 0.5751953125 430
1764054596213 0.57421875 431
1764054602689 0.5478515625 432
1764054609237 0.5400390625 433
1764054615787 0.517578125 434
1764054622133 0.55224609375 435
1764054628661 0.5625 436
1764054635215 0.546875 437
1764054641710 0.56640625 438
1764054648387 0.5283203125 439
1764054654764 0.52783203125 440
1764054661463 0.55224609375 441
1764054668013 0.5634765625 442
1764054674458 0.564453125 443
1764054680879 0.572265625 444
1764054687279 0.5908203125 445
1764054693812 0.5283203125 446
1764054700372 0.5478515625 447
1764054706953 0.49755859375 448
1764054713522 0.51318359375 449
1764054720001 0.57568359375 450
1764054726563 0.48974609375 451
1764054733061 0.5537109375 452
1764054739461 0.546875 453
1764054746023 0.51904296875 454
1764054752419 0.529296875 455
1764054758883 0.5712890625 456
1764054765426 0.59130859375 457
1764054772106 0.57666015625 458
1764054778727 0.5791015625 459
1764054785308 0.56982421875 460
1764054791760 0.55517578125 461
1764054798247 0.5498046875 462
1764054804789 0.5771484375 463
1764054811258 0.5703125 464
1764054817797 0.54931640625 465
1764054824376 0.572265625 466
1764054830912 0.5166015625 467
1764054837496 0.49755859375 468
1764054844004 0.505859375 469
1764054850512 0.4921875 470
1764054857093 0.541015625 471
1764054863888 0.5556640625 472
1764054870402 0.5458984375 473
1764054876847 0.5322265625 474
1764054883448 0.5625 475
1764054890031 0.53369140625 476
1764054896454 0.50244140625 477
1764054902885 0.5703125 478
1764054909423 0.4873046875 479
1764054915901 0.5546875 480
1764054922550 0.5419921875 481
1764054928987 0.52978515625 482
1764054935408 0.52734375 483
1764054941835 0.54296875 484
1764054948564 0.5458984375 485
1764054955356 0.580078125 486
1764054961718 0.5439453125 487
1764054968369 0.54833984375 488
1764054974870 0.53662109375 489
1764054981388 0.5068359375 490
1764054987957 0.529296875 491
1764054994462 0.5185546875 492
1764055000948 0.50341796875 493
1764055007338 0.5361328125 494
1764055013754 0.5888671875 495
1764055020165 0.5322265625 496
1764055026797 0.5625 497
1764055033494 0.4951171875 498
1764055040046 0.4921875 499
1764055046622 0.5087890625 500
1764055085500 0.54736328125 501
1764055091967 0.517578125 502
1764055098371 0.52197265625 503
1764055105014 0.55810546875 504
1764055111538 0.54931640625 505
1764055118115 0.54248046875 506
1764055124657 0.5703125 507
1764055131056 0.53857421875 508
1764055137511 0.583984375 509
1764055144152 0.54150390625 510
1764055150753 0.5546875 511
1764055157317 0.54541015625 512
1764055163992 0.56201171875 513
1764055170519 0.5693359375 514
1764055176985 0.609375 515
1764055183683 0.5966796875 516
1764055190152 0.5830078125 517
1764055196764 0.5732421875 518
1764055203283 0.56884765625 519
1764055209870 0.5576171875 520
1764055216195 0.580078125 521
1764055222635 0.53271484375 522
1764055229336 0.6005859375 523
1764055235918 0.5947265625 524
1764055242544 0.595703125 525
1764055249120 0.580078125 526
1764055255756 0.55615234375 527
1764055262242 0.57421875 528
1764055268780 0.5634765625 529
1764055275230 0.6025390625 530
1764055281634 0.580078125 531
1764055288127 0.50390625 532
1764055294611 0.55419921875 533
1764055301353 0.55859375 534
1764055308031 0.54833984375 535
1764055314430 0.56640625 536
1764055320951 0.5625 537
1764055327553 0.5380859375 538
1764055334192 0.560546875 539
1764055340838 0.5107421875 540
1764055347263 0.5654296875 541
1764055353962 0.51171875 542
1764055360544 0.583984375 543
1764055367016 0.556640625 544
1764055373515 0.56103515625 545
1764055380152 0.5888671875 546
1764055386582 0.615234375 547
1764055393080 0.53662109375 548
1764055399564 0.60107421875 549
1764055406190 0.49560546875 550
1764055412650 0.552734375 551
1764055419071 0.54638671875 552
1764055425703 0.5751953125 553
1764055432207 0.541015625 554
1764055438860 0.572265625 555
1764055445328 0.51220703125 556
1764055451716 0.5263671875 557
1764055458251 0.55126953125 558
1764055464775 0.5595703125 559
1764055471378 0.58203125 560
1764055477983 0.53125 561
1764055484363 0.5859375 562
1764055490881 0.51220703125 563
1764055497498 0.5576171875 564
1764055504169 0.5986328125 565
1764055510721 0.5537109375 566
1764055517169 0.541015625 567
1764055523801 0.5576171875 568
1764055530605 0.53515625 569
1764055537157 0.50244140625 570
1764055543621 0.5439453125 571
1764055550060 0.59375 572
1764055556584 0.533203125 573
1764055563251 0.533203125 574
1764055569664 0.58203125 575
