1764051658491 0.0 1
1764051665086 7.084963726811111e-10 2
1764051671568 0.003498077392578125 3
1764051678076 0.0114288330078125 4
1764051684573 0.02239990234375 5
1764051691184 0.03570556640625 6
1764051697553 0.0565185546875 7
1764051704188 0.0718994140625 8
1764051710749 0.0909423828125 9
1764051717338 0.12939453125 10
1764051723959 0.1419677734375 11
1764051730427 0.14404296875 12
1764051736999 0.141845703125 13
1764051743489 0.13525390625 14
1764051750080 0.1507568359375 15
1764051756682 0.126220703125 16
1764051763174 0.1356201171875 17
1764051769791 0.1185302734375 18
1764051776348 0.1212158203125 19
1764051782757 0.1402587890625 20
1764051789294 0.1181640625 21
1764051795936 0.1260986328125 22
1764051802633 0.1376953125 23
1764051809100 0.176025390625 24
1764051815683 0.1719970703125 25
1764051822182 0.14501953125 26
1764051828849 0.171875 27
1764051835330 0.156982421875 28
1764051842003 0.1591796875 29
1764051848492 0.169677734375 30
1764051855100 0.16796875 31
1764051861715 0.168212890625 32
1764051868292 0.192626953125 33
1764051874755 0.199462890625 34
1764051881336 0.17626953125 35
1764051888095 0.186279296875 36
1764051894587 0.19970703125 37
1764051901129 0.187255859375 38
1764051907853 0.20068359375 39
1764051914289 0.181640625 40
1764051920822 0.202392578125 41
1764051927236 0.1746826171875 42
1764051933851 0.179443359375 43
1764051940539 0.191650390625 44
1764051946899 0.20263671875 45
1764051953446 0.185791015625 46
1764051960085 0.19140625 47
1764051966823 0.1787109375 48
1764051973279 0.192626953125 49
1764051979767 0.195556640625 50
1764051986426 0.19384765625 51
1764051992970 0.1962890625 52
1764051999453 0.194091796875 53
1764052005822 0.1962890625 54
1764052012300 0.19091796875 55
1764052018989 0.196044921875 56
1764052025504 0.19677734375 57
1764052031961 0.19775390625 58
1764052038586 0.177001953125 59
1764052045184 0.188720703125 60
1764052051662 0.180908203125 61
1764052058183 0.185302734375 62
1764052064821 0.213623046875 63
1764052071336 0.187255859375 64
1764052077853 0.211181640625 65
1764052084305 0.208984375 66
1764052090755 0.185546875 67
1764052097412 0.206298828125 68
1764052103846 0.203857421875 69
1764052110368 0.188232421875 70
1764052116987 0.20849609375 71
1764052123535 0.243408203125 72
1764052129982 0.201171875 73
1764052136371 0.1982421875 74
1764052142888 0.205810546875 75
1764052149385 0.21875 76
1764052155792 0.19677734375 77
1764052162322 0.18359375 78
1764052168927 0.22021484375 79
1764052175501 0.19384765625 80
1764052181885 0.193603515625 81
1764052188316 0.20849609375 82
1764052195074 0.222900390625 83
1764052201596 0.202880859375 84
1764052208224 0.230224609375 85
1764052214688 0.195556640625 86
1764052221173 0.2109375 87
1764052227699 0.215576171875 88
1764052234275 0.188720703125 89
1764052240805 0.21044921875 90
1764052247381 0.2158203125 91
1764052253761 0.234375 92
1764052260259 0.22021484375 93
1764052266689 0.21533203125 94
1764052273289 0.212158203125 95
1764052279778 0.2216796875 96
1764052286324 0.2001953125 97
1764052292968 0.217529296875 98
1764052299477 0.197998046875 99
1764052306002 0.224853515625 100
1764052312611 0.20654296875 101
1764052319048 0.23095703125 102
1764052325527 0.2353515625 103
1764052332043 0.22607421875 104
1764052338671 0.21435546875 105
1764052345294 0.232421875 106
1764052351813 0.20751953125 107
1764052358405 0.20263671875 108
1764052364874 0.20166015625 109
1764052371527 0.248291015625 110
1764052378069 0.20263671875 111
1764052384520 0.23046875 112
1764052391026 0.198486328125 113
1764052397529 0.21826171875 114
1764052404106 0.226806640625 115
1764052410551 0.229248046875 116
1764052417281 0.21826171875 117
1764052423773 0.2138671875 118
1764052430442 0.2265625 119
1764052437005 0.210693359375 120
1764052443513 0.221435546875 121
1764052449941 0.22412109375 122
1764052456531 0.21533203125 123
1764052463080 0.22900390625 124
1764052469544 0.224365234375 125
1764052533112 0.213623046875 126
1764052539590 0.223388671875 127
1764052546037 0.2041015625 128
1764052552559 0.21826171875 129
1764052558985 0.237548828125 130
1764052565619 0.2353515625 131
1764052572195 0.233154296875 132
1764052578649 0.237548828125 133
1764052585196 0.240966796875 134
1764052591950 0.218994140625 135
1764052598391 0.2333984375 136
1764052604975 0.238525390625 137
1764052611606 0.267333984375 138
1764052618113 0.22607421875 139
1764052624673 0.22265625 140
1764052631440 0.21484375 141
1764052638105 0.225341796875 142
1764052644739 0.220947265625 143
1764052651230 0.20166015625 144
1764052657649 0.244140625 145
1764052664283 0.216796875 146
1764052670856 0.231689453125 147
1764052677324 0.2275390625 148
1764052683849 0.208740234375 149
1764052690408 0.2314453125 150
1764052696952 0.229248046875 151
1764052703471 0.23291015625 152
1764052710013 0.20849609375 153
1764052716672 0.198486328125 154
1764052723154 0.205322265625 155
1764052729768 0.22021484375 156
1764052736284 0.2373046875 157
1764052742813 0.22900390625 158
1764052749486 0.206298828125 159
1764052755894 0.230712890625 160
1764052762411 0.2080078125 161
1764052768853 0.2236328125 162
1764052775398 0.245361328125 163
1764052781812 0.2109375 164
1764052788377 0.227294921875 165
1764052794795 0.234130859375 166
1764052801399 0.244384765625 167
1764052808010 0.248779296875 168
1764052814575 0.236572265625 169
1764052821320 0.246337890625 170
1764052827813 0.245849609375 171
1764052834260 0.253662109375 172
1764052840825 0.251708984375 173
1764052847427 0.24072265625 174
1764052853906 0.243408203125 175
1764052860500 0.247802734375 176
1764052867129 0.220703125 177
1764052873676 0.252685546875 178
1764052880228 0.26025390625 179
1764052887095 0.23291015625 180
1764052893694 0.240478515625 181
1764052900177 0.259765625 182
1764052906633 0.230224609375 183
1764052913130 0.22119140625 184
1764052919771 0.223388671875 185
1764052926235 0.20654296875 186
1764052932781 0.23876953125 187
1764052939380 0.220703125 188
1764052945832 0.2197265625 189
1764052952192 0.2529296875 190
1764052958646 0.23583984375 191
1764052965223 0.237060546875 192
1764052971700 0.22412109375 193
1764052978180 0.217529296875 194
1764052984626 0.225830078125 195
1764052991066 0.21630859375 196
1764052997531 0.2158203125 197
1764053003971 0.22900390625 198
1764053010615 0.234619140625 199
1764053017148 0.230224609375 200
1764053023745 0.220703125 201
1764053030190 0.25 202
1764053036671 0.231201171875 203
1764053043184 0.2138671875 204
1764053049649 0.23583984375 205
1764053055943 0.210205078125 206
1764053062474 0.220458984375 207
1764053069132 0.211669921875 208
1764053075587 0.234619140625 209
1764053082202 0.204833984375 210
1764053088948 0.233154296875 211
1764053095419 0.264404296875 212
1764053102067 0.226318359375 213
1764053108727 0.218505859375 214
1764053115184 0.219970703125 215
1764053121700 0.2138671875 216
1764053128103 0.229736328125 217
1764053134862 0.225830078125 218
1764053141310 0.235107421875 219
1764053148141 0.230712890625 220
1764053154582 0.217041015625 221
1764053161057 0.23046875 222
1764053167520 0.24560546875 223
1764053174084 0.23876953125 224
1764053180684 0.210693359375 225
1764053187373 0.238525390625 226
1764053193899 0.231689453125 227
1764053200307 0.21923828125 228
1764053206868 0.229248046875 229
1764053213454 0.23828125 230
1764053219986 0.23388671875 231
1764053226433 0.22216796875 232
1764053232930 0.213134765625 233
1764053239439 0.217041015625 234
1764053245969 0.2255859375 235
1764053252531 0.22607421875 236
1764053259015 0.216796875 237
1764053265459 0.220703125 238
1764053272132 0.23779296875 239
1764053278584 0.219482421875 240
1764053285092 0.229248046875 241
1764053291580 0.24951171875 242
1764053298040 0.224853515625 243
1764053304703 0.256591796875 244
1764053311282 0.22607421875 245
1764053317691 0.23095703125 246
1764053324217 0.205322265625 247
1764053330720 0.236328125 248
1764053337230 0.223876953125 249
1764053343783 0.21728515625 250
1764053382899 0.224609375 251
1764053389281 0.23828125 252
1764053395718 0.21826171875 253
1764053402351 0.2705078125 254
1764053408791 0.2197265625 255
1764053415293 0.2333984375 256
1764053421851 0.25 257
1764053428217 0.239990234375 258
1764053434744 0.244140625 259
1764053441464 0.21875 260
1764053448047 0.220947265625 261
1764053454551 0.23046875 262
1764053461234 0.244873046875 263
1764053467897 0.227294921875 264
1764053474651 0.220947265625 265
1764053481163 0.22119140625 266
1764053487734 0.226318359375 267
1764053494316 0.236083984375 268
1764053500826 0.236083984375 269
1764053507376 0.2333984375 270
1764053513925 0.2080078125 271
1764053520604 0.236572265625 272
1764053527153 0.218994140625 273
1764053533733 0.235107421875 274
1764053540463 0.245849609375 275
1764053547144 0.232177734375 276
1764053553796 0.225341796875 277
1764053560360 0.225341796875 278
1764053566886 0.248046875 279
1764053573408 0.2216796875 280
1764053580008 0.24462890625 281
1764053586576 0.2333984375 282
1764053593154 0.224365234375 283
1764053599837 0.2314453125 284
1764053606513 0.240966796875 285
1764053613050 0.24560546875 286
1764053619469 0.23486328125 287
1764053626034 0.233154296875 288
1764053632744 0.246337890625 289
1764053639148 0.254150390625 290
1764053645725 0.249755859375 291
1764053652306 0.256103515625 292
1764053658799 0.237060546875 293
1764053665409 0.23388671875 294
1764053671991 0.267333984375 295
1764053678647 0.2138671875 296
1764053685101 0.26220703125 297
1764053691774 0.24853515625 298
1764053698327 0.233642578125 299
1764053704788 0.22900390625 300
1764053711246 0.23681640625 301
1764053717809 0.23974609375 302
1764053724383 0.230712890625 303
1764053731047 0.216064453125 304
1764053737654 0.232421875 305
1764053744252 0.238525390625 306
1764053750751 0.209228515625 307
1764053757291 0.219482421875 308
1764053763904 0.2109375 309
1764053770447 0.22607421875 310
1764053776883 0.2373046875 311
1764053783482 0.231689453125 312
1764053790001 0.2333984375 313
1764053796406 0.214599609375 314
1764053802895 0.2412109375 315
1764053809516 0.2646484375 316
1764053816088 0.23486328125 317
1764053822685 0.223876953125 318
1764053829226 0.23974609375 319
1764053835912 0.247314453125 320
1764053842559 0.2353515625 321
1764053849064 0.242431640625 322
1764053855640 0.2578125 323
1764053862004 0.247314453125 324
1764053868393 0.216552734375 325
1764053874957 0.237548828125 326
1764053881324 0.226318359375 327
1764053887889 0.2275390625 328
1764053894623 0.245361328125 329
1764053901170 0.2353515625 330
1764053907595 0.24169921875 331
1764053914053 0.23876953125 332
1764053920705 0.216064453125 333
1764053927374 0.25048828125 334
1764053933927 0.246337890625 335
1764053940539 0.247314453125 336
1764053947221 0.2314453125 337
1764053953695 0.235107421875 338
1764053960330 0.229248046875 339
1764053966962 0.233154296875 340
1764053973550 0.226806640625 341
1764053980272 0.24267578125 342
1764053986779 0.2392578125 343
1764053993312 0.24072265625 344
1764053999823 0.21484375 345
1764054006306 0.23974609375 346
1764054012961 0.234619140625 347
1764054019534 0.232421875 348
1764054026019 0.23583984375 349
1764054032478 0.229248046875 350
1764054038963 0.24365234375 351
1764054045435 0.239990234375 352
1764054051955 0.25390625 353
1764054058425 0.234619140625 354
1764054065285 0.212158203125 355
1764054071769 0.248046875 356
1764054078246 0.261474609375 357
1764054084772 0.22705078125 358
1764054091443 0.23876953125 359
1764054098082 0.236328125 360
1764054104616 0.218017578125 361
1764054111075 0.262451171875 362
1764054117568 0.2626953125 363
1764054124064 0.21435546875 364
1764054130616 0.218017578125 365
1764054137065 0.25048828125 366
1764054143565 0.2392578125 367
1764054150328 0.23193359375 368
1764054156711 0.23681640625 369
1764054163226 0.248779296875 370
1764054169901 0.2275390625 371
1764054176507 0.21484375 372
1764054183078 0.22998046875 373
1764054189729 0.251953125 374
1764054196422 0.2314453125 375
1764054235587 0.23779296875 376
1764054242272 0.23046875 377
1764054248847 0.21484375 378
1764054255384 0.21875 379
1764054261878 0.235595703125 380
1764054268517 0.2431640625 381
1764054275232 0.243408203125 382
1764054281940 0.2294921875 383
1764054288588 0.219482421875 384
1764054295090 0.229248046875 385
1764054301458 0.22216796875 386
1764054308184 0.22119140625 387
1764054314662 0.239013671875 388
1764054321198 0.228271484375 389
1764054327688 0.22607421875 390
1764054334598 0.232666015625 391
1764054341030 0.22802734375 392
1764054347484 0.226318359375 393
1764054353975 0.2353515625 394
1764054360573 0.21484375 395
1764054367278 0.247802734375 396
1764054373775 0.19873046875 397
1764054380264 0.22900390625 398
1764054386773 0.22607421875 399
1764054393325 0.23779296875 400
1764054399896 0.226806640625 401
1764054406618 0.22021484375 402
1764054413195 0.240234375 403
1764054419640 0.230712890625 404
1764054426152 0.227294921875 405
1764054432660 0.244140625 406
1764054439289 0.221923828125 407
1764054445827 0.22021484375 408
1764054452382 0.20751953125 409
1764054458907 0.226318359375 410
1764054465403 0.219482421875 411
1764054472085 0.23046875 412
1764054478628 0.235107421875 413
1764054485145 0.242919921875 414
1764054491633 0.23388671875 415
1764054498148 0.213623046875 416
1764054504520 0.23046875 417
1764054510962 0.246337890625 418
1764054517596 0.239990234375 419
1764054524181 0.2255859375 420
1764054530663 0.24951171875 421
1764054537162 0.227783203125 422
1764054543695 0.2119140625 423
1764054550144 0.231201171875 424
1764054556678 0.221923828125 425
1764054563225 0.216552734375 426
1764054569829 0.235595703125 427
1764054576320 0.24462890625 428
1764054582993 0.234375 429
1764054589504 0.22412109375 430
1764054596213 0.217041015625 431
1764054602689 0.22509765625 432
1764054609237 0.218017578125 433
1764054615787 0.22314453125 434
1764054622133 0.22900390625 435
1764054628661 0.21337890625 436
1764054635215 0.22119140625 437
1764054641710 0.228515625 438
1764054648387 0.224853515625 439
1764054654764 0.221923828125 440
1764054661463 0.226318359375 441
1764054668013 0.213134765625 442
1764054674458 0.218505859375 443
1764054680879 0.24365234375 444
1764054687279 0.25439453125 445
1764054693812 0.220458984375 446
1764054700372 0.2451171875 447
1764054706953 0.23095703125 448
1764054713522 0.2158203125 449
1764054720001 0.23876953125 450
1764054726563 0.217529296875 451
1764054733061 0.238525390625 452
1764054739461 0.22265625 453
1764054746023 0.22705078125 454
1764054752419 0.228271484375 455
1764054758883 0.22705078125 456
1764054765426 0.226318359375 457
1764054772106 0.224609375 458
1764054778727 0.222412109375 459
1764054785308 0.208984375 460
1764054791760 0.21435546875 461
1764054798247 0.221435546875 462
1764054804789 0.24462890625 463
1764054811258 0.215087890625 464
1764054817797 0.239013671875 465
1764054824376 0.212646484375 466
1764054830912 0.202392578125 467
1764054837496 0.20166015625 468
1764054844004 0.222412109375 469
1764054850512 0.22119140625 470
1764054857093 0.23876953125 471
1764054863888 0.23583984375 472
1764054870402 0.223876953125 473
1764054876847 0.225341796875 474
1764054883448 0.217041015625 475
1764054890031 0.21630859375 476
1764054896454 0.21142578125 477
1764054902885 0.21044921875 478
1764054909423 0.234130859375 479
1764054915901 0.223388671875 480
1764054922550 0.228759765625 481
1764054928987 0.233642578125 482
1764054935408 0.19580078125 483
1764054941835 0.22314453125 484
1764054948564 0.21142578125 485
1764054955356 0.218994140625 486
1764054961718 0.233642578125 487
1764054968369 0.238525390625 488
1764054974870 0.240234375 489
1764054981388 0.240478515625 490
1764054987957 0.22314453125 491
1764054994462 0.2138671875 492
1764055000948 0.216796875 493
1764055007338 0.216796875 494
1764055013754 0.239013671875 495
1764055020165 0.2373046875 496
1764055026797 0.221923828125 497
1764055033494 0.2197265625 498
1764055040046 0.200927734375 499
1764055046622 0.22705078125 500
1764055085500 0.23583984375 501
1764055091967 0.23486328125 502
1764055098371 0.2412109375 503
1764055105014 0.23046875 504
1764055111538 0.239990234375 505
1764055118115 0.2353515625 506
1764055124657 0.25732421875 507
1764055131056 0.22265625 508
1764055137511 0.24169921875 509
1764055144152 0.222412109375 510
1764055150753 0.20947265625 511
1764055157317 0.239990234375 512
1764055163992 0.2314453125 513
1764055170519 0.21923828125 514
1764055176985 0.216552734375 515
1764055183683 0.24951171875 516
1764055190152 0.235595703125 517
1764055196764 0.237548828125 518
1764055203283 0.230712890625 519
1764055209870 0.221923828125 520
1764055216195 0.213623046875 521
1764055222635 0.224609375 522
1764055229336 0.219970703125 523
1764055235918 0.2255859375 524
1764055242544 0.220703125 525
1764055249120 0.237548828125 526
1764055255756 0.218505859375 527
1764055262242 0.2265625 528
1764055268780 0.2236328125 529
1764055275230 0.24267578125 530
1764055281634 0.23828125 531
1764055288127 0.220458984375 532
1764055294611 0.234130859375 533
1764055301353 0.2392578125 534
1764055308031 0.2265625 535
1764055314430 0.24365234375 536
1764055320951 0.233642578125 537
1764055327553 0.2333984375 538
1764055334192 0.225341796875 539
1764055340838 0.220703125 540
1764055347263 0.22802734375 541
1764055353962 0.220458984375 542
1764055360544 0.23486328125 543
1764055367016 0.22412109375 544
1764055373515 0.238525390625 545
1764055380152 0.220458984375 546
1764055386582 0.23291015625 547
1764055393080 0.2578125 548
1764055399564 0.229736328125 549
1764055406190 0.22216796875 550
1764055412650 0.23779296875 551
1764055419071 0.239990234375 552
1764055425703 0.21240234375 553
1764055432207 0.20654296875 554
1764055438860 0.22265625 555
1764055445328 0.214111328125 556
1764055451716 0.228759765625 557
1764055458251 0.23388671875 558
1764055464775 0.23486328125 559
1764055471378 0.216064453125 560
1764055477983 0.21142578125 561
1764055484363 0.23095703125 562
1764055490881 0.214599609375 563
1764055497498 0.21044921875 564
1764055504169 0.232177734375 565
1764055510721 0.210205078125 566
1764055517169 0.22802734375 567
1764055523801 0.237548828125 568
1764055530605 0.233154296875 569
1764055537157 0.258056640625 570
1764055543621 0.21923828125 571
1764055550060 0.2216796875 572
1764055556584 0.214111328125 573
1764055563251 0.241943359375 574
1764055569664 0.217041015625 575
