1764100965620 0.6838339865207672 1
1764100973971 0.6843726933002472 2
1764100982346 0.6855715811252594 3
1764100990721 0.6844175606966019 4
1764100999119 0.6861690878868103 5
1764101007541 0.6864898353815079 6
1764101015993 0.6863042861223221 7
1764101024442 0.6835529506206512 8
1764101032879 0.6892846673727036 9
1764101041338 0.6868377029895782 10
1764101049795 0.6875977367162704 11
1764101058207 0.6843813806772232 12
1764101066647 0.6836075335741043 13
1764101075079 0.6874838173389435 14
1764101083534 0.687107115983963 15
1764101091964 0.6873446702957153 16
1764101100429 0.6887354105710983 17
1764101108860 0.6873043179512024 18
1764101117253 0.6878529638051987 19
1764101125677 0.6877622157335281 20
1764101134067 0.6880950778722763 21
1764101142458 0.6884248852729797 22
1764101151059 0.6870454847812653 23
1764101159462 0.6852651983499527 24
1764101167879 0.688176304101944 25
1764101176296 0.6896286308765411 26
1764101184706 0.688108503818512 27
1764101193293 0.6854900419712067 28
1764101201647 0.6878798305988312 29
1764101210047 0.6898136883974075 30
1764101218436 0.6863184571266174 31
1764101226831 0.6890801340341568 32
1764101235237 0.6879072040319443 33
1764101243630 0.68954798579216 34
1764101252036 0.6899125277996063 35
1764101260434 0.6905654668807983 36
1764101268832 0.6862616389989853 37
1764101277238 0.6891546845436096 38
1764101285640 0.6884607821702957 39
1764101294041 0.6855369657278061 40
1764101302409 0.6876781731843948 41
1764101310769 0.6884031295776367 42
1764101319135 0.6873110830783844 43
1764101327559 0.6895886659622192 44
1764101335944 0.6879212707281113 45
1764101344349 0.6916604489088058 46
1764101352729 0.6876220554113388 47
1764101361092 0.6902137398719788 48
1764101369482 0.6879720240831375 49
1764101377835 0.6852936297655106 50
1764101386198 0.6908103972673416 51
1764101394576 0.6882359534502029 52
1764101402982 0.687128022313118 53
1764101411330 0.6885257810354233 54
1764101419729 0.6858397573232651 55
1764101428206 0.6893875449895859 56
1764101436569 0.6864976286888123 57
1764101444989 0.6862179934978485 58
1764101453382 0.6881181448698044 59
1764101461762 0.6889174580574036 60
1764101470141 0.6870080381631851 61
1764101478510 0.6891025006771088 62
1764101486907 0.688054695725441 63
1764101495305 0.6903661787509918 64
1764101503716 0.6886165887117386 65
1764101512078 0.6834380030632019 66
1764101520463 0.6871360838413239 67
1764101528836 0.688997283577919 68
1764101537219 0.6906619817018509 69
1764101545578 0.6865685433149338 70
1764101553963 0.6912922859191895 71
1764101562333 0.6896263360977173 72
1764101570701 0.6841268390417099 73
1764101579130 0.6896271109580994 74
1764101587526 0.6870820224285126 75
1764101595922 0.6887300312519073 76
1764101604291 0.6858406960964203 77
1764101612642 0.6866545081138611 78
1764101621002 0.6867014318704605 79
1764101629369 0.6878873556852341 80
1764101637722 0.686577782034874 81
1764101646089 0.6873392164707184 82
1764101654487 0.6865569204092026 83
1764101662858 0.6866930425167084 84
1764101671226 0.6877344995737076 85
1764101679614 0.686371460556984 86
1764101688009 0.6873301863670349 87
1764101696359 0.6884471774101257 88
1764101704724 0.6889521330595016 89
1764101713100 0.6904341876506805 90
1764101721491 0.6908076852560043 91
1764101729896 0.6861955672502518 92
1764101738283 0.6869618892669678 93
1764101746684 0.6884598582983017 94
1764101755056 0.6888661831617355 95
1764101763442 0.6850468814373016 96
1764101771832 0.6887063384056091 97
1764101780211 0.6890084743499756 98
1764101788621 0.6866077184677124 99
1764101797002 0.6882926821708679 100
1764101805412 0.6872072368860245 101
1764101813784 0.6879532039165497 102
1764101822170 0.6867870092391968 103
1764101830578 0.6875801533460617 104
1764101838965 0.6898666322231293 105
1764101847337 0.6868470758199692 106
1764101855712 0.6873674243688583 107
1764101864105 0.6894056797027588 108
1764101872485 0.6895644813776016 109
1764101880900 0.6895857751369476 110
1764101889262 0.6865161210298538 111
1764101897645 0.6870660036802292 112
1764101906057 0.6891630738973618 113
1764101914429 0.688870295882225 114
1764101922809 0.6876563876867294 115
1764101931183 0.6838430911302567 116
1764101939611 0.6886408030986786 117
1764101948013 0.6883459240198135 118
1764101956390 0.6881463676691055 119
1764101964778 0.6886186748743057 120
1764101973131 0.6901877373456955 121
1764101981538 0.6903686076402664 122
1764101989910 0.6887302994728088 123
1764101998294 0.6886877119541168 124
1764102006673 0.6859479546546936 125
1764102015149 0.6884822100400925 126
1764102023512 0.6854007691144943 127
1764102031903 0.6883274614810944 128
1764102040290 0.6876844167709351 129
1764102048676 0.6890228986740112 130
1764102057190 0.686826765537262 131
1764102065543 0.6870261281728745 132
1764102074050 0.6862954497337341 133
1764102082445 0.6867281645536423 134
1764102090812 0.6859166473150253 135
1764102099204 0.6875307410955429 136
1764102107588 0.6878478527069092 137
1764102115955 0.6879299581050873 138
1764102124312 0.6907138228416443 139
1764102132654 0.6868044883012772 140
1764102141046 0.6892055720090866 141
1764102149418 0.6871568858623505 142
1764102157812 0.6867594420909882 143
1764102166170 0.6891367137432098 144
1764102174532 0.6839717477560043 145
1764102182917 0.6887849122285843 146
1764102191299 0.6882306635379791 147
1764102199659 0.6862392425537109 148
1764102208054 0.6886679381132126 149
1764102216431 0.6889334321022034 150
1764102224819 0.6897616535425186 151
1764102233212 0.6903374940156937 152
1764102241614 0.6871974766254425 153
1764102250008 0.6862808167934418 154
1764102258394 0.6892400234937668 155
1764102266770 0.6879579871892929 156
1764102275167 0.6873826533555984 157
1764102283548 0.6868072897195816 158
1764102291981 0.687561646103859 159
1764102300373 0.6904133409261703 160
1764102308772 0.6873191595077515 161
1764102317153 0.6884295344352722 162
1764102325534 0.6900526285171509 163
1764102333931 0.6869490444660187 164
1764102342324 0.6890581101179123 165
1764102350721 0.6892532110214233 166
1764102359091 0.6877673417329788 167
1764102367475 0.6888990998268127 168
1764102375891 0.689459890127182 169
1764102384281 0.6895171999931335 170
1764102392686 0.6885271370410919 171
1764102401081 0.6882312297821045 172
1764102409444 0.6878044456243515 173
1764102417862 0.687537208199501 174
1764102426252 0.6879777908325195 175
1764102434648 0.6890189051628113 176
1764102443080 0.6878178417682648 177
1764102451454 0.6867444515228271 178
1764102459822 0.6872890591621399 179
1764102468204 0.6909932196140289 180
1764102476595 0.6862169057130814 181
1764102484940 0.6880291551351547 182
1764102493306 0.6900513768196106 183
1764102501674 0.6904414147138596 184
1764102510043 0.6882490366697311 185
1764102518573 0.6878214329481125 186
1764102526972 0.6901950985193253 187
1764102535367 0.689662292599678 188
1764102543738 0.6865718811750412 189
1764102552253 0.6899108737707138 190
1764102560649 0.6903807818889618 191
1764102569011 0.6903348714113235 192
1764102577544 0.6877541244029999 193
1764102585943 0.6909641623497009 194
1764102594318 0.685087725520134 195
1764102602704 0.6877760887145996 196
1764102611106 0.688145101070404 197
1764102619503 0.6891952157020569 198
1764102627888 0.6876516938209534 199
1764102636294 0.6906114220619202 200
1764102644688 0.6825048625469208 201
1764102653060 0.6898987144231796 202
1764102661428 0.6893513351678848 203
1764102669821 0.6891625970602036 204
1764102678238 0.6898297667503357 205
1764102686634 0.6850054413080215 206
1764102695039 0.68802909553051 207
1764102703392 0.6861222982406616 208
1764102711786 0.6853674650192261 209
1764102720164 0.688787579536438 210
1764102728493 0.687143012881279 211
1764102736899 0.6878863126039505 212
1764102745297 0.6881428211927414 213
1764102753690 0.6895180940628052 214
1764102762091 0.6882362216711044 215
1764102770477 0.687545582652092 216
1764102778858 0.6879597008228302 217
1764102787242 0.6869118213653564 218
1764102795606 0.6894665509462357 219
1764102804034 0.6898504048585892 220
1764102812420 0.6878262013196945 221
1764102820790 0.6916185766458511 222
1764102829178 0.6882930845022202 223
1764102837562 0.6863678693771362 224
1764102845942 0.6905002295970917 225
1764102854332 0.6899988800287247 226
1764102862696 0.6883675456047058 227
1764102871218 0.6873913258314133 228
1764102879602 0.6878052204847336 229
1764102887979 0.6882451772689819 230
1764102896342 0.6876994967460632 231
1764102904832 0.685256153345108 232
1764102913211 0.6898485571146011 233
1764102921582 0.6880661994218826 234
1764102930108 0.6868805587291718 235
1764102938524 0.6897294521331787 236
1764102946889 0.6873441785573959 237
1764102955278 0.6863626390695572 238
1764102963639 0.6870969533920288 239
1764102972023 0.6873060911893845 240
1764102980401 0.6855944246053696 241
1764102988813 0.691223680973053 242
1764102997243 0.6885012984275818 243
1764103005613 0.6875825971364975 244
1764103014005 0.6868748962879181 245
1764103022354 0.6851871311664581 246
1764103030713 0.6887197047472 247
1764103039135 0.6888905167579651 248
1764103047494 0.6872425079345703 249
1764103055871 0.6896329075098038 250
1764103064276 0.688132718205452 251
1764103072641 0.6886500120162964 252
1764103081090 0.689224362373352 253
1764103089489 0.6875024288892746 254
1764103097869 0.6882711201906204 255
1764103106269 0.6887234896421432 256
1764103114670 0.6881744861602783 257
1764103123041 0.6894363462924957 258
1764103131429 0.6875096410512924 259
1764103139782 0.6878440380096436 260
1764103148183 0.6877728998661041 261
1764103156693 0.6891123205423355 262
1764103165099 0.6902323514223099 263
1764103173456 0.6869582086801529 264
1764103181977 0.6858685463666916 265
1764103190336 0.6869872808456421 266
1764103198729 0.6873283237218857 267
1764103207247 0.6881465017795563 268
1764103215633 0.6893413811922073 269
1764103224049 0.6895626336336136 270
1764103232434 0.6890451461076736 271
1764103240815 0.685419350862503 272
1764103249157 0.6890237778425217 273
1764103257524 0.6895752549171448 274
1764103265888 0.6890218704938889 275
1764103274247 0.6866565048694611 276
1764103282628 0.6877706944942474 277
1764103291029 0.6888110637664795 278
1764103299405 0.6891757100820541 279
1764103307775 0.6880060881376266 280
1764103316139 0.6900486946105957 281
1764103324517 0.6856809258460999 282
1764103332875 0.6888663470745087 283
1764103341295 0.6895228624343872 284
1764103349649 0.6895385831594467 285
1764103358019 0.6881783604621887 286
1764103366430 0.6893032789230347 287
1764103374843 0.6901347488164902 288
1764103383234 0.6884713023900986 289
1764103391602 0.6875465214252472 290
1764103399986 0.6896633803844452 291
1764103408356 0.6878432631492615 292
1764103416745 0.6887014657258987 293
1764103425111 0.6896557807922363 294
1764103433506 0.6886557936668396 295
1764103441906 0.6915140599012375 296
1764103450277 0.6887829452753067 297
1764103458643 0.6877690404653549 298
1764103467050 0.6871612370014191 299
1764103475443 0.6861570328474045 300
1764103483799 0.6862720400094986 301
1764103492175 0.6905229091644287 302
1764103500571 0.688536137342453 303
1764103508988 0.6910070329904556 304
1764103517420 0.6873908042907715 305
1764103525791 0.6885591149330139 306
1764103534174 0.6881398111581802 307
1764103542572 0.6874831318855286 308
1764103550942 0.6870513707399368 309
1764103559311 0.6890556067228317 310
1764103567679 0.6897037476301193 311
1764103576068 0.6871967017650604 312
1764103640609 0.6884084641933441 314
1764103648978 0.6878570914268494 315
1764103657363 0.688656359910965 316
1764103665755 0.6907802671194077 317
1764103674151 0.6889867186546326 318
1764103682576 0.6903156936168671 319
1764103690974 0.6874275952577591 320
1764103699386 0.6897613853216171 321
1764103707790 0.6888541579246521 322
1764103716188 0.6858039200305939 323
1764103724631 0.6893685162067413 324
1764103733044 0.6893036514520645 325
1764103741476 0.6883185058832169 326
1764103749923 0.6881581991910934 327
1764103758343 0.6885569542646408 328
1764103766934 0.6860063225030899 329
1764103775352 0.684697151184082 330
1764103783773 0.6877222657203674 331
1764103792173 0.6893466860055923 332
1764103800595 0.6869872510433197 333
1764103808995 0.6858363002538681 334
1764103817419 0.6892925649881363 335
1764103825835 0.6880980283021927 336
1764103834272 0.6893246322870255 337
1764103842653 0.6887795180082321 338
1764103851059 0.6891883909702301 339
1764103859487 0.6869085282087326 340
1764103867882 0.6869394481182098 341
1764103876276 0.6870765388011932 342
1764103884652 0.6866041421890259 343
1764103893050 0.6882063895463943 344
1764103901607 0.6871398836374283 345
1764103909975 0.6860903948545456 346
1764103918347 0.6900193989276886 347
1764103926974 0.6878860592842102 348
1764103935364 0.6858797073364258 349
1764103943757 0.6875170171260834 350
1764103952156 0.6889781504869461 351
1764103960575 0.6884013265371323 352
1764103968990 0.687718003988266 353
1764103977396 0.6879481971263885 354
1764103985818 0.6884772330522537 355
1764103994211 0.6892202645540237 356
1764104002610 0.6884672194719315 357
1764104011006 0.6889362633228302 358
1764104019429 0.6881516575813293 359
1764104027837 0.6898736953735352 360
1764104036213 0.6859486401081085 361
1764104044649 0.6892157047986984 362
1764104053040 0.6882942318916321 363
1764104061464 0.6859725564718246 364
1764104069862 0.6869379580020905 365
1764104078250 0.6890724450349808 366
1764104086655 0.6879900395870209 367
1764104095071 0.6859167963266373 368
1764104103470 0.6889263540506363 369
1764104111850 0.687442809343338 370
1764104120231 0.6877924799919128 371
1764104128637 0.6872209310531616 372
1764104137020 0.686708003282547 373
1764104145400 0.687873125076294 374
1764104153798 0.6899265348911285 375
1764104162220 0.6908485293388367 376
1764104170625 0.6889463812112808 377
1764104179007 0.6884600818157196 378
1764104187384 0.6907595545053482 379
1764104195760 0.6870488226413727 380
1764104204137 0.6908721178770065 381
1764104212558 0.6893030405044556 382
1764104220957 0.6912220269441605 383
1764104229336 0.6903505921363831 384
1764104237736 0.6877774745225906 385
1764104246135 0.6871178895235062 386
1764104254646 0.6894197911024094 387
1764104263011 0.6865531653165817 388
1764104271407 0.6874025911092758 389
1764104279939 0.6886157393455505 390
1764104288300 0.6877190917730331 391
1764104296710 0.6884002536535263 392
1764104305110 0.6876416951417923 393
1764104313496 0.6888785064220428 394
1764104321859 0.687090665102005 395
1764104330248 0.6904023885726929 396
1764104338622 0.6888913810253143 397
1764104347038 0.6879081428050995 398
1764104355431 0.6889699101448059 399
1764104363848 0.6867511123418808 400
1764104372226 0.6864225268363953 401
1764104380560 0.6888412535190582 402
1764104388939 0.6896291822195053 403
1764104397310 0.684788390994072 404
1764104405673 0.6883518993854523 405
1764104414055 0.689187079668045 406
1764104422445 0.6902379393577576 407
1764104430847 0.6899391263723373 408
1764104439226 0.6870143264532089 409
1764104447628 0.688187375664711 410
1764104456030 0.6888924390077591 411
1764104464403 0.6881311237812042 412
1764104472805 0.6861238777637482 413
1764104481181 0.6888264119625092 414
1764104489539 0.6880748420953751 415
1764104497938 0.6888801157474518 416
1764104506352 0.6889247000217438 417
1764104514726 0.6850922405719757 418
1764104523101 0.6888207644224167 419
1764104531607 0.689374715089798 420
1764104540000 0.6885940581560135 421
1764104548362 0.6847374141216278 422
1764104556891 0.6914368569850922 423
1764104565250 0.6888733506202698 424
1764104573639 0.6872593462467194 425
1764104582034 0.6900452673435211 426
1764104590459 0.6868790686130524 427
1764104598804 0.6876583397388458 428
1764104607208 0.6887509524822235 429
1764104615629 0.6894338130950928 430
1764104624003 0.6888042092323303 431
1764104632397 0.6895098090171814 432
1764104640884 0.6885018348693848 433
1764104649240 0.6877038776874542 434
1764104657614 0.6880275756120682 435
1764104665984 0.6868451237678528 436
1764104674368 0.6882589161396027 437
1764104682733 0.6876170039176941 438
1764104691121 0.6889556050300598 439
1764104699508 0.6875680685043335 440
1764104707855 0.6905200779438019 441
1764104716243 0.6896736770868301 442
1764104724629 0.6895839720964432 443
1764104733004 0.6912062913179398 444
1764104741378 0.6879934817552567 445
1764104749740 0.6893883794546127 446
1764104758090 0.6896486282348633 447
1764104766483 0.6874699294567108 448
1764104774843 0.6867652982473373 449
1764104783210 0.6855326741933823 450
1764104791559 0.6880335658788681 451
1764104799953 0.6883770525455475 452
1764104808333 0.6873220652341843 453
1764104816761 0.6887797564268112 454
1764104825164 0.6889874339103699 455
1764104833575 0.6897483319044113 456
1764104841951 0.6865615844726562 457
1764104850333 0.6901354044675827 458
1764104858709 0.6881751269102097 459
1764104867077 0.6888977885246277 460
1764104875468 0.6896974444389343 461
1764104883900 0.6869621425867081 462
1764104892243 0.686795711517334 463
1764104900627 0.6905359774827957 464
1764104909040 0.6863701790571213 465
1764104917443 0.6888296604156494 466
1764104925840 0.6883086115121841 467
1764104934232 0.6906624287366867 468
1764104942601 0.6894805133342743 469
1764104950971 0.6862526535987854 470
1764104959374 0.6900125443935394 471
1764104967782 0.6872972548007965 472
1764104976157 0.6859587877988815 473
1764104984570 0.6886672526597977 474
1764104992951 0.6894270330667496 475
1764105001308 0.6876255422830582 476
1764105009688 0.6888701170682907 477
1764105018074 0.6892713308334351 478
1764105026428 0.6886506974697113 479
1764105034810 0.6895248740911484 480
1764105043221 0.6885645240545273 481
1764105051622 0.6890595555305481 482
1764105059982 0.6877016574144363 483
1764105068350 0.6859342455863953 484
1764105076713 0.6880572140216827 485
1764105085127 0.6904743909835815 486
1764105093529 0.6881030350923538 487
1764105101922 0.6878612190485001 488
1764105110308 0.6871622800827026 489
1764105118723 0.6875270754098892 490
1764105127098 0.6905006021261215 491
1764105135488 0.688382551074028 492
1764105143994 0.6894551813602448 493
1764105152375 0.6880719661712646 494
1764105160748 0.689933642745018 495
1764105169139 0.6895305812358856 496
1764105177506 0.6872960776090622 497
1764105185916 0.6879352480173111 498
1764105194318 0.6888017356395721 499
1764105202679 0.6881124675273895 500
1764105211074 0.6915542185306549 501
1764105219436 0.6860746741294861 502
1764105227831 0.6893014013767242 503
1764105236218 0.6907221972942352 504
1764105244617 0.6888809055089951 505
1764105253044 0.6868067979812622 506
1764105261452 0.686635285615921 507
1764105269839 0.6886966973543167 508
1764105278222 0.688476100564003 509
1764105286640 0.6898941844701767 510
1764105295021 0.6881922781467438 511
1764105303424 0.6877840161323547 512
1764105311820 0.6885226666927338 513
1764105320177 0.6895648241043091 514
1764105328577 0.690536692738533 515
1764105336956 0.6879160851240158 516
1764105345349 0.6903921812772751 517
1764105353724 0.6886041611433029 518
1764105362115 0.6892607510089874 519
1764105370490 0.687727227807045 520
1764105378872 0.689945712685585 521
1764105387238 0.6866504549980164 522
1764105395628 0.6899555325508118 523
1764105404162 0.688282921910286 524
1764105412530 0.6886791437864304 525
1764105420920 0.6869660019874573 526
1764105429268 0.6869148463010788 527
1764105437831 0.6920966356992722 528
1764105446223 0.6887575536966324 529
1764105454591 0.6878016442060471 530
1764105462959 0.6895842403173447 531
1764105471309 0.6868753731250763 532
1764105479691 0.6863501965999603 533
1764105488079 0.6887992322444916 534
1764105496609 0.690021201968193 535
1764105505005 0.6880265325307846 536
1764105513387 0.6879682242870331 537
1764105521761 0.6875542998313904 538
1764105530154 0.6901952028274536 539
1764105538532 0.6870644986629486 540
1764105546902 0.6861614286899567 541
1764105555353 0.6882545500993729 542
1764105563713 0.6888249665498734 543
1764105572066 0.6892949342727661 544
1764105580438 0.688242569565773 545
1764105588816 0.6897546052932739 546
1764105597199 0.6860281825065613 547
1764105605578 0.6864544898271561 548
1764105613951 0.6880399286746979 549
1764105622348 0.6906108558177948 550
1764105630717 0.6878800541162491 551
1764105639070 0.6881318390369415 552
1764105647451 0.6874965876340866 553
1764105655823 0.6882243454456329 554
1764105664184 0.6883134692907333 555
1764105672548 0.6888594329357147 556
1764105680959 0.6869750320911407 557
1764105689347 0.6876211613416672 558
1764105697720 0.6884055584669113 559
1764105706090 0.6900773793458939 560
1764105714456 0.6862180829048157 561
1764105722838 0.6860122829675674 562
1764105731201 0.6887213736772537 563
1764105739587 0.6891347169876099 564
1764105748000 0.6906065195798874 565
1764105756440 0.6890150010585785 566
1764105764821 0.6891148537397385 567
1764105773323 0.6889074146747589 568
1764105781731 0.6903999745845795 569
1764105790131 0.6865381896495819 570
1764105798504 0.6886340528726578 571
1764105806882 0.6882500350475311 572
1764105815257 0.6897089332342148 573
1764105823664 0.6908678859472275 574
1764105832107 0.687234565615654 575
1764105840503 0.6890199333429337 576
1764105848878 0.6890453845262527 577
1764105857266 0.6858878582715988 578
1764105865650 0.6887956708669662 579
1764105874015 0.6855830550193787 580
1764105882383 0.6870810687541962 581
1764105890881 0.6893039047718048 582
1764105899279 0.6884356439113617 583
1764105907677 0.6879462152719498 584
1764105916112 0.6869731694459915 585
1764105924514 0.6898142844438553 586
1764105932890 0.6871563345193863 587
1764105941446 0.6879662722349167 588
1764105949817 0.6891026794910431 589
1764105958224 0.6883513182401657 590
1764105966607 0.6870362013578415 591
1764105975011 0.6882369220256805 592
1764105983375 0.6878186464309692 593
1764105991775 0.6892623007297516 594
1764106000185 0.6878699213266373 595
1764106008566 0.6916315853595734 596
1764106016952 0.6889243721961975 597
1764106025311 0.6875601559877396 598
1764106033674 0.6888213455677032 599
1764106042065 0.6893429011106491 600
1764106050484 0.6882215738296509 601
1764106058853 0.6891759932041168 602
1764106067270 0.6890442073345184 603
1764106075650 0.6912039965391159 604
1764106084020 0.6881153434514999 605
1764106092416 0.6883775144815445 606
1764106100807 0.6873431652784348 607
1764106109194 0.6870991885662079 608
1764106117553 0.6902870833873749 609
1764106125950 0.68893001973629 610
1764106134340 0.6892809122800827 611
1764106142692 0.6880263388156891 612
1764106151053 0.6886337250471115 613
1764106159456 0.6891634911298752 614
1764106167818 0.685757651925087 615
1764106176189 0.687983825802803 616
1764106184559 0.6881946474313736 617
1764106192929 0.6873063892126083 618
1764106201352 0.6869402527809143 619
1764106209725 0.6900826692581177 620
1764106218099 0.688995361328125 621
1764106226469 0.6894018054008484 622
1764106234846 0.6869347989559174 623
1764106243331 0.688935175538063 624
1764106251704 0.6881726980209351 625
1764106316267 0.6874921917915344 627
1764106324681 0.6906115710735321 628
1764106333215 0.6891123652458191 629
1764106341592 0.6904080510139465 630
1764106349943 0.6878814995288849 631
1764106358320 0.6874755769968033 632
1764106366714 0.6884923428297043 633
1764106375097 0.6894835978746414 634
1764106383485 0.6857387721538544 635
1764106391893 0.6881252825260162 636
1764106400339 0.688336506485939 637
1764106408770 0.6887995153665543 638
1764106417196 0.6874825954437256 639
1764106425977 0.6884228587150574 640
1764106434366 0.6889330744743347 641
1764106442741 0.6878253519535065 642
1764106451163 0.6880299001932144 643
1764106459605 0.6880216896533966 644
1764106468036 0.68704454600811 645
1764106476448 0.6876542121171951 646
1764106484852 0.6896562725305557 647
1764106493230 0.6873829662799835 648
1764106501650 0.6896381229162216 649
1764106510029 0.6895516067743301 650
1764106518411 0.6889064460992813 651
1764106526828 0.6874517202377319 652
1764106535249 0.6919638216495514 653
1764106543620 0.688898429274559 654
1764106552039 0.6881871223449707 655
1764106560400 0.6887577325105667 656
1764106568817 0.6894524693489075 657
1764106577239 0.6875988095998764 658
1764106585610 0.6869460493326187 659
1764106594013 0.6903229802846909 660
1764106602386 0.6906133592128754 661
1764106610793 0.6896735727787018 662
1764106619174 0.6883342862129211 663
1764106627533 0.6906495243310928 664
1764106635928 0.6887998431921005 665
1764106644305 0.689120352268219 666
1764106652720 0.6882928013801575 667
1764106661107 0.6912180930376053 668
1764106669471 0.6907977759838104 669
1764106677850 0.690592035651207 670
1764106686236 0.6886489391326904 671
1764106694617 0.6883430182933807 672
1764106703017 0.689251646399498 673
1764106711386 0.6892402917146683 674
1764106719757 0.689140647649765 675
1764106728188 0.6874113827943802 676
1764106736610 0.6896055042743683 677
1764106744982 0.6901599764823914 678
1764106753357 0.6857264935970306 679
1764106761714 0.6876683980226517 680
1764106770134 0.6903160810470581 681
1764106778539 0.6909845918416977 682
1764106786908 0.6867878437042236 683
1764106795291 0.6856479644775391 684
1764106803696 0.6889307796955109 685
1764106812057 0.6871719509363174 686
1764106820456 0.6886628568172455 687
1764106828839 0.6902747303247452 688
1764106837224 0.6914228945970535 689
1764106845595 0.6894880682229996 690
1764106854015 0.6890177577733994 691
1764106862383 0.6891777664422989 692
1764106870773 0.6917452365159988 693
1764106879154 0.6882964670658112 694
1764106887558 0.6887130588293076 695
1764106895923 0.6872194558382034 696
1764106904334 0.6883471310138702 697
1764106912693 0.6895877718925476 698
1764106921049 0.6853837221860886 699
1764106929411 0.6851550340652466 700
1764106937772 0.6881119012832642 701
1764106946157 0.6899766623973846 702
1764106954523 0.6870588809251785 703
1764106962894 0.6894664615392685 704
1764106971287 0.6912931948900223 705
1764106979658 0.6873034238815308 706
1764106988042 0.6894435435533524 707
1764106996442 0.6899527758359909 708
1764107004815 0.6900613009929657 709
1764107013233 0.6903053224086761 710
1764107021609 0.6881505101919174 711
1764107029970 0.6863580346107483 712
1764107038362 0.689787968993187 713
1764107046753 0.685056522488594 714
1764107055134 0.689555287361145 715
1764107063579 0.6880378127098083 716
1764107071967 0.6878255158662796 717
1764107080347 0.688690111041069 718
1764107088720 0.6903630346059799 719
1764107097091 0.6889139711856842 720
1764107105478 0.6875119209289551 721
1764107113861 0.6890637576580048 722
1764107122200 0.6901256591081619 723
1764107130593 0.6888376623392105 724
1764107139115 0.6851052194833755 725
1764107147483 0.6887740641832352 726
1764107155865 0.6889577656984329 727
1764107164239 0.6883510798215866 728
1764107172633 0.6882005929946899 729
1764107181011 0.6887098550796509 730
1764107189402 0.6891055852174759 731
1764107197810 0.6898987889289856 732
1764107206168 0.6876901537179947 733
1764107214677 0.687974601984024 734
1764107223087 0.6881838142871857 735
1764107231479 0.6866393685340881 736
1764107239850 0.6889884769916534 737
1764107248218 0.6858478337526321 738
1764107256600 0.6870110481977463 739
1764107264986 0.6876476258039474 740
1764107273351 0.6887215673923492 741
1764107281727 0.6890997141599655 742
1764107290130 0.6850433498620987 743
1764107298623 0.6898132860660553 744
1764107307052 0.6894637048244476 745
1764107315429 0.6882354766130447 746
1764107323795 0.688899427652359 747
1764107332168 0.6886232793331146 748
1764107340536 0.6905441731214523 749
1764107348928 0.6896300762891769 750
1764107357263 0.6884329319000244 751
1764107365622 0.6867902874946594 752
1764107374022 0.6874091029167175 753
1764107382403 0.6886800676584244 754
1764107390792 0.6855975538492203 755
1764107399177 0.6872217208147049 756
1764107407571 0.6897856295108795 757
1764107415961 0.6883050948381424 758
1764107424350 0.6888531446456909 759
1764107432743 0.690581664443016 760
1764107441175 0.6891070157289505 761
1764107449565 0.6904129236936569 762
1764107457958 0.6883355379104614 763
1764107466334 0.6887062340974808 764
1764107474707 0.6885130256414413 765
1764107483133 0.6899453848600388 766
1764107491516 0.6886001974344254 767
1764107499875 0.6887578666210175 768
1764107508271 0.6904606819152832 769
1764107516717 0.6889510601758957 770
1764107525091 0.6897218376398087 771
1764107533487 0.6893148720264435 772
1764107541848 0.6877884268760681 773
1764107550245 0.6892635524272919 774
1764107558653 0.6888186484575272 775
1764107566993 0.687610000371933 776
1764107575383 0.6899779289960861 777
1764107583752 0.6899015158414841 778
1764107592112 0.6869430691003799 779
1764107600528 0.6898446083068848 780
1764107608911 0.6883593052625656 781
1764107617286 0.6897201687097549 782
1764107625665 0.6885161846876144 783
1764107634173 0.689561203122139 784
1764107642565 0.6902374178171158 785
1764107650947 0.6904883235692978 786
1764107659340 0.689325600862503 787
1764107667720 0.6888809502124786 788
1764107676089 0.6890759319067001 789
1764107684459 0.6886270195245743 790
1764107692837 0.6892158091068268 791
1764107701200 0.688860222697258 792
1764107709609 0.6891251504421234 793
1764107718110 0.6866634339094162 794
1764107726482 0.6881841868162155 795
1764107734855 0.6898429989814758 796
1764107743254 0.6892500221729279 797
1764107751613 0.6882631182670593 798
1764107759972 0.6878661215305328 799
1764107768329 0.6881609708070755 800
1764107776710 0.685221716761589 801
1764107785125 0.687901645898819 802
1764107793511 0.6893998235464096 803
1764107801998 0.6893827766180038 804
1764107810407 0.6900577396154404 805
1764107818788 0.6887397766113281 806
1764107827162 0.6871391832828522 807
1764107835542 0.6888464093208313 808
1764107843942 0.688167154788971 809
1764107852324 0.6888510435819626 810
1764107860711 0.6866527199745178 811
1764107869082 0.6867948174476624 812
1764107877496 0.6882454603910446 813
1764107885879 0.6872087717056274 814
1764107894241 0.6880123466253281 815
1764107902632 0.6882998943328857 816
1764107910995 0.6862243115901947 817
1764107919409 0.6885018199682236 818
1764107927775 0.6875609457492828 819
1764107936120 0.6899748742580414 820
1764107944519 0.6895664930343628 821
1764107952937 0.68610879778862 822
1764107961325 0.689012199640274 823
1764107969727 0.6874070912599564 824
1764107978113 0.6901813894510269 825
1764107986612 0.6885377466678619 826
1764107995018 0.6911502778530121 827
1764108003396 0.6882788985967636 828
1764108011789 0.6886698454618454 829
1764108020164 0.6878599971532822 830
1764108028527 0.6891451179981232 831
1764108036987 0.6884027421474457 832
1764108045385 0.687433049082756 833
1764108053756 0.6875874847173691 834
1764108062108 0.688302755355835 835
1764108070635 0.686781719326973 836
1764108079061 0.6871133595705032 837
1764108087452 0.6881053000688553 838
1764108095831 0.6872970163822174 839
1764108104220 0.6885229796171188 840
1764108112599 0.6884886622428894 841
1764108121005 0.6911105215549469 842
1764108129389 0.6868405640125275 843
1764108137801 0.6889598369598389 844
1764108146167 0.6855908930301666 845
1764108154696 0.6907347738742828 846
1764108163074 0.6871820688247681 847
1764108171454 0.6892060339450836 848
1764108179876 0.6881038099527359 849
1764108188260 0.6872314512729645 850
1764108196634 0.6885840594768524 851
1764108205005 0.6851101517677307 852
1764108213365 0.686369851231575 853
1764108221809 0.6890609860420227 854
1764108230187 0.6869079619646072 855
1764108238568 0.6882713586091995 856
1764108246962 0.6885113716125488 857
1764108255407 0.6902259886264801 858
1764108263873 0.6892587691545486 859
1764108272259 0.6900644153356552 860
1764108280636 0.6917137205600739 861
1764108289028 0.6878533512353897 862
1764108297416 0.6883349269628525 863
1764108305800 0.6896119117736816 864
1764108314195 0.689565122127533 865
1764108322596 0.6899213790893555 866
1764108330983 0.6880319714546204 867
1764108339383 0.6886084377765656 868
1764108347761 0.6843640357255936 869
1764108356298 0.6901065558195114 870
1764108364723 0.6889387518167496 871
1764108373112 0.6896064579486847 872
1764108381515 0.6865494698286057 873
1764108389901 0.6881292909383774 874
1764108398307 0.6881566345691681 875
1764108406701 0.6882375180721283 876
1764108415070 0.6880306005477905 877
1764108423440 0.6869858652353287 878
1764108431963 0.6885938346385956 879
1764108440357 0.6886737048625946 880
1764108448754 0.6901172250509262 881
1764108457155 0.6912476271390915 882
1764108465577 0.689655989408493 883
1764108473943 0.6891653090715408 884
1764108482344 0.6907546818256378 885
1764108490714 0.6900182217359543 886
1764108499096 0.6889167129993439 887
1764108507495 0.6894180476665497 888
1764108515892 0.6890330761671066 889
1764108524262 0.6881498992443085 890
1764108532656 0.6877832263708115 891
1764108541044 0.6877594739198685 892
1764108549444 0.6890961825847626 893
1764108557844 0.6894045919179916 894
1764108566216 0.6890883892774582 895
1764108574591 0.687769427895546 896
1764108582987 0.685841754078865 897
1764108591361 0.6879028230905533 898
1764108599797 0.6892453581094742 899
1764108608209 0.6895623952150345 900
1764108616590 0.6876803338527679 901
1764108624954 0.6877340972423553 902
1764108633334 0.6902420818805695 903
1764108641700 0.6896438449621201 904
1764108650070 0.6893578469753265 905
1764108658440 0.6887741833925247 906
1764108666799 0.6888303905725479 907
1764108675199 0.6891833394765854 908
1764108683556 0.6888077259063721 909
1764108691936 0.6887931525707245 910
1764108700380 0.6900919079780579 911
1764108708758 0.6902971565723419 912
1764108717137 0.689743384718895 913
1764108725510 0.6895651370286942 914
1764108733949 0.6900173723697662 915
1764108742329 0.6866769045591354 916
1764108750727 0.690099373459816 917
1764108759134 0.6901551336050034 918
1764108767526 0.69129878282547 919
1764108775924 0.6873619556427002 920
1764108784293 0.6880847811698914 921
1764108792679 0.6876208931207657 922
1764108801080 0.6890404224395752 923
1764108809441 0.6872182190418243 924
1764108817834 0.6890452653169632 925
1764108826234 0.6869439631700516 926
1764108834619 0.6891675591468811 927
1764108843000 0.6871246248483658 928
1764108851376 0.6896815448999405 929
1764108859741 0.6869019865989685 930
1764108868127 0.6885062605142593 931
1764108876553 0.6890188902616501 932
1764108884952 0.688129723072052 933
1764108893328 0.6849308162927628 934
1764108901730 0.6879897117614746 935
1764108910125 0.6857530772686005 936
1764108918539 0.6902135908603668 937
1764108926934 0.6860797256231308 938
1764108991809 0.6872207522392273 940
1764109000183 0.6899897754192352 941
1764109008555 0.6893743723630905 942
1764109016912 0.686144158244133 943
1764109025273 0.688870370388031 944
1764109033682 0.6885871142148972 945
1764109042095 0.6874205768108368 946
1764109050512 0.6889528781175613 947
1764109058933 0.6906859427690506 948
1764109067352 0.6866537779569626 949
1764109075771 0.689725935459137 950
1764109084199 0.6880298852920532 951
1764109092751 0.6903363019227982 952
1764109101316 0.6874725520610809 953
1764109109707 0.688270702958107 954
1764109118154 0.6901228427886963 955
1764109126545 0.68753682076931 956
1764109134940 0.6898425966501236 957
1764109143524 0.6861919462680817 958
1764109151916 0.6872127503156662 959
1764109160333 0.6903855204582214 960
1764109168720 0.6883779317140579 961
1764109177139 0.6869545429944992 962
1764109185553 0.688230574131012 963
1764109193964 0.6889876127243042 964
1764109202342 0.6883094012737274 965
1764109210715 0.6862221658229828 966
1764109219091 0.6885164678096771 967
1764109227506 0.6887980103492737 968
1764109235915 0.6897714883089066 969
1764109244320 0.6880312263965607 970
1764109252735 0.6874054074287415 971
1764109261121 0.6883664578199387 972
1764109269520 0.6888107061386108 973
1764109277939 0.6878820508718491 974
1764109286334 0.6888152211904526 975
1764109294714 0.6881369650363922 976
1764109303145 0.690478190779686 977
1764109311531 0.6906377375125885 978
1764109319910 0.6883997023105621 979
1764109328310 0.6897305548191071 980
1764109336687 0.6867534220218658 981
1764109345080 0.6902228593826294 982
1764109353441 0.6906799525022507 983
1764109361839 0.6873746365308762 984
1764109370215 0.6873745173215866 985
1764109378632 0.6905304938554764 986
1764109387058 0.69056037068367 987
1764109395443 0.686884880065918 988
1764109403848 0.6882880628108978 989
1764109412236 0.6880382895469666 990
1764109420616 0.6891114115715027 991
1764109429037 0.6884907633066177 992
1764109437433 0.6891970485448837 993
1764109445941 0.6876844316720963 994
1764109454292 0.6875246465206146 995
1764109462667 0.6885983943939209 996
1764109471056 0.6890679597854614 997
1764109479426 0.6895467340946198 998
1764109487835 0.6888183802366257 999
1764109496412 0.6896357238292694 1000
1764109504806 0.6869356036186218 1001
1764109513193 0.6876897662878036 1002
1764109521578 0.6878479868173599 1003
1764109529957 0.6890780031681061 1004
1764109538315 0.6875676810741425 1005
1764109546719 0.6887782961130142 1006
1764109555146 0.6880377531051636 1007
1764109563521 0.6897597312927246 1008
1764109571891 0.6906201839447021 1009
1764109580264 0.687557727098465 1010
1764109588637 0.6894314885139465 1011
1764109597056 0.6882081627845764 1012
1764109605454 0.6904454380273819 1013
1764109613855 0.6889171600341797 1014
1764109622265 0.6878683567047119 1015
1764109630668 0.6876330971717834 1016
1764109639031 0.685539647936821 1017
1764109647445 0.6880991011857986 1018
1764109655852 0.6920335441827774 1019
1764109664236 0.6906681507825851 1020
1764109672645 0.6873301267623901 1021
1764109681030 0.6862063109874725 1022
1764109689414 0.6905223280191422 1023
1764109697806 0.6896015554666519 1024
1764109706212 0.6865448206663132 1025
1764109714607 0.685273751616478 1026
1764109723005 0.6909482628107071 1027
1764109731489 0.6865218579769135 1028
1764109739877 0.6886529177427292 1029
1764109748248 0.6906080543994904 1030
1764109756641 0.6891427785158157 1031
1764109765044 0.6856418401002884 1032
1764109773433 0.6892079561948776 1033
1764109781944 0.6846017092466354 1034
1764109790312 0.6868063062429428 1035
1764109798681 0.690022349357605 1036
1764109807043 0.687633216381073 1037
1764109815431 0.688464030623436 1038
1764109823827 0.69025519490242 1039
1764109832211 0.6886702179908752 1040
1764109840572 0.6887822151184082 1041
1764109848956 0.6874188333749771 1042
1764109857346 0.6888701319694519 1043
1764109865693 0.6861986368894577 1044
1764109874083 0.6882853209972382 1045
1764109882455 0.6884747594594955 1046
1764109890848 0.6893453747034073 1047
1764109899249 0.6910794526338577 1048
1764109907596 0.6902810484170914 1049
1764109915965 0.6891410797834396 1050
1764109924353 0.6875488311052322 1051
1764109932747 0.6920226365327835 1052
1764109941131 0.6873659491539001 1053
1764109949503 0.6909866183996201 1054
1764109957860 0.6884637624025345 1055
1764109966354 0.6904883235692978 1056
1764109974723 0.6896577179431915 1057
1764109983089 0.6893616169691086 1058
1764109991465 0.6917000263929367 1059
1764109999827 0.6883074343204498 1060
1764110008241 0.6905849725008011 1061
1764110016636 0.6892841309309006 1062
1764110025061 0.6901086121797562 1063
1764110033442 0.6879334002733231 1064
1764110041792 0.6870291382074356 1065
1764110050156 0.6862171739339828 1066
1764110058529 0.6909289211034775 1067
1764110066913 0.6897168308496475 1068
1764110075299 0.6880426555871964 1069
1764110083781 0.6882989853620529 1070
1764110092179 0.6885603666305542 1071
1764110100540 0.68806292116642 1072
1764110108908 0.6890090107917786 1073
1764110117310 0.6889034509658813 1074
1764110125664 0.6898462027311325 1075
1764110134063 0.6887924522161484 1076
1764110142421 0.6902199536561966 1077
1764110150830 0.6867074966430664 1078
1764110159196 0.6869574189186096 1079
1764110167570 0.689557209610939 1080
1764110175947 0.6891847550868988 1081
1764110184325 0.6863949745893478 1082
1764110192694 0.6911405026912689 1083
1764110201082 0.6888001561164856 1084
1764110209458 0.6883633881807327 1085
1764110217823 0.6887009590864182 1086
1764110226231 0.6887453496456146 1087
1764110234681 0.6898498088121414 1088
1764110243072 0.6897584497928619 1089
1764110251445 0.6897199302911758 1090
1764110259818 0.6896149963140488 1091
1764110268234 0.6851789355278015 1092
1764110276606 0.6871211975812912 1093
1764110284970 0.6882080584764481 1094
1764110293342 0.6906270533800125 1095
1764110301726 0.6884899735450745 1096
1764110310135 0.6895536035299301 1097
1764110318554 0.6904743760824203 1098
1764110326919 0.6877438575029373 1099
1764110335281 0.6867939829826355 1100
1764110343697 0.6873753368854523 1101
1764110352076 0.6895186603069305 1102
1764110360477 0.688146099448204 1103
1764110368863 0.6862987279891968 1104
1764110377293 0.6871511936187744 1105
1764110385716 0.6874751448631287 1106
1764110394098 0.6892461329698563 1107
1764110402518 0.6890312433242798 1108
1764110410877 0.6863306909799576 1109
1764110419245 0.688167616724968 1110
1764110427626 0.6889902502298355 1111
1764110436047 0.6912192106246948 1112
1764110444427 0.6874943375587463 1113
1764110452818 0.6887568086385727 1114
1764110461202 0.6871998757123947 1115
1764110469728 0.6873284131288528 1116
1764110478115 0.6903199404478073 1117
1764110486502 0.6875526010990143 1118
1764110494872 0.6911989599466324 1119
1764110503243 0.6887028366327286 1120
1764110511650 0.6900143027305603 1121
1764110520074 0.6894844174385071 1122
1764110528435 0.6890343576669693 1123
1764110536847 0.688885971903801 1124
1764110545200 0.6871688663959503 1125
1764110553587 0.6874079257249832 1126
1764110561958 0.688482403755188 1127
1764110570334 0.6859276443719864 1128
1764110578703 0.6877688765525818 1129
1764110587070 0.6876534223556519 1130
1764110595572 0.6884042024612427 1131
1764110603959 0.6887886971235275 1132
1764110612370 0.6900845021009445 1133
1764110620749 0.6894156783819199 1134
1764110629134 0.687740370631218 1135
1764110637515 0.6888584047555923 1136
1764110645906 0.6889815330505371 1137
1764110654329 0.6888340562582016 1138
1764110662834 0.6905976235866547 1139
1764110671206 0.6886789351701736 1140
1764110679579 0.687723845243454 1141
1764110687969 0.6873982548713684 1142
1764110696350 0.6902910768985748 1143
1764110704761 0.6898685246706009 1144
1764110713143 0.6893716752529144 1145
1764110721524 0.6891770511865616 1146
1764110729893 0.6873086541891098 1147
1764110738307 0.6895257532596588 1148
1764110746730 0.6896422356367111 1149
1764110755071 0.6898605674505234 1150
1764110763440 0.6885494291782379 1151
1764110771834 0.6901648342609406 1152
1764110780210 0.6870690286159515 1153
1764110788606 0.6886189579963684 1154
1764110796966 0.6880628764629364 1155
1764110805394 0.6884197294712067 1156
1764110813804 0.6885871589183807 1157
1764110822335 0.6876697093248367 1158
1764110830740 0.6899567991495132 1159
1764110839126 0.6873124688863754 1160
1764110847520 0.6874479055404663 1161
1764110855952 0.6897024661302567 1162
1764110864346 0.6888235211372375 1163
1764110872722 0.6849864274263382 1164
1764110881102 0.6884465217590332 1165
1764110889452 0.6869430094957352 1166
1764110897844 0.6879993975162506 1167
1764110906247 0.6879332214593887 1168
1764110914648 0.6900211572647095 1169
1764110923003 0.6864224076271057 1170
1764110931391 0.6881651729345322 1171
1764110939780 0.686074897646904 1172
1764110948164 0.6897389888763428 1173
1764110956545 0.6896754205226898 1174
1764110964895 0.687658354640007 1175
1764110973309 0.6898919194936752 1176
1764110981695 0.68625208735466 1177
1764110990072 0.6888214200735092 1178
1764110998456 0.6880246996879578 1179
1764111006913 0.6870276480913162 1180
1764111015279 0.6896344274282455 1181
1764111023669 0.6902554631233215 1182
1764111032031 0.6880633533000946 1183
1764111040424 0.6902369260787964 1184
1764111048850 0.6870935559272766 1185
1764111057242 0.6906643956899643 1186
1764111065634 0.6879119127988815 1187
1764111074043 0.6871936619281769 1188
1764111082421 0.6890007555484772 1189
1764111090928 0.687105119228363 1190
1764111099287 0.6902414560317993 1191
1764111107790 0.6880808919668198 1192
1764111116184 0.6906849890947342 1193
1764111124551 0.6886457651853561 1194
1764111132948 0.6892437785863876 1195
1764111141330 0.6894925534725189 1196
1764111149714 0.6880784183740616 1197
1764111158085 0.6880127936601639 1198
1764111166643 0.6881665289402008 1199
1764111175027 0.6894197016954422 1200
1764111183413 0.6875182390213013 1201
1764111191798 0.6919719725847244 1202
1764111200196 0.6882616728544235 1203
1764111208602 0.6898429244756699 1204
1764111216988 0.691607728600502 1205
1764111225351 0.688271090388298 1206
1764111233786 0.6867459565401077 1207
1764111242167 0.6886837035417557 1208
1764111250577 0.6923648416996002 1209
1764111258955 0.6886609047651291 1210
1764111267372 0.6896954029798508 1211
1764111275753 0.6898491680622101 1212
1764111284138 0.6886969357728958 1213
1764111292558 0.6903807073831558 1214
1764111300974 0.6896940767765045 1215
1764111309366 0.6842881441116333 1216
1764111317732 0.6887524574995041 1217
1764111326115 0.6889935433864594 1218
1764111334481 0.6885192543268204 1219
1764111342841 0.6880192905664444 1220
1764111351211 0.687478706240654 1221
1764111359552 0.689270094037056 1222
1764111367947 0.6889205276966095 1223
1764111376338 0.6910721808671951 1224
1764111384736 0.6879744678735733 1225
1764111393101 0.68885637819767 1226
1764111401475 0.6903578490018845 1227
1764111409854 0.6874378025531769 1228
1764111418260 0.6867067068815231 1229
1764111426639 0.6883428990840912 1230
1764111435011 0.6879303753376007 1231
1764111443510 0.6860019862651825 1232
1764111451915 0.6895052194595337 1233
1764111460268 0.685202568769455 1234
1764111468652 0.6884962767362595 1235
1764111477032 0.6901772171258926 1236
1764111485418 0.6905057430267334 1237
1764111493799 0.6879220753908157 1238
1764111502169 0.6886358708143234 1239
1764111510534 0.6875502169132233 1240
1764111519063 0.6899611502885818 1241
1764111527441 0.6897479891777039 1242
1764111535809 0.6869758665561676 1243
1764111544192 0.6894474476575851 1244
1764111552567 0.6904140561819077 1245
1764111560938 0.6879660040140152 1246
1764111569318 0.6879099607467651 1247
1764111577677 0.6889598667621613 1248
1764111586045 0.686515286564827 1249
1764111594413 0.6858000010251999 1250
1764111602791 0.6904416382312775 1251
1764111671196 0.6898709386587143 1253
1764111679560 0.6893065720796585 1254
1764111687920 0.6877451837062836 1255
1764111696264 0.6873604655265808 1256
1764111704610 0.689078614115715 1257
1764111712988 0.6865432113409042 1258
1764111721356 0.6892630457878113 1259
1764111729736 0.6907817870378494 1260
1764111738098 0.689261183142662 1261
1764111746512 0.6882586479187012 1262
1764111754884 0.6892839223146439 1263
1764111763248 0.6888248026371002 1264
1764111771822 0.6872122585773468 1265
1764111780240 0.689369335770607 1266
1764111788640 0.6888534277677536 1267
1764111797068 0.6882659196853638 1268
1764111805473 0.6899597495794296 1269
1764111813894 0.6895131319761276 1270
1764111822281 0.6859570741653442 1271
1764111830711 0.6882802248001099 1272
1764111839094 0.6900129169225693 1273
1764111847504 0.6895198225975037 1274
1764111855893 0.6881429851055145 1275
1764111864287 0.6881641745567322 1276
1764111872673 0.6871765106916428 1277
1764111881042 0.6888602524995804 1278
1764111889456 0.6870093196630478 1279
1764111897819 0.6880211234092712 1280
1764111906262 0.6882372796535492 1281
1764111914670 0.6903293281793594 1282
1764111923060 0.6884397268295288 1283
1764111931476 0.6892364621162415 1284
1764111939926 0.6881464272737503 1285
1764111948332 0.6880369931459427 1286
1764111956761 0.684387281537056 1287
1764111965196 0.6882389485836029 1288
1764111973596 0.6877938061952591 1289
1764111982013 0.6873362213373184 1290
1764111990399 0.6890455335378647 1291
1764111998941 0.6870683580636978 1292
1764112007371 0.6923666000366211 1293
1764112015736 0.6888988465070724 1294
1764112024121 0.6898419708013535 1295
1764112032501 0.6875691711902618 1296
1764112040927 0.6871188580989838 1297
1764112049294 0.685017004609108 1298
1764112057664 0.6900981515645981 1299
1764112066042 0.6891201287508011 1300
1764112074466 0.686866819858551 1301
1764112082889 0.68944151699543 1302
1764112091283 0.685843899846077 1303
1764112099682 0.6882394701242447 1304
1764112108063 0.688734844326973 1305
1764112116441 0.687092050909996 1306
1764112124846 0.6870030462741852 1307
1764112133211 0.6915863156318665 1308
1764112141570 0.6894325166940689 1309
1764112149936 0.6869520395994186 1310
1764112158355 0.6895311921834946 1311
1764112166775 0.6881359070539474 1312
1764112175153 0.6889739334583282 1313
1764112183545 0.6908660978078842 1314
1764112191925 0.6898864507675171 1315
1764112200319 0.6882378309965134 1316
1764112208701 0.6891227066516876 1317
1764112217139 0.690056785941124 1318
1764112225532 0.6891044676303864 1319
1764112233923 0.6857040822505951 1320
1764112242305 0.6912253499031067 1321
1764112250865 0.6886907368898392 1322
1764112259234 0.6883281916379929 1323
1764112267621 0.6890232861042023 1324
1764112275968 0.6878707855939865 1325
1764112284353 0.687858060002327 1326
1764112292743 0.6875747889280319 1327
1764112301099 0.6890603601932526 1328
1764112309478 0.6891182363033295 1329
1764112317844 0.6858540028333664 1330
1764112326212 0.6906608790159225 1331
1764112334576 0.6879122257232666 1332
1764112342997 0.686702698469162 1333
1764112351394 0.6895003467798233 1334
1764112359771 0.6890137195587158 1335
1764112368180 0.687431588768959 1336
1764112376555 0.6914536207914352 1337
1764112384948 0.6886113286018372 1338
1764112393346 0.6881783604621887 1339
1764112401731 0.6893008500337601 1340
1764112410109 0.6875452399253845 1341
1764112418515 0.6878441721200943 1342
1764112426880 0.6878939867019653 1343
1764112435261 0.6883267909288406 1344
1764112443677 0.6841208040714264 1345
1764112452033 0.687943622469902 1346
1764112460419 0.6896317601203918 1347
1764112468811 0.688228651881218 1348
1764112477192 0.6886373609304428 1349
1764112485565 0.6871005743741989 1350
1764112494078 0.6893234550952911 1351
1764112502481 0.6895244717597961 1352
1764112510886 0.6874990910291672 1353
1764112519227 0.6879947781562805 1354
1764112527580 0.686539500951767 1355
1764112535948 0.688159391283989 1356
1764112544333 0.6888058036565781 1357
1764112552698 0.687747910618782 1358
1764112561070 0.6883054077625275 1359
1764112569455 0.6851003766059875 1360
1764112577852 0.6888525933027267 1361
1764112586209 0.6871058493852615 1362
1764112594584 0.6883910596370697 1363
1764112602943 0.6894190162420273 1364
1764112611314 0.6880840361118317 1365
1764112619667 0.6884779930114746 1366
1764112628064 0.6901443302631378 1367
1764112636516 0.6913350522518158 1368
1764112645020 0.6872998476028442 1369
1764112653408 0.6917459666728973 1370
1764112661772 0.6876390129327774 1371
1764112670159 0.6897415518760681 1372
1764112678544 0.6872116327285767 1373
1764112686940 0.6875771135091782 1374
1764112695317 0.6882744282484055 1375
1764112703715 0.6892423629760742 1376
1764112712096 0.6870429366827011 1377
1764112720482 0.6883417814970016 1378
1764112728835 0.6882134974002838 1379
1764112737223 0.6875467896461487 1380
1764112745631 0.6906905472278595 1381
1764112754137 0.6870688647031784 1382
1764112762511 0.6879700273275375 1383
1764112770893 0.689600020647049 1384
1764112779260 0.6858353465795517 1385
1764112787651 0.6885248422622681 1386
1764112796045 0.6870011985301971 1387
1764112804432 0.6872941255569458 1388
1764112812824 0.6862223297357559 1389
1764112821240 0.6910096555948257 1390
1764112829608 0.6875467151403427 1391
1764112837993 0.688880205154419 1392
1764112846489 0.6884626746177673 1393
1764112854882 0.6903951168060303 1394
1764112863260 0.6866807490587234 1395
1764112871652 0.6888249665498734 1396
1764112880024 0.6873891651630402 1397
1764112888414 0.6895183324813843 1398
1764112896825 0.6890552490949631 1399
1764112905245 0.6896996945142746 1400
1764112913632 0.68851438164711 1401
1764112922015 0.6866012811660767 1402
1764112930400 0.6881912052631378 1403
1764112938778 0.6883257180452347 1404
1764112947147 0.6882598251104355 1405
1764112955526 0.6870326995849609 1406
1764112963896 0.6891431361436844 1407
1764112972270 0.689887672662735 1408
1764112980661 0.689743161201477 1409
1764112989030 0.689496710896492 1410
1764112997425 0.6890253275632858 1411
1764113005799 0.6872061043977737 1412
1764113014219 0.6870715916156769 1413
1764113022601 0.6879095286130905 1414
1764113030972 0.6872321218252182 1415
1764113039350 0.6902037709951401 1416
1764113047712 0.6871117502450943 1417
1764113056053 0.6874150782823563 1418
1764113064466 0.6910096406936646 1419
1764113072849 0.6866727471351624 1420
1764113081279 0.6886469125747681 1421
1764113089656 0.6880793422460556 1422
1764113098035 0.6871063262224197 1423
1764113106564 0.6882921606302261 1424
1764113114927 0.6878247261047363 1425
1764113123506 0.6894200891256332 1426
1764113131903 0.6891404241323471 1427
1764113140281 0.6898220032453537 1428
1764113148788 0.6895437836647034 1429
1764113157169 0.6903951615095139 1430
1764113165577 0.689054012298584 1431
1764113173966 0.6895717531442642 1432
1764113182370 0.6870601326227188 1433
1764113190781 0.6883545219898224 1434
1764113199164 0.6865969747304916 1435
1764113207538 0.6877724975347519 1436
1764113215902 0.6886272430419922 1437
1764113224353 0.6871881037950516 1438
1764113232757 0.6901384443044662 1439
1764113241122 0.6900344789028168 1440
1764113249503 0.690518319606781 1441
1764113257915 0.6891310960054398 1442
1764113266309 0.6881195902824402 1443
1764113274720 0.6916001290082932 1444
1764113283095 0.6879170387983322 1445
1764113291446 0.6878459602594376 1446
1764113299814 0.6862396746873856 1447
1764113308215 0.6867416948080063 1448
1764113316596 0.6857703626155853 1449
1764113324972 0.6844141185283661 1450
1764113333376 0.6902208030223846 1451
1764113341787 0.6864823549985886 1452
1764113350167 0.6898514926433563 1453
1764113358581 0.6893580555915833 1454
1764113366977 0.6895547807216644 1455
1764113375396 0.6893964409828186 1456
1764113383790 0.688739463686943 1457
1764113392288 0.6878489851951599 1458
1764113400651 0.6870929896831512 1459
1764113409034 0.6874565631151199 1460
1764113417375 0.6865039318799973 1461
1764113425787 0.6878516674041748 1462
1764113434172 0.6844982504844666 1463
1764113442552 0.686080738902092 1464
1764113450915 0.6867823302745819 1465
1764113459319 0.689838245511055 1466
1764113467700 0.6905730366706848 1467
1764113476103 0.6895464956760406 1468
1764113484495 0.6857970803976059 1469
1764113492914 0.6873325854539871 1470
1764113501396 0.6900759488344193 1471
1764113509780 0.6878365129232407 1472
1764113518147 0.6886094361543655 1473
1764113526511 0.6856761127710342 1474
1764113534880 0.6873598247766495 1475
1764113543242 0.6871135085821152 1476
1764113551611 0.6890037953853607 1477
1764113559977 0.6893384009599686 1478
1764113568361 0.6877880692481995 1479
1764113576756 0.6910950839519501 1480
1764113585139 0.6901852488517761 1481
1764113593522 0.6871883720159531 1482
1764113601909 0.6892654895782471 1483
1764113610257 0.6894268095493317 1484
1764113618649 0.6858098953962326 1485
1764113627052 0.6898112148046494 1486
1764113635453 0.6879006177186966 1487
1764113643839 0.6901840418577194 1488
1764113652222 0.6888959854841232 1489
1764113660575 0.6865552812814713 1490
1764113668924 0.6867935061454773 1491
1764113677325 0.6886902451515198 1492
1764113685697 0.6871543228626251 1493
1764113694080 0.6904778182506561 1494
1764113702456 0.6891040354967117 1495
1764113710839 0.687633290886879 1496
1764113719212 0.6895247250795364 1497
1764113727573 0.6898882985115051 1498
1764113735962 0.6896793246269226 1499
1764113744333 0.6879924088716507 1500
1764113752726 0.6903803199529648 1501
1764113761128 0.6904090493917465 1502
1764113769500 0.6896502673625946 1503
1764113778008 0.6865793615579605 1504
1764113786392 0.6901335418224335 1505
1764113794773 0.6878625005483627 1506
1764113803131 0.689148560166359 1507
1764113811485 0.6898128241300583 1508
1764113819855 0.6894225031137466 1509
1764113828263 0.6887784749269485 1510
1764113836665 0.6913576126098633 1511
1764113845022 0.6903930753469467 1512
1764113853464 0.6870685368776321 1513
1764113861859 0.6899487376213074 1514
1764113870230 0.6893530786037445 1515
1764113878601 0.686576247215271 1516
1764113886951 0.6889449805021286 1517
1764113895311 0.690598651766777 1518
1764113903699 0.6887731999158859 1519
1764113912114 0.6891441345214844 1520
1764113920516 0.6887158453464508 1521
1764113928955 0.6894943416118622 1522
1764113937344 0.6905401349067688 1523
1764113945752 0.686699703335762 1524
1764113954149 0.6889664083719254 1525
1764113962533 0.6893773376941681 1526
1764113970921 0.6859070956707001 1527
1764113979312 0.6880462467670441 1528
1764113987685 0.6898614317178726 1529
1764113996181 0.6895706504583359 1530
1764114004557 0.6896095722913742 1531
1764114012945 0.6874799877405167 1532
1764114021319 0.6893227249383926 1533
1764114029673 0.6883998662233353 1534
1764114038047 0.6886152923107147 1535
1764114046445 0.6900320947170258 1536
1764114054847 0.6885538995265961 1537
1764114063238 0.6863386183977127 1538
1764114071610 0.6876586526632309 1539
1764114080015 0.6917438209056854 1540
1764114088379 0.6897870600223541 1541
1764114096735 0.6907877624034882 1542
1764114105081 0.6909127533435822 1543
1764114113482 0.6885553151369095 1544
1764114121875 0.6883747428655624 1545
1764114130309 0.6863862723112106 1546
1764114138695 0.6885029077529907 1547
1764114147079 0.6891935765743256 1548
1764114155420 0.6883750855922699 1549
1764114163764 0.6872485876083374 1550
1764114172160 0.689619854092598 1551
1764114180583 0.6910630017518997 1552
1764114188967 0.6880361437797546 1553
1764114197354 0.6903437674045563 1554
1764114205713 0.6885453164577484 1555
1764114214115 0.6882748454809189 1556
1764114222511 0.6878814995288849 1557
1764114230906 0.6901600509881973 1558
1764114239284 0.6888459622859955 1559
1764114247681 0.6900272965431213 1560
1764114256078 0.6885256171226501 1561
1764114264441 0.6899185925722122 1562
1764114272940 0.6872158348560333 1563
1764114281380 0.6875553727149963 1564
