1764905772398 0.73828125 5
1764905819965 0.73046875 10
1764905867697 0.76953125 15
1764905915513 0.74609375 20
1764905963527 0.66796875 25
1764906011205 1.0 30
1764906058947 0.77734375 35
1764906106104 0.82421875 40
1764906154025 0.6171875 45
1764906201533 0.68359375 50
1764906248902 0.38671875 55
1764906296463 0.11767578125 60
1764906343912 0.3203125 65
1764906391465 0.427734375 70
1764906439319 0.1923828125 75
1764906486680 0.1298828125 80
1764906534246 0.2060546875 85
1764906582060 0.1455078125 90
1764906629593 0.28125 95
1764906677166 0.26171875 100
1764906724924 0.333984375 105
1764906772371 0.333984375 110
1764906819780 0.66796875 115
1764906867465 0.16015625 120
1764906915100 0.462890625 125
1764906962882 0.3671875 130
1764907010456 0.400390625 135
1764907057800 0.35546875 140
1764907105285 0.51953125 145
1764907152797 0.1455078125 150
1764907200753 0.703125 155
1764907248229 0.1220703125 160
1764907295564 0.310546875 165
1764907343145 0.515625 170
1764907391087 0.1142578125 175
1764907438834 0.279296875 180
1764907486736 0.48046875 185
1764907534322 0.953125 190
1764907582399 0.65234375 195
1764907630042 1.0 200
1764907677601 0.6015625 205
1764907725349 1.0 210
1764907772889 0.61328125 215
1764907820376 0.44921875 220
1764907867881 0.18359375 225
1764907915492 0.57421875 230
1764907963008 0.298828125 235
1764908010821 0.11865234375 240
1764908058187 0.2275390625 245
1764908106241 0.07958984375 250
1764908153473 1.0 255
1764908201270 0.91796875 260
1764908249215 0.5859375 265
1764908297069 0.294921875 270
1764908344879 0.6875 275
1764908392735 0.5078125 280
1764908440680 0.189453125 285
1764908488497 0.57421875 290
1764908536438 0.408203125 295
1764908584075 0.2412109375 300
1764908631780 0.1005859375 305
1764908679734 0.1552734375 310
1764908727462 0.431640625 315
1764908774962 0.22265625 320
1764908822796 0.5078125 325
1764908870585 0.2216796875 330
1764908918546 0.51953125 335
1764908966676 0.25390625 340
1764909014406 0.515625 345
1764909062421 0.388671875 350
1764909110376 0.14453125 355
1764909157991 0.279296875 360
1764909206184 0.609375 365
1764909253949 0.42578125 370
1764909301754 0.6875 375
1764909349992 0.4296875 380
1764909397640 0.34765625 385
1764909445460 0.484375 390
1764909493550 0.1376953125 395
1764909541201 0.181640625 400
1764909589473 0.2119140625 405
