1764905772398 2.4038466298076923e-06 5
1764905819965 4.807692759615385e-06 10
1764905867697 7.211538889423077e-06 15
1764905915513 9.615385019230767e-06 20
1764905963527 1.2019231149038456e-05 25
1764906011205 1.4423077278846148e-05 30
1764906058947 1.682692340865384e-05 35
1764906106104 1.9230769538461532e-05 40
1764906154025 2.1634615668269224e-05 45
1764906201533 2.4038461798076923e-05 50
1764906248902 2.644230792788462e-05 55
1764906296463 2.8846154057692314e-05 60
1764906343912 3.12500001875e-05 65
1764906391465 3.3653846317307695e-05 70
1764906439319 3.6057692447115384e-05 75
1764906486680 3.846153857692307e-05 80
1764906534246 4.0865384706730755e-05 85
1764906582060 4.326923083653844e-05 90
1764906629593 4.5673076966346126e-05 95
1764906677166 4.8076923096153815e-05 100
1764906724924 4.99999684994542e-05 105
1764906772371 4.999886598868626e-05 110
1764906819780 4.999618853001002e-05 115
1764906867465 4.999193629210745e-05 120
1764906915100 4.9986109542872825e-05 125
1764906962882 4.9978708649395866e-05 130
1764907010456 4.996973407793859e-05 135
1764907057800 4.995918639390592e-05 140
1764907105285 4.994706626181015e-05 145
1764907152797 4.9933374445228965e-05 150
1764907200753 4.991811180675741e-05 155
1764907248229 4.990127930795351e-05 160
1764907295564 4.988287800927775e-05 165
1764907343145 4.986290907002617e-05 170
1764907391087 4.9841373748257406e-05 175
1764907438834 4.9818273400713394e-05 180
1764907486736 4.979360948273393e-05 185
1764907534322 4.976738354816492e-05 190
1764907582399 4.973959724926055e-05 195
1764907630042 4.971025233657915e-05 200
1764907677601 4.967935065887295e-05 205
1764907725349 4.964689416297154e-05 210
1764907772889 4.9612884893659316e-05 215
1764907820376 4.957732499354655e-05 220
1764907867881 4.9540216702934483e-05 225
1764907915492 4.950156235967415e-05 230
1764907963008 4.94613643990191e-05 235
1764908010821 4.941962535347195e-05 240
1764908058187 4.93763478526249e-05 245
1764908106241 4.9331534622994007e-05 250
1764908153473 4.92851884878474e-05 255
1764908201270 4.92373123670275e-05 260
1764908249215 4.918790927676695e-05 265
1764908297069 4.913698232949869e-05 270
1764908344879 4.908453473365984e-05 275
1764908392735 4.903056979348951e-05 280
1764908440680 4.897509090882071e-05 285
1764908488497 4.8918101574866134e-05 290
1764908536438 4.885960538199791e-05 295
1764908584075 4.879960601552148e-05 300
1764908631780 4.8738107255443364e-05 305
1764908679734 4.867511297623306e-05 310
1764908727462 4.8610627146578935e-05 315
1764908774962 4.854465382913817e-05 320
1764908822796 4.8477197180280835e-05 325
1764908870585 4.8408261449828e-05 330
1764908918546 4.8337850980784044e-05 335
1764908966676 4.826597020906306e-05 340
1764909014406 4.819262366320928e-05 345
1764909062421 4.811781596411187e-05 350
1764909110376 4.804155182471378e-05 355
1764909157991 4.796383604971483e-05 360
1764909206184 4.7884673535269005e-05 365
1764909253949 4.780406926867598e-05 370
1764909301754 4.7722028328066944e-05 375
1764909349992 4.763855588208469e-05 380
1764909397640 4.75536571895579e-05 385
1764909445460 4.746733759916993e-05 390
1764909493550 4.737960254912181e-05 395
1764909541201 4.729045756678958e-05 400
1764909589473 4.719990826837614e-05 405
