1764905772398 0.1741303615272045 5
1764905819965 0.1739145778119564 10
1764905867697 0.17343076691031456 15
1764905915513 0.173982385545969 20
1764905963527 0.1654331013560295 25
1764906011205 0.12650080770254135 30
1764906058947 0.11382440477609634 35
1764906106104 0.12359235994517803 40
1764906154025 0.12661786191165447 45
1764906201533 0.1214660294353962 50
1764906248902 0.12326359748840332 55
1764906296463 0.12715459987521172 60
1764906343912 0.13089721649885178 65
1764906391465 0.1243022195994854 70
1764906439319 0.12827997468411922 75
1764906486680 0.12682082131505013 80
1764906534246 0.12391459569334984 85
1764906582060 0.13049419969320297 90
1764906629593 0.12661497294902802 95
1764906677166 0.11466511897742748 100
1764906724924 0.12481292709708214 105
1764906772371 0.1273688618093729 110
1764906819780 0.1424701325595379 115
1764906867465 0.13850758969783783 120
1764906915100 0.12223254330456257 125
1764906962882 0.12243014201521873 130
1764907010456 0.12462904304265976 135
1764907057800 0.1324840746819973 140
1764907105285 0.12439893558621407 145
1764907152797 0.12513400241732597 150
1764907200753 0.12348982878029346 155
1764907248229 0.12925491482019424 160
1764907295564 0.12970390543341637 165
1764907343145 0.12218953669071198 170
1764907391087 0.11959644220769405 175
1764907438834 0.12548557296395302 180
1764907486736 0.12025870941579342 185
1764907534322 0.10316118225455284 190
1764907582399 0.133858110755682 195
1764907630042 0.1157943569123745 200
1764907677601 0.12588327005505562 205
1764907725349 0.1245562694966793 210
1764907772889 0.11841093376278877 215
1764907820376 0.13013316690921783 220
1764907867881 0.1280762031674385 225
1764907915492 0.13108129426836967 230
1764907963008 0.12908332981169224 235
1764908010821 0.12267750315368176 240
1764908058187 0.1398034207522869 245
1764908106241 0.1358001008629799 250
1764908153473 0.13232892006635666 255
1764908201270 0.11668167822062969 260
1764908249215 0.13659781590104103 265
1764908297069 0.1303500272333622 270
1764908344879 0.14152347669005394 275
1764908392735 0.12883884832262993 280
1764908440680 0.10824436321854591 285
1764908488497 0.10426117479801178 290
1764908536438 0.11121101677417755 295
1764908584075 0.11400918290019035 300
1764908631780 0.11480402387678623 305
1764908679734 0.1195665542036295 310
1764908727462 0.10913237743079662 315
1764908774962 0.11749716475605965 320
1764908822796 0.1121863629668951 325
1764908870585 0.12262969836592674 330
1764908918546 0.1257034856826067 335
1764908966676 0.11745145730674267 340
1764909014406 0.12222795560956001 345
1764909062421 0.1157703809440136 350
1764909110376 0.12054732069373131 355
1764909157991 0.11952617391943932 360
1764909206184 0.10894463025033474 365
1764909253949 0.12090853974223137 370
1764909301754 0.12146720103919506 375
1764909349992 0.11596516519784927 380
1764909397640 0.1188530195504427 385
1764909445460 0.11729627661406994 390
1764909493550 0.11455160193145275 395
1764909541201 0.11175664328038692 400
1764909589473 0.10295768640935421 405
