1764905772398 0.1458333358168602 5
1764905819965 0.5208333358168602 10
1764905867697 0.6250000298023224 15
1764905915513 0.385416679084301 20
1764905963527 0.5520833432674408 25
1764906011205 0.5937500298023224 30
1764906058947 0.6041666716337204 35
1764906106104 0.6458333432674408 40
1764906154025 0.479166679084301 45
1764906201533 0.6666666716337204 50
1764906248902 0.5520833358168602 55
1764906296463 0.5729166939854622 60
1764906343912 0.5729166865348816 65
1764906391465 0.5208333507180214 70
1764906439319 0.5416666865348816 75
1764906486680 0.6250000149011612 80
1764906534246 0.5937500298023224 85
1764906582060 0.447916679084301 90
1764906629593 0.5312500149011612 95
1764906677166 0.6041666865348816 100
1764906724924 0.510416679084301 105
1764906772371 0.6041666865348816 110
1764906819780 0.4895833432674408 115
1764906867465 0.479166679084301 120
1764906915100 0.6250000149011612 125
1764906962882 0.5312500149011612 130
1764907010456 0.6041666939854622 135
1764907057800 0.6041666865348816 140
1764907105285 0.5625000149011612 145
1764907152797 0.6250000223517418 150
1764907200753 0.5937500149011612 155
1764907248229 0.6250000223517418 160
1764907295564 0.6250000149011612 165
1764907343145 0.6354166939854622 170
1764907391087 0.5937500149011612 175
1764907438834 0.5833333507180214 180
1764907486736 0.5729167014360428 185
1764907534322 0.5208333358168602 190
1764907582399 0.6145833432674408 195
1764907630042 0.6041666865348816 200
1764907677601 0.6562500298023224 205
1764907725349 0.6145833432674408 210
1764907772889 0.5937500149011612 215
1764907820376 0.5833333432674408 220
1764907867881 0.6354166939854622 225
1764907915492 0.6041666865348816 230
1764907963008 0.5937500298023224 235
1764908010821 0.5937500298023224 240
1764908058187 0.5312500074505806 245
1764908106241 0.7187500298023224 250
1764908153473 0.6145833358168602 255
1764908201270 0.645833358168602 260
1764908249215 0.614583358168602 265
1764908297069 0.6562500223517418 270
1764908344879 0.5312500298023224 275
1764908392735 0.6562500149011612 280
1764908440680 0.6666666865348816 285
1764908488497 0.583333358168602 290
1764908536438 0.7187500149011612 295
1764908584075 0.6250000298023224 300
1764908631780 0.5625000149011612 305
1764908679734 0.6666666865348816 310
1764908727462 0.5937500149011612 315
1764908774962 0.614583358168602 320
1764908822796 0.5833333432674408 325
1764908870585 0.6041667014360428 330
1764908918546 0.5937500149011612 335
1764908966676 0.6250000298023224 340
1764909014406 0.6250000298023224 345
1764909062421 0.6250000149011612 350
1764909110376 0.6145833432674408 355
1764909157991 0.6041666865348816 360
1764909206184 0.645833358168602 365
1764909253949 0.6562500149011612 370
1764909301754 0.6041666716337204 375
1764909349992 0.6041666865348816 380
1764909397640 0.6041666865348816 385
1764909445460 0.5937500149011612 390
1764909493550 0.6250000298023224 395
1764909541201 0.6666666865348816 400
1764909589473 0.6354166865348816 405
