1764905772398 9.61538651923077e-06 5
1764905819965 1.923077103846154e-05 10
1764905867697 2.884615555769231e-05 15
1764905915513 3.846154007692307e-05 20
1764905963527 4.807692459615382e-05 25
1764906011205 5.769230911538459e-05 30
1764906058947 6.730769363461536e-05 35
1764906106104 7.692307815384613e-05 40
1764906154025 8.65384626730769e-05 45
1764906201533 9.61538471923077e-05 50
1764906248902 0.00010576923171153848 55
1764906296463 0.00011538461623076926 60
1764906343912 0.00012500000075 65
1764906391465 0.00013461538526923078 70
1764906439319 0.00014423076978846154 75
1764906486680 0.0001538461543076923 80
1764906534246 0.00016346153882692302 85
1764906582060 0.00017307692334615375 90
1764906629593 0.0001826923078653845 95
1764906677166 0.00019230769238461526 100
1764906724924 0.0001999998739978168 105
1764906772371 0.00019999546395474505 110
1764906819780 0.00019998475412004007 115
1764906867465 0.0001999677451684298 120
1764906915100 0.0001999444381714913 125
1764906962882 0.00019991483459758346 130
1764907010456 0.00019987893631175435 135
1764907057800 0.00019983674557562368 140
1764907105285 0.0001997882650472406 145
1764907152797 0.00019973349778091586 150
1764907200753 0.00019967244722702963 155
1764907248229 0.00019960511723181404 160
1764907295564 0.000199531512037111 165
1764907343145 0.00019945163628010468 170
1764907391087 0.00019936549499302962 175
1764907438834 0.00019927309360285358 180
1764907486736 0.00019917443793093572 185
1764907534322 0.00019906953419265969 190
1764907582399 0.0001989583889970422 195
1764907630042 0.0001988410093463166 200
1764907677601 0.0001987174026354918 205
1764907725349 0.00019858757665188617 210
1764907772889 0.00019845153957463726 215
1764907820376 0.0001983092999741862 220
1764907867881 0.00019816086681173793 225
1764907915492 0.0001980062494386966 230
1764907963008 0.0001978454575960764 235
1764908010821 0.0001976785014138878 240
1764908058187 0.0001975053914104996 245
1764908106241 0.00019732613849197603 250
1764908153473 0.0001971407539513896 255
1764908201270 0.00019694924946811 260
1764908249215 0.0001967516371070678 265
1764908297069 0.00019654792931799475 270
1764908344879 0.00019633813893463935 275
1764908392735 0.00019612227917395803 280
1764908440680 0.00019590036363528285 285
1764908488497 0.00019567240629946454 290
1764908536438 0.00019543842152799164 295
1764908584075 0.00019519842406208593 300
1764908631780 0.00019495242902177346 305
1764908679734 0.00019470045190493225 310
1764908727462 0.00019444250858631574 315
1764908774962 0.00019417861531655268 320
1764908822796 0.00019390878872112334 325
1764908870585 0.000193633045799312 330
1764908918546 0.00019335140392313618 335
1764908966676 0.00019306388083625224 340
1764909014406 0.00019277049465283712 345
1764909062421 0.00019247126385644748 350
1764909110376 0.00019216620729885513 355
1764909157991 0.00019185534419885933 360
1764909206184 0.00019153869414107602 365
1764909253949 0.0001912162770747039 370
1764909301754 0.00019088811331226778 375
1764909349992 0.00019055422352833875 380
1764909397640 0.0001902146287582316 385
1764909445460 0.00018986935039667972 390
1764909493550 0.00018951841019648725 395
1764909541201 0.00018916183026715833 400
1764909589473 0.00018879963307350455 405
