1764062657764 0.6494140625 1
1764062666743 0.62109375 2
1764062675581 0.796875 3
1764062684357 0.67431640625 4
1764062693256 0.8193359375 5
1764062702253 0.6376953125 6
1764062711122 0.53125 7
1764062720037 0.6689453125 8
1764062728838 0.5263671875 9
1764062737689 0.5693359375 10
1764062746612 0.490234375 11
1764062755476 0.4990234375 12
1764062764349 0.5986328125 13
1764062773304 0.6240234375 14
1764062782196 0.6708984375 15
1764062791182 0.625 16
1764062800116 0.654296875 17
1764062809015 0.662109375 18
1764062818053 0.75390625 19
1764062827145 0.716796875 20
1764062835860 0.783203125 21
1764062844759 0.896484375 22
1764062853786 0.98046875 23
1764062862734 1.046875 24
1764062871568 1.1328125 25
1764062880529 1.259765625 26
1764062889649 1.4375 27
1764062898604 1.55859375 28
1764062907580 1.70703125 29
1764062916687 1.947265625 30
1764062925718 2.072265625 31
1764062934535 2.3203125 32
1764062943279 2.61328125 33
1764062952155 2.71875 34
1764062961198 2.9609375 35
1764062970286 3.14453125 36
1764062979286 3.33203125 37
1764062988434 3.62109375 38
1764062997207 3.62109375 39
1764063006063 3.765625 40
1764063014762 3.95703125 41
1764063023725 3.9921875 42
1764063032696 4.0625 43
1764063041786 3.92578125 44
1764063050684 3.96484375 45
1764063059690 3.9140625 46
1764063068581 3.98046875 47
1764063077458 3.890625 48
1764063086434 3.94921875 49
1764063095417 3.9296875 50
1764063104355 4.015625 51
1764063113364 3.8828125 52
1764063122419 4.171875 53
1764063131331 4.0 54
1764063140417 4.09375 55
1764063149442 4.1484375 56
1764063158547 4.109375 57
1764063167369 4.0859375 58
1764063176251 4.05859375 59
1764063185153 4.015625 60
1764063194069 4.140625 61
1764063202982 4.2890625 62
1764063211681 4.15625 63
1764063220680 4.0859375 64
1764063229464 4.2421875 65
1764063238367 4.3125 66
1764063247273 4.1484375 67
1764063256009 4.2734375 68
1764063264927 4.33203125 69
1764063273919 4.390625 70
1764063282763 4.609375 71
1764063291605 4.4921875 72
1764063300575 4.5703125 73
1764063309398 4.515625 74
1764063318499 4.703125 75
1764063327427 4.8125 76
1764063336199 4.5546875 77
1764063345063 4.796875 78
1764063353831 4.6171875 79
1764063362990 4.6484375 80
1764063372071 4.53125 81
1764063380928 4.7109375 82
1764063389653 4.9140625 83
1764063398527 4.8046875 84
1764063407486 4.703125 85
1764063416305 5.0078125 86
1764063425388 5.1328125 87
1764063434383 5.15625 88
1764063443437 5.015625 89
1764063452243 4.7734375 90
1764063461060 5.4296875 91
1764063470026 4.6328125 92
1764063479132 5.0546875 93
1764063488137 5.1953125 94
1764063497198 5.4140625 95
1764063506052 5.296875 96
1764063515000 5.203125 97
1764063523885 4.9921875 98
1764063532894 5.125 99
1764063541779 5.1640625 100
1764063550665 5.2265625 101
1764063559622 5.5078125 102
1764063568717 4.953125 103
1764063577773 5.1171875 104
1764063586864 5.125 105
1764063595995 5.359375 106
1764063604962 5.6171875 107
1764063613976 5.328125 108
1764063622890 5.3828125 109
1764063631808 4.875 110
1764063640890 5.625 111
1764063649677 5.4140625 112
1764063658723 5.171875 113
1764063667897 5.671875 114
1764063676887 5.2578125 115
1764063685813 5.375 116
1764063694866 5.3125 117
1764063703804 5.390625 118
1764063712661 5.203125 119
1764063721726 5.25 120
1764063730504 5.734375 121
1764063739535 5.125 122
1764063748489 5.5546875 123
1764063757465 5.9765625 124
1764063766393 5.6796875 125
1764063775339 5.5546875 126
1764063784232 5.2265625 127
1764063793216 5.03125 128
1764063802076 5.6640625 129
1764063811137 5.625 130
1764063819926 5.1484375 131
1764063829094 5.609375 132
1764063837996 5.484375 133
1764063846941 5.859375 134
1764063855911 5.4765625 135
1764063864748 5.8046875 136
1764063873887 5.796875 137
1764063882886 6.015625 138
1764063891832 5.6640625 139
1764063900827 5.4609375 140
1764063909652 5.9765625 141
1764063918699 6.0234375 142
1764063927766 5.484375 143
1764063936978 5.7734375 144
1764063945961 5.59375 145
1764063954752 5.3359375 146
1764063963861 5.859375 147
1764063972802 5.828125 148
1764063981851 6.0546875 149
1764063990841 5.703125 150
1764063999718 6.2265625 151
1764064008625 5.703125 152
1764064017460 5.609375 153
1764064026268 5.7578125 154
1764064035045 5.921875 155
1764064044005 6.078125 156
1764064052705 5.8828125 157
1764064061533 6.015625 158
1764064070516 5.640625 159
1764064079405 6.34375 160
1764064088342 5.9140625 161
1764064097255 5.734375 162
1764064106257 5.9453125 163
1764064115249 5.875 164
1764064124191 5.2578125 165
1764064133044 6.390625 166
1764064141989 6.015625 167
1764064150960 5.6953125 168
1764064159958 6.2421875 169
1764064169010 6.109375 170
1764064177986 5.453125 171
1764064186887 6.2421875 172
1764064195825 5.796875 173
1764064204475 5.921875 174
1764064213351 5.9140625 175
1764064222144 5.65625 176
1764064231106 5.84375 177
1764064239916 5.953125 178
1764064249001 5.8203125 179
1764064257821 5.4453125 180
1764064266678 5.546875 181
1764064275459 6.2109375 182
1764064284312 5.515625 183
1764064293174 5.8828125 184
1764064302113 6.328125 185
1764064311045 5.421875 186
1764064319929 5.9609375 187
1764064329099 6.046875 188
1764064338045 5.96875 189
1764064346941 6.078125 190
1764064355773 6.375 191
1764064364755 6.1171875 192
1764064373694 6.3515625 193
1764064382709 6.2109375 194
1764064391684 6.171875 195
1764064400547 5.765625 196
1764064409563 6.15625 197
1764064418500 6.0 198
1764064427518 6.25 199
1764064436368 5.1484375 200
1764064445325 6.0 201
1764064454300 5.703125 202
1764064463373 5.8046875 203
1764064472249 6.1328125 204
1764064481166 5.828125 205
1764064490080 5.96875 206
1764064498930 6.4921875 207
1764064507832 6.046875 208
1764064516784 6.0234375 209
1764064525965 5.5 210
1764064534850 5.3046875 211
1764064543764 5.703125 212
1764064552777 6.1484375 213
1764064561681 5.53125 214
1764064570699 5.71875 215
1764064579701 6.0078125 216
1764064588662 6.125 217
1764064597572 5.9765625 218
1764064606312 6.3515625 219
1764064615152 5.984375 220
1764064624006 6.1171875 221
1764064632964 5.734375 222
1764064641987 5.9765625 223
1764064650901 5.890625 224
1764064659850 6.3671875 225
1764064668738 5.8828125 226
1764064677692 6.4765625 227
1764064686585 5.9765625 228
1764064695463 5.796875 229
1764064704396 6.2109375 230
1764064713266 6.4296875 231
1764064722289 5.9765625 232
1764064731407 6.09375 233
1764064740423 5.1328125 234
1764064749449 5.8046875 235
1764064758377 5.8359375 236
1764064767245 5.875 237
1764064776267 6.2734375 238
1764064785089 6.4765625 239
1764064793982 5.796875 240
1764064803140 6.046875 241
1764064812131 6.359375 242
1764064820928 6.2109375 243
1764064829746 5.875 244
1764064838689 5.953125 245
1764064847578 5.7265625 246
1764064856665 6.40625 247
1764064865484 6.15625 248
1764064874342 5.9765625 249
1764064883249 5.6328125 250
1764064892231 6.1953125 251
1764064901047 5.953125 252
1764064909903 6.390625 253
1764064918690 5.84375 254
1764064927805 6.2890625 255
1764064936643 6.1875 256
1764064945447 5.5390625 257
1764064954352 6.75 258
1764064963224 6.2578125 259
