1764062657764 0.10106968134641647 1
1764062666743 0.0996645987033844 2
1764062675581 0.10020756907761097 3
1764062684357 0.09932513535022736 4
1764062693256 0.10363960824906826 5
1764062702253 0.10220171138644218 6
1764062711122 0.10149495117366314 7
1764062720037 0.1036806721240282 8
1764062728838 0.10820948332548141 9
1764062737689 0.1101250909268856 10
1764062746612 0.11811592802405357 11
1764062755476 0.12468062900006771 12
1764062764349 0.1329079195857048 13
1764062773304 0.14507752284407616 14
1764062782196 0.1551467441022396 15
1764062791182 0.1706375926733017 16
1764062800116 0.1810057982802391 17
1764062809015 0.18895148485898972 18
1764062818053 0.19816166162490845 19
1764062827145 0.20362915843725204 20
1764062835860 0.23326366767287254 21
1764062844759 0.23724224790930748 22
1764062853786 0.24906319752335548 23
1764062862734 0.27239201962947845 24
1764062871568 0.29127373546361923 25
1764062880529 0.31605349481105804 26
1764062889649 0.3481304422020912 27
1764062898604 0.38311826437711716 28
1764062907580 0.43069589138031006 29
1764062916687 0.4657129794359207 30
1764062925718 0.5041401833295822 31
1764062934535 0.5501578599214554 32
1764062943279 0.5848569124937057 33
1764062952155 0.6624526977539062 34
1764062961198 0.7020778656005859 35
1764062970286 0.7212453186511993 36
1764062979286 0.786981388926506 37
1764062988434 0.822770282626152 38
1764062997207 0.8867084085941315 39
1764063006063 0.9053767770528793 40
1764063014762 0.9459348618984222 41
1764063023725 0.8965124636888504 42
1764063032696 0.9514483660459518 43
1764063041786 0.9412013292312622 44
1764063050684 0.9242740124464035 45
1764063059690 0.9163772314786911 46
1764063068581 0.8808896243572235 47
1764063077458 0.9157136082649231 48
1764063086434 0.9098994433879852 49
1764063095417 0.8983900994062424 50
1764063104355 0.902507409453392 51
1764063113364 0.8985426276922226 52
1764063122419 0.9096953719854355 53
1764063131331 0.9140476435422897 54
1764063140417 0.9132220894098282 55
1764063149442 0.9217772334814072 56
1764063158547 0.9128045290708542 57
1764063167369 0.9070541858673096 58
1764063176251 0.9180552512407303 59
1764063185153 0.9116617143154144 60
1764063194069 0.8907346427440643 61
1764063202982 0.8847490549087524 62
1764063211681 0.8712926506996155 63
1764063220680 0.8428201079368591 64
1764063229464 0.8676331490278244 65
1764063238367 0.8758359104394913 66
1764063247273 0.8728117197751999 67
1764063256009 0.8771412819623947 68
1764063264927 0.8810063153505325 69
1764063273919 0.8514305949211121 70
1764063282763 0.870555967092514 71
1764063291605 0.8891183286905289 72
1764063300575 0.8566068112850189 73
1764063309398 0.8665057420730591 74
1764063318499 0.8717866390943527 75
1764063327427 0.8599734008312225 76
1764063336199 0.8519157022237778 77
1764063345063 0.8641589134931564 78
1764063353831 0.8581502586603165 79
1764063362990 0.8286581486463547 80
1764063372071 0.8623670786619186 81
1764063380928 0.8668533116579056 82
1764063389653 0.875586986541748 83
1764063398527 0.8565805703401566 84
1764063407486 0.8604156523942947 85
1764063416305 0.8411218374967575 86
1764063425388 0.8540404587984085 87
1764063434383 0.8485641330480576 88
1764063443437 0.8236857801675797 89
1764063452243 0.8063606172800064 90
1764063461060 0.8137761056423187 91
1764063470026 0.7813224047422409 92
1764063479132 0.8187752068042755 93
1764063488137 0.8047330975532532 94
1764063497198 0.8595365434885025 95
1764063506052 0.8580467253923416 96
1764063515000 0.8523423224687576 97
1764063523885 0.8323788046836853 98
1764063532894 0.8095960468053818 99
1764063541779 0.8081878423690796 100
1764063550665 0.796433687210083 101
1764063559622 0.8255716264247894 102
1764063568717 0.7980549037456512 103
1764063577773 0.8331047594547272 104
1764063586864 0.8323054313659668 105
1764063595995 0.8437906354665756 106
1764063604962 0.8359771072864532 107
1764063613976 0.8269355744123459 108
1764063622890 0.8341971635818481 109
1764063631808 0.8271461129188538 110
1764063640890 0.8210795521736145 111
1764063649677 0.8377029448747635 112
1764063658723 0.822996661067009 113
1764063667897 0.8118630200624466 114
1764063676887 0.8004318922758102 115
1764063685813 0.8365967869758606 116
1764063694866 0.7992049157619476 117
1764063703804 0.7975749373435974 118
1764063712661 0.7917874604463577 119
1764063721726 0.7998785376548767 120
1764063730504 0.84112548828125 121
1764063739535 0.8507430404424667 122
1764063748489 0.8433333188295364 123
1764063757465 0.8449724465608597 124
1764063766393 0.8327330201864243 125
1764063775339 0.8192054480314255 126
1764063784232 0.8049751669168472 127
1764063793216 0.7967235445976257 128
1764063802076 0.8151482343673706 129
1764063811137 0.8100631088018417 130
1764063819926 0.8216955363750458 131
1764063829094 0.7957445532083511 132
1764063837996 0.8428763747215271 133
1764063846941 0.8244859129190445 134
1764063855911 0.79317906498909 135
1764063864748 0.8005123287439346 136
1764063873887 0.8076709806919098 137
1764063882886 0.821431890130043 138
1764063891832 0.8324736654758453 139
1764063900827 0.838238388299942 140
1764063909652 0.7880143076181412 141
1764063918699 0.7778371572494507 142
1764063927766 0.8066754639148712 143
1764063936978 0.7630188912153244 144
1764063945961 0.834382951259613 145
1764063954752 0.7982805967330933 146
1764063963861 0.8113033175468445 147
1764063972802 0.8364334851503372 148
1764063981851 0.816129207611084 149
1764063990841 0.8208197206258774 150
1764063999718 0.8155699819326401 151
1764064008625 0.7878794968128204 152
1764064017460 0.8089962303638458 153
1764064026268 0.7982838898897171 154
1764064035045 0.816117987036705 155
1764064044005 0.8025985658168793 156
1764064052705 0.8496513366699219 157
1764064061533 0.8263686895370483 158
1764064070516 0.7793432027101517 159
1764064079405 0.8239149898290634 160
1764064088342 0.8262637853622437 161
1764064097255 0.7947981208562851 162
1764064106257 0.811144083738327 163
1764064115249 0.8024652600288391 164
1764064124191 0.8105731904506683 165
1764064133044 0.8248259276151657 166
1764064141989 0.8033618032932281 167
1764064150960 0.8096285611391068 168
1764064159958 0.820496067404747 169
1764064169010 0.8093162477016449 170
1764064177986 0.7996131628751755 171
1764064186887 0.8198068141937256 172
1764064195825 0.8159714788198471 173
1764064204475 0.8385869413614273 174
1764064213351 0.8314803242683411 175
1764064222144 0.8183431774377823 176
1764064231106 0.8107394874095917 177
1764064239916 0.7877342700958252 178
1764064249001 0.7747565507888794 179
1764064257821 0.8238229751586914 180
1764064266678 0.8284282088279724 181
1764064275459 0.8249488174915314 182
1764064284312 0.8237570077180862 183
1764064293174 0.8366079479455948 184
1764064302113 0.8202379047870636 185
1764064311045 0.8073915094137192 186
1764064319929 0.808426022529602 187
1764064329099 0.8115051239728928 188
1764064338045 0.8100024163722992 189
1764064346941 0.8417663276195526 190
1764064355773 0.8337843269109726 191
1764064364755 0.8420960456132889 192
1764064373694 0.8138386607170105 193
1764064382709 0.7907911390066147 194
1764064391684 0.8234815299510956 195
1764064400547 0.7957028150558472 196
1764064409563 0.8076050281524658 197
1764064418500 0.8334261924028397 198
1764064427518 0.8399844616651535 199
1764064436368 0.8391450941562653 200
1764064445325 0.8044883459806442 201
1764064454300 0.7830432802438736 202
1764064463373 0.7943218499422073 203
1764064472249 0.8080966919660568 204
1764064481166 0.8152717649936676 205
1764064490080 0.8231571167707443 206
1764064498930 0.8288220465183258 207
1764064507832 0.8005793243646622 208
1764064516784 0.827272891998291 209
1764064525965 0.8123107254505157 210
1764064534850 0.8001215159893036 211
1764064543764 0.801134467124939 212
1764064552777 0.7674450576305389 213
1764064561681 0.8147628307342529 214
1764064570699 0.8209820687770844 215
1764064579701 0.8010629117488861 216
1764064588662 0.8301728516817093 217
1764064597572 0.8279870599508286 218
1764064606312 0.8351166248321533 219
1764064615152 0.837339237332344 220
1764064624006 0.8266777396202087 221
1764064632964 0.8186067044734955 222
1764064641987 0.8192639648914337 223
1764064650901 0.806576669216156 224
1764064659850 0.8132557570934296 225
1764064668738 0.8133207112550735 226
1764064677692 0.8110791146755219 227
1764064686585 0.8116592764854431 228
1764064695463 0.8118602186441422 229
1764064704396 0.8260927945375443 230
1764064713266 0.8157602250576019 231
1764064722289 0.8141557276248932 232
1764064731407 0.809487983584404 233
1764064740423 0.7811791300773621 234
1764064749449 0.8123501390218735 235
1764064758377 0.8483063131570816 236
1764064767245 0.8375965654850006 237
1764064776267 0.8300741612911224 238
1764064785089 0.7920836806297302 239
1764064793982 0.7909500896930695 240
1764064803140 0.7905175983905792 241
1764064812131 0.8295705169439316 242
1764064820928 0.8419481217861176 243
1764064829746 0.8399693220853806 244
1764064838689 0.8144220560789108 245
1764064847578 0.7992532551288605 246
1764064856665 0.7943483889102936 247
1764064865484 0.8407900780439377 248
1764064874342 0.8053590059280396 249
1764064883249 0.7759395688772202 250
1764064892231 0.8357542008161545 251
1764064901047 0.8341671824455261 252
1764064909903 0.8277333825826645 253
1764064918690 0.8061493486166 254
1764064927805 0.8159063458442688 255
1764064936643 0.7884207963943481 256
1764064945447 0.8021510243415833 257
1764064954352 0.8333595097064972 258
1764064963224 0.8252028375864029 259
