1764163805167 0.96533203125 1
1764163814327 1.18359375 2
1764163823452 1.04296875 3
1764163832604 1.1484375 4
1764163841835 1.25390625 5
1764163851064 0.9375 6
1764163860279 1.388671875 7
1764163869496 1.181640625 8
1764163878708 0.9814453125 9
1764163887905 1.1494140625 10
1764163897219 0.9521484375 11
1764163906408 1.115234375 12
1764163915676 1.0126953125 13
1764163924841 0.962890625 14
1764163934038 1.2919921875 15
1764163943250 0.91064453125 16
1764163952640 1.802734375 17
1764163962051 1.4921875 18
1764163971220 1.0146484375 19
1764163980406 1.05859375 20
1764163989574 0.951171875 21
1764163998987 1.560546875 22
1764164008144 1.2041015625 23
1764164017344 1.580078125 24
1764164026501 1.0234375 25
1764164035629 1.42578125 26
1764164044828 1.60546875 27
1764164053995 1.548828125 28
1764164063186 1.728515625 29
1764164072355 1.720703125 30
1764164081503 1.671875 31
1764164090683 1.814453125 32
1764164099874 1.916015625 33
1764164109078 1.884765625 34
1764164118230 1.947265625 35
1764164127352 1.734375 36
1764164136517 2.58203125 37
1764164145684 2.34375 38
1764164154815 2.30078125 39
1764164163970 2.25 40
1764164173172 2.21484375 41
1764164182305 2.3671875 42
1764164191407 2.287109375 43
1764164200556 2.99609375 44
1764164209697 2.373046875 45
1764164218875 2.83203125 46
1764164228000 2.52734375 47
1764164237140 3.03125 48
1764164246268 2.78515625 49
1764164255436 3.07421875 50
1764164264575 3.3359375 51
1764164273721 3.5390625 52
1764164282854 3.62109375 53
1764164291999 3.78515625 54
1764164301158 4.296875 55
1764164310358 4.68359375 56
1764164319575 5.0390625 57
1764164328708 4.7109375 58
1764164337852 4.9921875 59
1764164347007 5.484375 60
1764164356140 5.75 61
1764164365296 6.34375 62
1764164374455 5.9375 63
1764164383643 6.6015625 64
1764164392754 7.140625 65
1764164401910 7.375 66
1764164411060 7.1171875 67
1764164420205 7.515625 68
1764164429399 8.609375 69
1764164438532 8.625 70
1764164447696 8.15625 71
1764164456864 8.375 72
1764164466072 9.671875 73
1764164475240 9.890625 74
1764164484414 10.890625 75
1764164493557 10.59375 76
1764164502798 10.359375 77
1764164511927 11.734375 78
1764164521056 12.046875 79
1764164530213 12.03125 80
1764164539399 12.34375 81
1764164548546 13.359375 82
1764164557665 13.484375 83
1764164566836 13.4375 84
1764164576007 14.65625 85
1764164585166 13.859375 86
1764164594313 14.4375 87
1764164603448 16.390625 88
1764164612593 16.296875 89
1764164621733 17.09375 90
1764164630935 16.90625 91
1764164640054 16.75 92
1764164649215 17.15625 93
1764164658403 19.53125 94
1764164667518 19.6875 95
1764164676670 20.625 96
1764164685828 21.28125 97
1764164694968 22.71875 98
1764164704088 22.78125 99
1764164713279 23.09375 100
1764164722438 25.3125 101
1764164731592 25.46875 102
1764164740707 25.25 103
1764164749872 27.59375 104
1764164758993 28.3125 105
1764164768087 29.46875 106
1764164777221 31.4375 107
1764164786382 31.46875 108
1764164795487 32.75 109
1764164804643 34.25 110
1764164813787 35.75 111
1764164822954 36.6875 112
1764164832111 36.8125 113
1764164841302 38.625 114
1764164850433 40.8125 115
1764164859577 42.4375 116
1764164868752 42.9375 117
1764164877909 42.4375 118
1764164887075 45.375 119
