1764163805167 11.765625 1
1764163814327 11.765625 2
1764163823452 13.0625 3
1764163832604 11.734375 4
1764163841835 12.0625 5
1764163851064 10.984375 6
1764163860279 13.0625 7
1764163869496 11.125 8
1764163878708 10.046875 9
1764163887905 11.4375 10
1764163897219 10.765625 11
1764163906408 11.5625 12
1764163915676 11.125 13
1764163924841 10.71875 14
1764163934038 12.65625 15
1764163943250 10.78125 16
1764163952640 16.3125 17
1764163962051 13.171875 18
1764163971220 11.46875 19
1764163980406 11.921875 20
1764163989574 11.265625 21
1764163998987 12.671875 22
1764164008144 11.328125 23
1764164017344 13.078125 24
1764164026501 10.875 25
1764164035629 13.3125 26
1764164044828 13.6875 27
1764164053995 12.765625 28
1764164063186 13.78125 29
1764164072355 14.140625 30
1764164081503 13.15625 31
1764164090683 13.09375 32
1764164099874 14.640625 33
1764164109078 13.8125 34
1764164118230 14.828125 35
1764164127352 13.421875 36
1764164136517 20.625 37
1764164145684 17.75 38
1764164154815 15.53125 39
1764164163970 15.625 40
1764164173172 15.75 41
1764164182305 16.53125 42
1764164191407 15.9375 43
1764164200556 20.90625 44
1764164209697 15.828125 45
1764164218875 20.375 46
1764164228000 16.640625 47
1764164237140 22.40625 48
1764164246268 19.3125 49
1764164255436 20.625 50
1764164264575 24.8125 51
1764164273721 24.5 52
1764164282854 25.8125 53
1764164291999 28.0 54
1764164301158 31.96875 55
1764164310358 37.28125 56
1764164319575 41.75 57
1764164328708 35.4375 58
1764164337852 41.9375 59
1764164347007 45.5625 60
1764164356140 50.125 61
1764164365296 56.625 62
1764164374455 52.1875 63
1764164383643 60.625 64
1764164392754 69.9375 65
1764164401910 75.375 66
1764164411060 69.5 67
1764164420205 75.3125 68
1764164429399 95.0 69
1764164438532 93.375 70
1764164447696 84.25 71
1764164456864 89.0 72
1764164466072 116.25 73
1764164475240 120.625 74
1764164484414 141.5 75
1764164493557 134.875 76
1764164502798 135.25 77
1764164511927 160.25 78
1764164521056 171.5 79
1764164530213 170.75 80
1764164539399 181.0 81
1764164548546 201.5 82
1764164557665 207.0 83
1764164566836 208.75 84
1764164576007 241.75 85
1764164585166 220.25 86
1764164594313 234.5 87
1764164603448 295.25 88
1764164612593 292.5 89
1764164621733 319.0 90
1764164630935 312.5 91
1764164640054 316.75 92
1764164649215 330.0 93
1764164658403 402.0 94
1764164667518 421.0 95
1764164676670 457.5 96
1764164685828 484.5 97
1764164694968 547.0 98
1764164704088 549.0 99
1764164713279 570.0 100
1764164722438 678.0 101
1764164731592 696.0 102
1764164740707 686.0 103
1764164749872 811.0 104
1764164758993 846.0 105
1764164768087 923.0 106
1764164777221 1027.0 107
1764164786382 1052.0 108
1764164795487 1113.0 109
1764164804643 1216.0 110
1764164813787 1332.0 111
1764164822954 1396.0 112
1764164832111 1402.0 113
1764164841302 1546.0 114
1764164850433 1714.0 115
1764164859577 1836.0 116
1764164868752 1890.0 117
1764164877909 1904.0 118
1764164887075 2154.0 119
