1764163805167 3.40234375 1
1764163814327 3.4140625 2
1764163823452 3.6015625 3
1764163832604 3.41796875 4
1764163841835 3.44140625 5
1764163851064 3.30078125 6
1764163860279 3.54296875 7
1764163869496 3.31640625 8
1764163878708 3.15625 9
1764163887905 3.35546875 10
1764163897219 3.26953125 11
1764163906408 3.37890625 12
1764163915676 3.3046875 13
1764163924841 3.265625 14
1764163934038 3.51953125 15
1764163943250 3.2578125 16
1764163952640 3.9296875 17
1764163962051 3.5625 18
1764163971220 3.3671875 19
1764163980406 3.4375 20
1764163989574 3.32421875 21
1764163998987 3.4765625 22
1764164008144 3.33203125 23
1764164017344 3.5625 24
1764164026501 3.2890625 25
1764164035629 3.57421875 26
1764164044828 3.640625 27
1764164053995 3.52734375 28
1764164063186 3.6328125 29
1764164072355 3.65625 30
1764164081503 3.54296875 31
1764164090683 3.51953125 32
1764164099874 3.703125 33
1764164109078 3.57421875 34
1764164118230 3.72265625 35
1764164127352 3.57421875 36
1764164136517 4.2265625 37
1764164145684 3.94921875 38
1764164154815 3.71875 39
1764164163970 3.734375 40
1764164173172 3.76953125 41
1764164182305 3.81640625 42
1764164191407 3.75 43
1764164200556 4.09765625 44
1764164209697 3.71875 45
1764164218875 4.109375 46
1764164228000 3.7734375 47
1764164237140 4.21875 48
1764164246268 4.0 49
1764164255436 4.015625 50
1764164264575 4.38671875 51
1764164273721 4.203125 52
1764164282854 4.328125 53
1764164291999 4.453125 54
1764164301158 4.5546875 55
1764164310358 4.796875 56
1764164319575 5.0 57
1764164328708 4.65625 58
1764164337852 5.0625 59
1764164347007 5.0234375 60
1764164356140 5.2421875 61
1764164365296 5.2265625 62
1764164374455 5.1796875 63
1764164383643 5.390625 64
1764164392754 5.6484375 65
1764164401910 5.8515625 66
1764164411060 5.6171875 67
1764164420205 5.6953125 68
1764164429399 6.0390625 69
1764164438532 5.9453125 70
1764164447696 5.7265625 71
1764164456864 5.71875 72
1764164466072 6.390625 73
1764164475240 6.3984375 74
1764164484414 6.609375 75
1764164493557 6.4765625 76
1764164502798 6.8125 77
1764164511927 6.71875 78
1764164521056 6.9765625 79
1764164530213 6.9375 80
1764164539399 7.140625 81
1764164548546 6.921875 82
1764164557665 7.015625 83
1764164566836 7.28125 84
1764164576007 7.3828125 85
1764164585166 7.3828125 86
1764164594313 7.2734375 87
1764164603448 7.625 88
1764164612593 7.703125 89
1764164621733 7.78125 90
1764164630935 7.703125 91
1764164640054 8.203125 92
1764164649215 8.21875 93
1764164658403 7.6953125 94
1764164667518 8.34375 95
1764164676670 8.40625 96
1764164685828 8.453125 97
1764164694968 8.609375 98
1764164704088 8.53125 99
1764164713279 8.8125 100
1764164722438 9.09375 101
1764164731592 9.78125 102
1764164740707 9.84375 103
1764164749872 9.90625 104
1764164758993 9.515625 105
1764164768087 10.59375 106
1764164777221 9.9375 107
1764164786382 11.046875 108
1764164795487 10.46875 109
1764164804643 10.515625 110
1764164813787 10.75 111
1764164822954 10.765625 112
1764164832111 11.03125 113
1764164841302 11.203125 114
1764164850433 11.46875 115
1764164859577 10.703125 116
1764164868752 11.375 117
1764164877909 13.25 118
1764164887075 13.1875 119
