1764774844011 0.03999531269073486 5
1764774884306 0.03937898948788643 10
1764774924848 0.03979699686169624 15
1764774965308 0.040204182267189026 20
1764775006039 0.04037494957447052 25
1764775046912 0.04065880551934242 30
1764775087267 0.040459875017404556 35
1764775127969 0.040563423186540604 40
1764775168706 0.040570493787527084 45
1764775209057 0.040388066321611404 50
1764775249695 0.04038313031196594 55
1764775290221 0.04110319912433624 60
1764775330720 0.04027985781431198 65
1764775371251 0.04020480811595917 70
1764775411698 0.0400007925927639 75
1764775452262 0.039877794682979584 80
1764775492842 0.039851561188697815 85
1764775533196 0.03977855667471886 90
1764775573720 0.04020777344703674 95
1764775614274 0.040635474026203156 100
1764775654745 0.04025617986917496 105
1764775695355 0.040157705545425415 110
1764775735786 0.04046200215816498 115
1764775776241 0.04058830812573433 120
1764775816851 0.04066504165530205 125
1764775857126 0.04094380885362625 130
1764775897786 0.04044178128242493 135
1764775938243 0.03973791003227234 140
1764775978879 0.03980514034628868 145
1764776019600 0.039816733449697495 150
1764776059912 0.04057617858052254 155
1764776100534 0.04081498831510544 160
1764776141233 0.040523041039705276 165
1764776181522 0.04072323441505432 170
1764776222241 0.040625523775815964 175
1764776262920 0.04091397672891617 180
1764776303256 0.04080420732498169 185
1764776343979 0.040756404399871826 190
1764776384443 0.04029388725757599 195
1764776424995 0.04037795960903168 200
1764776465580 0.040437281131744385 205
1764776506057 0.04060797765851021 210
1764776546678 0.03960028290748596 215
1764776587304 0.04053332284092903 220
1764776627722 0.04075264185667038 225
1764776668270 0.04043549299240112 230
1764776708857 0.04027307778596878 235
1764776749307 0.040425341576337814 240
1764776789813 0.040974341332912445 245
1764776830472 0.0409090630710125 250
1764776870942 0.041367057710886 255
1764776911638 0.040537893772125244 260
1764776952201 0.04041106253862381 265
1764776992853 0.0401248000562191 270
1764777033487 0.040713898837566376 275
1764777074175 0.04093137010931969 280
1764777114723 0.040353648364543915 285
1764777155364 0.03999573364853859 290
1764777195821 0.039992574602365494 295
1764777236397 0.0399247407913208 300
1764777277106 0.03953835368156433 305
1764777317550 0.040028929710388184 310
1764777358174 0.04041247069835663 315
1764777398791 0.04056256264448166 320
1764777439372 0.04068102315068245 325
1764777479932 0.04031839221715927 330
1764777520446 0.04107417166233063 335
1764777560874 0.04094451665878296 340
1764777601427 0.040343403816223145 345
1764777642069 0.04039337858557701 350
1764777682827 0.04032856598496437 355
1764777723336 0.0403122641146183 360
1764777763874 0.040692493319511414 365
1764777804411 0.04049960523843765 370
1764777845012 0.041068509221076965 375
1764777885481 0.04062213376164436 380
1764777926138 0.040315065532922745 385
1764777966652 0.040577616542577744 390
1764778007092 0.0404181107878685 395
1764778047625 0.04022178053855896 400
1764778088076 0.04041589796543121 405
1764778128771 0.04010990262031555 410
1764778169365 0.04034530371427536 415
1764778209794 0.04052557796239853 420
1764778250482 0.040464457124471664 425
1764778291160 0.04021398350596428 430
1764778331578 0.04034449905157089 435
1764778372128 0.04001227766275406 440
1764778412617 0.040247175842523575 445
1764778453176 0.04090571030974388 450
1764778493825 0.040302641689777374 455
1764778534533 0.04033149778842926 460
1764778575304 0.040440160781145096 465
1764778615703 0.04076800122857094 470
1764778656306 0.04096202924847603 475
1764778696942 0.04060056805610657 480
1764778737650 0.04036630317568779 485
1764778778432 0.040394920855760574 490
1764778819014 0.04050309583544731 495
1764778859392 0.03985637053847313 500
1764778900015 0.040839314460754395 505
1764778940494 0.040584955364465714 510
1764778980996 0.04048730805516243 515
1764779021576 0.0398712232708931 520
