1764774844011 0.0016936578322201967 5
1764774884306 0.001581928227096796 10
1764774924848 0.001602410920895636 15
1764774965308 0.0016005219658836722 20
1764775006039 0.0016655140789225698 25
1764775046912 0.0016868310049176216 30
1764775087267 0.001663941890001297 35
1764775127969 0.0016447374364361167 40
1764775168706 0.0016229040920734406 45
1764775209057 0.0016426265938207507 50
1764775249695 0.0016111411387100816 55
1764775290221 0.0016562541713938117 60
1764775330720 0.0015990148531273007 65
1764775371251 0.0016263657016679645 70
1764775411698 0.0016133161261677742 75
1764775452262 0.0016535696340724826 80
1764775492842 0.0016303437296301126 85
1764775533196 0.0016205795109272003 90
1764775573720 0.0016228753374889493 95
1764775614274 0.0016338389832526445 100
1764775654745 0.0016232470516115427 105
1764775695355 0.0016198059311136603 110
1764775735786 0.0016412123804911971 115
1764775776241 0.0016032956773415208 120
1764775816851 0.0016581736272200942 125
1764775857126 0.001646081218495965 130
1764775897786 0.001627138233743608 135
1764775938243 0.001586952363140881 140
1764775978879 0.0015675881877541542 145
1764776019600 0.0015913639217615128 150
1764776059912 0.00165308709256351 155
1764776100534 0.0016855791909620166 160
1764776141233 0.0016273392830044031 165
1764776181522 0.00164504605345428 170
1764776222241 0.0016204995336011052 175
1764776262920 0.001621520146727562 180
1764776303256 0.0016416024882346392 185
1764776343979 0.0016240529948845506 190
1764776384443 0.001582439406774938 195
1764776424995 0.0015930387889966369 200
1764776465580 0.0016259383410215378 205
1764776506057 0.0016289325430989265 210
1764776546678 0.0015496817650273442 215
1764776587304 0.0016095738392323256 220
1764776627722 0.0016551270382478833 225
1764776668270 0.001618402311578393 230
1764776708857 0.00159845978487283 235
1764776749307 0.001605334458872676 240
1764776789813 0.00163931620772928 245
1764776830472 0.0016158518847078085 250
1764776870942 0.0016603384865447879 255
1764776911638 0.001619057497009635 260
1764776952201 0.0016239127144217491 265
1764776992853 0.001620546798221767 270
1764777033487 0.001596746384166181 275
1764777074175 0.0016270094783976674 280
1764777114723 0.0015930217923596501 285
1764777155364 0.0015911830123513937 290
1764777195821 0.0015831008786335588 295
1764777236397 0.0015969497617334127 300
1764777277106 0.0015815718797966838 305
1764777317550 0.0016145006520673633 310
1764777358174 0.0016043022042140365 315
1764777398791 0.0016110085416585207 320
1764777439372 0.0016540831420570612 325
1764777479932 0.0016315748216584325 330
1764777520446 0.0016836583381518722 335
1764777560874 0.0016902870265766978 340
1764777601427 0.0016794753028079867 345
1764777642069 0.0016324252355843782 350
1764777682827 0.0016054275911301374 355
1764777723336 0.0015621951315551996 360
1764777763874 0.0016476585296913981 365
1764777804411 0.0016356447013095021 370
1764777845012 0.0016397429862990975 375
1764777885481 0.0016708581242710352 380
1764777926138 0.001661882153712213 385
1764777966652 0.0016759411664679646 390
1764778007092 0.0016387765062972903 395
1764778047625 0.001663818722590804 400
1764778088076 0.0016545190010219812 405
1764778128771 0.0016428451053798199 410
1764778169365 0.0016702243592590094 415
1764778209794 0.0016531692817807198 420
1764778250482 0.001599481445737183 425
1764778291160 0.001601344789378345 430
1764778331578 0.0016559349605813622 435
1764778372128 0.0016191692557185888 440
1764778412617 0.00160645239520818 445
1764778453176 0.0016205230494961143 450
1764778493825 0.0015703535173088312 455
1764778534533 0.0015719427028670907 460
1764778575304 0.001569922547787428 465
1764778615703 0.001602356438525021 470
1764778656306 0.0016720141284167767 475
1764778696942 0.0016340170986950397 480
1764778737650 0.0016120055224746466 485
1764778778432 0.0016330333892256021 490
1764778819014 0.0016512112924829125 495
1764778859392 0.001630014507099986 500
1764778900015 0.0016677764942869544 505
1764778940494 0.0016141891246661544 510
1764778980996 0.001612732419744134 515
1764779021576 0.0016005029901862144 520
