1764421291066 1.421875 5
1764421352432 1.171875 10
1764421413708 1.0546875 15
1764421474858 1.0625 20
1764421536102 1.125 25
1764421597259 1.09375 30
1764421658473 1.109375 35
1764421719655 1.2421875 40
1764421780963 1.1328125 45
1764421842303 1.1328125 50
1764421903703 1.21875 55
1764421964874 1.21875 60
1764422026135 1.359375 65
1764422087417 1.2265625 70
1764422148705 1.1875 75
1764422210148 1.1640625 80
1764422271339 1.2109375 85
1764422332666 1.21875 90
1764422394077 1.2109375 95
1764422455472 1.34375 100
