1764923190248 0.49991873651742935 5
1764923240726 0.5036999583244324 10
1764923291602 0.5093935877084732 15
1764923342366 0.5230805426836014 20
1764923392705 0.555560976266861 25
1764923443278 0.6179704815149307 30
1764923493897 0.6635102480649948 35
1764923544321 0.6226423233747482 40
1764923595022 0.6038313508033752 45
1764923645951 0.6261643320322037 50
1764923697226 0.6451733708381653 55
1764923748076 0.6236033737659454 60
1764923799110 0.6302911639213562 65
1764923849497 0.6169365048408508 70
1764923900300 0.6211530119180679 75
1764923951391 0.6229831874370575 80
1764924001944 0.6345759481191635 85
1764924052653 0.6033960431814194 90
1764924103602 0.6258763074874878 95
1764924154575 0.6348258703947067 100
1764924204823 0.6114708036184311 105
1764924255482 0.6129702627658844 110
1764924306241 0.6200581192970276 115
1764924356812 0.6026615798473358 120
1764924407641 0.6193479299545288 125
1764924458499 0.6071399599313736 130
1764924509008 0.6274798065423965 135
1764924559908 0.6238968670368195 140
1764924610957 0.5940538942813873 145
1764924661597 0.6227719187736511 150
1764924712560 0.6252907812595367 155
1764924763197 0.5860268622636795 160
1764924814063 0.6222056746482849 165
1764924864719 0.5658513754606247 170
1764924915570 0.6215449273586273 175
1764924966313 0.6258901059627533 180
1764925017027 0.6283852308988571 185
1764925067758 0.5909400433301926 190
1764925118148 0.6392094641923904 195
1764925168734 0.6076796799898148 200
1764925219301 0.621690109372139 205
1764925270212 0.5986910164356232 210
1764925320877 0.5726315826177597 215
1764925371371 0.6258421540260315 220
1764925421926 0.6100830584764481 225
1764925472731 0.573904737830162 230
1764925523409 0.6378601491451263 235
1764925573999 0.632979080080986 240
1764925624708 0.6186613738536835 245
1764925675436 0.6030460298061371 250
1764925726049 0.6292610764503479 255
1764925776988 0.5843196511268616 260
1764925827482 0.6052679568529129 265
1764925877934 0.5954781323671341 270
1764925928811 0.6121530383825302 275
1764925979381 0.6170212030410767 280
1764926029855 0.5861855000257492 285
1764926080626 0.6203459352254868 290
1764926131177 0.6064972430467606 295
1764926181639 0.655539259314537 300
1764926232279 0.6232518702745438 305
1764926282900 0.5836554765701294 310
1764926333658 0.6272513419389725 315
1764926384295 0.5783776044845581 320
1764926435190 0.6119753122329712 325
1764926486050 0.61833555996418 330
1764926536586 0.6294960826635361 335
1764926587560 0.6060131043195724 340
1764926637880 0.5783739238977432 345
1764926688682 0.5950634926557541 350
1764926739703 0.6112978905439377 355
1764926790425 0.6272487044334412 360
1764926841335 0.6042666733264923 365
1764926892230 0.6095605343580246 370
1764926942635 0.589121401309967 375
1764926993200 0.6326950043439865 380
1764927043762 0.6049210280179977 385
1764927094381 0.5918367803096771 390
1764927145488 0.600032240152359 395
1764927196195 0.5948205888271332 400
1764927247105 0.5994065403938293 405
1764927297813 0.5575684905052185 410
1764927348331 0.6505013406276703 415
1764927423632 0.6114704459905624 420
1764927474900 0.5988662391901016 425
1764927526242 0.6524093449115753 430
1764927577513 0.6090158820152283 435
1764927628619 0.6195994913578033 440
1764927679630 0.6099167168140411 445
1764927730330 0.5347395837306976 450
1764927781127 0.6579365879297256 455
1764927831806 0.6063395440578461 460
1764927882719 0.6249064356088638 465
1764927933179 0.6296244114637375 470
1764927983818 0.6096150279045105 475
1764928034531 0.562559649348259 480
1764928085069 0.6488575786352158 485
1764928135655 0.6206522434949875 490
1764928186378 0.5877252221107483 495
1764928236894 0.6078646183013916 500
1764928287488 0.5935681462287903 505
1764928338218 0.616521418094635 510
1764928388864 0.5456031709909439 515
1764928439489 0.5819021165370941 520
1764928490112 0.6325021386146545 525
1764928540817 0.6104221642017365 530
1764928591599 0.6285897493362427 535
1764928642786 0.6076280027627945 540
1764928693638 0.6377053409814835 545
1764928744267 0.6194683611392975 550
1764928795125 0.6117492914199829 555
1764928846031 0.6271924376487732 560
1764928896601 0.5537770837545395 565
1764928947779 0.6121702790260315 570
1764928998863 0.6138820499181747 575
1764929050179 0.6212946325540543 580
1764929100989 0.5839923918247223 585
1764929151510 0.6269478052854538 590
1764929202393 0.6107541620731354 595
1764929252887 0.5844952166080475 600
1764929303444 0.6054876893758774 605
1764929354348 0.6210722923278809 610
1764929404682 0.5877239257097244 615
1764929455436 0.6155081391334534 620
1764929506246 0.6183319836854935 625
1764929556485 0.6091826260089874 630
1764929607386 0.6154639571905136 635
1764929657994 0.5715098679065704 640
1764929708813 0.6427647620439529 645
1764929759564 0.5788166671991348 650
1764929810321 0.6367983818054199 655
1764929861060 0.6205701678991318 660
1764929911967 0.5722767859697342 665
1764929962532 0.6274884045124054 670
1764930012971 0.6314198821783066 675
1764930063529 0.6129326522350311 680
1764930114235 0.5979910343885422 685
1764930165044 0.608807846903801 690
1764930215650 0.5832008421421051 695
1764930266636 0.6595029681921005 700
1764930317373 0.5762058943510056 705
1764930367726 0.5995403081178665 710
1764930418537 0.6344101428985596 715
1764930469155 0.535947635769844 720
1764930519898 0.6533747017383575 725
1764930570974 0.6138473898172379 730
1764930621636 0.6010569930076599 735
1764930672401 0.6152474731206894 740
1764930723209 0.5795970410108566 745
1764930774032 0.6080283373594284 750
1764930825469 0.636164590716362 755
1764930877124 0.5808682143688202 760
1764930927723 0.5465737208724022 765
1764930978654 0.6100067496299744 770
1764931029360 0.6197383105754852 775
1764931079828 0.6020541936159134 780
1764931131222 0.6180110424757004 785
1764931182146 0.6216912120580673 790
1764931233148 0.6472255736589432 795
1764931284088 0.6258066892623901 800
1764931334915 0.6240129768848419 805
1764931385465 0.5707714110612869 810
1764931435997 0.642791211605072 815
1764931486884 0.578238844871521 820
1764931537383 0.6191297918558121 825
1764931587820 0.612747386097908 830
1764931663031 0.5902910679578781 835
1764931714169 0.6187170296907425 840
1764931765410 0.6453210115432739 845
1764931816544 0.5466460883617401 850
1764931867690 0.5937681943178177 855
1764931918914 0.6475254893302917 860
1764931969773 0.6156529039144516 865
1764932020599 0.6328008770942688 870
1764932071174 0.6025198996067047 875
1764932122230 0.6076133698225021 880
1764932172808 0.6315496414899826 885
1764932223455 0.5979792028665543 890
1764932274184 0.628870040178299 895
1764932324894 0.5998199135065079 900
1764932375589 0.5885411500930786 905
1764932426281 0.6398041844367981 910
1764932476992 0.6658357530832291 915
1764932528038 0.6173943132162094 920
1764932578941 0.6057809889316559 925
1764932629581 0.6412697434425354 930
1764932680440 0.5450349301099777 935
1764932731260 0.6322456002235413 940
1764932782039 0.6231220811605453 945
1764932832889 0.6127310991287231 950
1764932883467 0.5818209946155548 955
1764932934175 0.6167885065078735 960
1764932984621 0.622744545340538 965
1764933035100 0.5861747115850449 970
1764933086062 0.6197060942649841 975
1764933136601 0.6003908663988113 980
1764933187352 0.5742126256227493 985
1764933237861 0.6281996071338654 990
1764933288346 0.6049387007951736 995
1764933338904 0.5811304152011871 1000
1764933389825 0.6117111146450043 1005
1764933440354 0.609487846493721 1010
1764933490978 0.6065466552972794 1015
1764933541530 0.6142049133777618 1020
1764933592179 0.5747584402561188 1025
1764933642748 0.5919441431760788 1030
1764933693412 0.619963750243187 1035
1764933744029 0.6259375214576721 1040
1764933794776 0.5961713343858719 1045
1764933845334 0.6432410925626755 1050
1764933896628 0.6448613703250885 1055
1764933947470 0.5723097324371338 1060
1764933997809 0.630396842956543 1065
1764934048228 0.6547405421733856 1070
1764934098985 0.6038519740104675 1075
1764934149874 0.6025803834199905 1080
1764934200357 0.5678637623786926 1085
1764934251301 0.6018564403057098 1090
1764934302354 0.623469352722168 1095
1764934353025 0.6149307042360306 1100
1764934403944 0.6289546340703964 1105
1764934455084 0.6213812232017517 1110
1764934506040 0.6025262176990509 1115
1764934557104 0.639916330575943 1120
1764934608086 0.5998607277870178 1125
1764934658983 0.6025457829236984 1130
1764934709713 0.641000509262085 1135
1764934760388 0.6045387983322144 1140
1764934811213 0.6152718216180801 1145
1764934861833 0.635942205786705 1150
1764934912522 0.6431489139795303 1155
1764934962695 0.6190588474273682 1160
1764935013137 0.5609040260314941 1165
1764935063700 0.6334681957960129 1170
1764935114009 0.6395698636770248 1175
1764935164371 0.5797240138053894 1180
1764935215310 0.6038713753223419 1185
1764935265765 0.627428263425827 1190
1764935316763 0.6307268440723419 1195
1764935368300 0.5551306158304214 1200
1764935419340 0.6523240208625793 1205
1764935470588 0.6157206594944 1210
1764935521446 0.6256744265556335 1215
1764935572154 0.6067007631063461 1220
1764935622939 0.5964648425579071 1225
1764935674056 0.6208361983299255 1230
1764935724643 0.6210840791463852 1235
1764935775749 0.633602499961853 1240
1764935826484 0.5949346125125885 1245
1764935901113 0.6310691833496094 1250
1764935952206 0.6062945425510406 1255
1764936003577 0.6315097361803055 1260
1764936055031 0.5978047102689743 1265
1764936106171 0.6174848228693008 1270
1764936157598 0.6308435499668121 1275
1764936208675 0.5982219874858856 1280
1764936259446 0.5947235226631165 1285
1764936310580 0.5994791984558105 1290
1764936361617 0.6275185793638229 1295
1764936412820 0.6261247545480728 1300
1764936463823 0.6019940823316574 1305
1764936514818 0.6195524781942368 1310
1764936565923 0.6111172735691071 1315
1764936617137 0.6275273561477661 1320
1764936667956 0.6290219873189926 1325
1764936719118 0.6121573150157928 1330
1764936769882 0.6249673366546631 1335
1764936820750 0.5901340395212173 1340
1764936871546 0.618337407708168 1345
1764936922653 0.626179650425911 1350
1764936973272 0.6411582231521606 1355
1764937024236 0.5855982899665833 1360
1764937074687 0.6067729741334915 1365
1764937125419 0.6268192529678345 1370
1764937176129 0.5987502932548523 1375
1764937227000 0.6037611812353134 1380
1764937277426 0.6236679702997208 1385
1764937328217 0.600311890244484 1390
1764937378711 0.6254629343748093 1395
1764937429566 0.628882884979248 1400
1764937480474 0.5888948291540146 1405
1764937531196 0.6278507858514786 1410
1764937581858 0.6173789799213409 1415
1764937632917 0.6221285462379456 1420
1764937683959 0.6207452267408371 1425
1764937734802 0.6111840158700943 1430
1764937785019 0.6310405135154724 1435
1764937835615 0.5594751387834549 1440
1764937886293 0.6078780591487885 1445
1764937936899 0.5824062526226044 1450
1764937987561 0.6131862998008728 1455
1764938038020 0.618943452835083 1460
1764938088462 0.6211017072200775 1465
1764938139106 0.62515589594841 1470
1764938189677 0.6287314295768738 1475
1764938240473 0.6035467982292175 1480
1764938291237 0.6118704229593277 1485
1764938342115 0.607918843626976 1490
1764938393215 0.6142944842576981 1495
1764938443693 0.6167620122432709 1500
1764938494302 0.617270827293396 1505
1764938544917 0.6195275634527206 1510
1764938595566 0.6241036504507065 1515
1764938646527 0.6266237944364548 1520
1764938697247 0.6026109457015991 1525
1764938748041 0.605073943734169 1530
1764938798622 0.5928449630737305 1535
1764938849608 0.6226458996534348 1540
1764938900313 0.5939021408557892 1545
1764938950896 0.5978084355592728 1550
1764939001298 0.6175404489040375 1555
1764939052099 0.6127608269453049 1560
1764939102993 0.6231647878885269 1565
1764939154123 0.6247225701808929 1570
1764939204787 0.60549096763134 1575
1764939255303 0.6007155776023865 1580
1764939306078 0.6054172366857529 1585
1764939356933 0.5912493765354156 1590
1764939407507 0.5871322304010391 1595
1764939458096 0.6251016408205032 1600
1764939508698 0.6083002388477325 1605
1764939559861 0.6161845326423645 1610
1764939610688 0.6062029749155045 1615
1764939661515 0.6035247147083282 1620
1764939712191 0.6335898637771606 1625
1764939762875 0.6254655718803406 1630
1764939813535 0.6323333084583282 1635
1764939863984 0.6119092404842377 1640
1764939914640 0.6185271441936493 1645
1764939965817 0.6038018018007278 1650
1764940016359 0.5887524634599686 1655
1764940066849 0.6055074483156204 1660
1764940117617 0.6361343562602997 1665
1764940188028 0.6080049723386765 1670
1764940238860 0.6189892590045929 1675
1764940290030 0.6000940352678299 1680
1764940340725 0.6112004816532135 1685
1764940391439 0.6203411519527435 1690
1764940442080 0.6064083427190781 1695
1764940492693 0.6013312488794327 1700
