1764923190248 0.5000640898942947 5
1764923240726 0.5037363469600677 10
1764923291602 0.5098301768302917 15
1764923342366 0.5228279829025269 20
1764923392705 0.5556438118219376 25
1764923443278 0.6186093240976334 30
1764923493897 0.6644741594791412 35
1764923544321 0.621350035071373 40
1764923595022 0.6031056940555573 45
1764923645951 0.6244200170040131 50
1764923697226 0.6400575041770935 55
1764923748076 0.6160140931606293 60
1764923799110 0.627390131354332 65
1764923849497 0.6050968021154404 70
1764923900300 0.6151019632816315 75
1764923951391 0.612707644701004 80
1764924001944 0.6113352924585342 85
1764924052653 0.5870081633329391 90
1764924103602 0.6196517944335938 95
1764924154575 0.6196945011615753 100
1764924204823 0.6020788103342056 105
1764924255482 0.599474772810936 110
1764924306241 0.5985908955335617 115
1764924356812 0.5894720703363419 120
1764924407641 0.6162469387054443 125
1764924458499 0.5951941907405853 130
1764924509008 0.5988517850637436 135
1764924559908 0.5937050431966782 140
1764924610957 0.571840450167656 145
1764924661597 0.5897336155176163 150
1764924712560 0.5940046310424805 155
1764924763197 0.5571208596229553 160
1764924814063 0.6006613969802856 165
1764924864719 0.5461747348308563 170
1764924915570 0.6063718795776367 175
1764924966313 0.5981970280408859 180
1764925017027 0.5910480320453644 185
1764925067758 0.5478276014328003 190
1764925118148 0.6164008229970932 195
1764925168734 0.5766993314027786 200
1764925219301 0.6045210659503937 205
1764925270212 0.5742182433605194 210
1764925320877 0.5453985333442688 215
1764925371371 0.6190112680196762 220
1764925421926 0.5868489444255829 225
1764925472731 0.5491322726011276 230
1764925523409 0.6063576489686966 235
1764925573999 0.6018651127815247 240
1764925624708 0.6129328012466431 245
1764925675436 0.5707818120718002 250
1764925726049 0.5910281836986542 255
1764925776988 0.5491699725389481 260
1764925827482 0.5748445093631744 265
1764925877934 0.564305990934372 270
1764925928811 0.58090840280056 275
1764925979381 0.589811846613884 280
1764926029855 0.5510893613100052 285
1764926080626 0.6003415733575821 290
1764926131177 0.577647939324379 295
1764926181639 0.6014726012945175 300
1764926232279 0.548700213432312 305
1764926282900 0.5570502579212189 310
1764926333658 0.5801109969615936 315
1764926384295 0.5277053564786911 320
1764926435190 0.5808982104063034 325
1764926486050 0.6080440133810043 330
1764926536586 0.600970521569252 335
1764926587560 0.5726026445627213 340
1764926637880 0.5150875449180603 345
1764926688682 0.5379931479692459 350
1764926739703 0.5881865918636322 355
1764926790425 0.6109552383422852 360
1764926841335 0.5558927804231644 365
1764926892230 0.5653193444013596 370
1764926942635 0.557538315653801 375
1764926993200 0.6098662614822388 380
1764927043762 0.5551317483186722 385
1764927094381 0.514201745390892 390
1764927145488 0.5632437318563461 395
1764927196195 0.5560398250818253 400
1764927247105 0.5588319301605225 405
1764927297813 0.5312915742397308 410
1764927348331 0.6141838282346725 415
1764927423632 0.5795283913612366 420
1764927474900 0.5773117393255234 425
1764927526242 0.6138577312231064 430
1764927577513 0.578219935297966 435
1764927628619 0.5938123464584351 440
1764927679630 0.562201201915741 445
1764927730330 0.4794716238975525 450
1764927781127 0.6178977191448212 455
1764927831806 0.5535564422607422 460
1764927882719 0.6044288873672485 465
1764927933179 0.605543777346611 470
1764927983818 0.5724534243345261 475
1764928034531 0.5410970449447632 480
1764928085069 0.5994183868169785 485
1764928135655 0.5958465486764908 490
1764928186378 0.5394696444272995 495
1764928236894 0.5616794973611832 500
1764928287488 0.5554729253053665 505
1764928338218 0.590275377035141 510
1764928388864 0.4979802668094635 515
1764928439489 0.5145664513111115 520
1764928490112 0.6060133278369904 525
1764928540817 0.5862609148025513 530
1764928591599 0.5946754664182663 535
1764928642786 0.5741610676050186 540
1764928693638 0.6134576946496964 545
1764928744267 0.5804738253355026 550
1764928795125 0.5588355362415314 555
1764928846031 0.5783485919237137 560
1764928896601 0.4700447991490364 565
1764928947779 0.5626131296157837 570
1764928998863 0.5859718024730682 575
1764929050179 0.5768889039754868 580
1764929100989 0.5207213014364243 585
1764929151510 0.6032240688800812 590
1764929202393 0.5599950850009918 595
1764929252887 0.5268435478210449 600
1764929303444 0.5773206353187561 605
1764929354348 0.5979376286268234 610
1764929404682 0.5587588250637054 615
1764929455436 0.5767392367124557 620
1764929506246 0.5720962733030319 625
1764929556485 0.5553973615169525 630
1764929607386 0.5788635313510895 635
1764929657994 0.5228980183601379 640
1764929708813 0.5676139444112778 645
1764929759564 0.5284433513879776 650
1764929810321 0.5609120428562164 655
1764929861060 0.575538843870163 660
1764929911967 0.5421586632728577 665
1764929962532 0.592023953795433 670
1764930012971 0.588450014591217 675
1764930063529 0.5830522179603577 680
1764930114235 0.5523018687963486 685
1764930165044 0.537437915802002 690
1764930215650 0.5033131167292595 695
1764930266636 0.5953313559293747 700
1764930317373 0.5280273854732513 705
1764930367726 0.5587075352668762 710
1764930418537 0.585941731929779 715
1764930469155 0.4720245897769928 720
1764930519898 0.6140843629837036 725
1764930570974 0.5813745409250259 730
1764930621636 0.583864375948906 735
1764930672401 0.5579536706209183 740
1764930723209 0.5315755307674408 745
1764930774032 0.5661861151456833 750
1764930825469 0.5610076636075974 755
1764930877124 0.5555863678455353 760
1764930927723 0.5155233144760132 765
1764930978654 0.5393838882446289 770
1764931029360 0.5604473203420639 775
1764931079828 0.5126461312174797 780
1764931131222 0.5356835573911667 785
1764931182146 0.5521978139877319 790
1764931233148 0.5755752176046371 795
1764931284088 0.5514024943113327 800
1764931334915 0.5535667836666107 805
1764931385465 0.47713542729616165 810
1764931435997 0.5618608295917511 815
1764931486884 0.524567537009716 820
1764931537383 0.5613286346197128 825
1764931587820 0.5719534903764725 830
1764931663031 0.5535982102155685 835
1764931714169 0.5519371032714844 840
1764931765410 0.5663541853427887 845
1764931816544 0.48174088448286057 850
1764931867690 0.5431406795978546 855
1764931918914 0.5809860229492188 860
1764931969773 0.5648105293512344 865
1764932020599 0.5735525786876678 870
1764932071174 0.5567756444215775 875
1764932122230 0.5399159044027328 880
1764932172808 0.5795649886131287 885
1764932223455 0.5172304809093475 890
1764932274184 0.5688265711069107 895
1764932324894 0.5434996634721756 900
1764932375589 0.5511582940816879 905
1764932426281 0.5382210910320282 910
1764932476992 0.5865807086229324 915
1764932528038 0.5586173087358475 920
1764932578941 0.5712150484323502 925
1764932629581 0.5589228123426437 930
1764932680440 0.4967646151781082 935
1764932731260 0.5718850791454315 940
1764932782039 0.5642626136541367 945
1764932832889 0.5632728189229965 950
1764932883467 0.5398170053958893 955
1764932934175 0.5562300384044647 960
1764932984621 0.542822390794754 965
1764933035100 0.5070069953799248 970
1764933086062 0.5482915788888931 975
1764933136601 0.557982861995697 980
1764933187352 0.5244564116001129 985
1764933237861 0.5481406152248383 990
1764933288346 0.5657460242509842 995
1764933338904 0.5341794937849045 1000
1764933389825 0.5419092178344727 1005
1764933440354 0.525285430252552 1010
1764933490978 0.5531834661960602 1015
1764933541530 0.5761463642120361 1020
1764933592179 0.5200325697660446 1025
1764933642748 0.5198727399110794 1030
1764933693412 0.5587611794471741 1035
1764933744029 0.5492239445447922 1040
1764933794776 0.5276542454957962 1045
1764933845334 0.5720989406108856 1050
1764933896628 0.5873041301965714 1055
1764933947470 0.5121661424636841 1060
1764933997809 0.5844756066799164 1065
1764934048228 0.5903361588716507 1070
1764934098985 0.5717490464448929 1075
1764934149874 0.5339071601629257 1080
1764934200357 0.5362376868724823 1085
1764934251301 0.5393037348985672 1090
1764934302354 0.5888926386833191 1095
1764934353025 0.5506446212530136 1100
1764934403944 0.591730996966362 1105
1764934455084 0.5807333290576935 1110
1764934506040 0.5233207121491432 1115
1764934557104 0.5716336816549301 1120
1764934608086 0.5600540041923523 1125
1764934658983 0.5418367683887482 1130
1764934709713 0.5768914520740509 1135
1764934760388 0.5540885329246521 1140
1764934811213 0.5212980955839157 1145
1764934861833 0.5557138174772263 1150
1764934912522 0.5704371631145477 1155
1764934962695 0.5579572767019272 1160
1764935013137 0.5217813849449158 1165
1764935063700 0.5858269184827805 1170
1764935114009 0.5973744094371796 1175
1764935164371 0.5515026897192001 1180
1764935215310 0.540357917547226 1185
1764935265765 0.5559621453285217 1190
1764935316763 0.5647706836462021 1195
1764935368300 0.5001164749264717 1200
1764935419340 0.5948276817798615 1205
1764935470588 0.5888522118330002 1210
1764935521446 0.5678374171257019 1215
1764935572154 0.5458147823810577 1220
1764935622939 0.5611161291599274 1225
1764935674056 0.5488924160599709 1230
1764935724643 0.5490022897720337 1235
1764935775749 0.5421683937311172 1240
1764935826484 0.5422503054141998 1245
1764935901113 0.5314643085002899 1250
1764935952206 0.5063525587320328 1255
1764936003577 0.5569333285093307 1260
1764936055031 0.5141339153051376 1265
1764936106171 0.563865065574646 1270
1764936157598 0.5703254789113998 1275
1764936208675 0.5573973506689072 1280
1764936259446 0.5238486677408218 1285
1764936310580 0.5286315456032753 1290
1764936361617 0.5534399598836899 1295
1764936412820 0.5531729459762573 1300
1764936463823 0.5505681931972504 1305
1764936514818 0.5457335710525513 1310
1764936565923 0.5612259954214096 1315
1764936617137 0.5613135099411011 1320
1764936667956 0.5633621364831924 1325
1764936719118 0.5698756277561188 1330
1764936769882 0.5434044003486633 1335
1764936820750 0.514331765472889 1340
1764936871546 0.5355404168367386 1345
1764936922653 0.5566817224025726 1350
1764936973272 0.5896430909633636 1355
1764937024236 0.5270126760005951 1360
1764937074687 0.5295546501874924 1365
1764937125419 0.5449952781200409 1370
1764937176129 0.537346862256527 1375
1764937227000 0.5500791966915131 1380
1764937277426 0.5261513292789459 1385
1764937328217 0.5475638955831528 1390
1764937378711 0.5468253344297409 1395
1764937429566 0.5587005913257599 1400
1764937480474 0.536781832575798 1405
1764937531196 0.5268296003341675 1410
1764937581858 0.5628288239240646 1415
1764937632917 0.5628765821456909 1420
1764937683959 0.5899691730737686 1425
1764937734802 0.5227228403091431 1430
1764937785019 0.5303136110305786 1435
1764937835615 0.4901425614953041 1440
1764937886293 0.5127306878566742 1445
1764937936899 0.5063194334506989 1450
1764937987561 0.5294882208108902 1455
1764938038020 0.6052444130182266 1460
1764938088462 0.557099923491478 1465
1764938139106 0.5625515729188919 1470
1764938189677 0.5508001297712326 1475
1764938240473 0.5422248840332031 1480
1764938291237 0.5389336496591568 1485
1764938342115 0.5459087640047073 1490
1764938393215 0.5536530464887619 1495
1764938443693 0.5690171420574188 1500
1764938494302 0.5786074995994568 1505
1764938544917 0.5655149221420288 1510
1764938595566 0.5589268207550049 1515
1764938646527 0.5328729897737503 1520
1764938697247 0.5124882981181145 1525
1764938748041 0.5342269688844681 1530
1764938798622 0.5130279511213303 1535
1764938849608 0.5531675815582275 1540
1764938900313 0.5242181569337845 1545
1764938950896 0.515532374382019 1550
1764939001298 0.5230452120304108 1555
1764939052099 0.5706409215927124 1560
1764939102993 0.5900539606809616 1565
1764939154123 0.538660541176796 1570
1764939204787 0.5460447371006012 1575
1764939255303 0.5406543016433716 1580
1764939306078 0.5403830856084824 1585
1764939356933 0.5345227792859077 1590
1764939407507 0.5278607904911041 1595
1764939458096 0.5498201102018356 1600
1764939508698 0.5621607452630997 1605
1764939559861 0.5451922714710236 1610
1764939610688 0.5314503908157349 1615
1764939661515 0.5243752300739288 1620
1764939712191 0.539338693022728 1625
1764939762875 0.5428514033555984 1630
1764939813535 0.5532961487770081 1635
1764939863984 0.5585830062627792 1640
1764939914640 0.5508929044008255 1645
1764939965817 0.5376895815134048 1650
1764940016359 0.5414117947220802 1655
1764940066849 0.5463498383760452 1660
1764940117617 0.5597052872180939 1665
1764940188028 0.5244069918990135 1670
1764940238860 0.5386451035737991 1675
1764940290030 0.5193331763148308 1680
1764940340725 0.5414521098136902 1685
1764940391439 0.5375209301710129 1690
1764940442080 0.5312075763940811 1695
1764940492693 0.5549421459436417 1700
