1764923190248 0.0 5
1764923240726 41.5 10
1764923291602 3.06640625 15
1764923342366 3.97265625 20
1764923392705 4.03515625 25
1764923443278 4.0703125 30
1764923493897 3.86328125 35
1764923544321 3.75390625 40
1764923595022 3.625 45
1764923645951 3.71875 50
1764923697226 3.765625 55
1764923748076 3.77734375 60
1764923799110 3.73828125 65
1764923849497 3.91015625 70
1764923900300 3.94921875 75
1764923951391 4.06640625 80
1764924001944 4.02734375 85
1764924052653 3.87890625 90
1764924103602 3.875 95
1764924154575 3.8203125 100
1764924204823 4.25 105
1764924255482 4.1328125 110
1764924306241 4.0859375 115
1764924356812 4.0 120
1764924407641 3.9453125 125
1764924458499 4.0546875 130
1764924509008 4.01953125 135
1764924559908 4.0 140
1764924610957 4.109375 145
1764924661597 3.890625 150
1764924712560 4.05859375 155
1764924763197 4.1328125 160
1764924814063 4.125 165
1764924864719 4.125 170
1764924915570 4.2890625 175
1764924966313 4.19140625 180
1764925017027 4.2890625 185
1764925067758 4.296875 190
1764925118148 4.2578125 195
1764925168734 4.34375 200
1764925219301 4.3828125 205
1764925270212 4.3203125 210
1764925320877 4.328125 215
1764925371371 4.14453125 220
1764925421926 4.30859375 225
1764925472731 4.28125 230
1764925523409 4.15625 235
1764925573999 4.65625 240
1764925624708 4.546875 245
1764925675436 4.765625 250
1764925726049 4.2578125 255
1764925776988 4.3828125 260
1764925827482 4.515625 265
1764925877934 4.37890625 270
1764925928811 4.4453125 275
1764925979381 4.2890625 280
1764926029855 4.17578125 285
1764926080626 4.09375 290
1764926131177 4.46875 295
1764926181639 4.453125 300
1764926232279 4.2734375 305
1764926282900 4.5546875 310
1764926333658 4.609375 315
1764926384295 4.5859375 320
1764926435190 4.53125 325
1764926486050 4.6640625 330
1764926536586 4.4140625 335
1764926587560 4.3984375 340
1764926637880 4.28125 345
1764926688682 4.3828125 350
1764926739703 4.4453125 355
1764926790425 4.22265625 360
1764926841335 4.390625 365
1764926892230 4.9609375 370
1764926942635 4.5859375 375
1764926993200 4.203125 380
1764927043762 4.859375 385
1764927094381 4.6171875 390
1764927145488 5.09375 395
1764927196195 4.3828125 400
1764927247105 4.40625 405
1764927297813 4.234375 410
1764927348331 4.0859375 415
1764927423632 4.4609375 420
1764927474900 4.4140625 425
1764927526242 4.3671875 430
1764927577513 4.45703125 435
1764927628619 4.5078125 440
1764927679630 4.53125 445
1764927730330 4.4765625 450
1764927781127 4.5625 455
1764927831806 4.421875 460
1764927882719 4.7890625 465
1764927933179 4.578125 470
1764927983818 5.1484375 475
1764928034531 4.5546875 480
1764928085069 4.7578125 485
1764928135655 4.4296875 490
1764928186378 4.46875 495
1764928236894 4.640625 500
1764928287488 4.6171875 505
1764928338218 4.4453125 510
1764928388864 4.5859375 515
1764928439489 4.46875 520
1764928490112 4.3828125 525
1764928540817 4.5078125 530
1764928591599 4.65625 535
1764928642786 4.7265625 540
1764928693638 4.5625 545
1764928744267 4.59375 550
1764928795125 4.7265625 555
1764928846031 4.5546875 560
1764928896601 4.5 565
1764928947779 4.4765625 570
1764928998863 4.4609375 575
1764929050179 4.35546875 580
1764929100989 4.5390625 585
1764929151510 4.40625 590
1764929202393 5.1328125 595
1764929252887 4.9921875 600
1764929303444 4.4375 605
1764929354348 4.453125 610
1764929404682 4.4140625 615
1764929455436 4.375 620
1764929506246 4.390625 625
1764929556485 4.4375 630
1764929607386 4.53125 635
1764929657994 4.609375 640
1764929708813 4.28125 645
1764929759564 4.46875 650
1764929810321 4.4765625 655
1764929861060 4.625 660
1764929911967 4.6171875 665
1764929962532 4.32421875 670
1764930012971 4.53125 675
1764930063529 4.4609375 680
1764930114235 4.359375 685
1764930165044 4.921875 690
1764930215650 5.15625 695
1764930266636 4.65625 700
1764930317373 4.8203125 705
1764930367726 4.5703125 710
1764930418537 4.4765625 715
1764930469155 4.375 720
1764930519898 4.3671875 725
1764930570974 4.7890625 730
1764930621636 4.6171875 735
1764930672401 4.6015625 740
1764930723209 4.734375 745
1764930774032 4.4921875 750
1764930825469 4.984375 755
1764930877124 4.7265625 760
1764930927723 4.8671875 765
1764930978654 4.59375 770
1764931029360 5.015625 775
1764931079828 4.6875 780
1764931131222 4.6484375 785
1764931182146 4.4453125 790
1764931233148 4.640625 795
1764931284088 4.515625 800
1764931334915 4.625 805
1764931385465 4.6953125 810
1764931435997 4.6953125 815
1764931486884 4.8984375 820
1764931537383 4.609375 825
1764931587820 4.234375 830
1764931663031 4.640625 835
1764931714169 4.5078125 840
1764931765410 4.546875 845
1764931816544 4.578125 850
1764931867690 4.578125 855
1764931918914 4.5078125 860
1764931969773 4.6640625 865
1764932020599 4.5078125 870
1764932071174 4.5234375 875
1764932122230 4.546875 880
1764932172808 4.6328125 885
1764932223455 4.7578125 890
1764932274184 4.734375 895
1764932324894 4.7734375 900
1764932375589 5.0390625 905
1764932426281 4.796875 910
1764932476992 4.78125 915
1764932528038 4.6484375 920
1764932578941 4.71875 925
1764932629581 4.5234375 930
1764932680440 4.7421875 935
1764932731260 4.4375 940
1764932782039 4.453125 945
1764932832889 4.6953125 950
1764932883467 4.484375 955
1764932934175 4.4140625 960
1764932984621 4.5390625 965
1764933035100 4.5234375 970
1764933086062 4.578125 975
1764933136601 4.59375 980
1764933187352 4.6875 985
1764933237861 4.4609375 990
1764933288346 4.9140625 995
1764933338904 5.046875 1000
1764933389825 4.8046875 1005
1764933440354 4.7890625 1010
1764933490978 4.5234375 1015
1764933541530 4.8984375 1020
1764933592179 4.703125 1025
1764933642748 4.5859375 1030
1764933693412 4.5234375 1035
1764933744029 4.5 1040
1764933794776 4.3984375 1045
1764933845334 4.5 1050
1764933896628 4.75 1055
1764933947470 5.0859375 1060
1764933997809 4.921875 1065
1764934048228 4.515625 1070
1764934098985 5.09375 1075
1764934149874 4.8046875 1080
1764934200357 4.7890625 1085
1764934251301 4.8671875 1090
1764934302354 4.71875 1095
1764934353025 4.7109375 1100
1764934403944 4.6953125 1105
1764934455084 4.953125 1110
1764934506040 4.6171875 1115
1764934557104 4.71875 1120
1764934608086 4.9140625 1125
1764934658983 4.640625 1130
1764934709713 4.6484375 1135
1764934760388 4.9765625 1140
1764934811213 4.8046875 1145
1764934861833 4.8046875 1150
1764934912522 4.71875 1155
1764934962695 4.6796875 1160
1764935013137 4.5546875 1165
1764935063700 4.734375 1170
1764935114009 4.359375 1175
1764935164371 4.703125 1180
1764935215310 4.6328125 1185
1764935265765 4.6953125 1190
1764935316763 4.78125 1195
1764935368300 4.6640625 1200
1764935419340 4.8203125 1205
1764935470588 4.671875 1210
1764935521446 4.765625 1215
1764935572154 4.796875 1220
1764935622939 5.0546875 1225
1764935674056 4.5546875 1230
1764935724643 4.9375 1235
1764935775749 4.734375 1240
1764935826484 4.9921875 1245
1764935901113 4.71875 1250
1764935952206 4.6796875 1255
1764936003577 4.703125 1260
1764936055031 4.6640625 1265
1764936106171 4.6875 1270
1764936157598 4.7421875 1275
1764936208675 4.7265625 1280
1764936259446 4.6171875 1285
1764936310580 4.6875 1290
1764936361617 4.609375 1295
1764936412820 4.7578125 1300
1764936463823 5.0078125 1305
1764936514818 4.703125 1310
1764936565923 4.65625 1315
1764936617137 4.8125 1320
1764936667956 4.6796875 1325
1764936719118 4.8125 1330
1764936769882 4.453125 1335
1764936820750 4.8359375 1340
1764936871546 4.7578125 1345
1764936922653 4.5859375 1350
1764936973272 4.6328125 1355
1764937024236 4.5546875 1360
1764937074687 4.5625 1365
1764937125419 4.6328125 1370
1764937176129 4.859375 1375
1764937227000 5.2734375 1380
1764937277426 4.4765625 1385
1764937328217 4.8046875 1390
1764937378711 4.7734375 1395
1764937429566 5.1640625 1400
1764937480474 4.9375 1405
1764937531196 4.453125 1410
1764937581858 4.78125 1415
1764937632917 4.9609375 1420
1764937683959 4.875 1425
1764937734802 4.875 1430
1764937785019 4.9140625 1435
1764937835615 4.55078125 1440
1764937886293 4.7265625 1445
1764937936899 4.6953125 1450
1764937987561 4.5390625 1455
1764938038020 4.65625 1460
1764938088462 4.7734375 1465
1764938139106 4.6328125 1470
1764938189677 5.0 1475
1764938240473 4.984375 1480
1764938291237 5.0 1485
1764938342115 4.9375 1490
1764938393215 4.9140625 1495
1764938443693 4.78125 1500
1764938494302 4.9921875 1505
1764938544917 4.7265625 1510
1764938595566 5.1015625 1515
1764938646527 4.703125 1520
1764938697247 4.921875 1525
1764938748041 4.6953125 1530
1764938798622 4.6640625 1535
1764938849608 4.796875 1540
1764938900313 4.578125 1545
1764938950896 4.7890625 1550
1764939001298 5.171875 1555
1764939052099 4.8359375 1560
1764939102993 4.65625 1565
1764939154123 4.8828125 1570
1764939204787 4.8828125 1575
1764939255303 4.9296875 1580
1764939306078 5.09375 1585
1764939356933 4.703125 1590
1764939407507 4.625 1595
1764939458096 4.671875 1600
1764939508698 4.6640625 1605
1764939559861 4.6015625 1610
1764939610688 4.7109375 1615
1764939661515 4.6328125 1620
1764939712191 4.7578125 1625
1764939762875 4.65625 1630
1764939813535 4.8984375 1635
1764939863984 4.7734375 1640
1764939914640 4.8515625 1645
1764939965817 4.8515625 1650
1764940016359 4.8515625 1655
1764940066849 4.6171875 1660
1764940117617 4.875 1665
1764940188028 4.8671875 1670
1764940238860 4.65625 1675
1764940290030 4.625 1680
1764940340725 4.7265625 1685
1764940391439 4.890625 1690
1764940442080 4.8828125 1695
1764940492693 4.8046875 1700
