1764923190248 0.0 5
1764923240726 -0.0018590291341145835 10
1764923291602 -0.017679929733276367 15
1764923342366 -0.0047948261102040615 20
1764923392705 0.0006085634231567387 25
1764923443278 -0.0030641555786132812 30
1764923493897 -0.13385740915934247 35
1764923544321 -0.2813568115234375 40
1764923595022 -0.3490104675292969 45
1764923645951 -0.33464813232421875 50
1764923697226 -0.33574930826822913 55
1764923748076 -0.4608847300211589 60
1764923799110 -0.3659364382425944 65
1764923849497 -0.3732585906982422 70
1764923900300 -0.4489390055338542 75
1764923951391 -0.3928680419921875 80
1764924001944 -0.465874989827474 85
1764924052653 -0.5574944814046223 90
1764924103602 -0.512463887532552 95
1764924154575 -0.4699637095133463 100
1764924204823 -0.547515869140625 105
1764924255482 -0.6018040974934896 110
1764924306241 -0.5845108032226562 115
1764924356812 -0.5411799748738607 120
1764924407641 -0.6234690348307291 125
1764924458499 -0.6237742106119791 130
1764924509008 -0.6154836018880209 135
1764924559908 -0.6220703125 140
1764924610957 -0.568817138671875 145
1764924661597 -0.6360193888346354 150
1764924712560 -0.6487337748209636 155
1764924763197 -0.5032048225402832 160
1764924814063 -0.48944600423177087 165
1764924864719 -0.7189356486002605 170
1764924915570 -0.5559972127278646 175
1764924966313 -0.5523789723714193 180
1764925017027 -0.67314875125885 185
1764925067758 -0.6646525065104166 190
1764925118148 -0.55816650390625 195
1764925168734 -0.618914286295573 200
1764925219301 -0.5910043716430664 205
1764925270212 -0.6051794687906901 210
1764925320877 -0.5258000691731771 215
1764925371371 -0.36093107859293616 220
1764925421926 -0.6458231608072916 225
1764925472731 -0.6914901733398439 230
1764925523409 -0.43710009256998694 235
1764925573999 -0.4553082784016927 240
1764925624708 -0.5359344482421875 245
1764925675436 -0.6722679138183594 250
1764925726049 -0.6913782755533855 255
1764925776988 -0.6624654134114584 260
1764925827482 -0.4777825673421224 265
1764925877934 -0.3634967803955078 270
1764925928811 -0.5261809229850769 275
1764925979381 -0.6297907034556071 280
1764926029855 -0.5439961751302084 285
1764926080626 -0.46704228719075525 290
1764926131177 -0.6064860026041667 295
1764926181639 -0.6563434600830078 300
1764926232279 -0.6409034729003905 305
1764926282900 -0.5141201019287109 310
1764926333658 -0.3670539855957031 315
1764926384295 -0.46373112996419275 320
1764926435190 -0.466827392578125 325
1764926486050 -0.5076828002929688 330
1764926536586 -0.5881118774414061 335
1764926587560 -0.46846644083658856 340
1764926637880 -0.4750582377115885 345
1764926688682 -0.42639923095703125 350
1764926739703 -0.2907371520996094 355
1764926790425 -0.4500147501627604 360
1764926841335 -0.5939254760742188 365
1764926892230 -0.683606465657552 370
1764926942635 -0.6237589518229166 375
1764926993200 -0.5088512102762859 380
1764927043762 -0.6533927917480469 385
1764927094381 -0.6216819683710735 390
1764927145488 -0.5165443420410156 395
1764927196195 -0.5308392842610677 400
1764927247105 -0.49252065022786456 405
1764927297813 -0.5047041575113932 410
1764927348331 -0.19673283894856772 415
1764927423632 -0.43978341420491535 420
1764927474900 -0.509844462076823 425
1764927526242 -0.5639292399088542 430
1764927577513 -0.5463333129882812 435
1764927628619 -0.48366546630859375 440
1764927679630 -0.5794792175292968 445
1764927730330 -0.584924062093099 450
1764927781127 -0.38855234781901044 455
1764927831806 -0.5370260874430339 460
1764927882719 -0.37974532445271814 465
1764927933179 -0.36849403381347656 470
1764927983818 -0.547461191813151 475
1764928034531 -0.6481599807739258 480
1764928085069 -0.47802225748697913 485
1764928135655 -0.4839123586813609 490
1764928186378 -0.5835927327473959 495
1764928236894 -0.5102208455403646 500
1764928287488 -0.33930206298828125 505
1764928338218 -0.3413862387339274 510
1764928388864 -0.574975331624349 515
1764928439489 -0.5315513610839844 520
1764928490112 -0.2749115626017253 525
1764928540817 -0.3246084849039714 530
1764928591599 -0.5208333333333334 535
1764928642786 -0.557528813680013 540
1764928693638 -0.4108543395996094 545
1764928744267 -0.49978733062744135 550
1764928795125 -0.5358435312906901 555
1764928846031 -0.48386891682942706 560
1764928896601 -0.5980192820231119 565
1764928947779 -0.3462937672932943 570
1764928998863 -0.3226831754048666 575
1764929050179 -0.5290131568908691 580
1764929100989 -0.496002197265625 585
1764929151510 -0.1123975118001302 590
1764929202393 -0.41395314534505206 595
1764929252887 -0.43113577365875244 600
1764929303444 -0.35546445846557617 605
1764929354348 -0.34546025594075525 610
1764929404682 -0.5793538093566895 615
1764929455436 -0.5776697794596354 620
1764929506246 -0.5572001139322917 625
1764929556485 -0.44049835205078125 630
1764929607386 -0.46243953704833984 635
1764929657994 -0.6212654113769531 640
1764929708813 -0.49955749511718756 645
1764929759564 -0.5087811152140299 650
1764929810321 -0.21558888753255206 655
1764929861060 -0.27430947621663415 660
1764929911967 -0.51678466796875 665
1764929962532 -0.4186312357584635 670
1764930012971 -0.47500101725260424 675
1764930063529 -0.568865458170573 680
1764930114235 -0.6547845999399822 685
1764930165044 -0.5792255401611328 690
1764930215650 -0.5031003554662069 695
1764930266636 -0.31083313624064124 700
1764930317373 -0.4620844523111979 705
1764930367726 -0.3165810902913412 710
1764930418537 -0.4707202911376953 715
1764930469155 -0.5372200012207032 720
1764930519898 -0.2742652893066406 725
1764930570974 -0.29239304860432946 730
1764930621636 -0.5377120971679686 735
1764930672401 -0.5682398478190104 740
1764930723209 -0.5442466735839844 745
1764930774032 -0.406463623046875 750
1764930825469 -0.3765891393025716 755
1764930877124 -0.457848866780599 760
1764930927723 -0.49741458892822266 765
1764930978654 -0.44429524739583337 770
1764931029360 -0.3664296468098958 775
1764931079828 -0.5511403282483418 780
1764931131222 -0.5238596598307292 785
1764931182146 -0.32812627156575525 790
1764931233148 -0.30787595113118493 795
1764931284088 -0.38004430135091144 800
1764931334915 -0.3144518534342448 805
1764931385465 -0.5053356488545736 810
1764931435997 -0.24707825978597006 815
1764931486884 -0.3578952153523763 820
1764931537383 -0.27143224080403644 825
1764931587820 -0.4604390462239583 830
1764931663031 -0.4508727391560872 835
1764931714169 -0.4623158772786458 840
1764931765410 -0.36119588216145837 845
1764931816544 -0.5315272013346354 850
1764931867690 -0.3865801493326823 855
1764931918914 -0.30739339192708337 860
1764931969773 -0.3965999285380046 865
1764932020599 -0.38241736094156903 870
1764932071174 -0.4379426154537477 875
1764932122230 -0.3329920768737793 880
1764932172808 -0.20470555623372394 885
1764932223455 -0.4188090960184733 890
1764932274184 -0.3376185099283854 895
1764932324894 -0.4176848729451498 900
1764932375589 -0.3680241902669271 905
1764932426281 -0.47796630859375 910
1764932476992 -0.2779863675435384 915
1764932528038 -0.3422355651855468 920
1764932578941 -0.3460044860839844 925
1764932629581 -0.42109521230061847 930
1764932680440 -0.46501668294270837 935
1764932731260 -0.2704149881998698 940
1764932782039 -0.3374404112497965 945
1764932832889 -0.3359355926513672 950
1764932883467 -0.49887657165527344 955
1764932934175 -0.4972654978434245 960
1764932984621 -0.4689758618672689 965
1764933035100 -0.4529571533203125 970
1764933086062 -0.27194976806640625 975
1764933136601 -0.26471710205078125 980
1764933187352 -0.43841807047526044 985
1764933237861 -0.3553765614827474 990
1764933288346 -0.4499766031901042 995
1764933338904 -0.5128072102864583 1000
1764933389825 -0.45745340983072913 1005
1764933440354 -0.4957262674967448 1010
1764933490978 -0.380872090657552 1015
1764933541530 -0.2257877985636393 1020
1764933592179 -0.4014425277709961 1025
1764933642748 -0.5050621032714844 1030
1764933693412 -0.30648549397786456 1035
1764933744029 -0.318105697631836 1040
1764933794776 -0.44823328653971356 1045
1764933845334 -0.3825082778930664 1050
1764933896628 -0.2057177225748698 1055
1764933947470 -0.4122416178385417 1060
1764933997809 -0.2740042209625244 1065
1764934048228 -0.16897296905517578 1070
1764934098985 -0.35748291015625 1075
1764934149874 -0.4243399302164714 1080
1764934200357 -0.5823904673258463 1085
1764934251301 -0.46182632446289057 1090
1764934302354 -0.363946278889974 1095
1764934353025 -0.38167381286621094 1100
1764934403944 -0.4670373598734538 1105
1764934455084 -0.4346262613932292 1110
1764934506040 -0.5712941487630209 1115
1764934557104 -0.45446014404296875 1120
1764934608086 -0.40836970011393225 1125
1764934658983 -0.336334228515625 1130
1764934709713 -0.2704448699951172 1135
1764934760388 -0.22662099202473956 1140
1764934811213 -0.46889114379882807 1145
1764934861833 -0.3970954418182373 1150
1764934912522 -0.43158594767252606 1155
1764934962695 -0.3457298278808594 1160
1764935013137 -0.4643745422363281 1165
1764935063700 -0.4692370096842448 1170
1764935114009 -0.29565556844075525 1175
1764935164371 -0.4071816603342692 1180
1764935215310 -0.4917615254720052 1185
1764935265765 -0.46718502044677734 1190
1764935316763 -0.39963404337565106 1195
1764935368300 -0.489312489827474 1200
1764935419340 -0.29829931259155273 1205
1764935470588 -0.22619374593098956 1210
1764935521446 -0.318269411722819 1215
1764935572154 -0.38202540079752606 1220
1764935622939 -0.4045317967732747 1225
1764935674056 -0.4140268961588542 1230
1764935724643 -0.281982421875 1235
1764935775749 -0.41761398315429693 1240
1764935826484 -0.45312627156575525 1245
1764935901113 -0.5142707824707031 1250
1764935952206 -0.5162366231282552 1255
1764936003577 -0.46349970499674487 1260
1764936055031 -0.4606590270996094 1265
1764936106171 -0.2540149688720703 1270
1764936157598 -0.21360270182291666 1275
1764936208675 -0.26398277282714844 1280
1764936259446 -0.4663034280141195 1285
1764936310580 -0.41101741790771484 1290
1764936361617 -0.35607051849365234 1295
1764936412820 -0.44132010142008465 1300
1764936463823 -0.4897232055664062 1305
1764936514818 -0.2401142120361328 1310
1764936565923 -0.30582427978515625 1315
1764936617137 -0.26161766052246094 1320
1764936667956 -0.4113273620605469 1325
1764936719118 -0.2991816202799479 1330
1764936769882 -0.35037231445312506 1335
1764936820750 -0.4273185729980469 1340
1764936871546 -0.4720573425292969 1345
1764936922653 -0.3643423716227214 1350
1764936973272 -0.2976810137430827 1355
1764937024236 -0.4584496815999349 1360
1764937074687 -0.43929654359817505 1365
1764937125419 -0.3310979207356771 1370
1764937176129 -0.36404991149902344 1375
1764937227000 -0.4408677617708842 1380
1764937277426 -0.5209089914957683 1385
1764937328217 -0.48220062255859375 1390
1764937378711 -0.4242111841837565 1395
1764937429566 -0.4213879903157552 1400
1764937480474 -0.5178044637044271 1405
1764937531196 -0.3696797688802083 1410
1764937581858 -0.3233459790547689 1415
1764937632917 -0.2987988789876302 1420
1764937683959 -0.2005761464436849 1425
1764937734802 -0.4301729202270508 1430
1764937785019 -0.34384727478027344 1435
1764937835615 -0.49240748087565106 1440
1764937886293 -0.44682312011718744 1445
1764937936899 -0.4738283157348633 1450
1764937987561 -0.2888310750325521 1455
1764938038020 -0.2049128214518229 1460
1764938088462 -0.33083597819010413 1465
1764938139106 -0.44471661249796546 1470
1764938189677 -0.2908929189046224 1475
1764938240473 -0.39048322041829425 1480
1764938291237 -0.3541075388590495 1485
1764938342115 -0.45472717285156256 1490
1764938393215 -0.40803019205729163 1495
1764938443693 -0.31536738077799475 1500
1764938494302 -0.33588918050130206 1505
1764938544917 -0.303070068359375 1510
1764938595566 -0.30877176920572913 1515
1764938646527 -0.44657182693481445 1520
1764938697247 -0.45663833618164057 1525
1764938748041 -0.3768604596455892 1530
1764938798622 -0.47479502360026044 1535
1764938849608 -0.4193916320800782 1540
1764938900313 -0.36137390136718744 1545
1764938950896 -0.3852106730143229 1550
1764939001298 -0.35925038655598956 1555
1764939052099 -0.21152877807617185 1560
1764939102993 -0.23381805419921875 1565
1764939154123 -0.2711881001790365 1570
1764939204787 -0.4162572224934896 1575
1764939255303 -0.4011564254760742 1580
1764939306078 -0.47641491889953613 1585
1764939356933 -0.33883921305338544 1590
1764939407507 -0.5690638224283854 1595
1764939458096 -0.46680037180582684 1600
1764939508698 -0.40071360270182294 1605
1764939559861 -0.36811431248982746 1610
1764939610688 -0.46826171875 1615
1764939661515 -0.3971576690673828 1620
1764939712191 -0.3653264045715332 1625
1764939762875 -0.33122730255126953 1630
1764939813535 -0.35051218668619794 1635
1764939863984 -0.3696537017822265 1640
1764939914640 -0.4049873352050781 1645
1764939965817 -0.37524604797363276 1650
1764940016359 -0.29396629333496094 1655
1764940066849 -0.3407096862792969 1660
1764940117617 -0.2849463310794554 1665
1764940188028 -0.3688640594482422 1670
1764940238860 -0.40392549832661945 1675
1764940290030 -0.4647318522135417 1680
1764940340725 -0.43041483561197913 1685
1764940391439 -0.36890665690104163 1690
1764940442080 -0.34042104085286456 1695
1764940492693 -0.29159100850423175 1700
