1764923190248 0.0 5
1764923240726 -0.006180524826049805 10
1764923291602 0.0024328231811523438 15
1764923342366 0.01427618662516276 20
1764923392705 0.02977236111958822 25
1764923443278 0.04193584124247233 30
1764923493897 -0.14842542012532553 35
1764923544321 -0.2235447565714518 40
1764923595022 -0.3447660605112712 45
1764923645951 -0.3445727030436198 50
1764923697226 -0.34229516983032227 55
1764923748076 -0.4023784001668294 60
1764923799110 -0.3670726617177328 65
1764923849497 -0.41512648264567054 70
1764923900300 -0.4419976870218913 75
1764923951391 -0.4077618916829427 80
1764924001944 -0.43369801839192706 85
1764924052653 -0.5295079549153646 90
1764924103602 -0.48099263509114587 95
1764924154575 -0.3747698465983073 100
1764924204823 -0.423492431640625 105
1764924255482 -0.5119946797688802 110
1764924306241 -0.5165557861328125 115
1764924356812 -0.5153924226760864 120
1764924407641 -0.5616474151611328 125
1764924458499 -0.5548121134440104 130
1764924509008 -0.5604532559712727 135
1764924559908 -0.5634449323018392 140
1764924610957 -0.5455238819122314 145
1764924661597 -0.48751068115234375 150
1764924712560 -0.5079665184020996 155
1764924763197 -0.4321988423665365 160
1764924814063 -0.27697134017944336 165
1764924864719 -0.6288971900939941 170
1764924915570 -0.4687929153442383 175
1764924966313 -0.44682979583740234 180
1764925017027 -0.5797570546468099 185
1764925067758 -0.5370101928710938 190
1764925118148 -0.48876762390136724 195
1764925168734 -0.5049921671549479 200
1764925219301 -0.5867195129394531 205
1764925270212 -0.5249099731445312 210
1764925320877 -0.48105112711588544 215
1764925371371 -0.3299458821614583 220
1764925421926 -0.5464731852213541 225
1764925472731 -0.5816923777262369 230
1764925523409 -0.29980150858561194 235
1764925573999 -0.3017660776774088 240
1764925624708 -0.4528147379557292 245
1764925675436 -0.5766118367513021 250
1764925726049 -0.5976333618164062 255
1764925776988 -0.5948206583658854 260
1764925827482 -0.38078832626342773 265
1764925877934 -0.22908401489257812 270
1764925928811 -0.47645934422810876 275
1764925979381 -0.5041764577229818 280
1764926029855 -0.48180770874023443 285
1764926080626 -0.27780914306640625 290
1764926131177 -0.4379615783691406 295
1764926181639 -0.542022705078125 300
1764926232279 -0.5540534655253092 305
1764926282900 -0.39995320638020837 310
1764926333658 -0.2551307678222656 315
1764926384295 -0.3930562337239583 320
1764926435190 -0.3197771708170573 325
1764926486050 -0.4624481201171875 330
1764926536586 -0.5109456380208333 335
1764926587560 -0.49406162897745765 340
1764926637880 -0.38813018798828125 345
1764926688682 -0.18641376495361328 350
1764926739703 -0.1269048055013021 355
1764926790425 -0.29670461018880206 360
1764926841335 -0.5048497517903646 365
1764926892230 -0.6114705403645834 370
1764926942635 -0.4783045252164205 375
1764926993200 -0.3479711214701335 380
1764927043762 -0.4704551696777344 385
1764927094381 -0.49312877655029297 390
1764927145488 -0.3363812367121379 395
1764927196195 -0.376074473063151 400
1764927247105 -0.4295272827148438 405
1764927297813 -0.3866074879964193 410
1764927348331 -0.07558822631835938 415
1764927423632 -0.3401311238606771 420
1764927474900 -0.4416859944661458 425
1764927526242 -0.36962127685546875 430
1764927577513 -0.4551289876302083 435
1764927628619 -0.4172401527563731 440
1764927679630 -0.294921875 445
1764927730330 -0.48435974121093756 450
1764927781127 -0.2790962855021159 455
1764927831806 -0.39393805464108783 460
1764927882719 -0.356991449991862 465
1764927933179 -0.23488489786783856 470
1764927983818 -0.4520460764567057 475
1764928034531 -0.5612684885660807 480
1764928085069 -0.3307533264160156 485
1764928135655 -0.4041443665822347 490
1764928186378 -0.5401248931884766 495
1764928236894 -0.2670447031656901 500
1764928287488 -0.191586176554362 505
1764928338218 -0.24493853251139322 510
1764928388864 -0.48016993204752606 515
1764928439489 -0.3715972900390625 520
1764928490112 -0.20312627156575522 525
1764928540817 -0.2277393341064453 530
1764928591599 -0.2884916464487711 535
1764928642786 -0.4953122933705648 540
1764928693638 -0.31133651733398443 545
1764928744267 -0.36204083760579425 550
1764928795125 -0.37616221110026044 555
1764928846031 -0.22976339856783548 560
1764928896601 -0.46176910400390625 565
1764928947779 -0.1142743428548177 570
1764928998863 -0.26769765218098956 575
1764929050179 -0.4278717041015625 580
1764929100989 -0.47810872395833337 585
1764929151510 -0.04778416951497396 590
1764929202393 -0.2132726510365804 595
1764929252887 -0.3551063537597656 600
1764929303444 -0.2643265724182129 605
1764929354348 -0.2920268376668294 610
1764929404682 -0.44777552286783856 615
1764929455436 -0.43839295705159503 620
1764929506246 -0.39934031168619794 625
1764929556485 -0.356814702351888 630
1764929607386 -0.36230921745300293 635
1764929657994 -0.522009531656901 640
1764929708813 -0.2990150451660156 645
1764929759564 -0.4167982737223307 650
1764929810321 0.05962657928466797 655
1764929861060 -0.18735726674397785 660
1764929911967 -0.44384765625 665
1764929962532 -0.3482735951741537 670
1764930012971 -0.3332648277282715 675
1764930063529 -0.4747198422749837 680
1764930114235 -0.5456765492757162 685
1764930165044 -0.4052871863047282 690
1764930215650 -0.3426946004231771 695
1764930266636 -0.19057178497314453 700
1764930317373 -0.2810041109720866 705
1764930367726 -0.21083736419677734 710
1764930418537 -0.3187815348307292 715
1764930469155 -0.4717979431152344 720
1764930519898 -0.11707687377929688 725
1764930570974 -0.09636815388997395 730
1764930621636 -0.4419434865315755 735
1764930672401 -0.44039281209309894 740
1764930723209 -0.38098367055257165 745
1764930774032 -0.26597340901692706 750
1764930825469 -0.09871164957682292 755
1764930877124 -0.2707786560058593 760
1764930927723 -0.40561040242513025 765
1764930978654 -0.38909149169921875 770
1764931029360 -0.19147491455078125 775
1764931079828 -0.28867371877034503 780
1764931131222 -0.33280976613362634 785
1764931182146 -0.030185063680013013 790
1764931233148 -0.12650680541992188 795
1764931284088 -0.215728759765625 800
1764931334915 -0.037882486979166664 805
1764931385465 -0.26575978597005206 810
1764931435997 -0.04625447591145833 815
1764931486884 -0.16532135009765625 820
1764931537383 -0.13123575846354169 825
1764931587820 -0.1993433634440104 830
1764931663031 -0.3315986792246501 835
1764931714169 -0.23823992411295575 840
1764931765410 -0.1404266357421875 845
1764931816544 -0.43527348836263013 850
1764931867690 -0.24951744079589844 855
1764931918914 -0.047894795735677086 860
1764931969773 -0.2358118693033854 865
1764932020599 -0.17339070638020831 870
1764932071174 -0.3264058430989583 875
1764932122230 -0.22870842615763345 880
1764932172808 0.03601582845052083 885
1764932223455 -0.18951606750488284 890
1764932274184 -0.2727448145548503 895
1764932324894 -0.20992215474446613 900
1764932375589 -0.17815272013346353 905
1764932426281 -0.2010523478190104 910
1764932476992 -0.17380650838216147 915
1764932528038 -0.15406258900960287 920
1764932578941 -0.22695255279541016 925
1764932629581 -0.21290969848632812 930
1764932680440 -0.33329455057779944 935
1764932731260 -0.16127649943033853 940
1764932782039 -0.16119003295898438 945
1764932832889 -0.2794380187988281 950
1764932883467 -0.3394126892089844 955
1764932934175 -0.31299606959025067 960
1764932984621 -0.13329442342122397 965
1764933035100 -0.16866334279378253 970
1764933086062 -0.11084365844726561 975
1764933136601 -0.2001800537109375 980
1764933187352 -0.2828114827473958 985
1764933237861 -0.16305096944173178 990
1764933288346 -0.311920166015625 995
1764933338904 -0.27699915568033856 1000
1764933389825 -0.2273120880126953 1005
1764933440354 -0.29781087239583337 1010
1764933490978 -0.2693220774332682 1015
1764933541530 -0.11656951904296875 1020
1764933592179 -0.28474934895833337 1025
1764933642748 -0.2857157389322917 1030
1764933693412 -0.18091328938802084 1035
1764933744029 -0.10562578837076823 1040
1764933794776 -0.24694188435872397 1045
1764933845334 -0.15778764088948566 1050
1764933896628 0.012743631998697914 1055
1764933947470 -0.2821540832519531 1060
1764933997809 -0.2643648783365885 1065
1764934048228 -0.023451805114746097 1070
1764934098985 -0.05080374081929524 1075
1764934149874 -0.2547658284505208 1080
1764934200357 -0.41315968831380206 1085
1764934251301 -0.46126302083333337 1090
1764934302354 -0.16055870056152347 1095
1764934353025 -0.23993810017903647 1100
1764934403944 -0.22215716044108075 1105
1764934455084 -0.3008537292480469 1110
1764934506040 -0.394589106241862 1115
1764934557104 -0.35879961649576825 1120
1764934608086 -0.2385575771331787 1125
1764934658983 -0.08947499593098959 1130
1764934709713 -0.10754267374674478 1135
1764934760388 -0.11792564392089844 1140
1764934811213 -0.2054220239321391 1145
1764934861833 -0.16816075642903644 1150
1764934912522 -0.1792920430501302 1155
1764934962695 -0.2000141143798828 1160
1764935013137 -0.47486368815104163 1165
1764935063700 -0.1742992401123047 1170
1764935114009 -0.2939860026041667 1175
1764935164371 -0.3512872060139974 1180
1764935215310 -0.29721180597941077 1185
1764935265765 -0.21812820434570312 1190
1764935316763 -0.24839274088541669 1195
1764935368300 -0.39518455664316815 1200
1764935419340 -0.16100374857584637 1205
1764935470588 -0.14131895701090497 1210
1764935521446 -0.138228178024292 1215
1764935572154 -0.27960840861002606 1220
1764935622939 -0.3334604899088542 1225
1764935674056 -0.2347863515218099 1230
1764935724643 -0.10993703206380209 1235
1764935775749 -0.16969879468282065 1240
1764935826484 -0.2971649169921875 1245
1764935901113 -0.20179239908854169 1250
1764935952206 -0.1951268513997396 1255
1764936003577 -0.19677098592122397 1260
1764936055031 -0.3552179336547851 1265
1764936106171 -0.15544509887695312 1270
1764936157598 0.035196940104166664 1275
1764936208675 -0.15874290466308594 1280
1764936259446 -0.21637980143229166 1285
1764936310580 -0.2451486587524414 1290
1764936361617 -0.21860758463541669 1295
1764936412820 -0.3651936848958333 1300
1764936463823 -0.17297490437825522 1305
1764936514818 -0.12540753682454425 1310
1764936565923 -0.12726338704427081 1315
1764936617137 -0.11249287923177083 1320
1764936667956 -0.235022226969401 1325
1764936719118 -0.20696767171223956 1330
1764936769882 -0.1420110066731771 1335
1764936820750 -0.29129791259765625 1340
1764936871546 -0.29114532470703125 1345
1764936922653 -0.2403723398844401 1350
1764936973272 -0.07854525248209636 1355
1764937024236 -0.32813119888305664 1360
1764937074687 -0.10944382349650066 1365
1764937125419 -0.09549967447916669 1370
1764937176129 -0.22423235575358072 1375
1764937227000 -0.1931912104288737 1380
1764937277426 -0.2629922231038412 1385
1764937328217 -0.32095495859781903 1390
1764937378711 -0.23577149709065753 1395
1764937429566 -0.16119225819905597 1400
1764937480474 -0.27996047337849933 1405
1764937531196 -0.16703780492146808 1410
1764937581858 -0.13463719685872397 1415
1764937632917 -0.1091451644897461 1420
1764937683959 -0.053109486897786454 1425
1764937734802 -0.18006523450215658 1430
1764937785019 -0.1787214279174805 1435
1764937835615 -0.25940799713134766 1440
1764937886293 -0.270599365234375 1445
1764937936899 -0.24829864501953125 1450
1764937987561 -0.05249849955240886 1455
1764938038020 -0.2095053990681966 1460
1764938088462 -0.14661661783854169 1465
1764938139106 -0.14196554819742838 1470
1764938189677 -0.08797073364257812 1475
1764938240473 -0.23593632380167645 1480
1764938291237 -0.191892941792806 1485
1764938342115 -0.19453859329223633 1490
1764938393215 -0.17678705851236978 1495
1764938443693 -0.12188478310902913 1500
1764938494302 -0.21500587463378906 1505
1764938544917 -0.1838490168253581 1510
1764938595566 -0.08601125081380208 1515
1764938646527 -0.14871978759765625 1520
1764938697247 -0.2710304260253906 1525
1764938748041 -0.25716845194498694 1530
1764938798622 -0.1993573506673177 1535
1764938849608 -0.2277825673421224 1540
1764938900313 -0.16788991292317706 1545
1764938950896 -0.18982187906901044 1550
1764939001298 -0.13483810424804688 1555
1764939052099 -0.0765393575032552 1560
1764939102993 -0.021062215169270836 1565
1764939154123 -0.10913594563802081 1570
1764939204787 -0.26947784423828125 1575
1764939255303 -0.15080515543619794 1580
1764939306078 -0.255892018477122 1585
1764939356933 -0.2605569362640381 1590
1764939407507 -0.26331837972005206 1595
1764939458096 -0.20650923252105713 1600
1764939508698 -0.22415288289388022 1605
1764939559861 -0.2331072489420573 1610
1764939610688 -0.21451505025227866 1615
1764939661515 -0.2523689270019531 1620
1764939712191 -0.10962875684102376 1625
1764939762875 -0.06873099009195964 1630
1764939813535 -0.17131797472635907 1635
1764939863984 -0.14244715372721356 1640
1764939914640 -0.14366849263509113 1645
1764939965817 -0.2306340535481771 1650
1764940016359 -0.20299784342447916 1655
1764940066849 -0.23840173085530597 1660
1764940117617 -0.1869951883951823 1665
1764940188028 -0.08422629038492839 1670
1764940238860 -0.2009423573811849 1675
1764940290030 -0.25568346182505286 1680
1764940340725 -0.23515033721923828 1685
1764940391439 -0.19797452290852866 1690
1764940442080 -0.1680450439453125 1695
1764940492693 -0.1955531438191732 1700
