1764923190248 2.924329471909459e-07 5
1764923240726 7.908935231171199e-07 10
1764923291602 4.69155406790378e-06 15
1764923342366 1.1173477787451702e-05 20
1764923392705 7.192725206550676e-05 25
1764923443278 0.00034328609763178974 30
1764923493897 0.0006259113870328292 35
1764923544321 0.00036744747194461524 40
1764923595022 0.00026425452233524993 45
1764923645951 0.0004079702339367941 50
1764923697226 0.0007363590848399326 55
1764923748076 0.001008489925879985 60
1764923799110 0.001354632171569392 65
1764923849497 0.0019641119870357215 70
1764923900300 0.0023972265189513564 75
1764923951391 0.002233666426036507 80
1764924001944 0.002495644090231508 85
1764924052653 0.002432091219816357 90
1764924103602 0.00166255549993366 95
1764924154575 0.0018142098269890994 100
1764924204823 0.0018568806699477136 105
1764924255482 0.002466670877765864 110
1764924306241 0.0022183702676557004 115
1764924356812 0.0020497825171332806 120
1764924407641 0.0021735994378104806 125
1764924458499 0.002674199058674276 130
1764924509008 0.0032306007342413068 135
1764924559908 0.002532763930503279 140
1764924610957 0.0029213521629571915 145
1764924661597 0.002050388982752338 150
1764924712560 0.003638648020569235 155
1764924763197 0.00351613387465477 160
1764924814063 0.0019939767953474075 165
1764924864719 0.0050572489271871746 170
1764924915570 0.0034970538108609617 175
1764924966313 0.0019894178840331733 180
1764925017027 0.0038617263780906796 185
1764925067758 0.00310816039564088 190
1764925118148 0.002216068736743182 195
1764925168734 0.0023782222997397184 200
1764925219301 0.004406346124596894 205
1764925270212 0.004400286008603871 210
1764925320877 0.003943275834899396 215
1764925371371 0.0016487202083226293 220
1764925421926 0.0028141429647803307 225
1764925472731 0.003073959902394563 230
1764925523409 0.0010282689472660422 235
1764925573999 0.0011057298979721963 240
1764925624708 0.0024206661037169397 245
1764925675436 0.002548549498897046 250
1764925726049 0.0030486807809211314 255
1764925776988 0.003128246928099543 260
1764925827482 0.004205220320727676 265
1764925877934 0.00286382669582963 270
1764925928811 0.0021779986564069986 275
1764925979381 0.005577753414399922 280
1764926029855 0.0026249742368236184 285
1764926080626 0.00159476647968404 290
1764926131177 0.000988930944004096 295
1764926181639 0.0033359244116581976 300
1764926232279 0.0047267311019822955 305
1764926282900 0.004009030177257955 310
1764926333658 0.0032256236881949008 315
1764926384295 0.00505068723578006 320
1764926435190 0.002499057096429169 325
1764926486050 0.002048714552074671 330
1764926536586 0.0034626226406544447 335
1764926587560 0.0040955698932521045 340
1764926637880 0.005405214091297239 345
1764926688682 0.005481438827700913 350
1764926739703 0.0022522159852087498 355
1764926790425 0.0016142628446687013 360
1764926841335 0.0019784572068601847 365
1764926892230 0.005288804532028735 370
1764926942635 0.0023995827650651336 375
1764926993200 0.001586616795975715 380
1764927043762 0.0033951489604078233 385
1764927094381 0.004381780687253922 390
1764927145488 0.003247473854571581 395
1764927196195 0.0034211997408419847 400
1764927247105 0.0051449432503432035 405
1764927297813 0.004671085858717561 410
1764927348331 0.0023077309015206993 415
1764927423632 0.003043424221687019 420
1764927474900 0.002539841050747782 425
1764927526242 0.003507566580083221 430
1764927577513 0.0040104317595250905 435
1764927628619 0.002937700250186026 440
1764927679630 0.0031283728894777596 445
1764927730330 0.00730664876755327 450
1764927781127 0.0026579900295473635 455
1764927831806 0.003781422390602529 460
1764927882719 0.0027102853055112064 465
1764927933179 0.0016883740318007767 470
1764927983818 0.00433302455348894 475
1764928034531 0.005433231592178345 480
1764928085069 0.0030355624039657414 485
1764928135655 0.0029190530185587704 490
1764928186378 0.006725212209858 495
1764928236894 0.0045235519064590335 500
1764928287488 0.0033601539325900376 505
1764928338218 0.0033120575826615095 510
1764928388864 0.0061367349699139595 515
1764928439489 0.0040045081987045705 520
1764928490112 0.0020546384039334953 525
1764928540817 0.0017073563358280808 530
1764928591599 0.0037195163313299417 535
1764928642786 0.0024643040378578007 540
1764928693638 0.0021314508630894125 545
1764928744267 0.0035780983744189143 550
1764928795125 0.003762582258787006 555
1764928846031 0.002626865403726697 560
1764928896601 0.007613912457600236 565
1764928947779 0.004398173361551017 570
1764928998863 0.0031195611809380352 575
1764929050179 0.0035190824419260025 580
1764929100989 0.005466464441269636 585
1764929151510 0.0013846381334587932 590
1764929202393 0.002209075231803581 595
1764929252887 0.006229452905245125 600
1764929303444 0.0032719450537115335 605
1764929354348 0.0026370352716185153 610
1764929404682 0.0029306384967640042 615
1764929455436 0.0041113304905593395 620
1764929506246 0.002876130514778197 625
1764929556485 0.0039815985364839435 630
1764929607386 0.0030618944438174367 635
1764929657994 0.00480481784325093 640
1764929708813 0.0036362060345709324 645
1764929759564 0.005072480998933315 650
1764929810321 0.002020980347879231 655
1764929861060 0.003177610458806157 660
1764929911967 0.004618445585947484 665
1764929962532 0.001529239525552839 670
1764930012971 0.0015318637306336313 675
1764930063529 0.003271975554525852 680
1764930114235 0.0039537547854706645 685
1764930165044 0.003867772000376135 690
1764930215650 0.005162621731869876 695
1764930266636 0.004014389589428902 700
1764930317373 0.004382245475426316 705
1764930367726 0.003043510892894119 710
1764930418537 0.004143975209444761 715
1764930469155 0.006330736679956317 720
1764930519898 0.002371699025388807 725
1764930570974 0.0011336810130160302 730
1764930621636 0.003179590159561485 735
1764930672401 0.006422968581318855 740
1764930723209 0.004618009377736598 745
1764930774032 0.003690326528158039 750
1764930825469 0.0026295260759070516 755
1764930877124 0.004318080667871982 760
1764930927723 0.007544314488768578 765
1764930978654 0.003600891388487071 770
1764931029360 0.00376389070879668 775
1764931079828 0.005553023889660835 780
1764931131222 0.005991034675389528 785
1764931182146 0.00244239711901173 790
1764931233148 0.00332364731002599 795
1764931284088 0.004588190815411508 800
1764931334915 0.003032861539395526 805
1764931385465 0.007482332759536803 810
1764931435997 0.005562189151532948 815
1764931486884 0.004179084673523903 820
1764931537383 0.003187407797668129 825
1764931587820 0.005121919559314847 830
1764931663031 0.003538690449204296 835
1764931714169 0.002531666017603129 840
1764931765410 0.0025258897221647203 845
1764931816544 0.0071611597668379545 850
1764931867690 0.00320313882548362 855
1764931918914 0.0023050247109495103 860
1764931969773 0.002904763969127089 865
1764932020599 0.0032611009664833546 870
1764932071174 0.0056992641184479 875
1764932122230 0.0041386428056284785 880
1764932172808 0.0027642027125693858 885
1764932223455 0.004644514876417816 890
1764932274184 0.006059579667635262 895
1764932324894 0.0035062278038822114 900
1764932375589 0.003523347608279437 905
1764932426281 0.0035067664575763047 910
1764932476992 0.0031451439135707915 915
1764932528038 0.002173936809413135 920
1764932578941 0.0032279903534799814 925
1764932629581 0.004952319257427007 930
1764932680440 0.009054007939994335 935
1764932731260 0.0042646616930142045 940
1764932782039 0.0031914993305690587 945
1764932832889 0.004154181573539972 950
1764932883467 0.006969085428863764 955
1764932934175 0.004287896619644016 960
1764932984621 0.004786421777680516 965
1764933035100 0.00446265609934926 970
1764933086062 0.0030334822949953377 975
1764933136601 0.004602826200425625 980
1764933187352 0.005161203560419381 985
1764933237861 0.0026563217979855835 990
1764933288346 0.004612885182723403 995
1764933338904 0.004426805884577334 1000
1764933389825 0.004781794094014913 1005
1764933440354 0.004297732433769852 1010
1764933490978 0.0034853804972954094 1015
1764933541530 0.004393774550408125 1020
1764933592179 0.00459799641976133 1025
1764933642748 0.004182943725027144 1030
1764933693412 0.003659930604044348 1035
1764933744029 0.0029363425564952195 1040
1764933794776 0.004266222880687565 1045
1764933845334 0.005294831702485681 1050
1764933896628 0.002120377845130861 1055
1764933947470 0.0040428731590509415 1060
1764933997809 0.004033048637211323 1065
1764934048228 0.0026480499072931707 1070
1764934098985 0.002545859373640269 1075
1764934149874 0.002786913886666298 1080
1764934200357 0.006731219822540879 1085
1764934251301 0.006176038878038526 1090
1764934302354 0.004227450641337782 1095
1764934353025 0.0024063829332590103 1100
1764934403944 0.0036624662461690605 1105
1764934455084 0.0036126343766227365 1110
1764934506040 0.004569142358377576 1115
1764934557104 0.006743349484167993 1120
1764934608086 0.006334477220661938 1125
1764934658983 0.003394425322767347 1130
1764934709713 0.002687954402063042 1135
1764934760388 0.0037842224119231105 1140
1764934811213 0.0034881081082858145 1145
1764934861833 0.0047999038361012936 1150
1764934912522 0.003663030860479921 1155
1764934962695 0.003618695423938334 1160
1764935013137 0.005577799514867365 1165
1764935063700 0.0034780559362843633 1170
1764935114009 0.003888656501658261 1175
1764935164371 0.004013518337160349 1180
1764935215310 0.004226740915328264 1185
1764935265765 0.003919940092600882 1190
1764935316763 0.003959266934543848 1195
1764935368300 0.005739983753301203 1200
1764935419340 0.0024852841161191463 1205
1764935470588 0.002108751068590209 1210
1764935521446 0.0024039579438976943 1215
1764935572154 0.004092527262400836 1220
1764935622939 0.006979872705414891 1225
1764935674056 0.004359401995316148 1230
1764935724643 0.0034128770930692554 1235
1764935775749 0.003605482750572264 1240
1764935826484 0.006358980084769428 1245
1764935901113 0.004290422948542982 1250
1764935952206 0.006100555881857872 1255
1764936003577 0.005613354267552495 1260
1764936055031 0.005705976625904441 1265
1764936106171 0.0045998949790373445 1270
1764936157598 0.0029281997703947127 1275
1764936208675 0.003996951912995428 1280
1764936259446 0.003290173248387873 1285
1764936310580 0.004201176576316357 1290
1764936361617 0.004602910252287984 1295
1764936412820 0.0053435685113072395 1300
1764936463823 0.004413351300172508 1305
1764936514818 0.004032571334391832 1310
1764936565923 0.00349220959469676 1315
1764936617137 0.00358380691614002 1320
1764936667956 0.004249183286447078 1325
1764936719118 0.003687001531943679 1330
1764936769882 0.003491557145025581 1335
1764936820750 0.00574555725324899 1340
1764936871546 0.005845871870405972 1345
1764936922653 0.0046167567488737404 1350
1764936973272 0.0035629108315333724 1355
1764937024236 0.004290587035939097 1360
1764937074687 0.0038684302126057446 1365
1764937125419 0.00419750640867278 1370
1764937176129 0.003869354317430407 1375
1764937227000 0.0039635407738387585 1380
1764937277426 0.00328698824159801 1385
1764937328217 0.004754598427098244 1390
1764937378711 0.004394566756673157 1395
1764937429566 0.004121595062315464 1400
1764937480474 0.005930446204729378 1405
1764937531196 0.004821705631911755 1410
1764937581858 0.004151995992287993 1415
1764937632917 0.0036618561134673655 1420
1764937683959 0.0030819240491837263 1425
1764937734802 0.00238405610434711 1430
1764937785019 0.0029222455923445523 1435
1764937835615 0.006239954265765846 1440
1764937886293 0.005479560233652592 1445
1764937936899 0.006290465942583978 1450
1764937987561 0.004168573766946793 1455
1764938038020 0.0036672736750915647 1460
1764938088462 0.0038502951501868665 1465
1764938139106 0.0030928063206374645 1470
1764938189677 0.0031846031197346747 1475
1764938240473 0.005151466000825167 1480
1764938291237 0.0039686792879365385 1485
1764938342115 0.005993433995172381 1490
1764938393215 0.00450596387963742 1495
1764938443693 0.003589849337004125 1500
1764938494302 0.0028779403073713183 1505
1764938544917 0.002606319059850648 1510
1764938595566 0.004109200788661838 1515
1764938646527 0.004513241583481431 1520
1764938697247 0.005628204788081348 1525
1764938748041 0.004959567682817578 1530
1764938798622 0.005352787091396749 1535
1764938849608 0.005011620058212429 1540
1764938900313 0.00476009986596182 1545
1764938950896 0.00528622034471482 1550
1764939001298 0.004210049519315362 1555
1764939052099 0.003998283529654145 1560
1764939102993 0.004228315548971295 1565
1764939154123 0.004104215651750565 1570
1764939204787 0.004505610035266727 1575
1764939255303 0.004893405945040286 1580
1764939306078 0.005012792069464922 1585
1764939356933 0.005076035391539335 1590
1764939407507 0.005426137708127499 1595
1764939458096 0.004734330519568175 1600
1764939508698 0.0050941366935148835 1605
1764939559861 0.006525459000840783 1610
1764939610688 0.004882452427409589 1615
1764939661515 0.005725440569221973 1620
1764939712191 0.0042127290507778525 1625
1764939762875 0.004499237285926938 1630
1764939813535 0.00403563940199092 1635
1764939863984 0.004128218861296773 1640
1764939914640 0.004351668059825897 1645
1764939965817 0.005554485484026372 1650
1764940016359 0.005276991869322956 1655
1764940066849 0.0036342990933917463 1660
1764940117617 0.0028272815980017185 1665
1764940188028 0.00422940868884325 1670
1764940238860 0.004721421282738447 1675
1764940290030 0.005503066466189921 1680
1764940340725 0.005555007723160088 1685
1764940391439 0.004857796826399863 1690
1764940442080 0.004939270205795765 1695
1764940492693 0.004766489029861987 1700
