1764060991695 0.8193359375 1
1764061000723 0.7177734375 2
1764061009792 0.748046875 3
1764061018593 0.724609375 4
1764061027511 0.83984375 5
1764061036509 0.759765625 6
1764061045545 0.7265625 7
1764061054503 0.671875 8
1764061063542 0.65234375 9
1764061072377 0.6328125 10
1764061081414 0.6005859375 11
1764061090460 0.5693359375 12
1764061099623 0.5908203125 13
1764061108636 0.568359375 14
1764061117885 0.6015625 15
1764061126789 0.7275390625 16
1764061135904 0.6630859375 17
1764061144854 0.634765625 18
1764061153757 0.7109375 19
1764061162652 0.7734375 20
1764061171730 0.81640625 21
1764061181047 0.91796875 22
1764061189955 1.0361328125 23
1764061198820 1.0625 24
1764061207773 1.19140625 25
1764061216555 1.26953125 26
1764061225457 1.453125 27
1764061234263 1.572265625 28
1764061243343 1.771484375 29
1764061252218 2.029296875 30
1764061261213 2.203125 31
1764061270269 2.40625 32
1764061279188 2.58203125 33
1764061288129 2.79296875 34
1764061297045 2.9453125 35
1764061306064 3.15625 36
1764061315033 3.2734375 37
1764061324074 3.390625 38
1764061332992 3.578125 39
1764061341923 3.61328125 40
1764061350871 3.78125 41
1764061359719 3.75390625 42
1764061368540 3.82421875 43
1764061377325 3.96484375 44
1764061386294 3.83203125 45
1764061395063 3.7421875 46
1764061404094 3.875 47
1764061412855 3.74609375 48
1764061421662 3.74609375 49
1764061430821 3.8359375 50
1764061439595 3.91796875 51
1764061448421 4.0625 52
1764061457495 4.01171875 53
1764061466408 3.98828125 54
1764061475309 4.171875 55
1764061484189 4.015625 56
1764061492992 4.09375 57
1764061501793 3.98828125 58
1764061510732 3.95703125 59
1764061519604 4.1640625 60
1764061528720 4.0625 61
1764061537643 4.078125 62
1764061546574 4.140625 63
1764061555587 4.2109375 64
1764061564372 4.2265625 65
1764061573191 4.03125 66
1764061582106 4.1484375 67
1764061590995 4.26171875 68
1764061599919 4.26171875 69
1764061608848 4.5546875 70
1764061617676 4.5 71
1764061626739 4.3828125 72
1764061635652 4.484375 73
1764061644714 4.3828125 74
1764061653739 4.3125 75
1764061662688 4.328125 76
1764061671527 4.5 77
1764061680547 4.6875 78
1764061689458 4.703125 79
1764061698497 4.359375 80
1764061707456 4.578125 81
1764061716296 4.8828125 82
1764061725175 4.7109375 83
1764061734036 4.7421875 84
1764061743124 4.90625 85
1764061751963 4.7734375 86
1764061760845 5.015625 87
1764061769695 4.921875 88
1764061778670 5.1015625 89
1764061787498 5.578125 90
1764061796385 5.1171875 91
1764061805253 4.90625 92
1764061814213 5.15625 93
1764061823156 5.0546875 94
1764061832136 5.1171875 95
1764061840970 5.046875 96
1764061850014 5.015625 97
1764061858787 5.03125 98
1764061867738 5.640625 99
1764061876765 5.28125 100
1764061885801 4.8203125 101
1764061894652 5.1015625 102
1764061903627 4.9453125 103
1764061912655 5.2265625 104
1764061921528 5.0 105
1764061930499 5.3671875 106
1764061939435 4.9140625 107
1764061948492 5.390625 108
1764061957459 5.6015625 109
1764061966384 5.109375 110
1764061975396 5.25 111
1764061984229 5.046875 112
1764061993245 5.296875 113
1764062002082 5.0 114
1764062010953 5.078125 115
1764062019879 5.2421875 116
1764062029103 5.34375 117
1764062037964 5.109375 118
1764062046667 5.421875 119
1764062055524 5.3046875 120
1764062064340 5.5625 121
1764062073192 5.640625 122
1764062082035 5.6796875 123
1764062090888 5.28125 124
1764062099857 5.5546875 125
1764062108737 5.125 126
1764062117652 5.265625 127
