1764060991695 0.0020211909140925854 1
1764061000723 0.0020046060963068157 2
1764061009792 0.0019322641310282052 3
1764061018593 0.0018362697446718812 4
1764061027511 0.0019958349876105785 5
1764061036509 0.0015896765689831227 6
1764061045545 0.001258857620996423 7
1764061054503 0.0010597631189739332 8
1764061063542 0.0008386825938941911 9
1764061072377 0.0002883771376218647 10
1764061081414 -0.00030002312632859685 11
1764061090460 -0.0013715667300857604 12
1764061099623 -0.002174117398681119 13
1764061108636 -0.0026082710828632116 14
1764061117885 -0.0030391212785616517 15
1764061126789 -0.0038513580802828074 16
1764061135904 -0.004614151665009558 17
1764061144854 -0.0050123484106734395 18
1764061153757 -0.005056055495515466 19
1764061162652 -0.007046649930998683 20
1764061171730 -0.006252098013646901 21
1764061181047 -0.0063617476262152195 22
1764061189955 -0.007606475963257253 23
1764061198820 -0.008400136837735772 24
1764061207773 -0.007854857947677374 25
1764061216555 -0.011431458173319697 26
1764061225457 -0.009858292760327458 27
1764061234263 -0.012225919170305133 28
1764061243343 -0.012248727260157466 29
1764061252218 -0.013098156312480569 30
1764061261213 -0.013005875516682863 31
1764061270269 -0.014148514019325376 32
1764061279188 -0.01747796544805169 33
1764061288129 -0.015046053333207965 34
1764061297045 -0.01839582808315754 35
1764061306064 -0.01621830789372325 36
1764061315033 -0.020511672366410494 37
1764061324074 -0.02025058213621378 38
1764061332992 -0.021804572315886617 39
1764061341923 -0.0204482632689178 40
1764061350871 -0.017424231162294745 41
1764061359719 -0.021392744034528732 42
1764061368540 -0.017688634805381298 43
1764061377325 -0.01772388769313693 44
1764061386294 -0.017491446807980537 45
1764061395063 -0.019511396531015635 46
1764061404094 -0.018997153732925653 47
1764061412855 -0.01864740764722228 48
1764061421662 -0.01930620870552957 49
1764061430821 -0.01643773983232677 50
1764061439595 -0.017046519555151463 51
1764061448421 -0.018851729575544596 52
1764061457495 -0.01568442746065557 53
1764061466408 -0.014868707163259387 54
1764061475309 -0.017304890789091587 55
1764061484189 -0.01723401853814721 56
1764061492992 -0.01765140937641263 57
1764061501793 -0.02074058260768652 58
1764061510732 -0.017035315511748195 59
1764061519604 -0.018390527460724115 60
1764061528720 -0.016387774609029293 61
1764061537643 -0.016038042260333896 62
1764061546574 -0.0163345152977854 63
1764061555587 -0.015863919397816062 64
1764061564372 -0.018127359449863434 65
1764061573191 -0.018652975326403975 66
1764061582106 -0.016598788322880864 67
1764061590995 -0.015600593062117696 68
1764061599919 -0.017613591626286507 69
1764061608848 -0.01541950972750783 70
1764061617676 -0.016271193278953433 71
1764061626739 -0.015457403380423784 72
1764061635652 -0.016995880054309964 73
1764061644714 -0.01522228796966374 74
1764061653739 -0.014714650809764862 75
1764061662688 -0.01595767284743488 76
1764061671527 -0.016962286550551653 77
1764061680547 -0.014261357486248016 78
1764061689458 -0.016039965208619833 79
1764061698497 -0.01492461166344583 80
1764061707456 -0.013515884289517999 81
1764061716296 -0.01891270000487566 82
1764061725175 -0.017217285931110382 83
1764061734036 -0.018901726929470897 84
1764061743124 -0.01495654252357781 85
1764061751963 -0.014180186204612255 86
1764061760845 -0.015126907965168357 87
1764061769695 -0.01649219123646617 88
1764061778670 -0.013902239501476288 89
1764061787498 -0.014475005678832531 90
1764061796385 -0.016624396666884422 91
1764061805253 -0.013631473761051893 92
1764061814213 -0.015699436888098717 93
1764061823156 -0.013455947861075401 94
1764061832136 -0.013613482238724828 95
1764061840970 -0.017530617536976933 96
1764061850014 -0.014386438531801105 97
1764061858787 -0.017458189744502306 98
1764061867738 -0.013211146695539355 99
1764061876765 -0.013986942125484347 100
1764061885801 -0.015576851787045598 101
1764061894652 -0.015243304194882512 102
1764061903627 -0.013904779916629195 103
1764061912655 -0.01591730653308332 104
1764061921528 -0.014517105417326093 105
1764061930499 -0.016292718006297946 106
1764061939435 -0.016072823433205485 107
1764061948492 -0.01358913816511631 108
1764061957459 -0.014018245274201035 109
1764061966384 -0.0160725440364331 110
1764061975396 -0.015981401316821575 111
1764061984229 -0.014642855618149042 112
1764061993245 -0.013653775211423635 113
1764062002082 -0.01575182075612247 114
1764062010953 -0.01374395634047687 115
1764062019879 -0.016859744675457478 116
1764062029103 -0.013624998508021235 117
1764062037964 -0.0163797321729362 118
1764062046667 -0.015429406426846981 119
1764062055524 -0.01448554452508688 120
1764062064340 -0.016247413819655776 121
1764062073192 -0.013930679531767964 122
1764062082035 -0.015183599898591638 123
1764062090888 -0.017636702628806233 124
1764062099857 -0.013517694780603051 125
1764062108737 -0.01486480887979269 126
1764062117652 -0.01538115506991744 127
