1764060991695 -0.42724609375 1
1764061000723 -0.45654296875 2
1764061009792 -0.4697265625 3
1764061018593 -0.48681640625 4
1764061027511 -0.45361328125 5
1764061036509 -0.4501953125 6
1764061045545 -0.5390625 7
1764061054503 -0.498046875 8
1764061063542 -0.4921875 9
1764061072377 -0.51513671875 10
1764061081414 -0.583984375 11
1764061090460 -0.6201171875 12
1764061099623 -0.65234375 13
1764061108636 -0.744140625 14
1764061117885 -0.8046875 15
1764061126789 -0.8564453125 16
1764061135904 -0.84375 17
1764061144854 -0.87109375 18
1764061153757 -0.828125 19
1764061162652 -0.884765625 20
1764061171730 -0.8916015625 21
1764061181047 -0.8994140625 22
1764061189955 -1.025390625 23
1764061198820 -1.0546875 24
1764061207773 -0.994140625 25
1764061216555 -1.060546875 26
1764061225457 -1.271484375 27
1764061234263 -1.3046875 28
1764061243343 -1.427734375 29
1764061252218 -1.57421875 30
1764061261213 -1.59765625 31
1764061270269 -1.814453125 32
1764061279188 -2.0 33
1764061288129 -1.904296875 34
1764061297045 -2.021484375 35
1764061306064 -2.0390625 36
1764061315033 -2.15234375 37
1764061324074 -2.26953125 38
1764061332992 -2.2109375 39
1764061341923 -2.35546875 40
1764061350871 -2.62109375 41
1764061359719 -2.4375 42
1764061368540 -2.65625 43
1764061377325 -2.43359375 44
1764061386294 -2.095703125 45
1764061395063 -2.35546875 46
1764061404094 -2.32421875 47
1764061412855 -2.205078125 48
1764061421662 -2.23046875 49
1764061430821 -1.978515625 50
1764061439595 -2.0390625 51
1764061448421 -2.3515625 52
1764061457495 -2.30859375 53
1764061466408 -1.966796875 54
1764061475309 -1.89453125 55
1764061484189 -2.07421875 56
1764061492992 -1.935546875 57
1764061501793 -2.19140625 58
1764061510732 -2.07421875 59
1764061519604 -1.8359375 60
1764061528720 -2.1875 61
1764061537643 -2.115234375 62
1764061546574 -1.806640625 63
1764061555587 -1.802734375 64
1764061564372 -1.845703125 65
1764061573191 -1.939453125 66
1764061582106 -1.9453125 67
1764061590995 -1.9140625 68
1764061599919 -1.908203125 69
1764061608848 -1.83203125 70
1764061617676 -1.75390625 71
1764061626739 -1.849609375 72
1764061635652 -1.685546875 73
1764061644714 -1.904296875 74
1764061653739 -1.7890625 75
1764061662688 -1.71484375 76
1764061671527 -1.685546875 77
1764061680547 -1.56640625 78
1764061689458 -1.576171875 79
1764061698497 -1.52734375 80
1764061707456 -1.5703125 81
1764061716296 -1.466796875 82
1764061725175 -1.6171875 83
1764061734036 -1.623046875 84
1764061743124 -1.5546875 85
1764061751963 -1.578125 86
1764061760845 -1.54296875 87
1764061769695 -1.564453125 88
1764061778670 -1.6484375 89
1764061787498 -1.501953125 90
1764061796385 -1.45703125 91
1764061805253 -1.501953125 92
1764061814213 -1.529296875 93
1764061823156 -1.517578125 94
1764061832136 -1.6015625 95
1764061840970 -1.53125 96
1764061850014 -1.5390625 97
1764061858787 -1.462890625 98
1764061867738 -1.66796875 99
1764061876765 -1.55078125 100
1764061885801 -1.45703125 101
1764061894652 -1.46484375 102
1764061903627 -1.458984375 103
1764061912655 -1.607421875 104
1764061921528 -1.451171875 105
1764061930499 -1.609375 106
1764061939435 -1.6328125 107
1764061948492 -1.40234375 108
1764061957459 -1.58203125 109
1764061966384 -1.37109375 110
1764061975396 -1.4296875 111
1764061984229 -1.400390625 112
1764061993245 -1.275390625 113
1764062002082 -1.32421875 114
1764062010953 -1.24609375 115
1764062019879 -1.306640625 116
1764062029103 -1.703125 117
1764062037964 -1.412109375 118
1764062046667 -1.509765625 119
1764062055524 -1.59765625 120
1764062064340 -1.55078125 121
1764062073192 -1.46875 122
1764062082035 -1.31640625 123
1764062090888 -1.431640625 124
1764062099857 -1.400390625 125
1764062108737 -1.482421875 126
1764062117652 -1.35546875 127
