1764060991695 0.10112117044627666 1
1764061000723 0.10106997936964035 2
1764061009792 0.10070598311722279 3
1764061018593 0.0998148750513792 4
1764061027511 0.10320409946143627 5
1764061036509 0.10170997306704521 6
1764061045545 0.10278275609016418 7
1764061054503 0.0996159054338932 8
1764061063542 0.10166834481060505 9
1764061072377 0.10985737666487694 10
1764061081414 0.1141547504812479 11
1764061090460 0.12521853670477867 12
1764061099623 0.13706376776099205 13
1764061108636 0.14281439408659935 14
1764061117885 0.1516680233180523 15
1764061126789 0.16686838492751122 16
1764061135904 0.18024879693984985 17
1764061144854 0.1863834708929062 18
1764061153757 0.19527381658554077 19
1764061162652 0.21765974536538124 20
1764061171730 0.22749144956469536 21
1764061181047 0.23651446029543877 22
1764061189955 0.2608645558357239 23
1764061198820 0.2820826545357704 24
1764061207773 0.2952318638563156 25
1764061216555 0.3329445421695709 26
1764061225457 0.3536991775035858 27
1764061234263 0.38804348558187485 28
1764061243343 0.43485091626644135 29
1764061252218 0.47729671001434326 30
1764061261213 0.49786650389432907 31
1764061270269 0.5353616029024124 32
1764061279188 0.6087234169244766 33
1764061288129 0.623126432299614 34
1764061297045 0.6845239549875259 35
1764061306064 0.6896936744451523 36
1764061315033 0.7437397092580795 37
1764061324074 0.8007371723651886 38
1764061332992 0.8458821028470993 39
1764061341923 0.843739241361618 40
1764061350871 0.8690411448478699 41
1764061359719 0.9196957349777222 42
1764061368540 0.9081943482160568 43
1764061377325 0.903249129652977 44
1764061386294 0.8930939584970474 45
1764061395063 0.9121511578559875 46
1764061404094 0.8918491154909134 47
1764061412855 0.9025969803333282 48
1764061421662 0.854166254401207 49
1764061430821 0.8799986243247986 50
1764061439595 0.8915356695652008 51
1764061448421 0.9349550902843475 52
1764061457495 0.8806442022323608 53
1764061466408 0.8996814638376236 54
1764061475309 0.9420165568590164 55
1764061484189 0.8983435332775116 56
1764061492992 0.9220802485942841 57
1764061501793 0.9293549656867981 58
1764061510732 0.8800478726625443 59
1764061519604 0.8752754926681519 60
1764061528720 0.8483206927776337 61
1764061537643 0.8973515778779984 62
1764061546574 0.9016695022583008 63
1764061555587 0.8783470541238785 64
1764061564372 0.878781259059906 65
1764061573191 0.8875707387924194 66
1764061582106 0.8651781529188156 67
1764061590995 0.8612570464611053 68
1764061599919 0.8760361224412918 69
1764061608848 0.8766551315784454 70
1764061617676 0.8733718991279602 71
1764061626739 0.8783984631299973 72
1764061635652 0.8693245202302933 73
1764061644714 0.8568508177995682 74
1764061653739 0.8401081413030624 75
1764061662688 0.8008000701665878 76
1764061671527 0.8443969339132309 77
1764061680547 0.8717020153999329 78
1764061689458 0.8484372943639755 79
1764061698497 0.8061060756444931 80
1764061707456 0.8047534227371216 81
1764061716296 0.8569624572992325 82
1764061725175 0.8383761197328568 83
1764061734036 0.8501856923103333 84
1764061743124 0.8297686278820038 85
1764061751963 0.8130255788564682 86
1764061760845 0.8465069532394409 87
1764061769695 0.8308742642402649 88
1764061778670 0.831401988863945 89
1764061787498 0.8322716951370239 90
1764061796385 0.8343268632888794 91
1764061805253 0.8424772024154663 92
1764061814213 0.8603260666131973 93
1764061823156 0.8274041563272476 94
1764061832136 0.8531682342290878 95
1764061840970 0.8164630234241486 96
1764061850014 0.7976571321487427 97
1764061858787 0.8068687319755554 98
1764061867738 0.7940810918807983 99
1764061876765 0.8098587244749069 100
1764061885801 0.8098864108324051 101
1764061894652 0.8117931038141251 102
1764061903627 0.7892879098653793 103
1764061912655 0.8329005092382431 104
1764061921528 0.8194486647844315 105
1764061930499 0.8295090049505234 106
1764061939435 0.8576089441776276 107
1764061948492 0.8097972124814987 108
1764061957459 0.8257967978715897 109
1764061966384 0.8212428539991379 110
1764061975396 0.8022062331438065 111
1764061984229 0.8128241896629333 112
1764061993245 0.8222366124391556 113
1764062002082 0.813476949930191 114
1764062010953 0.7869302928447723 115
1764062019879 0.8313037008047104 116
1764062029103 0.8117960095405579 117
1764062037964 0.8116225004196167 118
1764062046667 0.7849392145872116 119
1764062055524 0.7956870049238205 120
1764062064340 0.8558855205774307 121
1764062073192 0.7986955791711807 122
1764062082035 0.7732585966587067 123
1764062090888 0.8070323765277863 124
1764062099857 0.8011201322078705 125
1764062108737 0.7937954366207123 126
1764062117652 0.8074679225683212 127
