1764863766536 1.0 5
1764863788921 1.0 10
1764863811293 1.0 15
1764863833911 1.0 20
1764863856332 1.0 25
1764863878720 1.0 30
1764863901390 1.0 35
1764863923795 1.0 40
1764863946206 1.0 45
1764863968805 1.0 50
1764863991200 1.0 55
1764864013736 1.0 60
1764864036266 1.0 65
1764864058694 1.0 70
1764864081311 1.0 75
1764864103727 1.0 80
1764864126140 1.0 85
1764864148828 1.0 90
1764864171223 1.0 95
1764864193647 1.0 100
1764864216242 1.0 105
1764864238654 1.0 110
1764864261058 1.0 115
1764864283721 1.0 120
1764864306132 1.0 125
1764864328539 1.0 130
1764864351155 1.0 135
1764864373518 1.0 140
1764864395886 1.0 145
1764864418552 1.0 150
1764864440936 1.0 155
1764864463354 1.0 160
1764864485932 1.0 165
1764864508288 1.0 170
1764864530632 1.0 175
1764864553280 1.0 180
1764864575673 1.0 185
1764864598071 1.0 190
1764864620637 1.0 195
1764864643054 1.0 200
1764864665568 1.0 205
1764864688107 1.0 210
1764864710493 1.0 215
1764864733102 1.0 220
1764864755482 1.0 225
1764864777848 1.0 230
1764864800393 1.0 235
1764864822746 1.0 240
1764864845113 1.0 245
1764864867667 1.0 250
1764864890017 1.0 255
1764864912406 1.0 260
1764864934973 1.0 265
1764864957345 1.0 270
1764864979696 1.0 275
1764865002290 1.0 280
1764865024717 1.0 285
1764865047138 1.0 290
1764865069755 1.0 295
1764865092177 1.0 300
1764865114621 1.0 305
1764865137285 1.0 310
1764865159708 1.0 315
1764865182118 1.0 320
1764865204741 1.0 325
1764865227116 1.0 330
1764865249529 1.0 335
1764865272167 1.0 340
1764865294592 1.0 345
1764865317115 1.0 350
1764865339655 1.0 355
1764865362073 1.0 360
1764865384601 1.0 365
1764865407123 1.0 370
1764865429511 1.0 375
1764865452171 1.0 380
1764865474571 1.0 385
1764865496956 1.0 390
1764865519597 1.0 395
1764865541999 1.0 400
1764865564406 1.0 405
1764865587016 1.0 410
1764865609408 1.0 415
1764865631799 1.0 420
1764865654379 1.0 425
1764865676772 1.0 430
1764865699198 1.0 435
1764865721794 1.0 440
1764865744203 1.0 445
1764865766603 1.0 450
1764865789237 1.0 455
1764865811631 1.0 460
1764865833970 1.0 465
1764865856549 1.0 470
1764865878901 1.0 475
1764865901258 1.0 480
1764865923809 1.0 485
1764865946179 1.0 490
1764865968658 1.0 495
1764865991121 1.0 500
1764866013494 1.0 505
1764866035989 1.0 510
1764866058488 1.0 515
1764866080915 1.0 520
1764866103529 1.0 525
1764866125937 1.0 530
1764866148324 1.0 535
1764866170916 1.0 540
1764866193264 1.0 545
1764866215613 1.0 550
1764866238158 1.0 555
1764866260521 1.0 560
1764866282880 1.0 565
1764866305471 1.0 570
1764866327863 1.0 575
1764866350252 1.0 580
1764866372894 1.0 585
1764866395300 1.0 590
1764866417730 1.0 595
1764866440378 1.0 600
1764866462764 1.0 605
1764866485204 1.0 610
1764866507774 1.0 615
1764866530116 1.0 620
1764866552466 1.0 625
1764866575045 1.0 630
1764866597423 1.0 635
1764866619882 1.0 640
1764866642330 1.0 645
1764866664687 1.0 650
1764866687165 1.0 655
1764866709592 1.0 660
1764866731937 1.0 665
1764866754481 1.0 670
1764866776827 1.0 675
1764866799209 1.0 680
1764866821759 1.0 685
1764866844157 1.0 690
1764866866562 1.0 695
1764866889206 1.0 700
1764866911611 1.0 705
1764866934003 1.0 710
1764866956551 1.0 715
1764866978975 1.0 720
1764867001374 1.0 725
1764867024019 1.0 730
1764867046434 1.0 735
1764867068847 1.0 740
1764867091453 1.0 745
1764867113807 1.0 750
1764867136183 1.0 755
1764867158965 1.0 760
1764867181419 1.0 765
1764867203838 1.0 770
1764867226483 1.0 775
1764867248874 1.0 780
1764867271402 1.0 785
1764867293877 1.0 790
1764867316266 1.0 795
1764867338780 1.0 800
1764867361284 1.0 805
1764867383705 1.0 810
1764867406259 1.0 815
1764867428756 1.0 820
1764867451168 1.0 825
1764867473807 1.0 830
1764867506481 1.0 835
1764867529393 1.0 840
1764867552315 1.0 845
1764867575220 1.0 850
1764867598108 1.0 855
1764867621037 1.0 860
1764867643500 1.0 865
1764867665895 1.0 870
1764867688467 1.0 875
1764867710863 1.0 880
1764867733229 1.0 885
1764867755793 1.0 890
1764867778153 1.0 895
1764867800519 1.0 900
1764867823097 1.0 905
1764867845460 1.0 910
1764867867945 1.0 915
1764867890392 1.0 920
1764867912761 1.0 925
1764867935187 1.0 930
1764867957610 1.0 935
1764867979946 1.0 940
1764868002405 1.0 945
1764868024862 1.0 950
1764868047264 1.0 955
1764868069754 1.0 960
1764868092270 1.0 965
1764868114670 1.0 970
1764868137183 1.0 975
1764868159639 1.0 980
1764868182044 1.0 985
1764868204559 1.0 990
1764868227117 1.0 995
1764868249531 1.0 1000
1764868272039 1.0 1005
1764868294524 1.0 1010
1764868316920 1.0 1015
1764868339469 1.0 1020
1764868362032 1.0 1025
1764868384427 1.0 1030
1764868407106 1.0 1035
1764868429482 1.0 1040
1764868451898 1.0 1045
1764868474507 1.0 1050
1764868496889 1.0 1055
1764868519365 1.0 1060
1764868541931 1.0 1065
1764868564292 1.0 1070
1764868586790 1.0 1075
1764868609342 1.0 1080
1764868631739 1.0 1085
1764868654293 1.0 1090
1764868676757 1.0 1095
1764868699143 1.0 1100
1764868721677 1.0 1105
1764868744155 1.0 1110
1764868766542 1.0 1115
1764868789121 1.0 1120
1764868811580 1.0 1125
1764868833998 1.0 1130
1764868856602 1.0 1135
1764868879111 1.0 1140
1764868901478 1.0 1145
1764868924019 1.0 1150
1764868946491 1.0 1155
1764868968898 1.0 1160
1764868991478 1.0 1165
1764869013971 1.0 1170
1764869036386 1.0 1175
1764869058972 1.0 1180
1764869081444 1.0 1185
1764869103867 1.0 1190
1764869126552 1.0 1195
1764869148963 1.0 1200
1764869171507 1.0 1205
1764869194093 1.0 1210
1764869216517 1.0 1215
1764869238970 1.0 1220
1764869261421 1.0 1225
1764869283872 1.0 1230
1764869306410 1.0 1235
1764869328950 1.0 1240
1764869351317 1.0 1245
1764869373864 1.0 1250
1764869396314 1.0 1255
1764869418725 1.0 1260
1764869441376 1.0 1265
1764869463845 1.0 1270
1764869486226 1.0 1275
1764869508789 1.0 1280
1764869531267 1.0 1285
1764869553658 1.0 1290
1764869576288 1.0 1295
1764869598809 1.0 1300
1764869621212 1.0 1305
1764869643813 1.0 1310
1764869666236 1.0 1315
1764869688577 1.0 1320
1764869711291 1.0 1325
1764869733841 1.0 1330
1764869756252 1.0 1335
1764869778858 1.0 1340
1764869801299 1.0 1345
1764869823744 1.0 1350
1764869846294 1.0 1355
1764869868787 1.0 1360
1764869891246 1.0 1365
1764869913695 1.0 1370
1764869936139 1.0 1375
1764869958648 1.0 1380
1764869981119 1.0 1385
1764870003673 1.0 1390
1764870026274 1.0 1395
1764870048643 1.0 1400
1764870071103 1.0 1405
1764870093741 1.0 1410
1764870116147 1.0 1415
1764870138717 1.0 1420
1764870161300 1.0 1425
1764870183810 1.0 1430
1764870206218 1.0 1435
1764870228878 1.0 1440
1764870251439 1.0 1445
1764870273814 1.0 1450
1764870296372 1.0 1455
1764870318856 1.0 1460
1764870341279 1.0 1465
1764870363951 1.0 1470
1764870386507 1.0 1475
1764870408871 1.0 1480
1764870431484 1.0 1485
1764870453981 1.0 1490
1764870476450 1.0 1495
1764870499003 1.0 1500
1764870521559 1.0 1505
1764870544077 1.0 1510
1764870566537 1.0 1515
1764870589003 1.0 1520
1764870611545 1.0 1525
1764870634023 1.0 1530
1764870656543 1.0 1535
1764870679105 1.0 1540
1764870701471 1.0 1545
1764870723923 1.0 1550
1764870746586 1.0 1555
1764870768986 1.0 1560
1764870791528 1.0 1565
1764870814135 1.0 1570
1764870836624 1.0 1575
1764870859039 1.0 1580
1764870881687 1.0 1585
1764870904242 1.0 1590
1764870926658 1.0 1595
1764870949274 1.0 1600
1764870971751 1.0 1605
1764870994171 1.0 1610
1764871016831 1.0 1615
1764871039405 1.0 1620
1764871061811 1.0 1625
1764871084437 1.0 1630
1764871106940 1.0 1635
1764871129450 1.0 1640
1764871152047 1.0 1645
1764871174592 1.0 1650
1764871197045 1.0 1655
1764871219502 1.0 1660
1764871241998 1.0 1665
1764871274967 1.0 1670
1764871297848 1.0 1675
1764871320771 1.0 1680
1764871343817 1.0 1685
1764871366752 1.0 1690
1764871389526 1.0 1695
1764871412194 1.0 1700
1764871434651 1.0 1705
1764871457015 1.0 1710
1764871479761 1.0 1715
1764871502172 1.0 1720
1764871524687 1.0 1725
1764871547351 1.0 1730
1764871569846 1.0 1735
1764871592266 1.0 1740
1764871614984 1.0 1745
1764871637493 1.0 1750
1764871659841 1.0 1755
1764871682446 1.0 1760
1764871704901 1.0 1765
1764871727300 1.0 1770
1764871749980 1.0 1775
1764871772433 1.0 1780
1764871794870 1.0 1785
1764871817431 1.0 1790
1764871839896 1.0 1795
1764871862425 1.0 1800
1764871884942 1.0 1805
1764871907366 1.0 1810
1764871929896 1.0 1815
1764871952342 1.0 1820
1764871974840 1.0 1825
1764871997458 1.0 1830
1764872019971 1.0 1835
1764872042420 1.0 1840
1764872065025 1.0 1845
1764872087396 1.0 1850
1764872109853 1.0 1855
1764872132582 1.0 1860
1764872154954 1.0 1865
1764872177396 1.0 1870
1764872199999 1.0 1875
1764872222361 1.0 1880
1764872244835 1.0 1885
1764872267590 1.0 1890
1764872289955 1.0 1895
1764872312443 1.0 1900
1764872335143 1.0 1905
1764872357532 1.0 1910
1764872379986 1.0 1915
1764872402711 1.0 1920
1764872425102 1.0 1925
1764872447633 1.0 1930
1764872470219 1.0 1935
1764872492758 1.0 1940
1764872515314 1.0 1945
1764872537891 1.0 1950
1764872560412 1.0 1955
1764872582969 1.0 1960
1764872605408 1.0 1965
1764872627890 1.0 1970
1764872650489 1.0 1975
1764872672982 1.0 1980
1764872695435 1.0 1985
1764872718103 1.0 1990
1764872740488 1.0 1995
1764872762989 1.0 2000
1764872785749 1.0 2005
1764872808174 1.0 2010
1764872830668 1.0 2015
1764872853350 1.0 2020
1764872875730 1.0 2025
1764872898270 1.0 2030
1764872921012 1.0 2035
1764872943427 1.0 2040
1764872965925 1.0 2045
1764872988633 1.0 2050
1764873011120 1.0 2055
1764873033642 1.0 2060
1764873056357 1.0 2065
1764873078746 1.0 2070
1764873101327 1.0 2075
1764873123937 1.0 2080
1764873146445 1.0 2085
1764873169057 1.0 2090
1764873191632 1.0 2095
1764873214127 1.0 2100
1764873236729 1.0 2105
1764873259198 1.0 2110
1764873281708 1.0 2115
1764873304364 1.0 2120
1764873326890 1.0 2125
1764873349362 1.0 2130
1764873372091 1.0 2135
1764873394517 1.0 2140
1764873417013 1.0 2145
1764873439799 1.0 2150
1764873462209 1.0 2155
1764873484679 1.0 2160
1764873507322 1.0 2165
1764873529730 1.0 2170
1764873552234 1.0 2175
1764873574967 1.0 2180
1764873597383 1.0 2185
1764873619924 1.0 2190
1764873642634 1.0 2195
1764873665045 1.0 2200
1764873687556 1.0 2205
1764873710331 1.0 2210
1764873732719 1.0 2215
1764873755317 1.0 2220
1764873777888 1.0 2225
1764873800408 1.0 2230
1764873822952 1.0 2235
1764873845527 1.0 2240
1764873868002 1.0 2245
1764873890533 1.0 2250
1764873912990 1.0 2255
1764873935479 1.0 2260
1764873958132 1.0 2265
1764873980632 1.0 2270
1764874003126 1.0 2275
1764874025837 1.0 2280
1764874048249 1.0 2285
1764874070770 1.0 2290
1764874093498 1.0 2295
1764874115898 1.0 2300
1764874138390 1.0 2305
1764874161376 1.0 2310
1764874183754 1.0 2315
1764874206252 1.0 2320
1764874228968 1.0 2325
1764874251321 1.0 2330
1764874273753 1.0 2335
1764874296371 1.0 2340
1764874318746 1.0 2345
1764874341193 1.0 2350
1764874363944 1.0 2355
1764874386353 1.0 2360
1764874408885 1.0 2365
1764874431489 1.0 2370
1764874453948 1.0 2375
1764874476485 1.0 2380
1764874499070 1.0 2385
1764874521577 1.0 2390
1764874544151 1.0 2395
1764874566653 1.0 2400
1764874589196 1.0 2405
1764874611854 1.0 2410
1764874634354 1.0 2415
1764874656832 1.0 2420
1764874679466 1.0 2425
1764874701881 1.0 2430
1764874724449 1.0 2435
1764874747193 1.0 2440
1764874769600 1.0 2445
1764874792075 1.0 2450
1764874814750 1.0 2455
1764874837143 1.0 2460
1764874859697 1.0 2465
1764874882441 1.0 2470
1764874904881 1.0 2475
1764874927368 1.0 2480
1764874950009 1.0 2485
1764874972450 1.0 2490
1764874995002 1.0 2495
1764875027831 1.0 2500
1764875050719 1.0 2505
1764875073729 1.0 2510
1764875096715 1.0 2515
1764875119595 1.0 2520
1764875142554 1.0 2525
1764875165266 1.0 2530
1764875187803 1.0 2535
1764875210460 1.0 2540
1764875232950 1.0 2545
1764875255463 1.0 2550
1764875278152 1.0 2555
1764875300525 1.0 2560
1764875323024 1.0 2565
1764875345586 1.0 2570
1764875368051 1.0 2575
1764875390493 1.0 2580
1764875413194 1.0 2585
1764875435630 1.0 2590
1764875458126 1.0 2595
1764875480839 1.0 2600
1764875503249 1.0 2605
1764875525769 1.0 2610
1764875548449 1.0 2615
1764875570846 1.0 2620
1764875593525 1.0 2625
1764875616093 1.0 2630
1764875638479 1.0 2635
1764875660975 1.0 2640
1764875683683 1.0 2645
1764875706212 1.0 2650
1764875728718 1.0 2655
1764875751290 1.0 2660
1764875773787 1.0 2665
1764875796282 1.0 2670
1764875818899 1.0 2675
1764875841390 1.0 2680
1764875864037 1.0 2685
1764875886542 1.0 2690
1764875909039 1.0 2695
1764875931795 1.0 2700
1764875954199 1.0 2705
1764875976706 1.0 2710
1764875999277 1.0 2715
1764876021809 1.0 2720
1764876044284 1.0 2725
1764876066975 1.0 2730
1764876089383 1.0 2735
1764876111942 1.0 2740
1764876134637 1.0 2745
1764876157052 1.0 2750
1764876179541 1.0 2755
1764876202192 1.0 2760
1764876224556 1.0 2765
1764876247007 1.0 2770
1764876269621 1.0 2775
1764876291982 1.0 2780
1764876314531 1.0 2785
1764876337083 1.0 2790
1764876359533 1.0 2795
1764876382007 1.0 2800
1764876404570 1.0 2805
1764876427030 1.0 2810
1764876449536 1.0 2815
1764876472144 1.0 2820
1764876494629 1.0 2825
1764876517198 1.0 2830
1764876539649 1.0 2835
1764876562167 1.0 2840
1764876584867 1.0 2845
1764876607272 1.0 2850
1764876629812 1.0 2855
1764876652437 1.0 2860
1764876674923 1.0 2865
1764876697434 1.0 2870
1764876720169 1.0 2875
1764876742594 1.0 2880
1764876765124 1.0 2885
1764876787772 1.0 2890
1764876810133 1.0 2895
1764876832588 1.0 2900
1764876855281 1.0 2905
1764876877660 1.0 2910
1764876900143 1.0 2915
1764876922871 1.0 2920
1764876945290 1.0 2925
1764876967926 1.0 2930
1764876990581 1.0 2935
1764877013061 1.0 2940
1764877035642 1.0 2945
1764877058337 1.0 2950
1764877080864 1.0 2955
1764877103400 1.0 2960
1764877126036 1.0 2965
1764877148567 1.0 2970
1764877171199 1.0 2975
1764877193687 1.0 2980
1764877216137 1.0 2985
1764877238916 1.0 2990
1764877261350 1.0 2995
1764877283889 1.0 3000
1764877306507 1.0 3005
1764877329030 1.0 3010
1764877351514 1.0 3015
1764877374215 1.0 3020
1764877396612 1.0 3025
1764877419127 1.0 3030
1764877441851 1.0 3035
1764877464276 1.0 3040
1764877486776 1.0 3045
1764877509538 1.0 3050
1764877531914 1.0 3055
1764877554408 1.0 3060
1764877577099 1.0 3065
1764877599467 1.0 3070
1764877622037 1.0 3075
1764877644629 1.0 3080
1764877667111 1.0 3085
1764877689612 1.0 3090
1764877712172 1.0 3095
1764877734613 1.0 3100
1764877757094 1.0 3105
1764877779714 1.0 3110
1764877802330 1.0 3115
1764877825140 1.0 3120
1764877847639 1.0 3125
1764877870149 1.0 3130
1764877892864 1.0 3135
1764877915281 1.0 3140
1764877937860 1.0 3145
1764877960523 1.0 3150
1764877983057 1.0 3155
1764878005556 1.0 3160
1764878028278 1.0 3165
1764878050710 1.0 3170
1764878073304 1.0 3175
1764878096035 1.0 3180
1764878118448 1.0 3185
1764878140949 1.0 3190
1764878163675 1.0 3195
1764878186084 1.0 3200
1764878208617 1.0 3205
1764878231339 1.0 3210
1764878253747 1.0 3215
1764878276342 1.0 3220
1764878298955 1.0 3225
1764878321377 1.0 3230
1764878344063 1.0 3235
1764878366747 1.0 3240
1764878389221 1.0 3245
1764878411712 1.0 3250
1764878434317 1.0 3255
1764878456889 1.0 3260
1764878479535 1.0 3265
1764878502095 1.0 3270
1764878524617 1.0 3275
1764878547303 1.0 3280
1764878569672 1.0 3285
1764878592203 1.0 3290
1764878614839 1.0 3295
1764878637366 1.0 3300
1764878659864 1.0 3305
1764878682601 1.0 3310
1764878704998 1.0 3315
1764878727547 1.0 3320
1764878750223 1.0 3325
1764878772619 1.0 3330
1764878805588 1.0 3335
1764878828740 1.0 3340
1764878851644 1.0 3345
1764878874554 1.0 3350
1764878897538 1.0 3355
1764878920435 1.0 3360
1764878942950 1.0 3365
1764878965638 1.0 3370
1764878988093 1.0 3375
1764879010645 1.0 3380
1764879033171 1.0 3385
1764879055588 1.0 3390
1764879078224 1.0 3395
1764879100708 1.0 3400
1764879123187 1.0 3405
1764879145790 1.0 3410
1764879168203 1.0 3415
1764879190687 1.0 3420
1764879213323 1.0 3425
1764879235715 1.0 3430
1764879258122 1.0 3435
1764879280770 1.0 3440
1764879303181 1.0 3445
1764879325668 1.0 3450
1764879348346 1.0 3455
1764879370750 1.0 3460
1764879393231 1.0 3465
1764879415897 1.0 3470
1764879438268 1.0 3475
1764879460722 1.0 3480
1764879483348 1.0 3485
1764879505763 1.0 3490
1764879528285 1.0 3495
1764879550979 1.0 3500
1764879573391 1.0 3505
1764879595894 1.0 3510
1764879618521 1.0 3515
1764879640938 1.0 3520
1764879663552 1.0 3525
1764879686138 1.0 3530
1764879708499 1.0 3535
1764879731126 1.0 3540
1764879753581 1.0 3545
1764879776051 1.0 3550
1764879798635 1.0 3555
1764879821104 1.0 3560
1764879843602 1.0 3565
1764879866296 1.0 3570
1764879888721 1.0 3575
1764879911207 1.0 3580
1764879933915 1.0 3585
1764879956338 1.0 3590
1764879978857 1.0 3595
1764880001505 1.0 3600
1764880023909 1.0 3605
1764880046417 1.0 3610
1764880069193 1.0 3615
1764880091594 1.0 3620
1764880114100 1.0 3625
1764880136768 1.0 3630
1764880159184 1.0 3635
1764880181735 1.0 3640
1764880204554 1.0 3645
1764880226912 1.0 3650
1764880249389 1.0 3655
1764880272040 1.0 3660
1764880294443 1.0 3665
1764880317036 1.0 3670
1764880339594 1.0 3675
1764880361964 1.0 3680
1764880384557 1.0 3685
1764880407015 1.0 3690
1764880429489 1.0 3695
1764880452081 1.0 3700
1764880474559 1.0 3705
1764880497019 1.0 3710
1764880519626 1.0 3715
1764880542050 1.0 3720
1764880564581 1.0 3725
1764880587294 1.0 3730
1764880609687 1.0 3735
1764880632136 1.0 3740
1764880654758 1.0 3745
1764880677138 1.0 3750
1764880699604 1.0 3755
1764880722267 1.0 3760
1764880744642 1.0 3765
1764880767115 1.0 3770
1764880789707 1.0 3775
1764880812089 1.0 3780
1764880834589 1.0 3785
1764880857244 1.0 3790
1764880879636 1.0 3795
1764880902150 1.0 3800
1764880924753 1.0 3805
1764880947174 1.0 3810
1764880969793 1.0 3815
1764880992418 1.0 3820
1764881014855 1.0 3825
1764881037490 1.0 3830
1764881059987 1.0 3835
1764881082454 1.0 3840
1764881105026 1.0 3845
1764881127513 1.0 3850
1764881149948 1.0 3855
1764881172563 1.0 3860
1764881194940 1.0 3865
1764881217424 1.0 3870
1764881240161 1.0 3875
1764881262554 1.0 3880
1764881285139 1.0 3885
1764881307778 1.0 3890
1764881330206 1.0 3895
1764881352678 1.0 3900
1764881375428 1.0 3905
1764881397841 1.0 3910
1764881420515 1.0 3915
1764881443173 1.0 3920
1764881465590 1.0 3925
1764881488016 1.0 3930
1764881510699 1.0 3935
1764881533053 1.0 3940
1764881555508 1.0 3945
1764881578149 1.0 3950
1764881600587 1.0 3955
1764881623184 1.0 3960
1764881645783 1.0 3965
1764881668311 1.0 3970
1764881690874 1.0 3975
1764881713437 1.0 3980
1764881735961 1.0 3985
1764881758549 1.0 3990
1764881781061 1.0 3995
1764881803544 1.0 4000
1764881826158 1.0 4005
1764881848571 1.0 4010
1764881871065 1.0 4015
1764881893814 1.0 4020
1764881916255 1.0 4025
1764881938766 1.0 4030
1764881961406 1.0 4035
1764881983789 1.0 4040
1764882006308 1.0 4045
1764882029002 1.0 4050
1764882051407 1.0 4055
1764882073879 1.0 4060
1764882096544 1.0 4065
1764882118963 1.0 4070
1764882141481 1.0 4075
1764882164169 1.0 4080
1764882186590 1.0 4085
1764882209172 1.0 4090
1764882231841 1.0 4095
1764882254272 1.0 4100
1764882276892 1.0 4105
1764882299525 1.0 4110
1764882321976 1.0 4115
1764882344628 1.0 4120
1764882367131 1.0 4125
1764882389629 1.0 4130
1764882412237 1.0 4135
1764882434769 1.0 4140
1764882457291 1.0 4145
1764882479964 1.0 4150
1764882502349 1.0 4155
1764882524856 1.0 4160
1764882547548 1.0 4165
