1764863766536 0.310546875 5
1764863788921 0.33203125 10
1764863811293 0.35546875 15
1764863833911 0.263671875 20
1764863856332 0.302734375 25
1764863878720 0.279296875 30
1764863901390 0.2890625 35
1764863923795 0.236328125 40
1764863946206 0.1826171875 45
1764863968805 0.1708984375 50
1764863991200 0.154296875 55
1764864013736 0.1318359375 60
1764864036266 0.130859375 65
1764864058694 0.10986328125 70
1764864081311 0.109375 75
1764864103727 0.11279296875 80
1764864126140 0.11181640625 85
1764864148828 0.10693359375 90
1764864171223 0.11669921875 95
1764864193647 0.10986328125 100
1764864216242 0.12255859375 105
1764864238654 0.111328125 110
1764864261058 0.119140625 115
1764864283721 0.1337890625 120
1764864306132 0.1396484375 125
1764864328539 0.1376953125 130
1764864351155 0.142578125 135
1764864373518 0.15234375 140
1764864395886 0.169921875 145
1764864418552 0.15234375 150
1764864440936 0.171875 155
1764864463354 0.1630859375 160
1764864485932 0.16796875 165
1764864508288 0.1611328125 170
1764864530632 0.1953125 175
1764864553280 0.181640625 180
1764864575673 0.185546875 185
1764864598071 0.181640625 190
1764864620637 0.1875 195
1764864643054 0.189453125 200
1764864665568 0.185546875 205
1764864688107 0.177734375 210
1764864710493 0.2158203125 215
1764864733102 0.1962890625 220
1764864755482 0.205078125 225
1764864777848 0.24609375 230
1764864800393 0.212890625 235
1764864822746 0.208984375 240
1764864845113 0.21875 245
1764864867667 0.2119140625 250
1764864890017 0.2099609375 255
1764864912406 0.1953125 260
1764864934973 0.234375 265
1764864957345 0.2578125 270
1764864979696 0.2421875 275
1764865002290 0.2353515625 280
1764865024717 0.2177734375 285
1764865047138 0.2421875 290
1764865069755 0.251953125 295
1764865092177 0.25390625 300
1764865114621 0.2216796875 305
1764865137285 0.2216796875 310
1764865159708 0.2431640625 315
1764865182118 0.25390625 320
1764865204741 0.2451171875 325
1764865227116 0.267578125 330
1764865249529 0.26171875 335
1764865272167 0.2412109375 340
1764865294592 0.26953125 345
1764865317115 0.267578125 350
1764865339655 0.251953125 355
1764865362073 0.26953125 360
1764865384601 0.296875 365
1764865407123 0.27734375 370
1764865429511 0.25390625 375
1764865452171 0.30078125 380
1764865474571 0.26953125 385
1764865496956 0.296875 390
1764865519597 0.2734375 395
1764865541999 0.27734375 400
1764865564406 0.30078125 405
1764865587016 0.322265625 410
1764865609408 0.318359375 415
1764865631799 0.267578125 420
1764865654379 0.283203125 425
1764865676772 0.275390625 430
1764865699198 0.30078125 435
1764865721794 0.275390625 440
1764865744203 0.3125 445
1764865766603 0.302734375 450
1764865789237 0.27734375 455
1764865811631 0.330078125 460
1764865833970 0.3125 465
1764865856549 0.30859375 470
1764865878901 0.2734375 475
1764865901258 0.298828125 480
1764865923809 0.318359375 485
1764865946179 0.310546875 490
1764865968658 0.333984375 495
1764865991121 0.283203125 500
1764866013494 0.27734375 505
1764866035989 0.333984375 510
1764866058488 0.314453125 515
1764866080915 0.345703125 520
1764866103529 0.314453125 525
1764866125937 0.294921875 530
1764866148324 0.345703125 535
1764866170916 0.328125 540
1764866193264 0.31640625 545
1764866215613 0.359375 550
1764866238158 0.30859375 555
1764866260521 0.306640625 560
1764866282880 0.328125 565
1764866305471 0.3125 570
1764866327863 0.330078125 575
1764866350252 0.3125 580
1764866372894 0.30078125 585
1764866395300 0.359375 590
1764866417730 0.33984375 595
1764866440378 0.345703125 600
1764866462764 0.330078125 605
1764866485204 0.3359375 610
1764866507774 0.3125 615
1764866530116 0.349609375 620
1764866552466 0.322265625 625
1764866575045 0.359375 630
1764866597423 0.326171875 635
1764866619882 0.3203125 640
1764866642330 0.322265625 645
1764866664687 0.333984375 650
1764866687165 0.36328125 655
1764866709592 0.333984375 660
1764866731937 0.33984375 665
1764866754481 0.330078125 670
1764866776827 0.353515625 675
1764866799209 0.392578125 680
1764866821759 0.318359375 685
1764866844157 0.353515625 690
1764866866562 0.359375 695
1764866889206 0.35546875 700
1764866911611 0.322265625 705
1764866934003 0.3046875 710
1764866956551 0.34375 715
1764866978975 0.34375 720
1764867001374 0.330078125 725
1764867024019 0.353515625 730
1764867046434 0.33984375 735
1764867068847 0.365234375 740
1764867091453 0.330078125 745
1764867113807 0.369140625 750
1764867136183 0.36328125 755
1764867158965 0.3203125 760
1764867181419 0.3359375 765
1764867203838 0.375 770
1764867226483 0.3203125 775
1764867248874 0.37890625 780
1764867271402 0.375 785
1764867293877 0.3671875 790
1764867316266 0.3046875 795
1764867338780 0.357421875 800
1764867361284 0.349609375 805
1764867383705 0.365234375 810
1764867406259 0.373046875 815
1764867428756 0.3515625 820
1764867451168 0.3671875 825
1764867473807 0.361328125 830
1764867506481 0.353515625 835
1764867529393 0.33203125 840
1764867552315 0.38671875 845
1764867575220 0.333984375 850
1764867598108 0.33984375 855
1764867621037 0.3359375 860
1764867643500 0.34765625 865
1764867665895 0.341796875 870
1764867688467 0.359375 875
1764867710863 0.34375 880
1764867733229 0.486328125 885
1764867755793 0.4375 890
1764867778153 0.3984375 895
1764867800519 0.375 900
1764867823097 0.322265625 905
1764867845460 0.34375 910
1764867867945 0.384765625 915
1764867890392 0.384765625 920
1764867912761 0.37109375 925
1764867935187 0.359375 930
1764867957610 0.330078125 935
1764867979946 0.328125 940
1764868002405 0.37109375 945
1764868024862 0.359375 950
1764868047264 0.37890625 955
1764868069754 0.341796875 960
1764868092270 0.380859375 965
1764868114670 0.392578125 970
1764868137183 0.341796875 975
1764868159639 0.37890625 980
1764868182044 0.353515625 985
1764868204559 0.3671875 990
1764868227117 0.390625 995
1764868249531 0.34765625 1000
1764868272039 0.392578125 1005
1764868294524 0.3671875 1010
1764868316920 0.34765625 1015
1764868339469 0.3671875 1020
1764868362032 0.375 1025
1764868384427 0.42578125 1030
1764868407106 0.40625 1035
1764868429482 0.37109375 1040
1764868451898 0.369140625 1045
1764868474507 0.3984375 1050
1764868496889 0.384765625 1055
1764868519365 0.388671875 1060
1764868541931 0.41796875 1065
1764868564292 0.37109375 1070
1764868586790 0.40625 1075
1764868609342 0.43359375 1080
1764868631739 0.380859375 1085
1764868654293 0.3671875 1090
1764868676757 0.384765625 1095
1764868699143 0.37890625 1100
1764868721677 0.384765625 1105
1764868744155 0.408203125 1110
1764868766542 0.41015625 1115
1764868789121 0.390625 1120
1764868811580 0.41796875 1125
1764868833998 0.396484375 1130
1764868856602 0.390625 1135
1764868879111 0.37109375 1140
1764868901478 0.3984375 1145
1764868924019 0.37890625 1150
1764868946491 0.349609375 1155
1764868968898 0.353515625 1160
1764868991478 0.341796875 1165
1764869013971 0.396484375 1170
1764869036386 0.392578125 1175
1764869058972 0.3671875 1180
1764869081444 0.447265625 1185
1764869103867 0.40234375 1190
1764869126552 0.408203125 1195
1764869148963 0.4296875 1200
1764869171507 0.3984375 1205
1764869194093 0.423828125 1210
1764869216517 0.37109375 1215
1764869238970 0.443359375 1220
1764869261421 0.3984375 1225
1764869283872 0.384765625 1230
1764869306410 0.373046875 1235
1764869328950 0.40234375 1240
1764869351317 0.408203125 1245
1764869373864 0.369140625 1250
1764869396314 0.373046875 1255
1764869418725 0.38671875 1260
1764869441376 0.3828125 1265
1764869463845 0.37109375 1270
1764869486226 0.357421875 1275
1764869508789 0.427734375 1280
1764869531267 0.376953125 1285
1764869553658 0.40625 1290
1764869576288 0.40234375 1295
1764869598809 0.416015625 1300
1764869621212 0.365234375 1305
1764869643813 0.359375 1310
1764869666236 0.3515625 1315
1764869688577 0.400390625 1320
1764869711291 0.400390625 1325
1764869733841 0.384765625 1330
1764869756252 0.36328125 1335
1764869778858 0.376953125 1340
1764869801299 0.390625 1345
1764869823744 0.390625 1350
1764869846294 0.4375 1355
1764869868787 0.361328125 1360
1764869891246 0.388671875 1365
1764869913695 0.375 1370
1764869936139 0.404296875 1375
1764869958648 0.375 1380
1764869981119 0.4296875 1385
1764870003673 0.3671875 1390
1764870026274 0.34765625 1395
1764870048643 0.435546875 1400
1764870071103 0.384765625 1405
1764870093741 0.4609375 1410
1764870116147 0.361328125 1415
1764870138717 0.38671875 1420
1764870161300 0.388671875 1425
1764870183810 0.375 1430
1764870206218 0.376953125 1435
1764870228878 0.423828125 1440
1764870251439 0.4296875 1445
1764870273814 0.365234375 1450
1764870296372 0.404296875 1455
1764870318856 0.396484375 1460
1764870341279 0.3984375 1465
1764870363951 0.40234375 1470
1764870386507 0.384765625 1475
1764870408871 0.421875 1480
1764870431484 0.384765625 1485
1764870453981 0.416015625 1490
1764870476450 0.40234375 1495
1764870499003 0.38671875 1500
1764870521559 0.4296875 1505
1764870544077 0.384765625 1510
1764870566537 0.384765625 1515
1764870589003 0.41796875 1520
1764870611545 0.3984375 1525
1764870634023 0.388671875 1530
1764870656543 0.392578125 1535
1764870679105 0.384765625 1540
1764870701471 0.404296875 1545
1764870723923 0.396484375 1550
1764870746586 0.431640625 1555
1764870768986 0.36328125 1560
1764870791528 0.36328125 1565
1764870814135 0.41796875 1570
1764870836624 0.384765625 1575
1764870859039 0.419921875 1580
1764870881687 0.357421875 1585
1764870904242 0.375 1590
1764870926658 0.390625 1595
1764870949274 0.388671875 1600
1764870971751 0.404296875 1605
1764870994171 0.3671875 1610
1764871016831 0.365234375 1615
1764871039405 0.390625 1620
1764871061811 0.33984375 1625
1764871084437 0.423828125 1630
1764871106940 0.380859375 1635
1764871129450 0.390625 1640
1764871152047 0.40625 1645
1764871174592 0.388671875 1650
1764871197045 0.375 1655
1764871219502 0.408203125 1660
1764871241998 0.39453125 1665
1764871274967 0.376953125 1670
1764871297848 0.39453125 1675
1764871320771 0.40625 1680
1764871343817 0.431640625 1685
1764871366752 0.384765625 1690
1764871389526 0.41015625 1695
1764871412194 0.345703125 1700
1764871434651 0.392578125 1705
1764871457015 0.4375 1710
1764871479761 0.388671875 1715
1764871502172 0.390625 1720
1764871524687 0.392578125 1725
1764871547351 0.4140625 1730
1764871569846 0.39453125 1735
1764871592266 0.419921875 1740
1764871614984 0.38671875 1745
1764871637493 0.419921875 1750
1764871659841 0.388671875 1755
1764871682446 0.408203125 1760
1764871704901 0.40234375 1765
1764871727300 0.4375 1770
1764871749980 0.404296875 1775
1764871772433 0.40234375 1780
1764871794870 0.42578125 1785
1764871817431 0.416015625 1790
1764871839896 0.396484375 1795
1764871862425 0.4296875 1800
1764871884942 0.431640625 1805
1764871907366 0.478515625 1810
1764871929896 0.388671875 1815
1764871952342 0.404296875 1820
1764871974840 0.38671875 1825
1764871997458 0.431640625 1830
1764872019971 0.3828125 1835
1764872042420 0.412109375 1840
1764872065025 0.423828125 1845
1764872087396 0.380859375 1850
1764872109853 0.39453125 1855
1764872132582 0.4296875 1860
1764872154954 0.392578125 1865
1764872177396 0.39453125 1870
1764872199999 0.53515625 1875
1764872222361 0.404296875 1880
1764872244835 0.427734375 1885
1764872267590 0.392578125 1890
1764872289955 0.375 1895
1764872312443 0.3828125 1900
1764872335143 0.359375 1905
1764872357532 0.376953125 1910
1764872379986 0.443359375 1915
1764872402711 0.458984375 1920
1764872425102 0.357421875 1925
1764872447633 0.4375 1930
1764872470219 0.439453125 1935
1764872492758 0.39453125 1940
1764872515314 0.40625 1945
1764872537891 0.3984375 1950
1764872560412 0.390625 1955
1764872582969 0.416015625 1960
1764872605408 0.40234375 1965
1764872627890 0.37109375 1970
1764872650489 0.388671875 1975
1764872672982 0.380859375 1980
1764872695435 0.392578125 1985
1764872718103 0.37890625 1990
1764872740488 0.427734375 1995
1764872762989 0.384765625 2000
1764872785749 0.40234375 2005
1764872808174 0.447265625 2010
1764872830668 0.416015625 2015
1764872853350 0.435546875 2020
1764872875730 0.427734375 2025
1764872898270 0.380859375 2030
1764872921012 0.4375 2035
1764872943427 0.51953125 2040
1764872965925 0.3984375 2045
1764872988633 0.421875 2050
1764873011120 0.392578125 2055
1764873033642 0.4375 2060
1764873056357 0.40234375 2065
1764873078746 0.419921875 2070
1764873101327 0.4375 2075
1764873123937 0.39453125 2080
1764873146445 0.427734375 2085
1764873169057 0.44140625 2090
1764873191632 0.451171875 2095
1764873214127 0.453125 2100
1764873236729 0.431640625 2105
1764873259198 0.48046875 2110
1764873281708 0.44140625 2115
1764873304364 0.38671875 2120
1764873326890 0.4296875 2125
1764873349362 0.455078125 2130
1764873372091 0.451171875 2135
1764873394517 0.458984375 2140
1764873417013 0.41796875 2145
1764873439799 0.421875 2150
1764873462209 0.40625 2155
1764873484679 0.412109375 2160
1764873507322 0.435546875 2165
1764873529730 0.408203125 2170
1764873552234 0.376953125 2175
1764873574967 0.41796875 2180
1764873597383 0.396484375 2185
1764873619924 0.388671875 2190
1764873642634 0.390625 2195
1764873665045 0.498046875 2200
1764873687556 0.388671875 2205
1764873710331 0.4296875 2210
1764873732719 0.431640625 2215
1764873755317 0.44921875 2220
1764873777888 0.435546875 2225
1764873800408 0.4296875 2230
1764873822952 0.43359375 2235
1764873845527 0.419921875 2240
1764873868002 0.44140625 2245
1764873890533 0.447265625 2250
1764873912990 0.4296875 2255
1764873935479 0.40625 2260
1764873958132 0.40625 2265
1764873980632 0.40625 2270
1764874003126 0.400390625 2275
1764874025837 0.380859375 2280
1764874048249 0.42578125 2285
1764874070770 0.40625 2290
1764874093498 0.421875 2295
1764874115898 0.453125 2300
1764874138390 0.3828125 2305
1764874161376 0.484375 2310
1764874183754 0.4375 2315
1764874206252 0.3828125 2320
1764874228968 0.376953125 2325
1764874251321 0.458984375 2330
1764874273753 0.451171875 2335
1764874296371 0.42578125 2340
1764874318746 0.484375 2345
1764874341193 0.462890625 2350
1764874363944 0.40234375 2355
1764874386353 0.421875 2360
1764874408885 0.45703125 2365
1764874431489 0.412109375 2370
1764874453948 0.419921875 2375
1764874476485 0.392578125 2380
1764874499070 0.47265625 2385
1764874521577 0.388671875 2390
1764874544151 0.443359375 2395
1764874566653 0.408203125 2400
1764874589196 0.453125 2405
1764874611854 0.38671875 2410
1764874634354 0.4296875 2415
1764874656832 0.390625 2420
1764874679466 0.39453125 2425
1764874701881 0.384765625 2430
1764874724449 0.369140625 2435
1764874747193 0.388671875 2440
1764874769600 0.4140625 2445
1764874792075 0.369140625 2450
1764874814750 0.400390625 2455
1764874837143 0.478515625 2460
1764874859697 0.451171875 2465
1764874882441 0.380859375 2470
1764874904881 0.392578125 2475
1764874927368 0.41796875 2480
1764874950009 0.404296875 2485
1764874972450 0.41015625 2490
1764874995002 0.4296875 2495
1764875027831 0.41796875 2500
1764875050719 0.40234375 2505
1764875073729 0.447265625 2510
1764875096715 0.416015625 2515
1764875119595 0.47265625 2520
1764875142554 0.412109375 2525
1764875165266 0.427734375 2530
1764875187803 0.4140625 2535
1764875210460 0.41015625 2540
1764875232950 0.45703125 2545
1764875255463 0.419921875 2550
1764875278152 0.419921875 2555
1764875300525 0.443359375 2560
1764875323024 0.4296875 2565
1764875345586 0.4296875 2570
1764875368051 0.435546875 2575
1764875390493 0.416015625 2580
1764875413194 0.421875 2585
1764875435630 0.443359375 2590
1764875458126 0.390625 2595
1764875480839 0.373046875 2600
1764875503249 0.4140625 2605
1764875525769 0.423828125 2610
1764875548449 0.404296875 2615
1764875570846 0.3671875 2620
1764875593525 0.388671875 2625
1764875616093 0.408203125 2630
1764875638479 0.40625 2635
1764875660975 0.42578125 2640
1764875683683 0.484375 2645
1764875706212 0.51171875 2650
1764875728718 0.384765625 2655
1764875751290 0.36328125 2660
1764875773787 0.46875 2665
1764875796282 0.427734375 2670
1764875818899 0.380859375 2675
1764875841390 0.359375 2680
1764875864037 0.423828125 2685
1764875886542 0.466796875 2690
1764875909039 0.458984375 2695
1764875931795 0.416015625 2700
1764875954199 0.435546875 2705
1764875976706 0.4140625 2710
1764875999277 0.41796875 2715
1764876021809 0.3671875 2720
1764876044284 0.421875 2725
1764876066975 0.421875 2730
1764876089383 0.44921875 2735
1764876111942 0.4453125 2740
1764876134637 0.41796875 2745
1764876157052 0.404296875 2750
1764876179541 0.46875 2755
1764876202192 0.408203125 2760
1764876224556 0.42578125 2765
1764876247007 0.458984375 2770
1764876269621 0.427734375 2775
1764876291982 0.4296875 2780
1764876314531 0.380859375 2785
1764876337083 0.423828125 2790
1764876359533 0.4296875 2795
1764876382007 0.390625 2800
1764876404570 0.376953125 2805
1764876427030 0.45703125 2810
1764876449536 0.421875 2815
1764876472144 0.4375 2820
1764876494629 0.3984375 2825
1764876517198 0.40625 2830
1764876539649 0.40625 2835
1764876562167 0.40625 2840
1764876584867 0.458984375 2845
1764876607272 0.38671875 2850
1764876629812 0.373046875 2855
1764876652437 0.400390625 2860
1764876674923 0.3828125 2865
1764876697434 0.43359375 2870
1764876720169 0.390625 2875
1764876742594 0.375 2880
1764876765124 0.45703125 2885
1764876787772 0.38671875 2890
1764876810133 0.453125 2895
1764876832588 0.408203125 2900
1764876855281 0.400390625 2905
1764876877660 0.451171875 2910
1764876900143 0.388671875 2915
1764876922871 0.427734375 2920
1764876945290 0.439453125 2925
1764876967926 0.43359375 2930
1764876990581 0.390625 2935
1764877013061 0.44140625 2940
1764877035642 0.41796875 2945
1764877058337 0.41015625 2950
1764877080864 0.40234375 2955
1764877103400 0.431640625 2960
1764877126036 0.416015625 2965
1764877148567 0.421875 2970
1764877171199 0.4296875 2975
1764877193687 0.369140625 2980
1764877216137 0.435546875 2985
1764877238916 0.412109375 2990
1764877261350 0.396484375 2995
1764877283889 0.404296875 3000
1764877306507 0.416015625 3005
1764877329030 0.4375 3010
1764877351514 0.443359375 3015
1764877374215 0.412109375 3020
1764877396612 0.462890625 3025
1764877419127 0.412109375 3030
1764877441851 0.44140625 3035
1764877464276 0.4296875 3040
1764877486776 0.453125 3045
1764877509538 0.439453125 3050
1764877531914 0.4609375 3055
1764877554408 0.42578125 3060
1764877577099 0.4375 3065
1764877599467 0.419921875 3070
1764877622037 0.4609375 3075
1764877644629 0.412109375 3080
1764877667111 0.44140625 3085
1764877689612 0.439453125 3090
1764877712172 0.44921875 3095
1764877734613 0.42578125 3100
1764877757094 0.404296875 3105
1764877779714 0.421875 3110
1764877802330 0.4375 3115
1764877825140 0.408203125 3120
1764877847639 0.458984375 3125
1764877870149 0.4453125 3130
1764877892864 0.412109375 3135
1764877915281 0.38671875 3140
1764877937860 0.49609375 3145
1764877960523 0.451171875 3150
1764877983057 0.416015625 3155
1764878005556 0.443359375 3160
1764878028278 0.4140625 3165
1764878050710 0.40234375 3170
1764878073304 0.388671875 3175
1764878096035 0.43359375 3180
1764878118448 0.435546875 3185
1764878140949 0.447265625 3190
1764878163675 0.53125 3195
1764878186084 0.46875 3200
1764878208617 0.43359375 3205
1764878231339 0.41796875 3210
1764878253747 0.431640625 3215
1764878276342 0.4296875 3220
1764878298955 0.43359375 3225
1764878321377 0.380859375 3230
1764878344063 0.421875 3235
1764878366747 0.431640625 3240
1764878389221 0.4375 3245
1764878411712 0.443359375 3250
1764878434317 0.4453125 3255
1764878456889 0.431640625 3260
1764878479535 0.498046875 3265
1764878502095 0.43359375 3270
1764878524617 0.43359375 3275
1764878547303 0.400390625 3280
1764878569672 0.39453125 3285
1764878592203 0.4453125 3290
1764878614839 0.4453125 3295
1764878637366 0.453125 3300
1764878659864 0.43359375 3305
1764878682601 0.466796875 3310
1764878704998 0.4375 3315
1764878727547 0.443359375 3320
1764878750223 0.451171875 3325
1764878772619 0.46484375 3330
1764878805588 0.400390625 3335
1764878828740 0.404296875 3340
1764878851644 0.4140625 3345
1764878874554 0.431640625 3350
1764878897538 0.423828125 3355
1764878920435 0.443359375 3360
1764878942950 0.42578125 3365
1764878965638 0.435546875 3370
1764878988093 0.408203125 3375
1764879010645 0.44921875 3380
1764879033171 0.40625 3385
1764879055588 0.470703125 3390
1764879078224 0.45703125 3395
1764879100708 0.4453125 3400
1764879123187 0.451171875 3405
1764879145790 0.44140625 3410
1764879168203 0.40625 3415
1764879190687 0.41015625 3420
1764879213323 0.376953125 3425
1764879235715 0.41015625 3430
1764879258122 0.43359375 3435
1764879280770 0.421875 3440
1764879303181 0.41015625 3445
1764879325668 0.423828125 3450
1764879348346 0.38671875 3455
1764879370750 0.423828125 3460
1764879393231 0.462890625 3465
1764879415897 0.40234375 3470
1764879438268 0.39453125 3475
1764879460722 0.38671875 3480
1764879483348 0.427734375 3485
1764879505763 0.41015625 3490
1764879528285 0.3671875 3495
1764879550979 0.400390625 3500
1764879573391 0.40234375 3505
1764879595894 0.439453125 3510
1764879618521 0.41796875 3515
1764879640938 0.39453125 3520
1764879663552 0.4375 3525
1764879686138 0.447265625 3530
1764879708499 0.388671875 3535
1764879731126 0.376953125 3540
1764879753581 0.41796875 3545
1764879776051 0.388671875 3550
1764879798635 0.3984375 3555
1764879821104 0.3984375 3560
1764879843602 0.447265625 3565
1764879866296 0.40625 3570
1764879888721 0.4296875 3575
1764879911207 0.380859375 3580
1764879933915 0.40625 3585
1764879956338 0.423828125 3590
1764879978857 0.4140625 3595
1764880001505 0.42578125 3600
1764880023909 0.47265625 3605
1764880046417 0.46875 3610
1764880069193 0.416015625 3615
1764880091594 0.46484375 3620
1764880114100 0.42578125 3625
1764880136768 0.4375 3630
1764880159184 0.4296875 3635
1764880181735 0.37890625 3640
1764880204554 0.458984375 3645
1764880226912 0.404296875 3650
1764880249389 0.396484375 3655
1764880272040 0.4609375 3660
1764880294443 0.42578125 3665
1764880317036 0.42578125 3670
1764880339594 0.44921875 3675
1764880361964 0.423828125 3680
1764880384557 0.404296875 3685
1764880407015 0.390625 3690
1764880429489 0.423828125 3695
1764880452081 0.41796875 3700
1764880474559 0.44140625 3705
1764880497019 0.48828125 3710
1764880519626 0.400390625 3715
1764880542050 0.44140625 3720
1764880564581 0.427734375 3725
1764880587294 0.43359375 3730
1764880609687 0.4140625 3735
1764880632136 0.453125 3740
1764880654758 0.462890625 3745
1764880677138 0.439453125 3750
1764880699604 0.37109375 3755
1764880722267 0.384765625 3760
1764880744642 0.400390625 3765
1764880767115 0.41796875 3770
1764880789707 0.388671875 3775
1764880812089 0.447265625 3780
1764880834589 0.423828125 3785
1764880857244 0.40625 3790
1764880879636 0.423828125 3795
1764880902150 0.396484375 3800
1764880924753 0.392578125 3805
1764880947174 0.37109375 3810
1764880969793 0.4609375 3815
1764880992418 0.39453125 3820
1764881014855 0.447265625 3825
1764881037490 0.380859375 3830
1764881059987 0.486328125 3835
1764881082454 0.4140625 3840
1764881105026 0.443359375 3845
1764881127513 0.41015625 3850
1764881149948 0.427734375 3855
1764881172563 0.431640625 3860
1764881194940 0.43359375 3865
1764881217424 0.43359375 3870
1764881240161 0.40625 3875
1764881262554 0.392578125 3880
1764881285139 0.3984375 3885
1764881307778 0.431640625 3890
1764881330206 0.388671875 3895
1764881352678 0.423828125 3900
1764881375428 0.404296875 3905
1764881397841 0.419921875 3910
1764881420515 0.4140625 3915
1764881443173 0.41015625 3920
1764881465590 0.41015625 3925
1764881488016 0.455078125 3930
1764881510699 0.435546875 3935
1764881533053 0.4453125 3940
1764881555508 0.419921875 3945
1764881578149 0.359375 3950
1764881600587 0.408203125 3955
1764881623184 0.39453125 3960
1764881645783 0.37109375 3965
1764881668311 0.4140625 3970
1764881690874 0.431640625 3975
1764881713437 0.380859375 3980
1764881735961 0.3984375 3985
1764881758549 0.46875 3990
1764881781061 0.435546875 3995
1764881803544 0.474609375 4000
1764881826158 0.427734375 4005
1764881848571 0.419921875 4010
1764881871065 0.427734375 4015
1764881893814 0.443359375 4020
1764881916255 0.439453125 4025
1764881938766 0.396484375 4030
1764881961406 0.416015625 4035
1764881983789 0.390625 4040
1764882006308 0.427734375 4045
1764882029002 0.3515625 4050
1764882051407 0.419921875 4055
1764882073879 0.44140625 4060
1764882096544 0.390625 4065
1764882118963 0.404296875 4070
1764882141481 0.40234375 4075
1764882164169 0.4296875 4080
1764882186590 0.451171875 4085
1764882209172 0.419921875 4090
1764882231841 0.41015625 4095
1764882254272 0.421875 4100
1764882276892 0.400390625 4105
1764882299525 0.416015625 4110
1764882321976 0.447265625 4115
1764882344628 0.388671875 4120
1764882367131 0.40234375 4125
1764882389629 0.404296875 4130
1764882412237 0.42578125 4135
1764882434769 0.4296875 4140
1764882457291 0.43359375 4145
1764882479964 0.396484375 4150
1764882502349 0.404296875 4155
1764882524856 0.439453125 4160
1764882547548 0.427734375 4165
