1764863766536 2.016129512096775e-06 5
1764863788921 4.03225852419355e-06 10
1764863811293 6.048387536290324e-06 15
1764863833911 8.064516548387098e-06 20
1764863856332 1.0080645560483878e-05 25
1764863878720 1.2096774572580653e-05 30
1764863901390 1.411290358467743e-05 35
1764863923795 1.612903259677421e-05 40
1764863946206 1.8145161608870986e-05 45
1764863968805 2.016129062096776e-05 50
1764863991200 2.217741963306454e-05 55
1764864013736 2.4193548645161316e-05 60
1764864036266 2.620967765725809e-05 65
1764864058694 2.8225806669354874e-05 70
1764864081311 3.0241935681451652e-05 75
1764864103727 3.2258064693548426e-05 80
1764864126140 3.42741937056452e-05 85
1764864148828 3.6290322717741974e-05 90
1764864171223 3.8306451729838766e-05 95
1764864193647 4.0322580741935563e-05 100
1764864216242 4.233870975403235e-05 105
1764864238654 4.435483876612912e-05 110
1764864261058 4.63709677782259e-05 115
1764864283721 4.83870967903227e-05 120
1764864306132 4.999999248653619e-05 125
1764864328539 4.999972951577941e-05 130
1764864351155 4.9999090876370936e-05 135
1764864373518 4.999807657795581e-05 140
1764864395886 4.999668663585237e-05 145
1764864418552 4.99949210710521e-05 150
1764864440936 4.999277991021934e-05 155
1764864463354 4.9990263185690764e-05 160
1764864485932 4.9987370935475025e-05 165
1764864508288 4.99841032032521e-05 170
1764864530632 4.9980460038372664e-05 175
1764864553280 4.997644149585731e-05 180
1764864575673 4.99720476363958e-05 185
1764864598071 4.996727852634601e-05 190
1764864620637 4.996213423773308e-05 195
1764864643054 4.9956614848248216e-05 200
1764864665568 4.995072044124755e-05 205
1764864688107 4.994445110575092e-05 210
1764864710493 4.993780693644048e-05 215
1764864733102 4.993078803365926e-05 220
1764864755482 4.992339450340969e-05 225
1764864777848 4.991562645735199e-05 230
1764864800393 4.990748401280246e-05 235
1764864822746 4.989896729273173e-05 240
1764864845113 4.989007642576289e-05 245
1764864867667 4.988081154616957e-05 250
1764864890017 4.98711727938739e-05 255
1764864912406 4.986116031444436e-05 260
1764864934973 4.985077425909363e-05 265
1764864957345 4.984001478467632e-05 270
1764864979696 4.982888205368655e-05 275
1764865002290 4.981737623425549e-05 280
1764865024717 4.9805497500148894e-05 285
1764865047138 4.979324603076441e-05 290
1764865069755 4.9780622011128884e-05 295
1764865092177 4.9767625631895594e-05 300
1764865114621 4.975425708934133e-05 305
1764865137285 4.974051658536348e-05 310
1764865159708 4.972640432747689e-05 315
1764865182118 4.971192052881086e-05 320
1764865204741 4.969706540810579e-05 325
1764865227116 4.968183918971002e-05 330
1764865249529 4.966624210357627e-05 335
1764865272167 4.965027438525834e-05 340
1764865294592 4.9633936275907435e-05 345
1764865317115 4.961722802226858e-05 350
1764865339655 4.9600149876676865e-05 355
1764865362073 4.958270209705363e-05 360
1764865384601 4.9564884946902604e-05 365
1764865407123 4.954669869530591e-05 370
1764865429511 4.952814361691998e-05 375
1764865452171 4.9509219991971434e-05 380
1764865474571 4.9489928106252835e-05 385
1764865496956 4.9470268251118346e-05 390
1764865519597 4.945024072347943e-05 395
1764865541999 4.942984582580022e-05 400
1764865564406 4.9409083866093074e-05 405
1764865587016 4.938795515791385e-05 410
1764865609408 4.936646002035721e-05 415
1764865631799 4.93445987780518e-05 420
1764865654379 4.9322371761155293e-05 425
1764865676772 4.929977930534948e-05 430
1764865699198 4.927682175183515e-05 435
1764865721794 4.925349944732696e-05 440
1764865744203 4.9229812744048195e-05 445
1764865766603 4.920576199972541e-05 450
1764865789237 4.91813475775831e-05 455
1764865811631 4.915656984633815e-05 460
1764865833970 4.9131429180194294e-05 465
1764865856549 4.9105925958836514e-05 470
1764865878901 4.908006056742516e-05 475
1764865901258 4.90538333965903e-05 480
1764865923809 4.902724484242572e-05 485
1764865946179 4.900029530648299e-05 490
1764865968658 4.897298519576534e-05 495
1764865991121 4.89453149227216e-05 500
1764866013494 4.8917284905239875e-05 505
1764866035989 4.8888895566641316e-05 510
1764866058488 4.8860147335673674e-05 515
1764866080915 4.883104064650486e-05 520
1764866103529 4.880157593871637e-05 525
1764866125937 4.877175365729663e-05 530
1764866148324 4.874157425263432e-05 535
1764866170916 4.871103818051153e-05 540
1764866193264 4.868014590209688e-05 545
1764866215613 4.864889788393859e-05 550
1764866238158 4.8617294597957424e-05 555
1764866260521 4.858533652143951e-05 560
1764866282880 4.8553024137029195e-05 565
1764866305471 4.8520357932721714e-05 570
1764866327863 4.848733840185587e-05 575
1764866350252 4.8453966043106544e-05 580
1764866372894 4.8420241360477164e-05 585
1764866395300 4.838616486329211e-05 590
1764866417730 4.835173706618899e-05 595
1764866440378 4.8316958489110925e-05 600
1764866462764 4.828182965729864e-05 605
1764866485204 4.824635110128256e-05 610
1764866507774 4.821052335687481e-05 615
1764866530116 4.817434696516109e-05 620
1764866552466 4.813782247249249e-05 625
1764866575045 4.810095043047732e-05 630
1764866597423 4.80637313959727e-05 635
1764866619882 4.802616593107618e-05 640
1764866642330 4.7988254603117244e-05 645
1764866664687 4.794999798464875e-05 650
1764866687165 4.791139665343829e-05 655
1764866709592 4.7872451192459417e-05 660
1764866731937 4.783316218988291e-05 665
1764866754481 4.779353023906786e-05 670
1764866776827 4.775355593855268e-05 675
1764866799209 4.771323989204611e-05 680
1764866821759 4.7672582708418105e-05 685
1764866844157 4.763158500169056e-05 690
1764866866562 4.7590247391028145e-05 695
1764866889206 4.754857050072887e-05 700
1764866911611 4.750655496021473e-05 705
1764866934003 4.7464201404022086e-05 710
1764866956551 4.742151047179224e-05 715
1764866978975 4.737848280826164e-05 720
1764867001374 4.733511906325217e-05 725
1764867024019 4.7291419891661424e-05 730
1764867046434 4.724738595345269e-05 735
1764867068847 4.7203017913645084e-05 740
1764867091453 4.715831644230344e-05 745
1764867113807 4.711328221452823e-05 750
1764867136183 4.7067915910445335e-05 755
1764867158965 4.7022218215195796e-05 760
1764867181419 4.6976189818925496e-05 765
1764867203838 4.6929831416774665e-05 770
1764867226483 4.6883143708867436e-05 775
1764867248874 4.683612740030127e-05 780
1764867271402 4.6788783201136256e-05 785
1764867293877 4.674111182638446e-05 790
1764867316266 4.66931139959991e-05 795
1764867338780 4.6644790434863615e-05 800
1764867361284 4.6596141872780816e-05 805
1764867383705 4.654716904446179e-05 810
1764867406259 4.649787268951484e-05 815
1764867428756 4.644825355243429e-05 820
1764867451168 4.639831238258927e-05 825
1764867473807 4.6348049934212395e-05 830
1764867506481 4.6297466966388335e-05 835
1764867529393 4.6246564243042396e-05 840
1764867552315 4.6195342532928976e-05 845
1764867575220 4.6143802609619914e-05 850
1764867598108 4.609194525149288e-05 855
1764867621037 4.603977124171954e-05 860
1764867643500 4.59872813682538e-05 865
1764867665895 4.593447642381986e-05 870
1764867688467 4.588135720590024e-05 875
1764867710863 4.582792451672376e-05 880
1764867733229 4.5774179163253426e-05 885
1764867755793 4.572012195717423e-05 890
1764867778153 4.5665753714880877e-05 895
1764867800519 4.5611075257465476e-05 900
1764867823097 4.5556087410705155e-05 905
1764867845460 4.5500791005049555e-05 910
1764867867945 4.544518687560831e-05 915
1764867890392 4.53892758621384e-05 920
1764867912761 4.5333058809031546e-05 925
1764867935187 4.527653656530138e-05 930
1764867957610 4.521970998457064e-05 935
1764867979946 4.516257992505834e-05 940
1764868002405 4.510514724956668e-05 945
1764868024862 4.5047412825468164e-05 950
1764868047264 4.4989377524692395e-05 955
1764868069754 4.493104222371295e-05 960
1764868092270 4.487240780353415e-05 965
1764868114670 4.481347514967772e-05 970
1764868137183 4.475424515216943e-05 975
1764868159639 4.469471870552569e-05 980
1764868182044 4.4634896708739996e-05 985
1764868204559 4.4574780065269334e-05 990
1764868227117 4.451436968302062e-05 995
1764868249531 4.445366647433692e-05 1000
1764868272039 4.439267135598366e-05 1005
1764868294524 4.4331385249134846e-05 1010
1764868316920 4.426980907935909e-05 1015
1764868339469 4.4207943776605686e-05 1020
1764868362032 4.4145790275190494e-05 1025
1764868384427 4.4083349513781914e-05 1030
1764868407106 4.4020622435386634e-05 1035
1764868429482 4.395760998733544e-05 1040
1764868451898 4.38943131212689e-05 1045
1764868474507 4.383073279312295e-05 1050
1764868496889 4.3766869963114514e-05 1055
1764868519365 4.370272559572698e-05 1060
1764868541931 4.363830065969561e-05 1065
1764868564292 4.357359612799298e-05 1070
1764868586790 4.350861297781418e-05 1075
1764868609342 4.344335219056215e-05 1080
1764868631739 4.3377814751832795e-05 1085
1764868654293 4.3312001651400155e-05 1090
1764868676757 4.324591388320143e-05 1095
1764868699143 4.3179552445321945e-05 1100
1764868721677 4.311291833998011e-05 1105
1764868744155 4.3046012573512273e-05 1110
1764868766542 4.297883615635753e-05 1115
1764868789121 4.2911390103042456e-05 1120
1764868811580 4.2843675432165774e-05 1125
1764868833998 4.2775693166382985e-05 1130
1764868856602 4.2707444332390925e-05 1135
1764868879111 4.2638929960912274e-05 1140
1764868901478 4.2570151086679945e-05 1145
1764868924019 4.250110874842149e-05 1150
1764868946491 4.2431803988843404e-05 1155
1764868968898 4.23622378546154e-05 1160
1764868991478 4.229241139635455e-05 1165
1764869013971 4.2222325668609454e-05 1170
1764869036386 4.215198172984435e-05 1175
1764869058972 4.208138064242302e-05 1180
1764869081444 4.2010523472592875e-05 1185
1764869103867 4.1939411290468764e-05 1190
1764869126552 4.1868045170016835e-05 1195
1764869148963 4.179642618903832e-05 1200
1764869171507 4.172455542915327e-05 1205
1764869194093 4.165243397578419e-05 1210
1764869216517 4.1580062918139684e-05 1215
1764869238970 4.150744334919797e-05 1220
1764869261421 4.143457636569041e-05 1225
1764869283872 4.136146306808487e-05 1230
1764869306410 4.1288104560569216e-05 1235
1764869328950 4.121450195103455e-05 1240
1764869351317 4.1140656351058514e-05 1245
1764869373864 4.1066568875888476e-05 1250
1764869396314 4.0992240644424746e-05 1255
1764869418725 4.09176727792036e-05 1260
1764869441376 4.084286640638036e-05 1265
1764869463845 4.076782265571242e-05 1270
1764869486226 4.069254266054214e-05 1275
1764869508789 4.0617027557779735e-05 1280
1764869531267 4.0541278487886116e-05 1285
1764869553658 4.046529659485568e-05 1290
1764869576288 4.038908302619901e-05 1295
1764869598809 4.031263893292555e-05 1300
1764869621212 4.0235965469526216e-05 1305
1764869643813 4.0159063793955984e-05 1310
1764869666236 4.0081935067616366e-05 1315
1764869688577 4.000458045533792e-05 1320
1764869711291 3.99270011253626e-05 1325
1764869733841 3.9849198249326146e-05 1330
1764869756252 3.97711730022404e-05 1335
1764869778858 3.969292656247554e-05 1340
1764869801299 3.961446011174228e-05 1345
1764869823744 3.953577483507404e-05 1350
1764869846294 3.945687192080905e-05 1355
1764869868787 3.937775256057236e-05 1360
1764869891246 3.929841794925792e-05 1365
1764869913695 3.921886928501048e-05 1370
1764869936139 3.91391077692075e-05 1375
1764869958648 3.9059134606441004e-05 1380
1764869981119 3.897895100449943e-05 1385
1764870003673 3.889855817434932e-05 1390
1764870026274 3.8817957330117094e-05 1395
1764870048643 3.873714968907068e-05 1400
1764870071103 3.865613647160114e-05 1405
1764870093741 3.857491890120423e-05 1410
1764870116147 3.849349820446197e-05 1415
1764870138717 3.841187561102401e-05 1420
1764870161300 3.833005235358917e-05 1425
1764870183810 3.824802966788679e-05 1430
1764870206218 3.816580879265805e-05 1435
1764870228878 3.808339096963726e-05 1440
1764870251439 3.800077744353314e-05 1445
1764870273814 3.791796946200997e-05 1450
1764870296372 3.783496827566881e-05 1455
1764870318856 3.775177513802856e-05 1460
1764870341279 3.766839130550707e-05 1465
1764870363951 3.758481803740213e-05 1470
1764870386507 3.750105659587246e-05 1475
1764870408871 3.7417108245918655e-05 1480
1764870431484 3.733297425536409e-05 1485
1764870453981 3.724865589483576e-05 1490
1764870476450 3.71641544377451e-05 1495
1764870499003 3.707947116026874e-05 1500
1764870521559 3.699460734132923e-05 1505
1764870544077 3.6909564262575746e-05 1510
1764870566537 3.6824343208364694e-05 1515
1764870589003 3.6738945465740386e-05 1520
1764870611545 3.665337232441551e-05 1525
1764870634023 3.6567625076751736e-05 1530
1764870656543 3.648170501774015e-05 1535
1764870679105 3.6395613444981694e-05 1540
1764870701471 3.6309351658667607e-05 1545
1764870723923 3.622292096155975e-05 1550
1764870746586 3.6136322658970927e-05 1555
1764870768986 3.604955805874524e-05 1560
1764870791528 3.596262847123824e-05 1565
1764870814135 3.5875535209297214e-05 1570
1764870836624 3.578827958824132e-05 1575
1764870859039 3.570086292584173e-05 1580
1764870881687 3.561328654230173e-05 1585
1764870904242 3.552555176023678e-05 1590
1764870926658 3.543765990465455e-05 1595
1764870949274 3.534961230293489e-05 1600
1764870971751 3.5261410284809816e-05 1605
1764870994171 3.5173055182343365e-05 1610
1764871016831 3.508454832991158e-05 1615
1764871039405 3.4995891064182204e-05 1620
1764871061811 3.4907084724094686e-05 1625
1764871084437 3.481813065083981e-05 1630
1764871106940 3.4729030187839464e-05 1635
1764871129450 3.463978468072643e-05 1640
1764871152047 3.455039547732396e-05 1645
1764871174592 3.446086392762548e-05 1650
1764871197045 3.437119138377424e-05 1655
1764871219502 3.428137920004277e-05 1660
1764871241998 3.419142873281253e-05 1665
1764871274967 3.410134134055339e-05 1670
1764871297848 3.401111838380314e-05 1675
1764871320771 3.392076122514691e-05 1680
1764871343817 3.38302712291966e-05 1685
1764871366752 3.3739649762570276e-05 1690
1764871389526 3.364889819387152e-05 1695
1764871412194 3.3558017893668805e-05 1700
1764871434651 3.346701023447471e-05 1705
1764871457015 3.3375876590725285e-05 1710
1764871479761 3.328461833875924e-05 1715
1764871502172 3.319323685679716e-05 1720
1764871524687 3.3101733524920716e-05 1725
1764871547351 3.30101097250518e-05 1730
1764871569846 3.291836684093166e-05 1735
1764871592266 3.282650625810002e-05 1740
1764871614984 3.273452936387411e-05 1745
1764871637493 3.264243754732777e-05 1750
1764871659841 3.255023219927044e-05 1755
1764871682446 3.2457914712226154e-05 1760
1764871704901 3.236548648041252e-05 1765
1764871727300 3.2272948899719676e-05 1770
1764871749980 3.218030336768916e-05 1775
1764871772433 3.208755128349286e-05 1780
1764871794870 3.199469404791183e-05 1785
1764871817431 3.190173306331523e-05 1790
1764871839896 3.1808669733639e-05 1795
1764871862425 3.171550546436481e-05 1800
1764871884942 3.1622241662498704e-05 1805
1764871907366 3.1528879736549945e-05 1810
1764871929896 3.1435421096509706e-05 1815
1764871952342 3.1341867153829764e-05 1820
1764871974840 3.1248219321401185e-05 1825
1764871997458 3.115447901353303e-05 1830
1764872019971 3.1060647645930955e-05 1835
1764872042420 3.096672663567581e-05 1840
1764872065025 3.0872717401202305e-05 1845
1764872087396 3.077862136227753e-05 1850
1764872109853 3.0684439939979526e-05 1855
1764872132582 3.0590174556675846e-05 1860
1764872154954 3.049582663600202e-05 1865
1764872177396 3.040139760284013e-05 1870
1764872199999 3.030688888329726e-05 1875
1764872222361 3.021230190468392e-05 1880
1764872244835 3.0117638095492548e-05 1885
1764872267590 3.0022898885375897e-05 1890
1764872289955 2.992808570512545e-05 1895
1764872312443 2.9833199986649833e-05 1900
1764872335143 2.9738243162953158e-05 1905
1764872357532 2.964321666811342e-05 1910
1764872379986 2.9548121937260808e-05 1915
1764872402711 2.9452960406556016e-05 1920
1764872425102 2.935773351316862e-05 1925
1764872447633 2.92624426952553e-05 1930
1764872470219 2.9167089391938147e-05 1935
1764872492758 2.9071675043282973e-05 1940
1764872515314 2.8976201090277478e-05 1945
1764872537891 2.888066897480955e-05 1950
1764872560412 2.8785080139645486e-05 1955
1764872582969 2.868943602840816e-05 1960
1764872605408 2.8593738085555245e-05 1965
1764872627890 2.849798775635745e-05 1970
1764872650489 2.8402186486876583e-05 1975
1764872672982 2.8306335723943823e-05 1980
1764872695435 2.8210436915137796e-05 1985
1764872718103 2.8114491508762735e-05 1990
1764872740488 2.8018500953826627e-05 1995
1764872762989 2.7922466700019283e-05 2000
1764872785749 2.7826390197690498e-05 2005
1764872808174 2.7730272897828115e-05 2010
1764872830668 2.7634116252036114e-05 2015
1764872853350 2.7537921712512697e-05 2020
1764872875730 2.7441690732028348e-05 2025
1764872898270 2.7345424763903907e-05 2030
1764872921012 2.7249125261988624e-05 2035
1764872943427 2.7152793680638156e-05 2040
1764872965925 2.7056431474692655e-05 2045
1764872988633 2.696004009945479e-05 2050
1764873011120 2.6863621010667728e-05 2055
1764873033642 2.6767175664493202e-05 2060
1764873056357 2.6670705517489503e-05 2065
1764873078746 2.657421202658945e-05 2070
1764873101327 2.647769664907842e-05 2075
1764873123937 2.6381160842572344e-05 2080
1764873146445 2.6284606064995642e-05 2085
1764873169057 2.6188033774559298e-05 2090
1764873191632 2.609144542973874e-05 2095
1764873214127 2.5994842489251877e-05 2100
1764873236729 2.589822641203705e-05 2105
1764873259198 2.580159865723096e-05 2110
1764873281708 2.570496068414672e-05 2115
1764873304364 2.5608313952251725e-05 2120
1764873326890 2.551165992114567e-05 2125
1764873349362 2.5415000050538488e-05 2130
1764873372091 2.5318335800228282e-05 2135
1764873394517 2.5221668630079317e-05 2140
1764873417013 2.5124999999999953e-05 2145
1764873439799 2.5028331369920586e-05 2150
1764873462209 2.493166419977162e-05 2155
1764873484679 2.4834999949461422e-05 2160
1764873507322 2.4738340078854233e-05 2165
1764873529730 2.4641686047748186e-05 2170
1764873552234 2.45450393158532e-05 2175
1764873574967 2.4448401342768956e-05 2180
1764873597383 2.4351773587962874e-05 2185
1764873619924 2.425515751074803e-05 2190
1764873642634 2.4158554570261164e-05 2195
1764873665045 2.4061966225440605e-05 2200
1764873687556 2.3965393935004258e-05 2205
1764873710331 2.3868839157427566e-05 2210
1764873732719 2.3772303350921482e-05 2215
1764873755317 2.3675787973410445e-05 2220
1764873777888 2.3579294482510387e-05 2225
1764873800408 2.348282433550669e-05 2230
1764873822952 2.3386378989332175e-05 2235
1764873845527 2.3289959900545118e-05 2240
1764873868002 2.3193568525307252e-05 2245
1764873890533 2.3097206319361744e-05 2250
1764873912990 2.3000874738011276e-05 2255
1764873935479 2.2904575236095986e-05 2260
1764873958132 2.280830926797156e-05 2265
1764873980632 2.2712078287487216e-05 2270
1764874003126 2.2615883747963796e-05 2275
1764874025837 2.2519727102171795e-05 2280
1764874048249 2.2423609802309406e-05 2285
1764874070770 2.2327533299980624e-05 2290
1764874093498 2.223149904617328e-05 2295
1764874115898 2.2135508491237158e-05 2300
1764874138390 2.20395630848621e-05 2305
1764874161376 2.1943664276056074e-05 2310
1764874183754 2.1847813513123313e-05 2315
1764874206252 2.1752012243642455e-05 2320
1764874228968 2.165626191444466e-05 2325
1764874251321 2.156056397159175e-05 2330
1764874273753 2.146491986035442e-05 2335
1764874296371 2.136933102519035e-05 2340
1764874318746 2.127379890972243e-05 2345
1764874341193 2.1178324956716937e-05 2350
1764874363944 2.1082910608061753e-05 2355
1764874386353 2.0987557304744614e-05 2360
1764874408885 2.0892266486831296e-05 2365
1764874431489 2.0797039593443894e-05 2370
1764874453948 2.0701878062739113e-05 2375
1764874476485 2.0606783331886493e-05 2380
1764874499070 2.0511756837046756e-05 2385
1764874521577 2.041680001335009e-05 2390
1764874544151 2.032191429487447e-05 2395
1764874566653 2.022710111462403e-05 2400
1764874589196 2.0132361904507382e-05 2405
1764874611854 2.0037698095316e-05 2410
1764874634354 1.9943111116702667e-05 2415
1764874656832 1.9848602397159797e-05 2420
1764874679466 1.9754173363997912e-05 2425
1764874701881 1.9659825443324088e-05 2430
1764874724449 1.956556006002039e-05 2435
1764874747193 1.9471378637722366e-05 2440
1764874769600 1.9377282598797578e-05 2445
1764874792075 1.928327336432407e-05 2450
1764874814750 1.9189352354068925e-05 2455
1764874837143 1.9095520986466847e-05 2460
1764874859697 1.9001780678598698e-05 2465
1764874882441 1.8908132846170133e-05 2470
1764874904881 1.881457890349018e-05 2475
1764874927368 1.8721120263449944e-05 2480
1764874950009 1.8627758337501193e-05 2485
1764874972450 1.8534494535635088e-05 2490
1764874995002 1.8441330266360882e-05 2495
1764875027831 1.834826693668466e-05 2500
1764875050719 1.8255305952088053e-05 2505
1764875073729 1.8162448716507036e-05 2510
1764875096715 1.806969663231073e-05 2515
1764875119595 1.7977051100280207e-05 2520
1764875142554 1.788451351958736e-05 2525
1764875165266 1.7792085287773736e-05 2530
1764875187803 1.769976780072946e-05 2535
1764875210460 1.760756245267213e-05 2540
1764875232950 1.7515470636125795e-05 2545
1764875255463 1.7423493741899893e-05 2550
1764875278152 1.733163315906825e-05 2555
1764875300525 1.723989027494812e-05 2560
1764875323024 1.7148266475079208e-05 2565
1764875345586 1.7056763143202766e-05 2570
1764875368051 1.6965381661240685e-05 2575
1764875390493 1.6874123409274642e-05 2580
1764875413194 1.678298976552522e-05 2585
1764875435630 1.6691982106331135e-05 2590
1764875458126 1.6601101806128417e-05 2595
1764875480839 1.6510350237429658e-05 2600
1764875503249 1.6419728770803327e-05 2605
1764875525769 1.6329238774853014e-05 2610
1764875548449 1.623888161619678e-05 2615
1764875570846 1.6148658659446532e-05 2620
1764875593525 1.6058571267187402e-05 2625
1764875616093 1.5968620799957153e-05 2630
1764875638479 1.5878808616225674e-05 2635
1764875660975 1.5789136072374425e-05 2640
1764875683683 1.5699604522675963e-05 2645
1764875706212 1.5610215319273497e-05 2650
1764875728718 1.552096981216045e-05 2655
1764875751290 1.5431869349160116e-05 2660
1764875773787 1.5342915275905234e-05 2665
1764875796282 1.525410893581773e-05 2670
1764875818899 1.5165451670088376e-05 2675
1764875841390 1.5076944817656579e-05 2680
1764875864037 1.4988589715190137e-05 2685
1764875886542 1.4900387697065061e-05 2690
1764875909039 1.481234009534541e-05 2695
1764875931795 1.4724448239763181e-05 2700
1764875954199 1.4636713457698235e-05 2705
1764875976706 1.4549137074158221e-05 2710
1764875999277 1.4461720411758634e-05 2715
1764876021809 1.4374464790702741e-05 2720
1764876044284 1.4287371528761715e-05 2725
1764876066975 1.420044194125472e-05 2730
1764876089383 1.4113677341029036e-05 2735
1764876111942 1.4027079038440225e-05 2740
1764876134637 1.3940648341332354e-05 2745
1764876157052 1.3854386555018273e-05 2750
1764876179541 1.3768294982259826e-05 2755
1764876202192 1.3682374923248244e-05 2760
1764876224556 1.3596627675584478e-05 2765
1764876247007 1.3511054534259612e-05 2770
1764876269621 1.3425656791635297e-05 2775
1764876291982 1.3340435737424239e-05 2780
1764876314531 1.3255392658670748e-05 2785
1764876337083 1.317052883973123e-05 2790
1764876359533 1.308584556225487e-05 2795
1764876382007 1.3001344105164213e-05 2800
1764876404570 1.2917025744635883e-05 2805
1764876427030 1.2832891754081328e-05 2810
1764876449536 1.2748943404127527e-05 2815
1764876472144 1.2665181962597852e-05 2820
1764876494629 1.258160869449291e-05 2825
1764876517198 1.2498224861971424e-05 2830
1764876539649 1.2415031724331177e-05 2835
1764876562167 1.2332030537990022e-05 2840
1764876584867 1.2249222556466858e-05 2845
1764876607272 1.2166609030362734e-05 2850
1764876629812 1.2084191207341943e-05 2855
1764876652437 1.2001970332113205e-05 2860
1764876674923 1.191994764641083e-05 2865
1764876697434 1.183812438897599e-05 2870
1764876720169 1.1756501795538028e-05 2875
1764876742594 1.1675081098795757e-05 2880
1764876765124 1.159386352839886e-05 2885
1764876787772 1.1512850310929318e-05 2890
1764876810133 1.1432042669882906e-05 2895
1764876832588 1.1351441825650685e-05 2900
1764876855281 1.1271048995500578e-05 2905
1764876877660 1.1190865393559e-05 2910
1764876900143 1.111089223079251e-05 2915
1764876922871 1.1031130714989527e-05 2920
1764876945290 1.0951582050742084e-05 2925
1764876967926 1.0872247439427651e-05 2930
1764876990581 1.079312807919096e-05 2935
1764877013061 1.0714225164925963e-05 2940
1764877035642 1.0635539888257717e-05 2945
1764877058337 1.0557073437524461e-05 2950
1764877080864 1.0478826997759604e-05 2955
1764877103400 1.040080175067386e-05 2960
1764877126036 1.0322998874637414e-05 2965
1764877148567 1.0245419544662093e-05 2970
1764877171199 1.0168064932383641e-05 2975
1764877193687 1.0090936206044031e-05 2980
1764877216137 1.0014034530473798e-05 2985
1764877238916 9.93736106707447e-06 2990
1764877261350 9.86091697380099e-06 2995
1764877283889 9.784703405144327e-06 3000
1764877306507 9.708721512113899e-06 3005
1764877329030 9.63297244222029e-06 3010
1764877351514 9.557457339457886e-06 3015
1764877374215 9.482177344287605e-06 3020
1764877396612 9.407133593619667e-06 3025
1764877419127 9.332327220796438e-06 3030
1764877441851 9.257759355575293e-06 3035
1764877464276 9.183431124111566e-06 3040
1764877486776 9.109343648941547e-06 3045
1764877509538 9.035498048965509e-06 3050
1764877531914 8.961895439430848e-06 3055
1764877554408 8.888536931915193e-06 3060
1764877577099 8.81542363430966e-06 3065
1764877599467 8.742556650802088e-06 3070
1764877622037 8.669937081860375e-06 3075
1764877644629 8.597566024215871e-06 3080
1764877667111 8.5254445708468e-06 3085
1764877689612 8.45357381096175e-06 3090
1764877712172 8.381954829983239e-06 3095
1764877734613 8.31058870953131e-06 3100
1764877757094 8.239476527407186e-06 3105
1764877779714 8.168619357577046e-06 3110
1764877802330 8.098018270155728e-06 3115
1764877825140 8.027674331390616e-06 3120
1764877847639 7.957588603645523e-06 3125
1764877870149 7.88776214538467e-06 3130
1764877892864 7.81819601115666e-06 3135
1764877915281 7.748891251578579e-06 3140
1764877937860 7.679848913320125e-06 3145
1764877960523 7.611070039087791e-06 3150
1764877983057 7.542555667609138e-06 3155
1764878005556 7.47430683361708e-06 3160
1764878028278 7.406324567834289e-06 3165
1764878050710 7.338609896957599e-06 3170
1764878073304 7.271163843642515e-06 3175
1764878096035 7.203987426487769e-06 3180
1764878118448 7.137081660019925e-06 3185
1764878140949 7.070447554678087e-06 3190
1764878163675 7.0040861167985975e-06 3195
1764878186084 6.937998348599869e-06 3200
1764878208617 6.872185248167239e-06 3205
1764878231339 6.806647809437891e-06 3210
1764878253747 6.7413870221858535e-06 3215
1764878276342 6.676403872007053e-06 3220
1764878298955 6.611699340304417e-06 3225
1764878321377 6.547274404273063e-06 3230
1764878344063 6.48313003688553e-06 3235
1764878366747 6.419267206877098e-06 3240
1764878389221 6.355686878731147e-06 3245
1764878411712 6.292390012664592e-06 3250
1764878434317 6.2293775646134005e-06 3255
1764878456889 6.166650486218122e-06 3260
1764878479535 6.104209724809541e-06 3265
1764878502095 6.042056223394347e-06 3270
1764878524617 5.980190920640936e-06 3275
1764878547303 5.918614750865189e-06 3280
1764878569672 5.857328644016373e-06 3285
1764878592203 5.796333525663116e-06 3290
1764878614839 5.735630316979407e-06 3295
1764878637366 5.675219934730694e-06 3300
1764878659864 5.61510329126004e-06 3305
1764878682601 5.5552812944743335e-06 3310
1764878704998 5.495754847830587e-06 3315
1764878727547 5.436524850322306e-06 3320
1764878750223 5.3775921964658665e-06 3325
1764878772619 5.318957776287065e-06 3330
1764878805588 5.260622475307626e-06 3335
1764878828740 5.202587174531862e-06 3340
1764878851644 5.144852750433351e-06 3345
1764878874554 5.0874200749416994e-06 3350
1764878897538 5.03029001542939e-06 3355
1764878920435 4.973463434698665e-06 3360
1764878942950 4.916941190968501e-06 3365
1764878965638 4.860724137861654e-06 3370
1764878988093 4.804813124391752e-06 3375
1764879010645 4.749208994950493e-06 3380
1764879033171 4.693912589294896e-06 3385
1764879055588 4.638924742534579e-06 3390
1764879078224 4.5842462851191845e-06 3395
1764879100708 4.52987804282583e-06 3400
1764879123187 4.475820836746632e-06 3405
1764879145790 4.422075483276301e-06 3410
1764879168203 4.368642794099823e-06 3415
1764879190687 4.3155235761802024e-06 3420
1764879213323 4.262718631746254e-06 3425
1764879235715 4.2102287582805156e-06 3430
1764879258122 4.158054748507174e-06 3435
1764879280770 4.106197390380131e-06 3440
1764879303181 4.054657467071076e-06 3445
1764879325668 4.003435756957646e-06 3450
1764879348346 3.952533033611706e-06 3455
1764879370750 3.901950065787645e-06 3460
1764879393231 3.851687617410763e-06 3465
1764879415897 3.801746447565746e-06 3470
1764879438268 3.7521273104852006e-06 3475
1764879460722 3.7028309555382476e-06 3480
1764879483348 3.653858127219214e-06 3485
1764879505763 3.605209565136415e-06 3490
1764879528285 3.556886004000936e-06 3495
1764879550979 3.50888817361557e-06 3500
1764879573391 3.4612167988637777e-06 3505
1764879595894 3.4138725996987724e-06 3510
1764879618521 3.3668562911326024e-06 3515
1764879640938 3.3201685832253765e-06 3520
1764879663552 3.273810181074549e-06 3525
1764879686138 3.2277817848042474e-06 3530
1764879708499 3.182084089554716e-06 3535
1764879731126 3.136717785471814e-06 3540
1764879753581 3.091683557696593e-06 3545
1764879776051 3.04698208635495e-06 3550
1764879798635 3.002614046547342e-06 3555
1764879821104 2.9585801083386143e-06 3560
1764879843602 2.914880936747862e-06 3565
1764879866296 2.871517191738404e-06 3570
1764879888721 2.8284895282077956e-06 3575
1764879911207 2.7857985959779463e-06 3580
1764879933915 2.7434450397853184e-06 3585
1764879956338 2.7014294992711696e-06 3590
1764879978857 2.6597526089718983e-06 3595
1764880001505 2.618414998309486e-06 3600
1764880023909 2.577417291581947e-06 3605
1764880046417 2.5367601079539313e-06 3610
1764880069193 2.49644406144737e-06 3615
1764880091594 2.4564697609321916e-06 3620
1764880114100 2.4168378101171345e-06 3625
1764880136768 2.3775488075406232e-06 3630
1764880159184 2.3386033465617484e-06 3635
1764880181735 2.300002015351271e-06 3640
1764880204554 2.2617453968827746e-06 3645
1764880226912 2.223834068923829e-06 3650
1764880249389 2.1862686040273047e-06 3655
1764880272040 2.1490495695226827e-06 3660
1764880294443 2.112177527507514e-06 3665
1764880317036 2.0756530348389167e-06 3670
1764880339594 2.039476643125184e-06 3675
1764880361964 2.0036488987174288e-06 3680
1764880384557 1.9681703427013537e-06 3685
1764880407015 1.933041510889068e-06 3690
1764880429489 1.8982629338109974e-06 3695
1764880452081 1.8638351367078792e-06 3700
1764880474559 1.8297586395228131e-06 3705
1764880497019 1.7960339568934344e-06 3710
1764880519626 1.762661598144109e-06 3715
1764880542050 1.7296420672782712e-06 3720
1764880564581 1.6969758629707954e-06 3725
1764880587294 1.6646634785604705e-06 3730
1764880609687 1.6327054020425498e-06 3735
1764880632136 1.6011021160613725e-06 3740
1764880654758 1.5698540979030936e-06 3745
1764880677138 1.5389618194884488e-06 3750
1764880699604 1.5084257473656558e-06 3755
1764880722267 1.4782463427033417e-06 3760
1764880744642 1.4484240612836107e-06 3765
1764880767115 1.4189593534951214e-06 3770
1764880789707 1.3898526643263142e-06 3775
1764880812089 1.3611044333586772e-06 3780
1764880834589 1.3327150947601183e-06 3785
1764880857244 1.304685077278393e-06 3790
1764880879636 1.2770148042346414e-06 3795
1764880902150 1.2497046935169985e-06 3800
1764880924753 1.2227551575742627e-06 3805
1764880947174 1.1961666034096899e-06 3810
1764880969793 1.1699394325748306e-06 3815
1764880992418 1.1440740411634815e-06 3820
1764881014855 1.1185708198056853e-06 3825
1764881037490 1.0934301536618415e-06 3830
1764881059987 1.0686524224168914e-06 3835
1764881082454 1.0442380002745758e-06 3840
1764881105026 1.0201872559517904e-06 3845
1764881127513 9.965005526730134e-07 3850
1764881149948 9.73178248164828e-07 3855
1764881172563 9.502206946505034e-07 3860
1764881194940 9.276282388446953e-07 3865
1764881217424 9.054012219481926e-07 3870
1764881240161 8.835399796427774e-07 3875
1764881262554 8.620448420861447e-07 3880
1764881285139 8.409161339069254e-07 3885
1764881307778 8.201541741997801e-07 3890
1764881330206 7.997592765205721e-07 3895
1764881352678 7.797317488816475e-07 3900
1764881375428 7.60071893747171e-07 3905
1764881397841 7.407800080285609e-07 3910
1764881420515 7.218563830800091e-07 3915
1764881443173 7.033013046940797e-07 3920
1764881465590 6.851150530973864e-07 3925
1764881488016 6.672979029463676e-07 3930
1764881510699 6.498501233231402e-07 3935
1764881533053 6.327719777314224e-07 3940
1764881555508 6.160637240925686e-07 3945
1764881578149 5.997256147416713e-07 3950
1764881600587 5.837578964237466e-07 3955
1764881623184 5.681608102900062e-07 3960
1764881645783 5.529345918942235e-07 3965
1764881668311 5.380794711891611e-07 3970
1764881690874 5.235956725231179e-07 3975
1764881713437 5.094834146365311e-07 3980
1764881735961 4.957429106586625e-07 3985
1764881758549 4.823743681044002e-07 3990
1764881781061 4.6937798887110816e-07 3995
1764881803544 4.567539692355849e-07 4000
1764881826158 4.44502499851095e-07 4005
1764881848571 4.3262376574449433e-07 4010
1764881871065 4.2111794631343773e-07 4015
1764881893814 4.099852153236534e-07 4020
1764881916255 3.9922574090634396e-07 4025
1764881938766 3.88839685555624e-07 4030
1764881961406 3.788272061260837e-07 4035
1764881983789 3.6918845383040605e-07 4040
1764882006308 3.5992357423709363e-07 4045
1764882029002 3.510327072682596e-07 4050
1764882051407 3.4251598719752843e-07 4055
1764882073879 3.343735426479981e-07 4060
1764882096544 3.266054965902955e-07 4065
1764882118963 3.192119663407296e-07 4070
1764882141481 3.1219306355950924e-07 4075
1764882164169 3.055488942490646e-07 4080
1764882186590 2.9927955875243986e-07 4085
1764882209172 2.9338515175178795e-07 4090
1764882231841 2.878657622669206e-07 4095
1764882254272 2.8272147365399136e-07 4100
1764882276892 2.779523636042111e-07 4105
1764882299525 2.735585041426909e-07 4110
1764882321976 2.6953996162735133e-07 4115
1764882344628 2.658967967479115e-07 4120
1764882367131 2.626290645249862e-07 4125
1764882389629 2.597368143092461e-07 4130
1764882412237 2.5722008978067244e-07 4135
1764882434769 2.550789289478965e-07 4140
1764882457291 2.533133641476367e-07 4145
1764882479964 2.5192342204419296e-07 4150
1764882502349 2.5090912362906e-07 4155
1764882524856 2.50270484220599e-07 4160
1764882547548 2.50007513463811e-07 4165
