1764863766536 1.1991556584835052 5
1764863788921 1.1655361652374268 10
1764863811293 1.2414376139640808 15
1764863833911 1.1654601693153381 20
1764863856332 1.1511311829090118 25
1764863878720 1.1121070384979248 30
1764863901390 1.1424200236797333 35
1764863923795 1.1173576414585114 40
1764863946206 1.0407647341489792 45
1764863968805 1.1331190168857574 50
1764863991200 1.058733344078064 55
1764864013736 1.090747743844986 60
1764864036266 1.0344336181879044 65
1764864058694 1.0240674018859863 70
1764864081311 1.0161469727754593 75
1764864103727 1.0481783598661423 80
1764864126140 0.9933841824531555 85
1764864148828 0.9733387231826782 90
1764864171223 1.0244697779417038 95
1764864193647 0.929717555642128 100
1764864216242 0.9731502830982208 105
1764864238654 0.9645168483257294 110
1764864261058 0.962113618850708 115
1764864283721 0.9795398563146591 120
1764864306132 0.9448188096284866 125
1764864328539 0.9434214532375336 130
1764864351155 0.9342315644025803 135
1764864373518 0.9218815565109253 140
1764864395886 0.925369992852211 145
1764864418552 0.88742595911026 150
1764864440936 0.9182899594306946 155
1764864463354 0.9167655557394028 160
1764864485932 0.9539981484413147 165
1764864508288 0.8036140352487564 170
1764864530632 0.9086733013391495 175
1764864553280 0.9545990228652954 180
1764864575673 0.9310833215713501 185
1764864598071 0.9143626689910889 190
1764864620637 0.8660281896591187 195
1764864643054 0.8466975688934326 200
1764864665568 0.8459357917308807 205
1764864688107 0.8395809382200241 210
1764864710493 0.8572847098112106 215
1764864733102 0.7992638796567917 220
1764864755482 0.8779791742563248 225
1764864777848 0.8583306521177292 230
1764864800393 0.8683078587055206 235
1764864822746 0.8217438459396362 240
1764864845113 0.8025110512971878 245
1764864867667 0.8175250440835953 250
1764864890017 0.8872054368257523 255
1764864912406 0.8356998115777969 260
1764864934973 0.8413330018520355 265
1764864957345 0.8238794356584549 270
1764864979696 0.8772286027669907 275
1764865002290 0.8534536510705948 280
1764865024717 0.8255045711994171 285
1764865047138 0.8075027018785477 290
1764865069755 0.7981049716472626 295
1764865092177 0.8464348614215851 300
1764865114621 0.8386438637971878 305
1764865137285 0.8055849224328995 310
1764865159708 0.8111710846424103 315
1764865182118 0.8810949325561523 320
1764865204741 0.7997604608535767 325
1764865227116 0.8657030463218689 330
1764865249529 0.7696697562932968 335
1764865272167 0.8419258147478104 340
1764865294592 0.7967227846384048 345
1764865317115 0.816955029964447 350
1764865339655 0.8240313678979874 355
1764865362073 0.7833662778139114 360
1764865384601 0.8451631218194962 365
1764865407123 0.8146468847990036 370
1764865429511 0.7861397862434387 375
1764865452171 0.8248175233602524 380
1764865474571 0.8478902578353882 385
1764865496956 0.8097701519727707 390
1764865519597 0.7613776475191116 395
1764865541999 0.876209482550621 400
1764865564406 0.837815523147583 405
1764865587016 0.7679601013660431 410
1764865609408 0.8542924970388412 415
1764865631799 0.7693563550710678 420
1764865654379 0.8115008324384689 425
1764865676772 0.7805507481098175 430
1764865699198 0.9105207920074463 435
1764865721794 0.9076947867870331 440
1764865744203 0.8156522363424301 445
1764865766603 0.804548442363739 450
1764865789237 0.7740221470594406 455
1764865811631 0.8520915061235428 460
1764865833970 0.793245941400528 465
1764865856549 0.7889316082000732 470
1764865878901 0.8140055388212204 475
1764865901258 0.7801255881786346 480
1764865923809 0.7537915706634521 485
1764865946179 0.8312813937664032 490
1764865968658 0.7977578043937683 495
1764865991121 0.8166129291057587 500
1764866013494 0.7962571978569031 505
1764866035989 0.8454996645450592 510
1764866058488 0.7930495142936707 515
1764866080915 0.8342967629432678 520
1764866103529 0.8028548210859299 525
1764866125937 0.8035720139741898 530
1764866148324 0.8502740859985352 535
1764866170916 0.8103289157152176 540
1764866193264 0.7877926230430603 545
1764866215613 0.8232214748859406 550
1764866238158 0.7800697386264801 555
1764866260521 0.8424157351255417 560
1764866282880 0.8595898300409317 565
1764866305471 0.7922201007604599 570
1764866327863 0.8033535480499268 575
1764866350252 0.8154403865337372 580
1764866372894 0.7778680622577667 585
1764866395300 0.8090257048606873 590
1764866417730 0.7814860939979553 595
1764866440378 0.8333397656679153 600
1764866462764 0.8038148581981659 605
1764866485204 0.8359706103801727 610
1764866507774 0.7896309792995453 615
1764866530116 0.8265084326267242 620
1764866552466 0.7406696677207947 625
1764866575045 0.8006469458341599 630
1764866597423 0.820450946688652 635
1764866619882 0.7426713109016418 640
1764866642330 0.8648932725191116 645
1764866664687 0.8480245769023895 650
1764866687165 0.8386646062135696 655
1764866709592 0.7687310576438904 660
1764866731937 0.7440847605466843 665
1764866754481 0.7780201286077499 670
1764866776827 0.7698690444231033 675
1764866799209 0.7712936252355576 680
1764866821759 0.7654288113117218 685
1764866844157 0.815811425447464 690
1764866866562 0.8035314828157425 695
1764866889206 0.7815401405096054 700
1764866911611 0.7256834357976913 705
1764866934003 0.7814635038375854 710
1764866956551 0.8279820382595062 715
1764866978975 0.7852282077074051 720
1764867001374 0.8091856837272644 725
1764867024019 0.775071308016777 730
1764867046434 0.797266498208046 735
1764867068847 0.758130669593811 740
1764867091453 0.8510448336601257 745
1764867113807 0.7958391010761261 750
1764867136183 0.8282443135976791 755
1764867158965 0.7689208388328552 760
1764867181419 0.8004979193210602 765
1764867203838 0.7752888053655624 770
1764867226483 0.8246035724878311 775
1764867248874 0.7793310582637787 780
1764867271402 0.789114460349083 785
1764867293877 0.8079361021518707 790
1764867316266 0.7462961822748184 795
1764867338780 0.7800926566123962 800
1764867361284 0.8311477452516556 805
1764867383705 0.8008953332901001 810
1764867406259 0.8373635858297348 815
1764867428756 0.8048559129238129 820
1764867451168 0.8130516111850739 825
1764867473807 0.8228076696395874 830
1764867506481 0.7624145001173019 835
1764867529393 0.7735269367694855 840
1764867552315 0.7510223835706711 845
1764867575220 0.758435994386673 850
1764867598108 0.7243951112031937 855
1764867621037 0.7844372689723969 860
1764867643500 0.7399880588054657 865
1764867665895 0.7797396034002304 870
1764867688467 0.8120915293693542 875
1764867710863 0.7835050374269485 880
1764867733229 0.8651574850082397 885
1764867755793 0.7903814017772675 890
1764867778153 0.8324557244777679 895
1764867800519 0.7602458745241165 900
1764867823097 0.7495901435613632 905
1764867845460 0.7539355158805847 910
1764867867945 0.7275314927101135 915
1764867890392 0.8194621056318283 920
1764867912761 0.7958815842866898 925
1764867935187 0.7597860991954803 930
1764867957610 0.7305897921323776 935
1764867979946 0.7121698707342148 940
1764868002405 0.7510780096054077 945
1764868024862 0.6802960783243179 950
1764868047264 0.7724697887897491 955
1764868069754 0.7517135441303253 960
1764868092270 0.8561410307884216 965
1764868114670 0.7747469693422318 970
1764868137183 0.7114279568195343 975
1764868159639 0.7899413108825684 980
1764868182044 0.7566975951194763 985
1764868204559 0.73763507604599 990
1764868227117 0.7855437248945236 995
1764868249531 0.7629521638154984 1000
1764868272039 0.7628258913755417 1005
1764868294524 0.7579531669616699 1010
1764868316920 0.7757241278886795 1015
1764868339469 0.796406701207161 1020
1764868362032 0.7550053596496582 1025
1764868384427 0.7902089059352875 1030
1764868407106 0.7952459901571274 1035
1764868429482 0.7743145227432251 1040
1764868451898 0.8229954987764359 1045
1764868474507 0.7236228138208389 1050
1764868496889 0.7986655384302139 1055
1764868519365 0.7642965614795685 1060
1764868541931 0.782128632068634 1065
1764868564292 0.7832749634981155 1070
1764868586790 0.7586421519517899 1075
1764868609342 0.8148771375417709 1080
1764868631739 0.8222843557596207 1085
1764868654293 0.7351335287094116 1090
1764868676757 0.7570864111185074 1095
1764868699143 0.7197251468896866 1100
1764868721677 0.7594463527202606 1105
1764868744155 0.8425771445035934 1110
1764868766542 0.7657569944858551 1115
1764868789121 0.8784289807081223 1120
1764868811580 0.7502869963645935 1125
1764868833998 0.77322618663311 1130
1764868856602 0.7580744475126266 1135
1764868879111 0.7584546059370041 1140
1764868901478 0.8023452162742615 1145
1764868924019 0.8526403307914734 1150
1764868946491 0.6715409159660339 1155
1764868968898 0.7662923783063889 1160
1764868991478 0.6556920856237411 1165
1764869013971 0.7449462413787842 1170
1764869036386 0.8095999211072922 1175
1764869058972 0.8114287257194519 1180
1764869081444 0.8010506331920624 1185
1764869103867 0.7865207642316818 1190
1764869126552 0.7837274372577667 1195
1764869148963 0.7550732791423798 1200
1764869171507 0.7936083674430847 1205
1764869194093 0.7836473882198334 1210
1764869216517 0.7507759779691696 1215
1764869238970 0.7974719852209091 1220
1764869261421 0.7849045097827911 1225
1764869283872 0.7527180165052414 1230
1764869306410 0.7425388693809509 1235
1764869328950 0.7693425267934799 1240
1764869351317 0.7877187132835388 1245
1764869373864 0.8454397916793823 1250
1764869396314 0.7466955780982971 1255
1764869418725 0.7613954097032547 1260
1764869441376 0.7637560367584229 1265
1764869463845 0.7633592188358307 1270
1764869486226 0.7177308201789856 1275
1764869508789 0.7632553279399872 1280
1764869531267 0.7420934736728668 1285
1764869553658 0.770834431052208 1290
1764869576288 0.7863403707742691 1295
1764869598809 0.8143357038497925 1300
1764869621212 0.7524296939373016 1305
1764869643813 0.718123584985733 1310
1764869666236 0.8261815905570984 1315
1764869688577 0.7949623167514801 1320
1764869711291 0.8017882108688354 1325
1764869733841 0.7828459292650223 1330
1764869756252 0.7857965230941772 1335
1764869778858 0.790018230676651 1340
1764869801299 0.7699929475784302 1345
1764869823744 0.8037282824516296 1350
1764869846294 0.7999221384525299 1355
1764869868787 0.7282926738262177 1360
1764869891246 0.7068004906177521 1365
1764869913695 0.754526674747467 1370
1764869936139 0.744143933057785 1375
1764869958648 0.748007133603096 1380
1764869981119 0.7637257725000381 1385
1764870003673 0.7611884027719498 1390
1764870026274 0.7462040334939957 1395
1764870048643 0.6727809458971024 1400
1764870071103 0.804922342300415 1405
1764870093741 0.7743605971336365 1410
1764870116147 0.7547192871570587 1415
1764870138717 0.8189748227596283 1420
1764870161300 0.8032080084085464 1425
1764870183810 0.8076514303684235 1430
1764870206218 0.758106991648674 1435
1764870228878 0.8008597642183304 1440
1764870251439 0.7614338845014572 1445
1764870273814 0.8112532198429108 1450
1764870296372 0.7647358030080795 1455
1764870318856 0.7435794770717621 1460
1764870341279 0.7495394945144653 1465
1764870363951 0.7296807616949081 1470
1764870386507 0.7469359487295151 1475
1764870408871 0.8016616255044937 1480
1764870431484 0.7428718358278275 1485
1764870453981 0.7174123078584671 1490
1764870476450 0.7157333046197891 1495
1764870499003 0.7854298800230026 1500
1764870521559 0.8091355860233307 1505
1764870544077 0.7841022461652756 1510
1764870566537 0.7522229999303818 1515
1764870589003 0.8182822614908218 1520
1764870611545 0.8078683316707611 1525
1764870634023 0.7304306030273438 1530
1764870656543 0.7800774276256561 1535
1764870679105 0.7536242306232452 1540
1764870701471 0.7736714035272598 1545
1764870723923 0.7459307760000229 1550
1764870746586 0.7767006009817123 1555
1764870768986 0.7378791868686676 1560
1764870791528 0.7412583082914352 1565
1764870814135 0.7438813745975494 1570
1764870836624 0.7820923030376434 1575
1764870859039 0.7370299845933914 1580
1764870881687 0.807056188583374 1585
1764870904242 0.7585956901311874 1590
1764870926658 0.7739233672618866 1595
1764870949274 0.8335690349340439 1600
1764870971751 0.7883239835500717 1605
1764870994171 0.7155721634626389 1610
1764871016831 0.7152059972286224 1615
1764871039405 0.7494722604751587 1620
1764871061811 0.6892818063497543 1625
1764871084437 0.7195252776145935 1630
1764871106940 0.7677007168531418 1635
1764871129450 0.7153622359037399 1640
1764871152047 0.7732585668563843 1645
1764871174592 0.8220531940460205 1650
1764871197045 0.750058650970459 1655
1764871219502 0.802107110619545 1660
1764871241998 0.7276117950677872 1665
1764871274967 0.7206177115440369 1670
1764871297848 0.7089713215827942 1675
1764871320771 0.7642639726400375 1680
1764871343817 0.77640400826931 1685
1764871366752 0.7797174155712128 1690
1764871389526 0.743337482213974 1695
1764871412194 0.7153751254081726 1700
1764871434651 0.7121121287345886 1705
1764871457015 0.8042335659265518 1710
1764871479761 0.7029596269130707 1715
1764871502172 0.7200503349304199 1720
1764871524687 0.7693931758403778 1725
1764871547351 0.7565414905548096 1730
1764871569846 0.7082798779010773 1735
1764871592266 0.7200191020965576 1740
1764871614984 0.8122648894786835 1745
1764871637493 0.7461932003498077 1750
1764871659841 0.7769540995359421 1755
1764871682446 0.7336873561143875 1760
1764871704901 0.7277985513210297 1765
1764871727300 0.8026515990495682 1770
1764871749980 0.7830862253904343 1775
1764871772433 0.7389418035745621 1780
1764871794870 0.7185795456171036 1785
1764871817431 0.8173045068979263 1790
1764871839896 0.7164088785648346 1795
1764871862425 0.7216150462627411 1800
1764871884942 0.7303822338581085 1805
1764871907366 0.7934301793575287 1810
1764871929896 0.8148837685585022 1815
1764871952342 0.7565644532442093 1820
1764871974840 0.7974868714809418 1825
1764871997458 0.6730166375637054 1830
1764872019971 0.6866167336702347 1835
1764872042420 0.7412090748548508 1840
1764872065025 0.7837032526731491 1845
1764872087396 0.718566969037056 1850
1764872109853 0.7359392195940018 1855
1764872132582 0.7660746425390244 1860
1764872154954 0.755967453122139 1865
1764872177396 0.6667771562933922 1870
1764872199999 0.8165688961744308 1875
1764872222361 0.7352369874715805 1880
1764872244835 0.7156767547130585 1885
1764872267590 0.7783345878124237 1890
1764872289955 0.7071901112794876 1895
1764872312443 0.7143116742372513 1900
1764872335143 0.7504575550556183 1905
1764872357532 0.7517039179801941 1910
1764872379986 0.7984128147363663 1915
1764872402711 0.742638349533081 1920
1764872425102 0.7968373894691467 1925
1764872447633 0.8302226513624191 1930
1764872470219 0.7890052646398544 1935
1764872492758 0.7255861014127731 1940
1764872515314 0.7278188467025757 1945
1764872537891 0.746250569820404 1950
1764872560412 0.7070892751216888 1955
1764872582969 0.740863487124443 1960
1764872605408 0.7335655391216278 1965
1764872627890 0.7098078280687332 1970
1764872650489 0.7272087931632996 1975
1764872672982 0.6893784403800964 1980
1764872695435 0.7234942018985748 1985
1764872718103 0.7807937562465668 1990
1764872740488 0.7309463322162628 1995
1764872762989 0.7118793576955795 2000
1764872785749 0.7226969599723816 2005
1764872808174 0.7687998861074448 2010
1764872830668 0.6989978700876236 2015
1764872853350 0.7344294637441635 2020
1764872875730 0.7392586171627045 2025
1764872898270 0.7278866916894913 2030
1764872921012 0.7821526825428009 2035
1764872943427 0.736506462097168 2040
1764872965925 0.7438418567180634 2045
1764872988633 0.7569422125816345 2050
1764873011120 0.7358995229005814 2055
1764873033642 0.8836416304111481 2060
1764873056357 0.6974619477987289 2065
1764873078746 0.7441927492618561 2070
1764873101327 0.7329103201627731 2075
1764873123937 0.7457603514194489 2080
1764873146445 0.7369774132966995 2085
1764873169057 0.8007209151983261 2090
1764873191632 0.7118729948997498 2095
1764873214127 0.7262025028467178 2100
1764873236729 0.7717296779155731 2105
1764873259198 0.7598060518503189 2110
1764873281708 0.7621212750673294 2115
1764873304364 0.6710276901721954 2120
1764873326890 0.726211667060852 2125
1764873349362 0.7898104190826416 2130
1764873372091 0.8141354769468307 2135
1764873394517 0.7333575785160065 2140
1764873417013 0.7510453760623932 2145
1764873439799 0.675571545958519 2150
1764873462209 0.7334731072187424 2155
1764873484679 0.7739807516336441 2160
1764873507322 0.7342721223831177 2165
1764873529730 0.7262649536132812 2170
1764873552234 0.7527666687965393 2175
1764873574967 0.7174811512231827 2180
1764873597383 0.7138484418392181 2185
1764873619924 0.7202763557434082 2190
1764873642634 0.6872021853923798 2195
1764873665045 0.7700971812009811 2200
1764873687556 0.7478049099445343 2205
1764873710331 0.7388481348752975 2210
1764873732719 0.6942172348499298 2215
1764873755317 0.8079781979322433 2220
1764873777888 0.7586706578731537 2225
1764873800408 0.7737619131803513 2230
1764873822952 0.7061559557914734 2235
1764873845527 0.7532596588134766 2240
1764873868002 0.7597030252218246 2245
1764873890533 0.8033991456031799 2250
1764873912990 0.7287302911281586 2255
1764873935479 0.6444128900766373 2260
1764873958132 0.7092178165912628 2265
1764873980632 0.719000905752182 2270
1764874003126 0.7087298780679703 2275
1764874025837 0.6975148916244507 2280
1764874048249 0.6848443448543549 2285
1764874070770 0.8178554028272629 2290
1764874093498 0.7010923027992249 2295
1764874115898 0.7566932588815689 2300
1764874138390 0.7256316244602203 2305
1764874161376 0.7730417400598526 2310
1764874183754 0.6909623891115189 2315
1764874206252 0.7869561463594437 2320
1764874228968 0.7438202500343323 2325
1764874251321 0.8028026968240738 2330
1764874273753 0.7779984176158905 2335
1764874296371 0.7842225432395935 2340
1764874318746 0.7813915461301804 2345
1764874341193 0.733660951256752 2350
1764874363944 0.6594346165657043 2355
1764874386353 0.7621011734008789 2360
1764874408885 0.7298817783594131 2365
1764874431489 0.7819643914699554 2370
1764874453948 0.7658192366361618 2375
1764874476485 0.758779838681221 2380
1764874499070 0.7429031431674957 2385
1764874521577 0.7112379223108292 2390
1764874544151 0.7374825179576874 2395
1764874566653 0.7195284217596054 2400
1764874589196 0.7744197398424149 2405
1764874611854 0.7178215384483337 2410
1764874634354 0.7322454154491425 2415
1764874656832 0.712468683719635 2420
1764874679466 0.733741283416748 2425
1764874701881 0.7745580077171326 2430
1764874724449 0.7080208659172058 2435
1764874747193 0.7302343249320984 2440
1764874769600 0.7390081137418747 2445
1764874792075 0.6450642496347427 2450
1764874814750 0.6769296824932098 2455
1764874837143 0.7612972259521484 2460
1764874859697 0.7219630032777786 2465
1764874882441 0.7542844414710999 2470
1764874904881 0.7766715586185455 2475
1764874927368 0.723185196518898 2480
1764874950009 0.745579794049263 2485
1764874972450 0.7289348691701889 2490
1764874995002 0.7633544653654099 2495
1764875027831 0.7322077453136444 2500
1764875050719 0.7371855229139328 2505
1764875073729 0.7398398518562317 2510
1764875096715 0.7401706576347351 2515
1764875119595 0.7690049707889557 2520
1764875142554 0.7138294577598572 2525
1764875165266 0.7321305423974991 2530
1764875187803 0.7591655999422073 2535
1764875210460 0.7146781831979752 2540
1764875232950 0.7440136522054672 2545
1764875255463 0.6473720669746399 2550
1764875278152 0.6837826371192932 2555
1764875300525 0.784759059548378 2560
1764875323024 0.7165201753377914 2565
1764875345586 0.7489625662565231 2570
1764875368051 0.7329110205173492 2575
1764875390493 0.7619500011205673 2580
1764875413194 0.7425585836172104 2585
1764875435630 0.7838016897439957 2590
1764875458126 0.6984536796808243 2595
1764875480839 0.7325613498687744 2600
1764875503249 0.7549052834510803 2605
1764875525769 0.674186035990715 2610
1764875548449 0.7281632870435715 2615
1764875570846 0.6845521032810211 2620
1764875593525 0.6925318539142609 2625
1764875616093 0.6823118627071381 2630
1764875638479 0.7086219489574432 2635
1764875660975 0.7917921245098114 2640
1764875683683 0.7348396927118301 2645
1764875706212 0.7559713274240494 2650
1764875728718 0.7488466501235962 2655
1764875751290 0.6915046572685242 2660
1764875773787 0.7515835613012314 2665
1764875796282 0.7553392499685287 2670
1764875818899 0.7329228222370148 2675
1764875841390 0.6999268084764481 2680
1764875864037 0.7237685173749924 2685
1764875886542 0.7997177839279175 2690
1764875909039 0.6955749988555908 2695
1764875931795 0.677661657333374 2700
1764875954199 0.7495948672294617 2705
1764875976706 0.7098771780729294 2710
1764875999277 0.6893365830183029 2715
1764876021809 0.7163273394107819 2720
1764876044284 0.7284294366836548 2725
1764876066975 0.7163839489221573 2730
1764876089383 0.759757861495018 2735
1764876111942 0.7126753479242325 2740
1764876134637 0.7575247585773468 2745
1764876157052 0.6617672443389893 2750
1764876179541 0.7807646095752716 2755
1764876202192 0.6785287857055664 2760
1764876224556 0.7348348051309586 2765
1764876247007 0.7236857712268829 2770
1764876269621 0.7422259598970413 2775
1764876291982 0.7431635111570358 2780
1764876314531 0.7393934279680252 2785
1764876337083 0.7958984971046448 2790
1764876359533 0.6890465617179871 2795
1764876382007 0.667492225766182 2800
1764876404570 0.6585326939821243 2805
1764876427030 0.7609796673059464 2810
1764876449536 0.7499220371246338 2815
1764876472144 0.7970148921012878 2820
1764876494629 0.7495160698890686 2825
1764876517198 0.6146093755960464 2830
1764876539649 0.7699886709451675 2835
1764876562167 0.6792576909065247 2840
1764876584867 0.782899796962738 2845
1764876607272 0.7087445706129074 2850
1764876629812 0.7656504511833191 2855
1764876652437 0.7474101334810257 2860
1764876674923 0.7060524374246597 2865
1764876697434 0.7279990911483765 2870
1764876720169 0.6934231072664261 2875
1764876742594 0.7374247759580612 2880
1764876765124 0.7492228001356125 2885
1764876787772 0.7257388383150101 2890
1764876810133 0.752899557352066 2895
1764876832588 0.6901622861623764 2900
1764876855281 0.6965505331754684 2905
1764876877660 0.7640494555234909 2910
1764876900143 0.6948583424091339 2915
1764876922871 0.713756799697876 2920
1764876945290 0.7299887537956238 2925
1764876967926 0.7250959575176239 2930
1764876990581 0.7203227430582047 2935
1764877013061 0.7342589348554611 2940
1764877035642 0.7667703777551651 2945
1764877058337 0.8286587297916412 2950
1764877080864 0.7420042008161545 2955
1764877103400 0.718460202217102 2960
1764877126036 0.69525445997715 2965
1764877148567 0.7093357592821121 2970
1764877171199 0.7281383723020554 2975
1764877193687 0.6542421132326126 2980
1764877216137 0.7050056308507919 2985
1764877238916 0.7342141717672348 2990
1764877261350 0.8002161085605621 2995
1764877283889 0.7444177865982056 3000
1764877306507 0.7505359202623367 3005
1764877329030 0.7602680623531342 3010
1764877351514 0.7868391573429108 3015
1764877374215 0.7021022737026215 3020
1764877396612 0.7569136321544647 3025
1764877419127 0.6864855736494064 3030
1764877441851 0.728430911898613 3035
1764877464276 0.7487562745809555 3040
1764877486776 0.7622385174036026 3045
1764877509538 0.707604244351387 3050
1764877531914 0.771309107542038 3055
1764877554408 0.7053347229957581 3060
1764877577099 0.7483019828796387 3065
1764877599467 0.7571602761745453 3070
1764877622037 0.7704984694719315 3075
1764877644629 0.6838154196739197 3080
1764877667111 0.7112739533185959 3085
1764877689612 0.7317911386489868 3090
1764877712172 0.7438628524541855 3095
1764877734613 0.7151313275098801 3100
1764877757094 0.7641708105802536 3105
1764877779714 0.7810128480195999 3110
1764877802330 0.7347493022680283 3115
1764877825140 0.749515950679779 3120
1764877847639 0.6898686587810516 3125
1764877870149 0.7613467276096344 3130
1764877892864 0.8103283196687698 3135
1764877915281 0.7471592575311661 3140
1764877937860 0.8070755004882812 3145
1764877960523 0.7655973881483078 3150
1764877983057 0.7440611720085144 3155
1764878005556 0.7265723794698715 3160
1764878028278 0.7064931988716125 3165
1764878050710 0.7366231083869934 3170
1764878073304 0.6630789637565613 3175
1764878096035 0.7318413704633713 3180
1764878118448 0.7569040656089783 3185
1764878140949 0.7378936409950256 3190
1764878163675 0.8325444310903549 3195
1764878186084 0.7577075958251953 3200
1764878208617 0.7301683574914932 3205
1764878231339 0.7582795917987823 3210
1764878253747 0.7817149013280869 3215
1764878276342 0.719002291560173 3220
1764878298955 0.7818602472543716 3225
1764878321377 0.6993985325098038 3230
1764878344063 0.7606079429388046 3235
1764878366747 0.751739427447319 3240
1764878389221 0.7166102826595306 3245
1764878411712 0.7192381322383881 3250
1764878434317 0.7207874208688736 3255
1764878456889 0.738618478178978 3260
1764878479535 0.8120464980602264 3265
1764878502095 0.62368543446064 3270
1764878524617 0.7285070866346359 3275
1764878547303 0.6713996082544327 3280
1764878569672 0.6455397456884384 3285
1764878592203 0.7177079170942307 3290
1764878614839 0.733105018734932 3295
1764878637366 0.741878092288971 3300
1764878659864 0.7630122303962708 3305
1764878682601 0.7294133603572845 3310
1764878704998 0.7587719857692719 3315
1764878727547 0.7739341706037521 3320
1764878750223 0.7817045152187347 3325
1764878772619 0.808470144867897 3330
1764878805588 0.7021957188844681 3335
1764878828740 0.760628417134285 3340
1764878851644 0.7532324939966202 3345
1764878874554 0.7508579343557358 3350
1764878897538 0.7342884391546249 3355
1764878920435 0.780607596039772 3360
1764878942950 0.6953312754631042 3365
1764878965638 0.7673431932926178 3370
1764878988093 0.6886339485645294 3375
1764879010645 0.7749575525522232 3380
1764879033171 0.7087138444185257 3385
1764879055588 0.7066274285316467 3390
1764879078224 0.8145738393068314 3395
1764879100708 0.7330001592636108 3400
1764879123187 0.7256397008895874 3405
1764879145790 0.7752109318971634 3410
1764879168203 0.7086840867996216 3415
1764879190687 0.7254077941179276 3420
1764879213323 0.7325768321752548 3425
1764879235715 0.6640328615903854 3430
1764879258122 0.7742796242237091 3435
1764879280770 0.7445231527090073 3440
1764879303181 0.7170291393995285 3445
1764879325668 0.7437038272619247 3450
1764879348346 0.6983829289674759 3455
1764879370750 0.7245566099882126 3460
1764879393231 0.7404715269804001 3465
1764879415897 0.7048780769109726 3470
1764879438268 0.7024761736392975 3475
1764879460722 0.680981233716011 3480
1764879483348 0.7230864763259888 3485
1764879505763 0.7433104068040848 3490
1764879528285 0.7419811487197876 3495
1764879550979 0.660685122013092 3500
1764879573391 0.7754803895950317 3505
1764879595894 0.6972255557775497 3510
1764879618521 0.731329932808876 3515
1764879640938 0.7298209518194199 3520
1764879663552 0.7423413246870041 3525
1764879686138 0.7223013043403625 3530
1764879708499 0.7414980828762054 3535
1764879731126 0.7223242074251175 3540
1764879753581 0.7164094150066376 3545
1764879776051 0.6931899636983871 3550
1764879798635 0.8083229213953018 3555
1764879821104 0.6614279747009277 3560
1764879843602 0.7828893214464188 3565
1764879866296 0.7260307371616364 3570
1764879888721 0.7326002269983292 3575
1764879911207 0.6883326768875122 3580
1764879933915 0.6981534510850906 3585
1764879956338 0.7049590051174164 3590
1764879978857 0.7095587402582169 3595
1764880001505 0.6953976154327393 3600
1764880023909 0.7745718359947205 3605
1764880046417 0.833456814289093 3610
1764880069193 0.7411304414272308 3615
1764880091594 0.8143828362226486 3620
1764880114100 0.7416485995054245 3625
1764880136768 0.7008255273103714 3630
1764880159184 0.7197369784116745 3635
1764880181735 0.6620530039072037 3640
1764880204554 0.7430823892354965 3645
1764880226912 0.6877401024103165 3650
1764880249389 0.6979042589664459 3655
1764880272040 0.7566653788089752 3660
1764880294443 0.7729195952415466 3665
1764880317036 0.7835995554924011 3670
1764880339594 0.755023181438446 3675
1764880361964 0.7131748050451279 3680
1764880384557 0.742480143904686 3685
1764880407015 0.7143538296222687 3690
1764880429489 0.7409990578889847 3695
1764880452081 0.7721223384141922 3700
1764880474559 0.7785051614046097 3705
1764880497019 0.7278691679239273 3710
1764880519626 0.695149764418602 3715
1764880542050 0.7515759766101837 3720
1764880564581 0.7905709743499756 3725
1764880587294 0.7386690378189087 3730
1764880609687 0.7208913564682007 3735
1764880632136 0.7454812526702881 3740
1764880654758 0.6967467367649078 3745
1764880677138 0.7908134013414383 3750
1764880699604 0.6881430894136429 3755
1764880722267 0.6819462478160858 3760
1764880744642 0.7089672684669495 3765
1764880767115 0.6816374510526657 3770
1764880789707 0.7370626032352448 3775
1764880812089 0.8203622400760651 3780
1764880834589 0.7457518726587296 3785
1764880857244 0.697724461555481 3790
1764880879636 0.6989992707967758 3795
1764880902150 0.7227291464805603 3800
1764880924753 0.6936045140028 3805
1764880947174 0.6645135283470154 3810
1764880969793 0.7519925832748413 3815
1764880992418 0.7047578245401382 3820
1764881014855 0.7860442101955414 3825
1764881037490 0.6432569473981857 3830
1764881059987 0.7772274166345596 3835
1764881082454 0.7333637177944183 3840
1764881105026 0.7149213403463364 3845
1764881127513 0.7187941521406174 3850
1764881149948 0.7297124713659286 3855
1764881172563 0.7234085202217102 3860
1764881194940 0.7803234606981277 3865
1764881217424 0.7976311296224594 3870
1764881240161 0.7138456404209137 3875
1764881262554 0.7191003412008286 3880
1764881285139 0.6430575102567673 3885
1764881307778 0.8126134723424911 3890
1764881330206 0.6678808480501175 3895
1764881352678 0.7303245216608047 3900
1764881375428 0.7451042383909225 3905
1764881397841 0.7256363779306412 3910
1764881420515 0.7319424897432327 3915
1764881443173 0.7255619317293167 3920
1764881465590 0.7139345854520798 3925
1764881488016 0.6954579949378967 3930
1764881510699 0.7297248393297195 3935
1764881533053 0.6939859986305237 3940
1764881555508 0.7572011649608612 3945
1764881578149 0.6647979915142059 3950
1764881600587 0.7686778604984283 3955
1764881623184 0.6910465508699417 3960
1764881645783 0.7065180093050003 3965
1764881668311 0.7361769676208496 3970
1764881690874 0.7274836599826813 3975
1764881713437 0.6877060383558273 3980
1764881735961 0.7505760937929153 3985
1764881758549 0.700559988617897 3990
1764881781061 0.7580407708883286 3995
1764881803544 0.7079679816961288 4000
1764881826158 0.7099188417196274 4005
1764881848571 0.7622500658035278 4010
1764881871065 0.7529095262289047 4015
1764881893814 0.7450192719697952 4020
1764881916255 0.6756382882595062 4025
1764881938766 0.7244881093502045 4030
1764881961406 0.7307828068733215 4035
1764881983789 0.7086312472820282 4040
1764882006308 0.7310411632061005 4045
1764882029002 0.753606528043747 4050
1764882051407 0.724796712398529 4055
1764882073879 0.7490396648645401 4060
1764882096544 0.7136473953723907 4065
1764882118963 0.7728979736566544 4070
1764882141481 0.7303099185228348 4075
1764882164169 0.6630614995956421 4080
1764882186590 0.7148636877536774 4085
1764882209172 0.7316680699586868 4090
1764882231841 0.6800768822431564 4095
1764882254272 0.7107884883880615 4100
1764882276892 0.7138119786977768 4105
1764882299525 0.7116871923208237 4110
1764882321976 0.7491778135299683 4115
1764882344628 0.731449156999588 4120
1764882367131 0.7278514057397842 4125
1764882389629 0.7206842601299286 4130
1764882412237 0.7478320151567459 4135
1764882434769 0.7281838804483414 4140
1764882457291 0.7349516749382019 4145
1764882479964 0.675727903842926 4150
1764882502349 0.7455150932073593 4155
1764882524856 0.7622096240520477 4160
1764882547548 0.7594397068023682 4165
