1764862621495 1.0 5
1764862644049 1.0 10
1764862666417 1.0 15
1764862688935 1.0 20
1764862711503 1.0 25
1764862733917 1.0 30
1764862756591 1.0 35
1764862778944 1.0 40
1764862801316 1.0 45
1764862823782 1.0 50
1764862846300 1.0 55
1764862868669 1.0 60
1764862891273 1.0 65
1764862913692 1.0 70
1764862936092 1.0 75
1764862958836 1.0 80
1764862981254 1.0 85
1764863003653 1.0 90
1764863026265 1.0 95
1764863048626 1.0 100
1764863071013 1.0 105
1764863093723 1.0 110
1764863116118 1.0 115
1764863138541 1.0 120
1764863161152 1.0 125
1764863183527 1.0 130
1764863205952 1.0 135
1764863228693 1.0 140
1764863251083 1.0 145
1764863273495 1.0 150
1764863296095 1.0 155
1764863318488 1.0 160
1764863340908 1.0 165
1764863363656 1.0 170
1764863386052 1.0 175
1764863408653 1.0 180
1764863431077 1.0 185
1764863453499 1.0 190
1764863476023 1.0 195
1764863498569 1.0 200
1764863520994 1.0 205
1764863543607 1.0 210
1764863566015 1.0 215
1764863588421 1.0 220
1764863611102 1.0 225
1764863633500 1.0 230
1764863655911 1.0 235
