1764862621495 1.1853001117706299 5
1764862644049 1.1517855823040009 10
1764862666417 1.1481682658195496 15
1764862688935 1.1616410166025162 20
1764862711503 1.1706964373588562 25
1764862733917 1.159683734178543 30
1764862756591 1.125611573457718 35
1764862778944 1.095438003540039 40
1764862801316 1.0603618919849396 45
1764862823782 1.0625292360782623 50
1764862846300 1.0344713628292084 55
1764862868669 1.0467548072338104 60
1764862891273 0.9911485463380814 65
1764862913692 0.9416731745004654 70
1764862936092 1.0060241371393204 75
1764862958836 0.9904233366250992 80
1764862981254 0.9938149899244308 85
1764863003653 0.9635302573442459 90
1764863026265 0.9849813431501389 95
1764863048626 0.9797563999891281 100
1764863071013 0.9409078657627106 105
1764863093723 0.9154050052165985 110
1764863116118 0.9155181348323822 115
1764863138541 0.9086570292711258 120
1764863161152 0.9256453365087509 125
1764863183527 0.8937185257673264 130
1764863205952 0.9726928323507309 135
1764863228693 0.9274589121341705 140
1764863251083 0.8423190861940384 145
1764863273495 0.8452532589435577 150
1764863296095 0.9734674394130707 155
1764863318488 0.9537856578826904 160
1764863340908 0.8675485700368881 165
1764863363656 0.8937524557113647 170
1764863386052 0.9434625059366226 175
1764863408653 0.8864808976650238 180
1764863431077 0.9108447581529617 185
1764863453499 0.8354206532239914 190
1764863476023 0.8408662676811218 195
1764863498569 0.9360184967517853 200
1764863520994 0.8720199018716812 205
1764863543607 0.898754358291626 210
1764863566015 0.8314514011144638 215
1764863588421 0.759810209274292 220
1764863611102 0.8762771785259247 225
1764863633500 0.8682722598314285 230
1764863655911 0.8792807757854462 235
