1764796302134 17.390847206115723 5
1764796342560 17.39084768295288 10
1764796383158 17.39084768295288 15
1764796423634 17.39084768295288 20
1764796464354 17.39084768295288 25
1764796505080 17.39084768295288 30
1764796545485 17.39084768295288 35
1764796586310 17.39084768295288 40
1764796627064 17.39084768295288 45
1764796667404 17.39084768295288 50
1764796708075 17.39084768295288 55
1764796748641 17.39084768295288 60
1764796789263 17.39084768295288 65
1764796829895 17.39084768295288 70
1764796870434 17.39084768295288 75
1764796911102 17.39084768295288 80
1764796951734 17.39084768295288 85
1764796992073 17.39084768295288 90
1764797032575 17.39084768295288 95
1764797073167 17.39084768295288 100
1764797113616 17.39084768295288 105
1764797154233 17.39084768295288 110
1764797194679 17.39084768295288 115
1764797235201 17.39084768295288 120
1764797275860 17.39084768295288 125
1764797316148 17.39084768295288 130
1764797356875 17.39084768295288 135
1764797397392 17.39084768295288 140
1764797437992 17.39084768295288 145
1764797478703 17.39084768295288 150
1764797519052 17.39084768295288 155
1764797559662 17.39084768295288 160
1764797600476 17.39084768295288 165
1764797640770 17.39084768295288 170
1764797681463 17.39084768295288 175
1764797722189 17.39084768295288 180
1764797762538 17.39084768295288 185
1764797803256 17.39084768295288 190
1764797843902 17.39084768295288 195
1764797884346 17.39084768295288 200
1764797924969 17.39084768295288 205
1764797965485 17.39084768295288 210
1764798006081 17.39084768295288 215
1764798046696 17.39084768295288 220
1764798087117 17.39084768295288 225
1764798127700 17.39084768295288 230
1764798168296 17.39084768295288 235
1764798208757 17.39084768295288 240
1764798249283 17.39084768295288 245
1764798289943 17.39084768295288 250
1764798330415 17.39084768295288 255
1764798371032 17.39084768295288 260
1764798411564 17.39084768295288 265
1764798452137 17.39084768295288 270
1764798492929 17.39084768295288 275
1764798533567 17.39084768295288 280
1764798574124 17.39084768295288 285
1764798614612 17.39084768295288 290
1764798655162 17.39084768295288 295
1764798695792 17.39084768295288 300
1764798736399 17.39084768295288 305
1764798776948 17.39084768295288 310
1764798817576 17.39084768295288 315
1764798858147 17.39084768295288 320
1764798898693 17.39084768295288 325
1764798939116 17.39084768295288 330
1764798979928 17.39084768295288 335
1764799020316 17.39084768295288 340
1764799060868 17.39084768295288 345
1764799101475 17.39084768295288 350
1764799142066 17.39084768295288 355
1764799182576 17.39084768295288 360
1764799223067 17.39084768295288 365
1764799263516 17.39084768295288 370
1764799304196 17.39084768295288 375
1764799344684 17.39084768295288 380
1764799385238 17.39084768295288 385
1764799425832 17.39084768295288 390
1764799466168 17.39084768295288 395
1764799506870 17.39084768295288 400
1764799547333 17.39084768295288 405
1764799587869 17.39084768295288 410
1764799628569 17.39084768295288 415
1764799669009 17.39084768295288 420
1764799709559 17.39084768295288 425
1764799750184 17.39084768295288 430
1764799790534 17.39084768295288 435
1764799831238 17.39084768295288 440
1764799871754 17.39084768295288 445
1764799912210 17.39084768295288 450
1764799952832 17.39084768295288 455
1764799993474 17.39084768295288 460
1764800034032 17.39084768295288 465
1764800074571 17.39084768295288 470
1764800115126 17.39084768295288 475
1764800155663 17.39084768295288 480
1764800196255 17.39084768295288 485
1764800236775 17.39084768295288 490
1764800277436 17.39084768295288 495
1764800317845 17.39084768295288 500
1764800358409 17.39084768295288 505
1764800399052 17.39084768295288 510
1764800439571 17.39084768295288 515
1764800480125 17.39084768295288 520
1764800541843 17.39084768295288 525
1764800583060 17.39084768295288 530
1764800624244 17.39084768295288 535
1764800664763 17.39084768295288 540
1764800705484 17.39084768295288 545
1764800746050 17.39084768295288 550
1764800786527 17.39084768295288 555
1764800827151 17.39084768295288 560
1764800867815 17.39084768295288 565
1764800908401 17.39084768295288 570
1764800948879 17.39084768295288 575
1764800989471 17.39084768295288 580
1764801030086 17.39084768295288 585
1764801070647 17.39084768295288 590
1764801111044 17.39084768295288 595
1764801151604 17.39084768295288 600
1764801192207 17.39084768295288 605
1764801232726 17.39084768295288 610
1764801273302 17.39084768295288 615
1764801313848 17.39084768295288 620
1764801354395 17.39084768295288 625
1764801394948 17.39084768295288 630
1764801435524 17.39084768295288 635
1764801475983 17.39084768295288 640
1764801516572 17.39084768295288 645
1764801557042 17.39084768295288 650
1764801597592 17.39084768295288 655
1764801638228 17.39084768295288 660
1764801678855 17.39084768295288 665
1764801719288 17.39084768295288 670
1764801759916 17.39084768295288 675
1764801800477 17.39084768295288 680
1764801840946 17.39084768295288 685
1764801881472 17.39084768295288 690
1764801922143 17.39084768295288 695
1764801962622 17.39084768295288 700
1764802003227 17.39084768295288 705
1764802043698 17.39084768295288 710
1764802084295 17.39084768295288 715
1764802125021 17.39084768295288 720
1764802165489 17.39084768295288 725
1764802206030 17.39084768295288 730
1764802246607 17.39084768295288 735
1764802287163 17.39084768295288 740
1764802327812 17.39084768295288 745
1764802368325 17.39084768295288 750
1764802408959 17.39084768295288 755
1764802449863 17.39084768295288 760
1764802490423 17.39084768295288 765
1764802531018 17.39084768295288 770
1764802571506 17.39084768295288 775
1764802612043 17.39084768295288 780
1764802652607 17.39084768295288 785
1764802693096 17.39084768295288 790
1764802733665 17.39084768295288 795
1764802774218 17.39084768295288 800
1764802814824 17.39084768295288 805
1764802855436 17.39084768295288 810
1764802896074 17.39084768295288 815
1764802936667 17.39084768295288 820
1764802977178 17.39084768295288 825
1764803017783 17.39084768295288 830
1764803058418 17.39084768295288 835
1764803098853 17.39084768295288 840
1764803139604 17.39084768295288 845
1764803180172 17.39084768295288 850
1764803220734 17.39084768295288 855
1764803261324 17.39084768295288 860
1764803301850 17.39084768295288 865
1764803342510 17.39084768295288 870
1764803383152 17.39084768295288 875
1764803423693 17.39084768295288 880
1764803464405 17.39084768295288 885
1764803504929 17.39084768295288 890
1764803545409 17.39084768295288 895
1764803585979 17.39084768295288 900
1764803626560 17.39084768295288 905
1764803667138 17.39084768295288 910
1764803707713 17.39084768295288 915
1764803748275 17.39084768295288 920
1764803788890 17.39084768295288 925
1764803829453 17.39084768295288 930
1764803869912 17.39084768295288 935
1764803910612 17.39084768295288 940
1764803951210 17.39084768295288 945
1764803991628 17.39084768295288 950
1764804032173 17.39084768295288 955
1764804072694 17.39084768295288 960
1764804113290 17.39084768295288 965
1764804153852 17.39084768295288 970
1764804194471 17.39084768295288 975
1764804235096 17.39084768295288 980
1764804275755 17.39084768295288 985
1764804316387 17.39084768295288 990
1764804356880 17.39084768295288 995
1764804397485 17.39084768295288 1000
1764804438065 17.39084768295288 1005
1764804478643 17.39084768295288 1010
1764804519179 17.39084768295288 1015
1764804559803 17.39084768295288 1020
1764804600496 17.39084768295288 1025
1764804641061 17.39084768295288 1030
1764804681589 17.39084768295288 1035
1764804722193 17.39084768295288 1040
1764804787743 17.39084768295288 1045
1764804828926 17.39084768295288 1050
1764804869980 17.39084768295288 1055
1764804910754 17.39084768295288 1060
1764804951284 17.39084768295288 1065
1764804991818 17.39084768295288 1070
1764805032351 17.39084768295288 1075
1764805072965 17.39084768295288 1080
1764805113628 17.39084768295288 1085
1764805154152 17.39084768295288 1090
1764805194828 17.39084768295288 1095
1764805235525 17.39084768295288 1100
1764805276106 17.39084768295288 1105
1764805316618 17.39084768295288 1110
1764805357047 17.39084768295288 1115
1764805397934 17.39084768295288 1120
1764805438488 17.39084768295288 1125
1764805479105 17.39084768295288 1130
1764805519683 17.39084768295288 1135
1764805560194 17.39084768295288 1140
1764805600816 17.39084768295288 1145
1764805641433 17.39084768295288 1150
1764805681949 17.39084768295288 1155
1764805722510 17.39084768295288 1160
1764805763066 17.39084768295288 1165
1764805803747 17.39084768295288 1170
1764805844336 17.39084768295288 1175
1764805884908 17.39084768295288 1180
1764805925418 17.39084768295288 1185
1764805965958 17.39084768295288 1190
1764806006471 17.39084768295288 1195
1764806047268 17.39084768295288 1200
1764806087722 17.39084768295288 1205
1764806128253 17.39084768295288 1210
1764806168878 17.39084768295288 1215
1764806209420 17.39084768295288 1220
1764806250011 17.39084768295288 1225
1764806290545 17.39084768295288 1230
1764806331063 17.39084768295288 1235
1764806371788 17.39084768295288 1240
1764806412250 17.39084768295288 1245
1764806452808 17.39084768295288 1250
1764806493385 17.39084768295288 1255
1764806534058 17.39084768295288 1260
1764806574774 17.39084768295288 1265
1764806615365 17.39084768295288 1270
1764806655993 17.39084768295288 1275
1764806696568 17.39084768295288 1280
1764806737256 17.39084768295288 1285
1764806777769 17.39084768295288 1290
1764806818438 17.39084768295288 1295
1764806859042 17.39084768295288 1300
1764806899491 17.39084768295288 1305
1764806940066 17.39084768295288 1310
1764806980667 17.39084768295288 1315
1764807021188 17.39084768295288 1320
1764807061778 17.39084768295288 1325
1764807102394 17.39084768295288 1330
1764807143004 17.39084768295288 1335
1764807183570 17.39084768295288 1340
1764807224186 17.39084768295288 1345
1764807264814 17.39084768295288 1350
1764807305252 17.39084768295288 1355
1764807345770 17.39084768295288 1360
1764807386345 17.39084768295288 1365
1764807426910 17.39084768295288 1370
1764807467461 17.39084768295288 1375
1764807508001 17.39084768295288 1380
1764807548470 17.39084768295288 1385
1764807589132 17.39084768295288 1390
1764807629698 17.39084768295288 1395
1764807670183 17.39084768295288 1400
1764807710928 17.39084768295288 1405
1764807751420 17.39084768295288 1410
1764807791982 17.39084768295288 1415
1764807832578 17.39084768295288 1420
1764807873029 17.39084768295288 1425
1764807913729 17.39084768295288 1430
1764807954238 17.39084768295288 1435
1764807994738 17.39084768295288 1440
1764808035432 17.39084768295288 1445
1764808075971 17.39084768295288 1450
1764808116538 17.39084768295288 1455
1764808156999 17.39084768295288 1460
1764808197681 17.39084768295288 1465
1764808238336 17.39084768295288 1470
1764808278884 17.39084768295288 1475
1764808319471 17.39084768295288 1480
1764808360047 17.39084768295288 1485
1764808400706 17.39084768295288 1490
1764808441327 17.39084768295288 1495
1764808481893 17.39084768295288 1500
1764808522463 17.39084768295288 1505
1764808563050 17.39084768295288 1510
1764808603622 17.39084768295288 1515
1764808644260 17.39084768295288 1520
1764808684742 17.39084768295288 1525
1764808725336 17.39084768295288 1530
1764808766020 17.39084768295288 1535
1764808806538 17.39084768295288 1540
1764808847134 17.39084768295288 1545
1764808887727 17.39084768295288 1550
1764808928238 17.39084768295288 1555
1764808968916 17.39084768295288 1560
1764809030292 17.39084768295288 1565
1764809071481 17.39084768295288 1570
1764809112682 17.39084768295288 1575
1764809153499 17.39084768295288 1580
1764809194056 17.39084768295288 1585
1764809234501 17.39084768295288 1590
1764809274984 17.39084768295288 1595
1764809315523 17.39084768295288 1600
1764809355956 17.39084768295288 1605
1764809396408 17.39084768295288 1610
1764809437090 17.39084768295288 1615
1764809477537 17.39084768295288 1620
1764809518150 17.39084768295288 1625
1764809558706 17.39084768295288 1630
1764809599248 17.39084768295288 1635
1764809639879 17.39084768295288 1640
1764809680381 17.39084768295288 1645
1764809721094 17.39084768295288 1650
1764809761748 17.39084768295288 1655
1764809802162 17.39084768295288 1660
1764809842735 17.39084768295288 1665
1764809883359 17.39084768295288 1670
1764809923847 17.39084768295288 1675
1764809964466 17.39084768295288 1680
1764810004909 17.39084768295288 1685
1764810045580 17.39084768295288 1690
1764810086236 17.39084768295288 1695
1764810126788 17.39084768295288 1700
1764810167343 17.39084768295288 1705
1764810208018 17.39084768295288 1710
1764810248565 17.39084768295288 1715
1764810289236 17.39084768295288 1720
1764810329779 17.39084768295288 1725
1764810370248 17.39084768295288 1730
1764810410909 17.39084768295288 1735
1764810451470 17.39084768295288 1740
1764810492030 17.39084768295288 1745
1764810532660 17.39084768295288 1750
1764810573117 17.39084768295288 1755
1764810613817 17.39084768295288 1760
1764810654401 17.39084768295288 1765
1764810695101 17.39084768295288 1770
1764810735756 17.39084768295288 1775
1764810776254 17.39084768295288 1780
1764810816886 17.39084768295288 1785
1764810857499 17.39084768295288 1790
1764810898041 17.39084768295288 1795
1764810938702 17.39084768295288 1800
1764810979311 17.39084768295288 1805
1764811019749 17.39084768295288 1810
1764811060515 17.39084768295288 1815
1764811101134 17.39084768295288 1820
1764811141691 17.39084768295288 1825
1764811182234 17.39084768295288 1830
1764811222750 17.39084768295288 1835
1764811263286 17.39084768295288 1840
1764811303843 17.39084768295288 1845
1764811344376 17.39084768295288 1850
1764811385182 17.39084768295288 1855
1764811425603 17.39084768295288 1860
1764811466244 17.39084768295288 1865
1764811506998 17.39084768295288 1870
1764811547500 17.39084768295288 1875
1764811588143 17.39084768295288 1880
1764811628751 17.39084768295288 1885
1764811669184 17.39084768295288 1890
1764811709776 17.39084768295288 1895
1764811750345 17.39084768295288 1900
1764811790944 17.39084768295288 1905
1764811831595 17.39084768295288 1910
1764811872150 17.39084768295288 1915
1764811912867 17.39084768295288 1920
1764811953446 17.39084768295288 1925
1764811994068 17.39084768295288 1930
1764812034582 17.39084768295288 1935
1764812075181 17.39084768295288 1940
1764812115705 17.39084768295288 1945
1764812156314 17.39084768295288 1950
1764812196939 17.39084768295288 1955
1764812237547 17.39084768295288 1960
1764812278120 17.39084768295288 1965
1764812318722 17.39084768295288 1970
1764812359273 17.39084768295288 1975
1764812399864 17.39084768295288 1980
1764812440341 17.39084768295288 1985
1764812480893 17.39084768295288 1990
1764812521457 17.39084768295288 1995
1764812562014 17.39084768295288 2000
1764812602633 17.39084768295288 2005
1764812643175 17.39084768295288 2010
1764812683661 17.39084768295288 2015
1764812724205 17.39084768295288 2020
1764812764881 17.39084768295288 2025
1764812805480 17.39084768295288 2030
1764812845984 17.39084768295288 2035
1764812886626 17.39084768295288 2040
1764812927237 17.39084768295288 2045
1764812967854 17.39084768295288 2050
1764813008418 17.39084768295288 2055
1764813048922 17.39084768295288 2060
1764813089567 17.39084768295288 2065
1764813130052 17.39084768295288 2070
1764813170646 17.39084768295288 2075
1764813211223 17.39084768295288 2080
1764813276583 17.39084768295288 2085
1764813317805 17.39084768295288 2090
1764813358963 17.39084768295288 2095
1764813400075 17.39084768295288 2100
1764813440635 17.39084768295288 2105
1764813481243 17.39084768295288 2110
1764813521785 17.39084768295288 2115
1764813562495 17.39084768295288 2120
1764813603138 17.39084768295288 2125
1764813643667 17.39084768295288 2130
1764813684243 17.39084768295288 2135
1764813724859 17.39084768295288 2140
1764813765469 17.39084768295288 2145
1764813806136 17.39084768295288 2150
1764813846656 17.39084768295288 2155
1764813887329 17.39084768295288 2160
1764813928002 17.39084768295288 2165
1764813968430 17.39084768295288 2170
1764814009168 17.39084768295288 2175
1764814049677 17.39084768295288 2180
1764814090262 17.39084768295288 2185
1764814130821 17.39084768295288 2190
1764814171313 17.39084768295288 2195
1764814212029 17.39084768295288 2200
1764814252659 17.39084768295288 2205
1764814293129 17.39084768295288 2210
1764814333854 17.39084768295288 2215
1764814374320 17.39084768295288 2220
1764814414945 17.39084768295288 2225
1764814455496 17.39084768295288 2230
1764814495980 17.39084768295288 2235
1764814536834 17.39084768295288 2240
1764814577520 17.39084768295288 2245
1764814618019 17.39084768295288 2250
1764814658675 17.39084768295288 2255
1764814699232 17.39084768295288 2260
1764814739660 17.39084768295288 2265
1764814780258 17.39084768295288 2270
1764814820770 17.39084768295288 2275
1764814861286 17.39084768295288 2280
1764814901885 17.39084768295288 2285
1764814942285 17.39084768295288 2290
1764814983048 17.39084768295288 2295
1764815023526 17.39084768295288 2300
1764815064140 17.39084768295288 2305
1764815104759 17.39084768295288 2310
1764815145244 17.39084768295288 2315
1764815185878 17.39084768295288 2320
1764815226577 17.39084768295288 2325
1764815267043 17.39084768295288 2330
1764815307468 17.39084768295288 2335
1764815348157 17.39084768295288 2340
1764815388770 17.39084768295288 2345
1764815429350 17.39084768295288 2350
1764815469941 17.39084768295288 2355
1764815510607 17.39084768295288 2360
1764815551134 17.39084768295288 2365
1764815591676 17.39084768295288 2370
1764815632241 17.39084768295288 2375
1764815672850 17.39084768295288 2380
1764815713470 17.39084768295288 2385
1764815754094 17.39084768295288 2390
1764815794789 17.39084768295288 2395
1764815835356 17.39084768295288 2400
1764815876007 17.39084768295288 2405
1764815916674 17.39084768295288 2410
1764815957405 17.39084768295288 2415
1764815997992 17.39084768295288 2420
1764816038511 17.39084768295288 2425
1764816079228 17.39084768295288 2430
1764816119733 17.39084768295288 2435
1764816160299 17.39084768295288 2440
1764816200886 17.39084768295288 2445
1764816241357 17.39084768295288 2450
1764816282144 17.39084768295288 2455
1764816322670 17.39084768295288 2460
1764816363267 17.39084768295288 2465
1764816403993 17.39084768295288 2470
1764816444519 17.39084768295288 2475
1764816485088 17.39084768295288 2480
1764816525683 17.39084768295288 2485
1764816566134 17.39084768295288 2490
1764816606794 17.39084768295288 2495
1764816647351 17.39084768295288 2500
1764816687823 17.39084768295288 2505
1764816728539 17.39084768295288 2510
1764816769185 17.39084768295288 2515
1764816809658 17.39084768295288 2520
1764816850319 17.39084768295288 2525
1764816890735 17.39084768295288 2530
1764816931453 17.39084768295288 2535
1764816971937 17.39084768295288 2540
1764817012507 17.39084768295288 2545
1764817053210 17.39084768295288 2550
1764817093779 17.39084768295288 2555
1764817134270 17.39084768295288 2560
1764817174997 17.39084768295288 2565
1764817215451 17.39084768295288 2570
1764817256169 17.39084768295288 2575
1764817296797 17.39084768295288 2580
1764817337250 17.39084768295288 2585
1764817377932 17.39084768295288 2590
1764817418413 17.39084768295288 2595
1764817459005 17.39084768295288 2600
1764817499612 17.39084768295288 2605
