1764884655823 0.984375 5
1764884703467 1.0 10
1764884750734 1.0 15
1764884798036 1.0 20
1764884845438 1.0 25
1764884892788 1.0 30
1764884939934 1.0 35
1764884987020 1.0 40
1764885034415 0.3125 45
1764885081628 0.96875 50
1764885129010 0.5625 55
1764885176602 0.140625 60
1764885224239 0.0673828125 65
1764885271658 0.431640625 70
1764885319444 0.439453125 75
1764885366683 0.251953125 80
1764885413912 0.62890625 85
1764885461521 0.443359375 90
1764885508620 0.043212890625 95
1764885555881 0.06494140625 100
1764885603293 0.03515625 105
1764885651039 0.392578125 110
1764885698634 0.33203125 115
1764885746032 0.341796875 120
1764885793770 0.63671875 125
1764885841264 0.11376953125 130
1764885888827 0.474609375 135
1764885936053 1.0 140
1764885983730 0.326171875 145
1764886031299 0.546875 150
1764886078581 0.3125 155
1764886126028 0.10107421875 160
1764886173222 0.0703125 165
1764886220765 0.046630859375 170
1764886268018 0.0849609375 175
1764886315499 0.10400390625 180
1764886362924 0.1103515625 185
1764886410247 0.51953125 190
1764886457688 0.375 195
1764886505115 0.06982421875 200
1764886552458 0.050048828125 205
1764886599867 0.1826171875 210
1764886647340 0.1142578125 215
1764886694772 0.10205078125 220
1764886742562 0.27734375 225
1764886789930 0.051513671875 230
1764886837703 0.333984375 235
1764886885219 0.26171875 240
1764886932664 0.064453125 245
