1764884655823 2.4038466298076923e-06 5
1764884703467 4.807692759615385e-06 10
1764884750734 7.211538889423077e-06 15
1764884798036 9.615385019230767e-06 20
1764884845438 1.2019231149038456e-05 25
1764884892788 1.4423077278846148e-05 30
1764884939934 1.682692340865384e-05 35
1764884987020 1.9230769538461532e-05 40
1764885034415 2.1634615668269224e-05 45
1764885081628 2.4038461798076923e-05 50
1764885129010 2.644230792788462e-05 55
1764885176602 2.8846154057692314e-05 60
1764885224239 3.12500001875e-05 65
1764885271658 3.3653846317307695e-05 70
1764885319444 3.6057692447115384e-05 75
1764885366683 3.846153857692307e-05 80
1764885413912 4.0865384706730755e-05 85
1764885461521 4.326923083653844e-05 90
1764885508620 4.5673076966346126e-05 95
1764885555881 4.8076923096153815e-05 100
1764885603293 4.99999684994542e-05 105
1764885651039 4.999886598868626e-05 110
1764885698634 4.999618853001002e-05 115
1764885746032 4.999193629210745e-05 120
1764885793770 4.9986109542872825e-05 125
1764885841264 4.9978708649395866e-05 130
1764885888827 4.996973407793859e-05 135
1764885936053 4.995918639390592e-05 140
1764885983730 4.994706626181015e-05 145
1764886031299 4.9933374445228965e-05 150
1764886078581 4.991811180675741e-05 155
1764886126028 4.990127930795351e-05 160
1764886173222 4.988287800927775e-05 165
1764886220765 4.986290907002617e-05 170
1764886268018 4.9841373748257406e-05 175
1764886315499 4.9818273400713394e-05 180
1764886362924 4.979360948273393e-05 185
1764886410247 4.976738354816492e-05 190
1764886457688 4.973959724926055e-05 195
1764886505115 4.971025233657915e-05 200
1764886552458 4.967935065887295e-05 205
1764886599867 4.964689416297154e-05 210
1764886647340 4.9612884893659316e-05 215
1764886694772 4.957732499354655e-05 220
1764886742562 4.9540216702934483e-05 225
1764886789930 4.950156235967415e-05 230
1764886837703 4.94613643990191e-05 235
1764886885219 4.941962535347195e-05 240
1764886932664 4.93763478526249e-05 245
