1764884655823 0.17459148913621902 5
1764884703467 0.1724853329360485 10
1764884750734 0.17147566005587578 15
1764884798036 0.16771101206541061 20
1764884845438 0.1349320076406002 25
1764884892788 0.11524180322885513 30
1764884939934 0.12133334018290043 35
1764884987020 0.12451034039258957 40
1764885034415 0.131360974162817 45
1764885081628 0.1285517569631338 50
1764885129010 0.12593983113765717 55
1764885176602 0.11847808957099915 60
1764885224239 0.11643295548856258 65
1764885271658 0.12992058135569096 70
1764885319444 0.12186676077544689 75
1764885366683 0.12987982109189034 80
1764885413912 0.12192647717893124 85
1764885461521 0.12447110936045647 90
1764885508620 0.12356380932033062 95
1764885555881 0.12629522755742073 100
1764885603293 0.1272287257015705 105
1764885651039 0.12722688168287277 110
1764885698634 0.12200497277081013 115
1764885746032 0.1250564008951187 120
1764885793770 0.1229494046419859 125
1764885841264 0.1232003141194582 130
1764885888827 0.13383588381111622 135
1764885936053 0.12637272849678993 140
1764885983730 0.1265724040567875 145
1764886031299 0.13002906925976276 150
1764886078581 0.13681217655539513 155
1764886126028 0.12292998284101486 160
1764886173222 0.1239109504967928 165
1764886220765 0.12043232470750809 170
1764886268018 0.13315149396657944 175
1764886315499 0.12504934147000313 180
1764886362924 0.11937564611434937 185
1764886410247 0.11889471299946308 190
1764886457688 0.12392424419522285 195
1764886505115 0.12114348448812962 200
1764886552458 0.12749001570045948 205
1764886599867 0.12123420834541321 210
1764886647340 0.1207228098064661 215
1764886694772 0.12096844241023064 220
1764886742562 0.1262586172670126 225
1764886789930 0.12825476191937923 230
1764886837703 0.1265116911381483 235
1764886885219 0.13190383464097977 240
1764886932664 0.11831065267324448 245
