1764573606749 1.171208063761393 5
1764573656082 1.168208082516988 10
1764573705427 1.166724403699239 15
1764573754619 1.1570938428243 20
1764573803881 1.1745092868804932 25
1764573853070 1.174695611000061 30
1764573902166 1.1361901760101318 35
1764573951437 1.194141109784444 40
1764574000701 1.182333985964457 45
1764574049790 1.1992265780766804 50
1764574098846 1.1757659117380777 55
1764574147920 1.1775094270706177 60
1764574196988 1.1623429457346597 65
1764574245981 1.1830179293950398 70
1764574294950 1.1593788862228394 75
1764574344102 1.1706929604212442 80
1764574393157 1.1764033635457356 85
1764574442339 1.1615601380666096 90
1764574491463 1.1800971031188965 95
1764574540540 1.1644983291625977 100
1764574589693 1.1602524518966675 105
1764574638880 1.1700738271077473 110
1764574688063 1.1671011447906494 115
1764574737290 1.1848270495732625 120
1764574786468 1.1732173760732014 125
1764574835664 1.165029207865397 130
1764574884887 1.1606528361638386 135
1764574934080 1.1642428636550903 140
1764574983317 1.1686894098917642 145
1764575032615 1.161347190539042 150
1764575081810 1.1699370940526326 155
1764575130969 1.1734556357065835 160
1764575180120 1.1789340575536091 165
1764575229301 1.1571742296218872 170
1764575278549 1.1657286087671914 175
1764575327714 1.1625694433848062 180
1764575376808 1.1715333461761475 185
1764575425949 1.184835433959961 190
1764575475115 1.155921220779419 195
1764575524171 1.1640249888102212 200
1764575573302 1.175824483235677 205
1764575622335 1.1591504017512002 210
1764575671406 1.1636508305867512 215
1764575720698 1.1701358954111734 220
1764575769790 1.1756441195805867 225
1764575818924 1.1700865030288696 230
1764575868081 1.1597861448923745 235
1764575917284 1.161056121190389 240
1764575966348 1.1641906102498372 245
1764576015451 1.1614603201548257 250
