1764499568395 3.605327606201172 5
1764499629869 3.605327606201172 10
1764499691217 3.605327606201172 15
1764499752610 3.605327606201172 20
1764499813827 3.605327606201172 25
1764499875282 3.605327606201172 30
1764499936814 3.605327606201172 35
1764499998351 3.605327606201172 40
1764500060200 3.605327606201172 45
1764500120883 3.605327606201172 50
1764500182751 3.605327606201172 55
1764500244051 3.605327606201172 60
1764500305471 3.605327606201172 65
1764500366513 3.605327606201172 70
1764500428300 3.605327606201172 75
1764500489698 3.605327606201172 80
1764500550386 3.605327606201172 85
1764500612219 3.605327606201172 90
1764500673719 3.605327606201172 95
1764500735048 3.605327606201172 100
1764500796548 3.605327606201172 105
1764500857608 3.605327606201172 110
1764500919371 3.605327606201172 115
1764500981062 3.605327606201172 120
1764501041919 3.605327606201172 125
1764501127050 3.60532808303833 130
1764501188429 3.60532808303833 135
1764501249625 3.60532808303833 140
1764501310631 3.60532808303833 145
1764501372147 3.60532808303833 150
1764501433871 3.60532808303833 155
1764501494763 3.60532808303833 160
1764501556161 3.60532808303833 165
1764501617441 3.60532808303833 170
1764501679204 3.60532808303833 175
1764501740734 3.60532808303833 180
1764501802170 3.60532808303833 185
1764501863638 3.60532808303833 190
1764501924876 3.60532808303833 195
1764501986003 3.60532808303833 200
1764502047377 3.60532808303833 205
1764502109444 3.60532808303833 210
1764502170521 3.60532808303833 215
1764502231099 3.60532808303833 220
1764502292441 3.60532808303833 225
1764502354038 3.60532808303833 230
1764502415143 3.60532808303833 235
1764502476130 3.60532808303833 240
1764502537565 3.60532808303833 245
1764502599209 3.60532808303833 250
1764502684522 3.60532808303833 255
1764502745858 3.60532808303833 260
1764502807021 3.60532808303833 265
1764502867989 3.60532808303833 270
1764502929574 3.60532808303833 275
1764502991299 3.60532808303833 280
1764503052647 3.60532808303833 285
1764503114002 3.60532808303833 290
1764503175383 3.60532808303833 295
1764503236662 3.60532808303833 300
1764503297958 3.60532808303833 305
1764503359806 3.60532808303833 310
1764503420557 3.60532808303833 315
1764503481709 3.60532808303833 320
1764503542498 3.60532808303833 325
1764503603521 3.60532808303833 330
1764503665332 3.60532808303833 335
1764503727173 3.60532808303833 340
1764503788395 3.60532808303833 345
1764503849937 3.60532808303833 350
1764503911092 3.60532808303833 355
1764503972701 3.60532808303833 360
1764504034202 3.60532808303833 365
1764504095238 3.60532808303833 370
1764504156380 3.60532808303833 375
1764504241616 3.60532808303833 380
1764504302805 3.60532808303833 385
1764504363984 3.60532808303833 390
1764504425203 3.60532808303833 395
1764504486628 3.60532808303833 400
1764504547688 3.60532808303833 405
1764504609043 3.60532808303833 410
1764504670520 3.60532808303833 415
1764504732313 3.60532808303833 420
1764504793121 3.60532808303833 425
1764504854072 3.60532808303833 430
1764504916298 3.60532808303833 435
1764504978457 3.60532808303833 440
1764505039754 3.60532808303833 445
1764505101295 3.60532808303833 450
1764505162373 3.60532808303833 455
1764505223531 3.60532808303833 460
1764505285092 3.60532808303833 465
1764505347041 3.60532808303833 470
1764505408919 3.60532808303833 475
1764505470124 3.60532808303833 480
1764505531890 3.60532808303833 485
1764505592715 3.60532808303833 490
1764505654237 3.60532808303833 495
1764505715934 3.60532808303833 500
1764505800748 3.60532808303833 505
1764505861644 3.60532808303833 510
1764505922898 3.60532808303833 515
1764505984362 3.60532808303833 520
1764506045804 3.60532808303833 525
1764506107000 3.60532808303833 530
1764506168876 3.60532808303833 535
