1764557144395 3.511913299560547 5
1764557205708 3.511913299560547 10
1764557267257 3.511913299560547 15
1764557329144 3.511913299560547 20
1764557390242 3.511913299560547 25
1764557451100 3.511913299560547 30
1764557512154 3.511913299560547 35
1764557573417 3.511913299560547 40
1764557634826 3.511913299560547 45
1764557696343 3.511913299560547 50
1764557758092 3.511913299560547 55
1764557819788 3.511913299560547 60
1764557881361 3.511913299560547 65
1764557942970 3.511913299560547 70
1764558004626 3.511913299560547 75
1764558066158 3.511913299560547 80
1764558127440 3.511913299560547 85
1764558188840 3.511913299560547 90
1764558250370 3.511913299560547 95
1764558311680 3.511913299560547 100
1764558372842 3.511913299560547 105
1764558434381 3.511913299560547 110
1764558495849 3.511913299560547 115
1764558557363 3.511913299560547 120
1764558618680 3.511913299560547 125
1764558715179 3.511913299560547 130
1764558776409 3.511913299560547 135
1764558837980 3.511913299560547 140
1764558899155 3.511913299560547 145
1764558960998 3.511913299560547 150
1764559023138 3.511913299560547 155
1764559084228 3.511913299560547 160
1764559145565 3.511913299560547 165
1764559206930 3.511913299560547 170
1764559268781 3.511913299560547 175
1764559330456 3.511913299560547 180
1764559391947 3.511913299560547 185
1764559453447 3.511913299560547 190
1764559514948 3.511913299560547 195
1764559576562 3.511913299560547 200
1764559637595 3.511913299560547 205
1764559699175 3.511913299560547 210
1764559760834 3.511913299560547 215
1764559822061 3.511913299560547 220
1764559883109 3.511913299560547 225
1764559945187 3.511913299560547 230
1764560007104 3.511913299560547 235
1764560068283 3.511913299560547 240
1764560129833 3.511913299560547 245
1764560191546 3.511913299560547 250
1764560277693 3.511913299560547 255
1764560339489 3.511913299560547 260
1764560401428 3.511913299560547 265
1764560462771 3.511913299560547 270
1764560524317 3.511913299560547 275
1764560585591 3.511913299560547 280
1764560646725 3.511913299560547 285
1764560707601 3.511913299560547 290
1764560769196 3.511913299560547 295
1764560831200 3.511913299560547 300
1764560893027 3.511913299560547 305
1764560954432 3.511913299560547 310
1764561016033 3.511913299560547 315
1764561077777 3.511913299560547 320
1764561138646 3.511913299560547 325
1764561199923 3.511913299560547 330
1764561262291 3.511913299560547 335
1764561323897 3.511913299560547 340
1764561385986 3.511913299560547 345
1764561447728 3.511913299560547 350
1764561508890 3.511913299560547 355
1764561570126 3.511913299560547 360
1764561631847 3.511913299560547 365
1764561692916 3.511913299560547 370
1764561754122 3.511913299560547 375
1764561851468 3.511913299560547 380
1764561913768 3.511913299560547 385
1764561975204 3.511913299560547 390
1764562036275 3.511913299560547 395
1764562098698 3.511913299560547 400
1764562160256 3.511913299560547 405
1764562222154 3.511913299560547 410
1764562283054 3.511913299560547 415
1764562344360 3.511913299560547 420
1764562405876 3.511913299560547 425
1764562468062 3.511913299560547 430
1764562529374 3.511913299560547 435
1764562590993 3.511913299560547 440
1764562652725 3.511913299560547 445
1764562714829 3.511913299560547 450
1764562775962 3.511913299560547 455
1764562837967 3.511913299560547 460
1764562899685 3.511913299560547 465
1764562961268 3.511913299560547 470
1764563022295 3.511913299560547 475
1764563083999 3.511913299560547 480
1764563145464 3.511913299560547 485
1764563207301 3.511913299560547 490
1764563268659 3.511913299560547 495
1764563329863 3.511913299560547 500
1764563426400 3.511913299560547 505
1764563488445 3.511913299560547 510
1764563549852 3.511913299560547 515
1764563611252 3.511913299560547 520
1764563672743 3.511913299560547 525
1764563734075 3.511913299560547 530
1764563795708 3.511913299560547 535
1764563857277 3.511913299560547 540
1764563918206 3.511913299560547 545
1764563980212 3.511913299560547 550
1764564042056 3.511913299560547 555
1764564103698 3.511913299560547 560
1764564165303 3.511913299560547 565
1764564226648 3.511913299560547 570
1764564288039 3.511913299560547 575
1764564350448 3.511913299560547 580
1764564411611 3.511913299560547 585
1764564473177 3.511913299560547 590
1764564534637 3.511913299560547 595
1764564596808 3.511913299560547 600
1764564658136 3.511913299560547 605
1764564719826 3.511913299560547 610
1764564781565 3.511913299560547 615
1764564842824 3.511913299560547 620
1764564904540 3.511913299560547 625
1764564990524 3.511913299560547 630
1764565052876 3.511913299560547 635
1764565114556 3.511913299560547 640
1764565176447 3.511913299560547 645
1764565237860 3.511913299560547 650
1764565300256 3.511913299560547 655
1764565362070 3.511913299560547 660
1764565423361 3.511913299560547 665
1764565484907 3.511913299560547 670
1764565545888 3.511913299560547 675
1764565608069 3.511913299560547 680
1764565669534 3.511913299560547 685
1764565731187 3.511913299560547 690
1764565792779 3.511913299560547 695
1764565854759 3.511913299560547 700
1764565916617 3.511913299560547 705
1764565978402 3.511913299560547 710
1764566039597 3.511913299560547 715
1764566101162 3.511913299560547 720
1764566162724 3.511913299560547 725
1764566224338 3.511913299560547 730
1764566286292 3.511913299560547 735
1764566347991 3.511913299560547 740
1764566409892 3.511913299560547 745
1764566471294 3.511913299560547 750
1764566567150 3.511913299560547 755
1764566629222 3.511913299560547 760
1764566691096 3.511913299560547 765
1764566752489 3.511913299560547 770
1764566814083 3.511913299560547 775
1764566875577 3.511913299560547 780
1764566937064 3.511913299560547 785
1764566998822 3.511913299560547 790
1764567060141 3.511913299560547 795
1764567121702 3.511913299560547 800
1764567183074 3.511913299560547 805
1764567244913 3.511913299560547 810
1764567306376 3.511913299560547 815
1764567368142 3.511913299560547 820
1764567430283 3.511913299560547 825
1764567491484 3.511913299560547 830
1764567553134 3.511913299560547 835
1764567614470 3.511913299560547 840
1764567676069 3.511913299560547 845
1764567737317 3.511913299560547 850
1764567798775 3.511913299560547 855
1764567860554 3.511913299560547 860
1764567922504 3.511913299560547 865
1764567984676 3.511913299560547 870
1764568045930 3.511913299560547 875
1764568132253 3.511913299560547 880
1764568193653 3.511913299560547 885
1764568255686 3.511913299560547 890
1764568317714 3.511913299560547 895
1764568379301 3.511913299560547 900
1764568440520 3.511913299560547 905
1764568502113 3.511913299560547 910
1764568563622 3.511913299560547 915
1764568624780 3.511913299560547 920
1764568686504 3.511913299560547 925
1764568748088 3.511913299560547 930
1764568809091 3.511913299560547 935
1764568870761 3.511913299560547 940
1764568932361 3.511913299560547 945
1764568993464 3.511913299560547 950
1764569054957 3.511913299560547 955
1764569116547 3.511913299560547 960
1764569178233 3.511913299560547 965
1764569239474 3.511913299560547 970
1764569301314 3.511913299560547 975
1764569362688 3.511913299560547 980
1764569424346 3.511913299560547 985
1764569486033 3.511913299560547 990
1764569547420 3.511913299560547 995
1764569633883 3.511913299560547 1000
1764569695265 3.511913299560547 1005
1764569756827 3.511913299560547 1010
1764569818431 3.511913299560547 1015
1764569880149 3.511913299560547 1020
1764569941318 3.511913299560547 1025
1764570002994 3.511913299560547 1030
1764570064555 3.511913299560547 1035
1764570126069 3.511913299560547 1040
1764570187431 3.511913299560547 1045
1764570249126 3.511913299560547 1050
1764570310508 3.511913299560547 1055
1764570371754 3.511913299560547 1060
1764570432863 3.511913299560547 1065
1764570494993 3.511913299560547 1070
1764570556400 3.511913299560547 1075
1764570618100 3.511913299560547 1080
1764570680046 3.511913299560547 1085
1764570741595 3.511913299560547 1090
1764570803147 3.511913299560547 1095
1764570864741 3.511913299560547 1100
1764570926194 3.511913299560547 1105
1764570987751 3.511913299560547 1110
1764571049761 3.511913299560547 1115
1764571110994 3.511913299560547 1120
1764571171736 3.511913299560547 1125
1764571268708 3.511913299560547 1130
1764571330685 3.511913299560547 1135
1764571392407 3.511913299560547 1140
1764571454423 3.511913299560547 1145
1764571515821 3.511913299560547 1150
1764571577344 3.511913299560547 1155
1764571638870 3.511913299560547 1160
1764571701013 3.511913299560547 1165
1764571762187 3.511913299560547 1170
1764571823873 3.511913299560547 1175
1764571885814 3.511913299560547 1180
1764571947488 3.511913299560547 1185
1764572008999 3.511913299560547 1190
1764572070621 3.511913299560547 1195
1764572132035 3.511913299560547 1200
1764572193353 3.511913299560547 1205
1764572254527 3.511913299560547 1210
1764572316353 3.511913299560547 1215
1764572377845 3.511913299560547 1220
1764572438841 3.511913299560547 1225
1764572500113 3.511913299560547 1230
1764572561381 3.511913299560547 1235
1764572622881 3.511913299560547 1240
1764572684166 3.511913299560547 1245
1764572780649 3.511913299560547 1250
