1764467174632 1.3513514378378378e-05 5
1764467228608 2.7027027756756756e-05 10
1764467282653 4.0540541135135136e-05 15
1764467336507 5.405405451351351e-05 20
1764467390339 6.756756789189186e-05 25
1764467444217 8.108108127027024e-05 30
1764467498075 9.459459464864861e-05 35
1764467551955 9.999850585181534e-05 40
1764467605901 9.998937527289477e-05 45
1764467659903 9.997194572664654e-05 50
1764467713831 9.994622013586439e-05 55
1764467767729 9.991220281452149e-05 60
1764467821631 9.986989946704706e-05 65
1764467875616 9.981931718736977e-05 70
1764467929537 9.976046445772816e-05 75
1764467983507 9.969335114724825e-05 80
1764468037435 9.961798851028851e-05 85
1764468091382 9.953438918455267e-05 90
1764468145152 9.944256718897045e-05 95
1764468199074 9.934253792134664e-05 100
1764468252968 9.923431815577911e-05 105
1764468307002 9.911792603984591e-05 110
1764468360975 9.899338109156197e-05 115
1764468414924 9.886070419610621e-05 120
1764468468803 9.871991760231919e-05 125
1764468537031 9.85710449189722e-05 130
1764468591079 9.841411111080823e-05 135
1764468644956 9.824914249435567e-05 140
1764468698879 9.807616673351506e-05 145
1764468752785 9.789521283492024e-05 150
1764468806653 9.770631114307417e-05 155
1764468860614 9.750949333526028e-05 160
1764468914427 9.730479241623055e-05 165
1764468968246 9.709224271267086e-05 170
1764469022049 9.687187986744465e-05 175
1764469075979 9.664374083361599e-05 180
1764469129843 9.640786386825266e-05 185
1764469183815 9.616428852601101e-05 190
1764469237856 9.591305565250274e-05 195
1764469291811 9.565420737744553e-05 200
1764469345823 9.538778710759823e-05 205
1764469399852 9.51138395194819e-05 210
1764469453790 9.483241055188782e-05 215
1764469507800 9.454354739817404e-05 220
1764469561679 9.424729849835142e-05 225
1764469615663 9.394371353096059e-05 230
1764469669650 9.363284340474128e-05 235
1764469723606 9.331474025009536e-05 240
1764469777545 9.298945741034497e-05 245
1764469831414 9.265704943278725e-05 250
1764469899744 9.231757205954728e-05 255
1764469953737 9.197108221823044e-05 260
1764470007793 9.161763801237629e-05 265
1764470061689 9.125729871171497e-05 270
1764470115530 9.089012474222816e-05 275
1764470169430 9.05161776760161e-05 280
1764470223240 9.013552022097252e-05 285
1764470277136 8.974821621026896e-05 290
1764470331075 8.935433059165054e-05 295
1764470384978 8.89539294165447e-05 300
1764470438953 8.854707982898497e-05 305
1764470492945 8.813385005435128e-05 310
1764470546968 8.771430938792937e-05 315
1764470600980 8.728852818329037e-05 320
1764470654973 8.685657784049306e-05 325
1764470708870 8.641853079411081e-05 330
1764470762833 8.597446050108473e-05 335
1764470816839 8.552444142840566e-05 340
1764470870840 8.506854904062649e-05 345
1764470924832 8.460685978720757e-05 350
1764470978865 8.413945108969663e-05 355
1764471032778 8.366640132874582e-05 360
1764471086629 8.318778983096798e-05 365
1764471140501 8.270369685563412e-05 370
1764471194371 8.221420358121464e-05 375
1764471262373 8.171939209176634e-05 380
1764471316392 8.121934536316763e-05 385
1764471370283 8.071414724920407e-05 390
1764471424349 8.020388246750688e-05 395
1764471478268 7.968863658534635e-05 400
1764471532231 7.916849600528301e-05 405
1764471586131 7.864354795067854e-05 410
1764471640125 7.811388045106918e-05 415
1764471694077 7.757958232740386e-05 420
1764471747954 7.704074317714967e-05 425
1764471801909 7.649745335926703e-05 430
1764471855941 7.59498039790573e-05 435
1764471909833 7.539788687288515e-05 440
1764471963843 7.484179459277826e-05 445
1764472017834 7.42816203909072e-05 450
1764472071772 7.371745820394772e-05 455
1764472125781 7.314940263732844e-05 460
1764472179744 7.257754894936611e-05 465
1764472233724 7.20019930352917e-05 470
1764472287716 7.142283141116952e-05 475
1764472341605 7.084016119771226e-05 480
1764472395573 7.025408010399457e-05 485
1764472449466 6.966468641106812e-05 490
1764472503437 6.907207895548065e-05 495
1764472557372 6.847635711270184e-05 500
1764472625290 6.787762078045882e-05 505
1764472679353 6.727597036198431e-05 510
1764472733291 6.667150674917958e-05 515
1764472787188 6.606433130569583e-05 520
1764472841127 6.545454584993632e-05 525
1764472895082 6.484225263798218e-05 530
1764472949040 6.422755434644498e-05 535
1764473002989 6.361055405524866e-05 540
1764473056960 6.299135523034376e-05 545
1764473110987 6.237006170635727e-05 550
1764473165097 6.174677766918011e-05 555
1764473218997 6.112160763849621e-05 560
1764473272978 6.0494656450255286e-05 565
1764473326942 5.9866029239092815e-05 570
1764473380910 5.923583142069965e-05 575
1764473434914 5.8604168674144825e-05 580
1764473488940 5.797114692415393e-05 585
1764473542938 5.733687232334646e-05 590
1764473596973 5.6701451234434764e-05 595
1764473650987 5.606499021238804e-05 600
1764473704925 5.542759598656379e-05 605
1764473758828 5.47893754428103e-05 610
1764473812805 5.415043560554259e-05 615
1764473866634 5.351088361979543e-05 620
1764473920458 5.2870826733255944e-05 625
1764473988372 5.223037227827897e-05 630
1764474042359 5.15896276538884e-05 635
1764474096455 5.094870030776718e-05 640
1764474150491 5.030769771823921e-05 645
1764474204502 4.9666727376246056e-05 650
1764474258537 4.902589676732171e-05 655
1764474312547 4.8385313353568006e-05 660
1764474366572 4.7745084555634166e-05 665
1764474420543 4.7105317734703196e-05 670
1764474474540 4.646612017448833e-05 675
1764474528520 4.5827599063242386e-05 680
1764474582543 4.518986147578316e-05 685
1764474636578 4.455301435553784e-05 690
1764474690607 4.391716449660952e-05 695
1764474744596 4.328241852586861e-05 700
1764474798592 4.264888288507239e-05 705
1764474852488 4.2016663813015703e-05 710
1764474906477 4.138586732771542e-05 715
1764474960464 4.075659920863211e-05 720
1764475014403 4.012896497893177e-05 725
1764475068414 3.950306988779033e-05 730
1764475122385 3.887901889274431e-05 735
1764475176316 3.8256916642090256e-05 740
1764475230209 3.763686745733604e-05 745
1764475284008 3.701897531570703e-05 750
1764475351901 3.640334383270991e-05 755
1764475405789 3.5790076244757233e-05 760
1764475459669 3.517927539185557e-05 765
1764475513671 3.457104370035991e-05 770
1764475567694 3.396548316579773e-05 775
1764475621651 3.3362695335765146e-05 780
1764475675651 3.2762781292898124e-05 785
1764475729607 3.21658416379219e-05 790
1764475783582 3.157197647278086e-05 795
1764475837623 3.098128538385239e-05 800
1764475891673 3.0393867425247037e-05 805
1764475945656 2.9809821102197874e-05 810
1764475999636 2.9229244354541962e-05 815
1764476053649 2.8652234540296784e-05 820
1764476107475 2.8078888419333927e-05 825
1764476161277 2.7509302137153208e-05 830
1764476215089 2.6943571208760097e-05 835
1764476268866 2.638179050264834e-05 840
1764476322745 2.5824054224891496e-05 845
1764476376642 2.52704559033452e-05 850
1764476430480 2.4721088371963338e-05 855
1764476484313 2.4176043755230613e-05 860
1764476538217 2.3635413452713926e-05 865
1764476592060 2.309928812373542e-05 870
1764476645899 2.256775767216974e-05 875
1764476713779 2.2040911231367755e-05 880
1764476767645 2.1518837149209674e-05 885
1764476821662 2.100162297328984e-05 890
1764476875501 2.0489355436235677e-05 895
1764476929400 1.9982120441163376e-05 900
1764476983301 1.9480003047272558e-05 905
1764477037248 1.89830874555826e-05 910
1764477091164 1.849145699481281e-05 915
1764477145018 1.8005194107408845e-05 920
1764477198956 1.7524380335717748e-05 925
1764477252876 1.704909630831408e-05 930
1764477306727 1.6579421726478993e-05 935
1764477360563 1.611543535083516e-05 940
1764477414484 1.5657214988139032e-05 945
1764477468355 1.5204837478233476e-05 950
1764477522209 1.4758378681162294e-05 955
1764477576060 1.4317913464449047e-05 960
1764477629920 1.3883515690542424e-05 965
1764477683755 1.3455258204430148e-05 970
1764477737610 1.3033212821423377e-05 975
1764477791587 1.2617450315113911e-05 980
1764477845605 1.2208040405506056e-05 985
1764477899580 1.1805051747325054e-05 990
1764477953703 1.1408551918504375e-05 995
1764478021671 1.1018607408853302e-05 1000
1764478075583 1.0635283608907235e-05 1005
1764478129446 1.0258644798962182e-05 1010
1764478183285 9.888754138295464e-06 1015
1764478237212 9.525673654574446e-06 1020
1764478291034 9.169464233455022e-06 1025
1764478344882 8.820185608371478e-06 1030
1764478398701 8.477896350519824e-06 1035
1764478452538 8.142653859035752e-06 1040
1764478506368 7.814514351369329e-06 1045
1764478560232 7.49353285385781e-06 1050
1764478614050 7.179763192498094e-06 1055
1764478667971 6.87325798392059e-06 1060
1764478721858 6.574068626565822e-06 1065
1764478775687 6.282245292065341e-06 1070
1764478829532 5.997836916828319e-06 1075
1764478883341 5.7208911938353535e-06 1080
1764478937246 5.451454564640676e-06 1085
1764478991177 5.18957221158436e-06 1090
1764479045044 4.935288050215532e-06 1095
1764479098928 4.688644721928129e-06 1100
1764479152800 4.4496835868103085e-06 1105
1764479206618 4.218444716708633e-06 1110
1764479260443 3.994966888508373e-06 1115
1764479314376 3.7792875776309897e-06 1120
1764479368243 3.5714429517497113e-06 1125
1764479436164 3.3714678647245873e-06 1130
1764479490245 3.179395850757746e-06 1135
1764479544219 2.99525911876998e-06 1140
1764479598260 2.8190885469995874e-06 1145
1764479652221 2.6509136778243196e-06 1150
1764479706295 2.4907627128073806e-06 1155
1764479760316 2.338662507968248e-06 1160
1764479814333 2.1946385692791352e-06 1165
1764479868283 2.058715048387834e-06 1170
1764479922285 1.930914738567718e-06 1175
1764479976311 1.8112590708954416e-06 1180
1764480030444 1.6997681106571698e-06 1185
1764480084434 1.5964605539837587e-06 1190
1764480138486 1.5013537247155853e-06 1195
1764480192553 1.4144635714974786e-06 1200
1764480246508 1.3358046651042446e-06 1205
1764480300503 1.2653901959972774e-06 1210
1764480354562 1.2032319721126337e-06 1215
1764480408621 1.149340416880933e-06 1220
1764480462438 1.1037245674794096e-06 1225
1764480516371 1.066392073316484e-06 1230
1764480570382 1.0373491947490053e-06 1235
1764480624350 1.0166008020324385e-06 1240
1764480678383 1.004150374504155e-06 1245
1764480746402 1.0000000000000002e-06 1250
