1764467174632 0.4967566728591919 5
1764467228608 0.44566626350084937 10
1764467282653 0.2610952903827031 15
1764467336507 0.268701563278834 20
1764467390339 0.26354482769966125 25
1764467444217 0.2519297103087107 30
1764467498075 0.25373906890551245 35
1764467551955 0.25132822493712104 40
1764467605901 0.24784383177757263 45
1764467659903 0.24873144427935281 50
1764467713831 0.24343092739582062 55
1764467767729 0.24798913796742755 60
1764467821631 0.2569299538930257 65
1764467875616 0.24129725495974222 70
1764467929537 0.24033873776594797 75
1764467983507 0.25182153284549713 80
1764468037435 0.2469061017036438 85
1764468091382 0.2483519415060679 90
1764468145152 0.24983232220013935 95
1764468199074 0.2393046220143636 100
1764468252968 0.24387466410795847 105
1764468307002 0.24457046886285144 110
1764468360975 0.24984970688819885 115
1764468414924 0.2516358494758606 120
1764468468803 0.24593060215314227 125
1764468537031 0.24050453305244446 130
1764468591079 0.24447402854760486 135
1764468644956 0.2415968229373296 140
1764468698879 0.24437516927719116 145
1764468752785 0.24455515046914417 150
1764468806653 0.2711169719696045 155
1764468860614 0.24543394148349762 160
1764468914427 0.2341416428486506 165
1764468968246 0.2412684808174769 170
1764469022049 0.23656421899795532 175
1764469075979 0.24545626839001972 180
1764469129843 0.24763571222623187 185
1764469183815 0.2400824228922526 190
1764469237856 0.22912984589735666 195
1764469291811 0.24044416844844818 200
1764469345823 0.2467201054096222 205
1764469399852 0.2384068767229716 210
1764469453790 0.23642243941624957 215
1764469507800 0.2268965095281601 220
1764469561679 0.24392036100228626 225
1764469615663 0.2370909700791041 230
1764469669650 0.2382479707400004 235
1764469723606 0.22755938271681467 240
1764469777545 0.2487054318189621 245
1764469831414 0.24977712333202362 250
1764469899744 0.24789146085580188 255
1764469953737 0.25107112526893616 260
1764470007793 0.22504595418771106 265
1764470061689 0.23681491613388062 270
1764470115530 0.23153356214364368 275
1764470169430 0.21826590597629547 280
1764470223240 0.24242634574572244 285
1764470277136 0.2549390196800232 290
1764470331075 0.23346315324306488 295
1764470384978 0.24750505884488422 300
1764470438953 0.2501359631617864 305
1764470492945 0.2361215502023697 310
1764470546968 0.2308323582013448 315
1764470600980 0.23117577532927194 320
1764470654973 0.23727887868881226 325
1764470708870 0.2466099013884862 330
1764470762833 0.2457944204409917 335
1764470816839 0.25532858073711395 340
1764470870840 0.24560284117857614 345
1764470924832 0.24148701628049213 350
1764470978865 0.24101262787977853 355
1764471032778 0.235101376970609 360
1764471086629 0.2484137068192164 365
1764471140501 0.23712588349978128 370
1764471194371 0.23288984100023905 375
1764471262373 0.2227240800857544 380
1764471316392 0.23990797003110248 385
1764471370283 0.2333350380261739 390
1764471424349 0.24282103776931763 395
1764471478268 0.2542170385519663 400
1764471532231 0.22308180232842761 405
1764471586131 0.24701668818791706 410
1764471640125 0.23475754261016846 415
1764471694077 0.22656767566998798 420
1764471747954 0.24269354343414307 425
1764471801909 0.23470769822597504 430
1764471855941 0.23556213577588397 435
1764471909833 0.2325799117485682 440
1764471963843 0.23558273911476135 445
1764472017834 0.25275622804959613 450
1764472071772 0.23711544275283813 455
1764472125781 0.23905087014039356 460
1764472179744 0.2352016468842824 465
1764472233724 0.2360666791598002 470
1764472287716 0.23517913619677225 475
1764472341605 0.2266000509262085 480
1764472395573 0.24248582124710083 485
1764472449466 0.24103714028994241 490
1764472503437 0.23617195586363474 495
1764472557372 0.24404350916544595 500
1764472625290 0.24360617498556772 505
1764472679353 0.23459058503309885 510
1764472733291 0.22396194438139597 515
1764472787188 0.2269144356250763 520
1764472841127 0.2410899798075358 525
1764472895082 0.2179460177818934 530
1764472949040 0.24500539898872375 535
1764473002989 0.2391592562198639 540
1764473056960 0.22355707983175913 545
1764473110987 0.24392082293828327 550
1764473165097 0.22057460248470306 555
1764473218997 0.232824703057607 560
1764473272978 0.24533833066622415 565
1764473326942 0.238641286889712 570
1764473380910 0.22286321222782135 575
1764473434914 0.2279405395189921 580
1764473488940 0.21748504539330799 585
1764473542938 0.21860865751902261 590
1764473596973 0.2170032113790512 595
1764473650987 0.23045134544372559 600
1764473704925 0.22561658918857574 605
1764473758828 0.24225356678167978 610
1764473812805 0.23420091966787973 615
1764473866634 0.2521711985270182 620
1764473920458 0.22224160035451251 625
1764473988372 0.2042636026938756 630
1764474042359 0.23304409782091776 635
1764474096455 0.22064118087291718 640
1764474150491 0.23806480069955188 645
1764474204502 0.2364218831062317 650
1764474258537 0.23310381670792896 655
1764474312547 0.23366579413414001 660
1764474366572 0.22007837891578674 665
1764474420543 0.22379448016484577 670
1764474474540 0.23539945979913074 675
1764474528520 0.2247704267501831 680
1764474582543 0.22989096244176227 685
1764474636578 0.22539713978767395 690
1764474690607 0.2520335415999094 695
1764474744596 0.21611347794532776 700
1764474798592 0.21633826196193695 705
1764474852488 0.21085196236769357 710
1764474906477 0.2250077873468399 715
1764474960464 0.23136435945828754 720
1764475014403 0.2291473150253296 725
1764475068414 0.2394512246052424 730
1764475122385 0.22748124599456787 735
1764475176316 0.2346406728029251 740
1764475230209 0.2250596930583318 745
1764475284008 0.21844150622685748 750
1764475351901 0.23098215460777283 755
1764475405789 0.22549932201703388 760
1764475459669 0.21362802882989246 765
1764475513671 0.21329678098360697 770
1764475567694 0.21164127190907794 775
1764475621651 0.20150073369344074 780
1764475675651 0.20813539127508798 785
1764475729607 0.20912058154741922 790
1764475783582 0.21285654604434967 795
1764475837623 0.2217019995053609 800
1764475891673 0.24127658704916635 805
1764475945656 0.1982487340768178 810
1764475999636 0.2227525214354197 815
1764476053649 0.2397513190905253 820
1764476107475 0.2067477802435557 825
1764476161277 0.21935540437698364 830
1764476215089 0.20960839589436847 835
1764476268866 0.22679107884565988 840
1764476322745 0.20352543890476227 845
1764476376642 0.20131850242614746 850
1764476430480 0.22116014858086902 855
1764476484313 0.21716343363126117 860
1764476538217 0.18939949572086334 865
1764476592060 0.21502827107906342 870
1764476645899 0.22886922955513 875
1764476713779 0.22220607101917267 880
1764476767645 0.22765380640824634 885
1764476821662 0.21874721844991046 890
1764476875501 0.20331711570421854 895
1764476929400 0.23158853749434152 900
1764476983301 0.19787098964055377 905
1764477037248 0.22309995194276172 910
1764477091164 0.21111247440179187 915
1764477145018 0.21050213774045307 920
1764477198956 0.22957339386145273 925
1764477252876 0.20168335735797882 930
1764477306727 0.22309070328871408 935
1764477360563 0.2253589630126953 940
1764477414484 0.21560037632783252 945
1764477468355 0.20461992919445038 950
1764477522209 0.24398546417554218 955
1764477576060 0.20958636701107025 960
1764477629920 0.21650403241316477 965
1764477683755 0.20560555160045624 970
1764477737610 0.21091265479723612 975
1764477791587 0.23495806256930032 980
1764477845605 0.20164463917414346 985
1764477899580 0.2040654569864273 990
1764477953703 0.24652746319770813 995
1764478021671 0.20839110513528186 1000
1764478075583 0.24072282512982685 1005
1764478129446 0.2038609782854716 1010
1764478183285 0.23187089959780374 1015
1764478237212 0.21779780089855194 1020
1764478291034 0.21070071061452228 1025
1764478344882 0.19783296684424082 1030
1764478398701 0.20830558737119037 1035
1764478452538 0.18916618824005127 1040
1764478506368 0.19143410523732501 1045
1764478560232 0.22253811359405518 1050
1764478614050 0.21361000339190164 1055
1764478667971 0.20448155204455057 1060
1764478721858 0.20528523127237955 1065
1764478775687 0.20622383554776508 1070
1764478829532 0.19326534370581308 1075
1764478883341 0.21844117840131122 1080
1764478937246 0.23558183014392853 1085
1764478991177 0.22999047736326853 1090
1764479045044 0.20791666706403095 1095
1764479098928 0.2239731152852376 1100
1764479152800 0.2240533133347829 1105
1764479206618 0.2162126898765564 1110
1764479260443 0.22771430512269336 1115
1764479314376 0.18886620799700418 1120
1764479368243 0.19511135419209796 1125
1764479436164 0.21092803279558817 1130
1764479490245 0.19896800816059113 1135
1764479544219 0.19573953251043955 1140
1764479598260 0.20084630449612934 1145
1764479652221 0.1903725564479828 1150
1764479706295 0.19926205277442932 1155
1764479760316 0.21228035291035968 1160
1764479814333 0.19319611291090646 1165
1764479868283 0.21542110542456308 1170
1764479922285 0.20914865533510843 1175
1764479976311 0.218694269657135 1180
1764480030444 0.2054735521475474 1185
1764480084434 0.24267653624216715 1190
1764480138486 0.1929417351881663 1195
1764480192553 0.23508219917615253 1200
1764480246508 0.22353056569894153 1205
1764480300503 0.20888865987459818 1210
1764480354562 0.20332228144009906 1215
1764480408621 0.2232565532128016 1220
1764480462438 0.19610036412874857 1225
1764480516371 0.2093260089556376 1230
1764480570382 0.20702566703160602 1235
1764480624350 0.21630185842514038 1240
1764480678383 0.24134112894535065 1245
1764480746402 0.18459785977999368 1250
