1764467174632 6.75675718918919e-05 5
1764467228608 0.00013513513878378382 10
1764467282653 0.00020270270567567574 15
1764467336507 0.0002702702725675677 20
1764467390339 0.0003378378394594596 25
1764467444217 0.00040540540635135156 30
1764467498075 0.0004729729732432435 35
1764467551955 0.0004999924688894531 40
1764467605901 0.0004999464470825705 45
1764467659903 0.0004998585951272386 50
1764467713831 0.0004997289277555184 55
1764467767729 0.0004995574667115779 60
1764467821631 0.0004993442407480452 65
1764467875616 0.0004990892856211869 70
1764467929537 0.0004987926440849126 75
1764467983507 0.0004984543658836048 80
1764468037435 0.0004980745077437775 85
1764468091382 0.0004976531333645636 90
1764468145152 0.000497190313407033 95
1764468199074 0.0004966861254823432 100
1764468252968 0.0004961406541387251 105
1764468307002 0.0004955539908473042 110
1764468360975 0.0004949262339867617 115
1764468414924 0.0004942574888268382 120
1764468468803 0.0004935478675106793 125
1764468537031 0.0004927974890360313 130
1764468591079 0.0004920064792352858 135
1764468644956 0.0004911749707543785 140
1764468698879 0.0004903031030305455 145
1764468752785 0.0004893910222689414 150
1764468806653 0.0004884388814181211 155
1764468860614 0.0004874468401443925 160
1764468914427 0.00048641506480504064 165
1764468968246 0.00048534372842043167 170
1764469022049 0.00048423301064499865 175
1764469075979 0.00048308309773711466 180
1764469129843 0.0004818941825278591 185
1764469183815 0.0004806664643886814 190
1764469237856 0.00047940014919796805 195
1764469291811 0.0004780954493065181 200
1764469345823 0.00047675258350193437 205
1764469399852 0.00047537177697193377 210
1764469453790 0.0004739532612665858 215
1764469507800 0.00047249727425948307 220
1764469561679 0.000471004060107852 225
1764469615663 0.00046947386921160936 230
1764469669650 0.0004679069581713727 235
1764469723606 0.00046630358974543006 240
1764469777545 0.00046466403280567804 245
1764469831414 0.0004629885622925336 250
1764469899744 0.00046127745916882905 255
1764469953737 0.00045953101037269663 260
1764470007793 0.00045774950876945205 265
1764470061689 0.00045593325310248233 270
1764470115530 0.00045408254794314975 275
1764470169430 0.00045219770363971723 280
1764470223240 0.00045027903626530564 285
1764470277136 0.00044832686756489083 290
1764470331075 0.0004463415249013495 295
1764470384978 0.00044432334120056357 300
1764470438953 0.00044227265489559073 305
1764470492945 0.00044018980986991187 310
1764470546968 0.00043807515539976506 315
1764470600980 0.00043592904609557445 320
1764470654973 0.00043375184184248495 325
1764470708870 0.0004315439077400128 330
1764470762833 0.00042930561404082085 335
1764470816839 0.0004270373360886303 340
1764470870840 0.0004247394542552787 345
1764470924832 0.0004224123538769348 350
1764470978865 0.00042005642518948066 355
1764471032778 0.000417672063263072 360
1764471086629 0.0004152596679358888 365
1764471140501 0.0004128196437470848 370
1764471194371 0.0004103523998689503 375
1764471262373 0.0004078583500382968 380
1764471316392 0.00040533791248707697 385
1764471370283 0.0004027915098722506 390
1764471424349 0.00040021956920490825 395
1764471478268 0.00039762252177866474 400
1764471532231 0.00039500080309733533 405
1764471586131 0.0003923548528019047 410
1764471640125 0.00038968511459680304 415
1764471694077 0.0003869920361755 420
1764471747954 0.00038427606914543083 425
1764471801909 0.0003815376689522649 430
1764471855941 0.00037877729480353104 435
1764471909833 0.00037599540959161286 440
1764471963843 0.00037319247981612455 445
1764472017834 0.00037036897550568354 450
1764472071772 0.0003675253701390899 455
1764472125781 0.000364662140565928 460
1764472179744 0.0003617797669266027 465
1764472233724 0.0003588787325718236 470
1764472287716 0.0003559595239815512 475
1764472341605 0.0003530226306834182 480
1764472395573 0.0003500685451706391 485
1764472449466 0.00034709776281942393 490
1764472503437 0.00034411078180590735 495
1764472557372 0.00034110810302260804 500
1764472625290 0.00033809022999443364 505
1764472679353 0.00033505766879424393 510
1764472733291 0.00033201092795798583 515
1764472787188 0.0003289505183994163 520
1764472841127 0.0003258769533244264 525
1764472895082 0.00032279074814498085 530
1764472949040 0.00031969242039268735 535
1764473002989 0.000316582489632011 540
1764473056960 0.000313461477373147 545
1764473110987 0.00031032990698456853 550
1764473165097 0.0003071883036052614 555
1764473218997 0.0003040371940566626 560
1764473272978 0.00030087710675431693 565
1764473326942 0.0002977085716192657 570
1764473380910 0.000294532119989183 575
1764473434914 0.00029134828452927533 580
1764473488940 0.00028815759914295756 585
1764473542938 0.0002849605988823219 590
1764473596973 0.0002817578198584135 595
1764473650987 0.00027854979915132954 600
1764473704925 0.0002753370747201547 605
1764473758828 0.0002721201853127507 610
1764473812805 0.00026889967037541145 615
1764473866634 0.00026567606996240307 620
1764473920458 0.000262449924645401 625
1764473988372 0.0002592217754228403 630
1764474042359 0.0002559921636291949 635
1764474096455 0.00025276163084420007 640
1764474150491 0.0002495307188020338 645
1764474204502 0.0002462999693004724 650
1764474258537 0.00024306992411003562 655
1764474312547 0.00023984112488313565 660
1764474366572 0.00023661411306324692 665
1764474420543 0.00023338942979411005 670
1764474474540 0.00023016761582898664 675
1764474528520 0.00022694921143997932 680
1764474582543 0.0002237347563274323 685
1764474636578 0.00022052478952942813 690
1764474690607 0.00021731984933139544 695
1764474744596 0.00021412047317584274 700
1764474798592 0.00021092719757223355 705
1764474852488 0.00020774055800701856 710
1764474906477 0.00020456108885383826 715
1764474960464 0.00020138932328391332 720
1764475014403 0.00019822579317663584 725
1764475068414 0.0001950710290303775 730
1764475122385 0.00019192555987352936 735
1764475176316 0.0001887899131757882 740
1764475230209 0.00018566461475970383 745
1764475284008 0.00018255018871250303 750
1764475351901 0.00017944715729820441 755
1764475405789 0.00017635604087003892 760
1764475459669 0.00017327735778319115 765
1764475513671 0.00017021162430787468 770
1764475567694 0.00016715935454275825 775
1764475621651 0.00016412106032875562 780
1764475675651 0.00016109725116319356 785
1764475729607 0.00015808843411437403 790
1764475783582 0.00015509511373654195 795
1764475837623 0.00015211779198527622 800
1764475891673 0.00014915696813331595 805
1764475945656 0.00014621313868683582 810
1764475999636 0.0001432867973021863 815
1764476053649 0.0001403784347031121 820
1764476107475 0.00013748853859846092 825
1764476161277 0.00013461759360039853 830
1764476215089 0.0001317660811431444 835
1764476268866 0.0001289344794022377 840
1764476322745 0.0001261232632143522 845
1764476376642 0.0001233329039976694 850
1764476430480 0.00012056386967282548 855
1764476484313 0.00011781662458444539 860
1764476538217 0.00011509162942327542 865
1764476592060 0.00011238934114892923 870
1764476645899 0.00010971021291325977 875
1764476713779 0.00010705469398436895 880
1764476767645 0.00010442322967126913 885
1764476821662 0.00010181626124920856 890
1764476875501 9.923422588567291e-05 895
1764476929400 9.667755656707617e-05 900
1764476983301 9.414668202615173e-05 905
1764477037248 9.16420266700579e-05 910
1764477091164 8.916401050920817e-05 915
1764477145018 8.671304908683867e-05 920
1764477198956 8.428955340932498e-05 925
1764477252876 8.189392987726001e-05 930
1764477306727 7.952658021730337e-05 935
1764477360563 7.718790141481577e-05 940
1764477414484 7.487828564728685e-05 945
1764477468355 7.259812021857099e-05 950
1764477522209 7.034778749393947e-05 955
1764477576060 6.812766483596056e-05 960
1764477629920 6.593812454121907e-05 965
1764477683755 6.377953377788549e-05 970
1764477737610 6.165225452414429e-05 975
1764477791587 5.955664350749353e-05 980
1764477845605 5.7493052144924636e-05 985
1764477899580 5.54618264839921e-05 990
1764477953703 5.346330714478482e-05 995
1764478021671 5.1497829262806174e-05 1000
1764478075583 4.9565722432774976e-05 1005
1764478129446 4.766731065335495e-05 1010
1764478183285 4.5802912272822706e-05 1015
1764478237212 4.397283993568343e-05 1020
1764478291034 4.2177400530243086e-05 1025
1764478344882 4.041689513714521e-05 1030
1764478398701 3.8691618978882824e-05 1035
1764478452538 3.700186137029139e-05 1040
1764478506368 3.5347905670033366e-05 1045
1764478560232 3.373002923308137e-05 1050
1764478614050 3.214850336420766e-05 1055
1764478667971 3.060359327248874e-05 1060
1764478721858 2.909555802683189e-05 1065
1764478775687 2.76246505125315e-05 1070
1764478829532 2.6191117388862066e-05 1075
1764478883341 2.4795199047715704e-05 1080
1764478937246 2.3437129573290004e-05 1085
1764478991177 2.2117136702834428e-05 1090
1764479045044 2.0835441788460235e-05 1095
1764479098928 1.95922597600217e-05 1100
1764479152800 1.8387799089074297e-05 1105
1764479206618 1.722226175391534e-05 1110
1764479260443 1.609584320571402e-05 1115
1764479314376 1.5008732335736093e-05 1120
1764479368243 1.3961111443667825e-05 1125
1764479436164 1.2953156207046234e-05 1130
1764479490245 1.198503565179922e-05 1135
1764479544219 1.1056912123901285e-05 1140
1764479598260 1.0168941262149501e-05 1145
1764479652221 9.321271972064057e-06 1150
1764479706295 8.514046400918066e-06 1155
1764479760316 7.747399913900612e-06 1160
1764479814333 7.021461071417094e-06 1165
1764479868283 6.336351607530634e-06 1170
1764479922285 5.692186409548424e-06 1175
1764479976311 5.089073498755835e-06 1180
1764480030444 4.52711401230232e-06 1185
1764480084434 4.006402186241387e-06 1190
1764480138486 3.527025339728066e-06 1195
1764480192553 3.0890638603761927e-06 1200
1764480246508 2.692591190777971e-06 1205
1764480300503 2.337673816188306e-06 1210
1764480354562 2.0243712533758068e-06 1215
1764480408621 1.7527360406422825e-06 1220
1764480462438 1.5228137290123806e-06 1225
1764480516371 1.3346428745952086e-06 1230
1764480570382 1.1882550321187249e-06 1235
1764480624350 1.0836747496382498e-06 1240
1764480678383 1.0209195644199325e-06 1245
1764480746402 1.0000000000000002e-06 1250
