1764905772398 -0.00010266155004501343 5
1764905819965 3.392994403839111e-05 10
1764905867697 0.00023947656154632568 15
1764905915513 -0.00022643804550170898 20
1764905963527 -0.0006773322820663452 25
1764906011205 0.002104714512825012 30
1764906058947 0.00387650728225708 35
1764906106104 0.005963996052742004 40
1764906154025 0.001982763409614563 45
1764906201533 0.004091426730155945 50
1764906248902 0.0021815448999404907 55
1764906296463 0.000968635082244873 60
1764906343912 0.0019854754209518433 65
1764906391465 0.0022334009408950806 70
1764906439319 0.0003333836793899536 75
1764906486680 0.010700494050979614 80
1764906534246 0.018537908792495728 85
1764906582060 -0.0035210847854614258 90
1764906629593 0.004908755421638489 95
1764906677166 0.006957843899726868 100
1764906724924 0.0018538087606430054 105
1764906772371 0.015459954738616943 110
1764906819780 0.0031131356954574585 115
1764906867465 0.002631962299346924 120
1764906915100 0.005823194980621338 125
1764906962882 0.007723122835159302 130
1764907010456 0.01155516505241394 135
1764907057800 0.017412438988685608 140
1764907105285 0.015783295035362244 145
1764907152797 0.027397319674491882 150
1764907200753 0.023882225155830383 155
1764907248229 0.014562204480171204 160
1764907295564 0.01753327250480652 165
1764907343145 0.03371608257293701 170
1764907391087 0.04161393642425537 175
1764907438834 0.045341551303863525 180
1764907486736 0.03522062301635742 185
1764907534322 0.015044882893562317 190
1764907582399 0.018701516091823578 195
1764907630042 0.04197436571121216 200
1764907677601 0.013109475374221802 205
1764907725349 0.014531418681144714 210
1764907772889 0.015617534518241882 215
1764907820376 0.0204056054353714 220
1764907867881 0.03832094371318817 225
1764907915492 0.010564640164375305 230
1764907963008 0.015909820795059204 235
1764908010821 0.01934094727039337 240
1764908058187 0.0047193169593811035 245
1764908106241 0.029127806425094604 250
1764908153473 0.019001230597496033 255
1764908201270 0.0392545610666275 260
1764908249215 0.027589470148086548 265
1764908297069 0.03600294888019562 270
1764908344879 0.01979289948940277 275
1764908392735 0.03575047850608826 280
1764908440680 0.0471888929605484 285
1764908488497 0.045064233243465424 290
1764908536438 0.07164429128170013 295
1764908584075 0.04247373342514038 300
1764908631780 0.035364776849746704 305
1764908679734 0.04694831371307373 310
1764908727462 0.03922843933105469 315
1764908774962 0.04208087921142578 320
1764908822796 0.030463948845863342 325
1764908870585 0.042056068778038025 330
1764908918546 0.02598324418067932 335
1764908966676 0.025354400277137756 340
1764909014406 0.030552849173545837 345
1764909062421 0.05391189455986023 350
1764909110376 0.03904221951961517 355
1764909157991 0.04076535999774933 360
1764909206184 0.07867813110351562 365
1764909253949 0.026294827461242676 370
1764909301754 0.021316900849342346 375
1764909349992 0.051417261362075806 380
1764909397640 0.04446892440319061 385
1764909445460 0.044395044445991516 390
1764909493550 0.06894354522228241 395
1764909541201 0.07412485778331757 400
1764909589473 0.08665034919977188 405
