1764905772398 0.49995657056570053 5
1764905819965 0.5039232075214386 10
1764905867697 0.509936660528183 15
1764905915513 0.5231103003025055 20
1764905963527 0.5555471926927567 25
1764906011205 0.6238724142313004 30
1764906058947 0.7212224751710892 35
1764906106104 0.7129146456718445 40
1764906154025 0.6457902789115906 45
1764906201533 0.6498111635446548 50
1764906248902 0.6891153305768967 55
1764906296463 0.6673665195703506 60
1764906343912 0.6480414867401123 65
1764906391465 0.6804760545492172 70
1764906439319 0.6445206850767136 75
1764906486680 0.6612922102212906 80
1764906534246 0.6657124906778336 85
1764906582060 0.6258822828531265 90
1764906629593 0.653671458363533 95
1764906677166 0.6623433828353882 100
1764906724924 0.6349277794361115 105
1764906772371 0.6417745798826218 110
1764906819780 0.6047792732715607 115
1764906867465 0.6264037191867828 120
1764906915100 0.6946424841880798 125
1764906962882 0.6608408242464066 130
1764907010456 0.6847096830606461 135
1764907057800 0.6227962970733643 140
1764907105285 0.6506300717592239 145
1764907152797 0.6187295764684677 150
1764907200753 0.6455043107271194 155
1764907248229 0.6542539745569229 160
1764907295564 0.6536536663770676 165
1764907343145 0.6450254023075104 170
1764907391087 0.6341215521097183 175
1764907438834 0.6026673167943954 180
1764907486736 0.5815056562423706 185
1764907534322 0.37671371549367905 190
1764907582399 0.45906344801187515 195
1764907630042 0.7195213586091995 200
1764907677601 0.6741497963666916 205
1764907725349 0.6157646924257278 210
1764907772889 0.6872540414333344 215
1764907820376 0.6135957837104797 220
1764907867881 0.6280841082334518 225
1764907915492 0.6276882588863373 230
1764907963008 0.6380657255649567 235
1764908010821 0.6687020659446716 240
1764908058187 0.6357451826334 245
1764908106241 0.6389761865139008 250
1764908153473 0.6597044318914413 255
1764908201270 0.6446622908115387 260
1764908249215 0.6526850908994675 265
1764908297069 0.6315917372703552 270
1764908344879 0.6581747829914093 275
1764908392735 0.6307055950164795 280
1764908440680 0.6420798152685165 285
1764908488497 0.5599445700645447 290
1764908536438 0.5775440633296967 295
1764908584075 0.5991391539573669 300
1764908631780 0.5704873502254486 305
1764908679734 0.646297812461853 310
1764908727462 0.6000311970710754 315
1764908774962 0.6202127933502197 320
1764908822796 0.5815756916999817 325
1764908870585 0.6294188499450684 330
1764908918546 0.6340867131948471 335
1764908966676 0.6604646891355515 340
1764909014406 0.6099185794591904 345
1764909062421 0.6456873714923859 350
1764909110376 0.6438895910978317 355
1764909157991 0.6170445531606674 360
1764909206184 0.608149379491806 365
1764909253949 0.6769868433475494 370
1764909301754 0.6521610617637634 375
1764909349992 0.6675156205892563 380
1764909397640 0.5996767729520798 385
1764909445460 0.6281832903623581 390
1764909493550 0.6228535920381546 395
1764909541201 0.62652188539505 400
1764909589473 0.5611618757247925 405
