1764905772398 0.5000592321157455 5
1764905819965 0.5038892775774002 10
1764905867697 0.5096971839666367 15
1764905915513 0.5233367383480072 20
1764905963527 0.556224524974823 25
1764906011205 0.6217676997184753 30
1764906058947 0.7173459678888321 35
1764906106104 0.7069506496191025 40
1764906154025 0.643807515501976 45
1764906201533 0.6457197368144989 50
1764906248902 0.6869337856769562 55
1764906296463 0.6663978844881058 60
1764906343912 0.6460560113191605 65
1764906391465 0.6782426536083221 70
1764906439319 0.6441873013973236 75
1764906486680 0.650591716170311 80
1764906534246 0.6471745818853378 85
1764906582060 0.629403367638588 90
1764906629593 0.6487627029418945 95
1764906677166 0.6553855389356613 100
1764906724924 0.6330739706754684 105
1764906772371 0.6263146251440048 110
1764906819780 0.6016661375761032 115
1764906867465 0.6237717568874359 120
1764906915100 0.6888192892074585 125
1764906962882 0.6531177014112473 130
1764907010456 0.6731545180082321 135
1764907057800 0.6053838580846786 140
1764907105285 0.6348467767238617 145
1764907152797 0.5913322567939758 150
1764907200753 0.6216220855712891 155
1764907248229 0.6396917700767517 160
1764907295564 0.636120393872261 165
1764907343145 0.6113093197345734 170
1764907391087 0.592507615685463 175
1764907438834 0.5573257654905319 180
1764907486736 0.5462850332260132 185
1764907534322 0.36166883260011673 190
1764907582399 0.4403619319200516 195
1764907630042 0.6775469928979874 200
1764907677601 0.6610403209924698 205
1764907725349 0.6012332737445831 210
1764907772889 0.6716365069150925 215
1764907820376 0.5931901782751083 220
1764907867881 0.5897631645202637 225
1764907915492 0.617123618721962 230
1764907963008 0.6221559047698975 235
1764908010821 0.6493611186742783 240
1764908058187 0.6310258656740189 245
1764908106241 0.6098483800888062 250
1764908153473 0.6407032012939453 255
1764908201270 0.6054077297449112 260
1764908249215 0.6250956207513809 265
1764908297069 0.5955887883901596 270
1764908344879 0.6383818835020065 275
1764908392735 0.5949551165103912 280
1764908440680 0.5948909223079681 285
1764908488497 0.5148803368210793 290
1764908536438 0.5058997720479965 295
1764908584075 0.5566654205322266 300
1764908631780 0.5351225733757019 305
1764908679734 0.5993494987487793 310
1764908727462 0.5608027577400208 315
1764908774962 0.578131914138794 320
1764908822796 0.5511117428541183 325
1764908870585 0.5873627811670303 330
1764908918546 0.6081034690141678 335
1764908966676 0.6351102888584137 340
1764909014406 0.5793657302856445 345
1764909062421 0.5917754769325256 350
1764909110376 0.6048473715782166 355
1764909157991 0.5762791931629181 360
1764909206184 0.5294712483882904 365
1764909253949 0.6506920158863068 370
1764909301754 0.6308441609144211 375
1764909349992 0.6160983592271805 380
1764909397640 0.5552078485488892 385
1764909445460 0.5837882459163666 390
1764909493550 0.5539100468158722 395
1764909541201 0.5523970276117325 400
1764909589473 0.4745115265250206 405
