1764905772398 5.339678708082829e-07 5
1764905819965 6.168538675410673e-07 10
1764905867697 4.5573574425361585e-06 15
1764905915513 1.1358760048096883e-05 20
1764905963527 6.879308239149395e-05 25
1764906011205 0.0003759991450351663 30
1764906058947 0.0011523298744577914 35
1764906106104 0.0010569224832579494 40
1764906154025 0.0007532503077527508 45
1764906201533 0.0006765957223251462 50
1764906248902 0.0009471550001762807 55
1764906296463 0.0009933379187714309 60
1764906343912 0.0009843567822827026 65
1764906391465 0.0016592072206549346 70
1764906439319 0.0012370118638500571 75
1764906486680 0.0013206570874899626 80
1764906534246 0.002166072721593082 85
1764906582060 0.002197846944909543 90
1764906629593 0.002298340026754886 95
1764906677166 0.0018461012514308095 100
1764906724924 0.001751442876411602 105
1764906772371 0.0030770800076425076 110
1764906819780 0.0052842769073322415 115
1764906867465 0.0017984980368055403 120
1764906915100 0.0010439535544719547 125
1764906962882 0.0011377476912457496 130
1764907010456 0.0026940220268443227 135
1764907057800 0.002595352358184755 140
1764907105285 0.004544541006907821 145
1764907152797 0.0034613365423865616 150
1764907200753 0.002212482155300677 155
1764907248229 0.002311046584509313 160
1764907295564 0.003969249606598169 165
1764907343145 0.004048725590109825 170
1764907391087 0.0058943782933056355 175
1764907438834 0.006694083334878087 180
1764907486736 0.00809826166369021 185
1764907534322 0.014877568930387497 190
1764907582399 0.0021137992152944207 195
1764907630042 0.002343415399082005 200
1764907677601 0.0009256198827642947 205
1764907725349 0.00041706028423504904 210
1764907772889 0.0018939999281428754 215
1764907820376 0.002328693983145058 220
1764907867881 0.003226570086553693 225
1764907915492 0.0033895382657647133 230
1764907963008 0.0019639545353129506 235
1764908010821 0.002216325723566115 240
1764908058187 0.002417365903966129 245
1764908106241 0.004045664798468351 250
1764908153473 0.004222532734274864 255
1764908201270 0.002767762285657227 260
1764908249215 0.004286195267923176 265
1764908297069 0.0037438793224282563 270
1764908344879 0.004297658568248153 275
1764908392735 0.003994066151790321 280
1764908440680 0.006679528625681996 285
1764908488497 0.009625677717849612 290
1764908536438 0.008916810038499534 295
1764908584075 0.0059073761804029346 300
1764908631780 0.00444806192535907 305
1764908679734 0.0039122061571106315 310
1764908727462 0.0067922614980489016 315
1764908774962 0.007422049297019839 320
1764908822796 0.007089161197654903 325
1764908870585 0.005011172499507666 330
1764908918546 0.002821344358380884 335
1764908966676 0.002748253522440791 340
1764909014406 0.004301404464058578 345
1764909062421 0.005570551846176386 350
1764909110376 0.0036658148164860904 355
1764909157991 0.005395619315095246 360
1764909206184 0.007332207402214408 365
1764909253949 0.0021278803469613194 370
1764909301754 0.001372617218294181 375
1764909349992 0.0051658895099535584 380
1764909397640 0.00795842451043427 385
1764909445460 0.009017467265948653 390
1764909493550 0.008613211801275611 395
1764909541201 0.0071680371183902025 400
1764909589473 0.009824639651924372 405
