1764905772398 0.0 5
1764905819965 0.007586479187011718 10
1764905867697 0.030138213565384132 15
1764905915513 0.0021287600199381496 20
1764905963527 0.07863187789916992 25
1764906011205 0.06958925724029541 30
1764906058947 -0.06252288818359375 35
1764906106104 -0.21028137207031247 40
1764906154025 -0.32829030354817706 45
1764906201533 -0.39457225799560547 50
1764906248902 -0.41882578531901044 55
1764906296463 -0.4613596598307292 60
1764906343912 -0.5370349607605864 65
1764906391465 -0.5623550415039062 70
1764906439319 -0.4500907262166341 75
1764906486680 -0.5352656046549479 80
1764906534246 -0.6532185872395834 85
1764906582060 -0.5834604899088542 90
1764906629593 -0.5606638590494791 95
1764906677166 -0.5821329752604166 100
1764906724924 -0.6434364318847656 105
1764906772371 -0.7301864624023438 110
1764906819780 -0.7165247599283854 115
1764906867465 -0.6616007486979167 120
1764906915100 -0.48953469594319665 125
1764906962882 -0.5747839609781901 130
1764907010456 -0.6903496980667114 135
1764907057800 -0.7009814580281575 140
1764907105285 -0.6556498209635416 145
1764907152797 -0.7106094360351562 150
1764907200753 -0.6862583160400391 155
1764907248229 -0.6896616617838541 160
1764907295564 -0.7147115071614583 165
1764907343145 -0.7541211446126302 170
1764907391087 -0.7050832112630209 175
1764907438834 -0.7158406575520833 180
1764907486736 -0.7629394531250001 185
1764907534322 -0.773590087890625 190
1764907582399 -0.6406002044677734 195
1764907630042 -0.05998643239339192 200
1764907677601 0.009335676829020182 205
1764907725349 -0.2885599931081136 210
1764907772889 -0.45138025283813477 215
1764907820376 -0.6511561075846354 220
1764907867881 -0.6614418029785156 225
1764907915492 -0.6216303507486979 230
1764907963008 -0.5360561062892278 235
1764908010821 -0.6346238454182943 240
1764908058187 -0.6824086507161459 245
1764908106241 -0.704345703125 250
1764908153473 -0.657080332438151 255
1764908201270 -0.6726748943328856 260
1764908249215 -0.6241353352864584 265
1764908297069 -0.6704813639322916 270
1764908344879 -0.5873057047526041 275
1764908392735 -0.6658573150634765 280
1764908440680 -0.6586211522420248 285
1764908488497 -0.7400156656901042 290
1764908536438 -0.6862233479817708 295
1764908584075 -0.5772132873535156 300
1764908631780 -0.5860029856363932 305
1764908679734 -0.4054527282714844 310
1764908727462 -0.5914276440938314 315
1764908774962 -0.6340192159016926 320
1764908822796 -0.4698004722595215 325
1764908870585 -0.4178466796875 330
1764908918546 -0.36017735799153644 335
1764908966676 -0.30810022354125977 340
1764909014406 -0.5968221028645834 345
1764909062421 -0.5605824788411459 350
1764909110376 -0.563995361328125 355
1764909157991 -0.579455057779948 360
1764909206184 -0.587158203125 365
1764909253949 -0.3053674499193827 370
1764909301754 -0.4375762939453125 375
1764909349992 -0.6181615193684896 380
1764909397640 -0.6797713127689086 385
1764909445460 -0.696881612141927 390
1764909493550 -0.5648218790690104 395
1764909541201 -0.5454724629720051 400
1764909589473 -0.6540077527364094 405
