1764905772398 0.0 5
1764905819965 38.625 10
1764905867697 2.8984375 15
1764905915513 3.9765625 20
1764905963527 4.0390625 25
1764906011205 4.09765625 30
1764906058947 4.07421875 35
1764906106104 3.6328125 40
1764906154025 3.47265625 45
1764906201533 3.84375 50
1764906248902 3.8125 55
1764906296463 3.671875 60
1764906343912 3.58984375 65
1764906391465 3.7578125 70
1764906439319 3.80078125 75
1764906486680 3.86328125 80
1764906534246 3.73828125 85
1764906582060 3.875 90
1764906629593 3.99609375 95
1764906677166 3.95703125 100
1764906724924 3.91796875 105
1764906772371 4.0546875 110
1764906819780 4.5390625 115
1764906867465 3.65234375 120
1764906915100 3.83984375 125
1764906962882 3.98046875 130
1764907010456 4.09765625 135
1764907057800 4.265625 140
1764907105285 4.3515625 145
1764907152797 4.65625 150
1764907200753 4.05859375 155
1764907248229 3.890625 160
1764907295564 3.8984375 165
1764907343145 3.97265625 170
1764907391087 4.34375 175
1764907438834 4.17578125 180
1764907486736 3.98828125 185
1764907534322 4.14453125 190
1764907582399 3.98828125 195
1764907630042 3.83203125 200
1764907677601 3.79296875 205
1764907725349 3.84765625 210
1764907772889 4.109375 215
1764907820376 4.2578125 220
1764907867881 4.71875 225
1764907915492 4.3359375 230
1764907963008 4.15625 235
1764908010821 4.078125 240
1764908058187 4.07421875 245
1764908106241 4.25 250
1764908153473 4.09765625 255
1764908201270 3.9921875 260
1764908249215 3.90625 265
1764908297069 4.0078125 270
1764908344879 3.9609375 275
1764908392735 3.96875 280
1764908440680 4.125 285
1764908488497 4.265625 290
1764908536438 4.2890625 295
1764908584075 3.91796875 300
1764908631780 3.984375 305
1764908679734 3.9296875 310
1764908727462 4.1328125 315
1764908774962 4.234375 320
1764908822796 4.3125 325
1764908870585 4.05859375 330
1764908918546 3.96484375 335
1764908966676 4.10546875 340
1764909014406 4.1875 345
1764909062421 4.234375 350
1764909110376 4.23046875 355
1764909157991 4.12109375 360
1764909206184 4.12890625 365
1764909253949 4.1015625 370
1764909301754 4.07421875 375
1764909349992 4.234375 380
1764909397640 4.1875 385
1764909445460 4.5 390
1764909493550 4.2421875 395
1764909541201 4.10546875 400
1764909589473 4.06640625 405
