1764905772398 0.0 5
1764905819965 4.354119300842285e-05 10
1764905867697 0.00182342529296875 15
1764905915513 0.003086090087890625 20
1764905963527 0.007904052734375 25
1764906011205 0.0179443359375 30
1764906058947 0.03094482421875 35
1764906106104 0.028167724609375 40
1764906154025 0.02215576171875 45
1764906201533 0.019927978515625 50
1764906248902 0.023681640625 55
1764906296463 0.021728515625 60
1764906343912 0.020965576171875 65
1764906391465 0.026641845703125 70
1764906439319 0.02508544921875 75
1764906486680 0.024871826171875 80
1764906534246 0.029449462890625 85
1764906582060 0.026611328125 90
1764906629593 0.028045654296875 95
1764906677166 0.025726318359375 100
1764906724924 0.02276611328125 105
1764906772371 0.02520751953125 110
1764906819780 0.0302734375 115
1764906867465 0.023651123046875 120
1764906915100 0.022308349609375 125
1764906962882 0.01995849609375 130
1764907010456 0.025970458984375 135
1764907057800 0.022369384765625 140
1764907105285 0.030120849609375 145
1764907152797 0.0242919921875 150
1764907200753 0.021820068359375 155
1764907248229 0.0225830078125 160
1764907295564 0.02532958984375 165
1764907343145 0.02508544921875 170
1764907391087 0.025909423828125 175
1764907438834 0.0279541015625 180
1764907486736 0.029693603515625 185
1764907534322 0.04296875 190
1764907582399 0.020294189453125 195
1764907630042 0.03460693359375 200
1764907677601 0.022064208984375 205
1764907725349 0.015106201171875 210
1764907772889 0.028228759765625 215
1764907820376 0.02484130859375 220
1764907867881 0.02813720703125 225
1764907915492 0.0274658203125 230
1764907963008 0.023162841796875 235
1764908010821 0.023834228515625 240
1764908058187 0.020904541015625 245
1764908106241 0.023468017578125 250
1764908153473 0.026458740234375 255
1764908201270 0.02191162109375 260
1764908249215 0.024932861328125 265
1764908297069 0.025360107421875 270
1764908344879 0.02642822265625 275
1764908392735 0.02447509765625 280
1764908440680 0.0286865234375 285
1764908488497 0.03363037109375 290
1764908536438 0.028717041015625 295
1764908584075 0.02862548828125 300
1764908631780 0.025848388671875 305
1764908679734 0.023956298828125 310
1764908727462 0.024444580078125 315
1764908774962 0.025054931640625 320
1764908822796 0.025115966796875 325
1764908870585 0.024169921875 330
1764908918546 0.022369384765625 335
1764908966676 0.02130126953125 340
1764909014406 0.023162841796875 345
1764909062421 0.023162841796875 350
1764909110376 0.020843505859375 355
1764909157991 0.025299072265625 360
1764909206184 0.027862548828125 365
1764909253949 0.02130126953125 370
1764909301754 0.016815185546875 375
1764909349992 0.026153564453125 380
1764909397640 0.027313232421875 385
1764909445460 0.0257568359375 390
1764909493550 0.023468017578125 395
1764909541201 0.024627685546875 400
1764909589473 0.0286865234375 405
