1764905772398 0.0 5
1764905819965 40.28125 10
1764905867697 2.80859375 15
1764905915513 3.8828125 20
1764905963527 3.9296875 25
1764906011205 3.9765625 30
1764906058947 3.93359375 35
1764906106104 3.4453125 40
1764906154025 3.58984375 45
1764906201533 3.7265625 50
1764906248902 3.73046875 55
1764906296463 3.65234375 60
1764906343912 3.62109375 65
1764906391465 3.7265625 70
1764906439319 3.82421875 75
1764906486680 3.76171875 80
1764906534246 3.73828125 85
1764906582060 3.82421875 90
1764906629593 4.02734375 95
1764906677166 3.83203125 100
1764906724924 3.71875 105
1764906772371 4.19140625 110
1764906819780 4.21875 115
1764906867465 3.69140625 120
1764906915100 3.73828125 125
1764906962882 3.6640625 130
1764907010456 3.91015625 135
1764907057800 4.1484375 140
1764907105285 4.24609375 145
1764907152797 4.40625 150
1764907200753 3.9453125 155
1764907248229 3.96875 160
1764907295564 3.91015625 165
1764907343145 3.86328125 170
1764907391087 4.3359375 175
1764907438834 4.015625 180
1764907486736 3.8203125 185
1764907534322 4.140625 190
1764907582399 3.921875 195
1764907630042 3.83984375 200
1764907677601 3.8125 205
1764907725349 3.8203125 210
1764907772889 3.828125 215
1764907820376 4.13671875 220
1764907867881 4.21875 225
1764907915492 4.06640625 230
1764907963008 3.8671875 235
1764908010821 3.88671875 240
1764908058187 3.94921875 245
1764908106241 4.11328125 250
1764908153473 3.79296875 255
1764908201270 3.83984375 260
1764908249215 3.8515625 265
1764908297069 3.74609375 270
1764908344879 3.97265625 275
1764908392735 3.9375 280
1764908440680 3.9609375 285
1764908488497 4.1875 290
1764908536438 3.93359375 295
1764908584075 3.8515625 300
1764908631780 4.00390625 305
1764908679734 4.0234375 310
1764908727462 4.0625 315
1764908774962 4.0390625 320
1764908822796 4.34375 325
1764908870585 3.9375 330
1764908918546 4.01953125 335
1764908966676 4.01953125 340
1764909014406 4.1953125 345
1764909062421 4.1484375 350
1764909110376 4.1640625 355
1764909157991 4.11328125 360
1764909206184 4.0234375 365
1764909253949 3.9296875 370
1764909301754 3.94140625 375
1764909349992 4.171875 380
1764909397640 4.2109375 385
1764909445460 4.3203125 390
1764909493550 4.1640625 395
1764909541201 4.140625 400
1764909589473 4.10546875 405
