1764905772398 2.6510252482125907e-07 5
1764905819965 7.650019711036293e-07 10
1764905867697 4.689696538662247e-06 15
1764905915513 1.1673876542772632e-05 20
1764905963527 7.496492435166147e-05 25
1764906011205 0.0003713729529408738 30
1764906058947 0.0011493673082441092 35
1764906106104 0.0010209421016043052 40
1764906154025 0.0007701225986238569 45
1764906201533 0.0006618963670916855 50
1764906248902 0.0009234504686901346 55
1764906296463 0.0009431672369828448 60
1764906343912 0.000973472066107206 65
1764906391465 0.0015981992473825812 70
1764906439319 0.001211050752317533 75
1764906486680 0.0013461633934639394 80
1764906534246 0.00234738813014701 85
1764906582060 0.002091906382702291 90
1764906629593 0.0021385106374509633 95
1764906677166 0.0017365705571137369 100
1764906724924 0.0016163884138222784 105
1764906772371 0.002978475939016789 110
1764906819780 0.004937428282573819 115
1764906867465 0.0017784778028726578 120
1764906915100 0.001016288370010443 125
1764906962882 0.0009517947328276932 130
1764907010456 0.0025552986189723015 135
1764907057800 0.0026915299822576344 140
1764907105285 0.0037272959598340094 145
1764907152797 0.003228950605262071 150
1764907200753 0.0018648520926944911 155
1764907248229 0.0022704372531734407 160
1764907295564 0.003445652313530445 165
1764907343145 0.003111136262305081 170
1764907391087 0.0041783301858231425 175
1764907438834 0.005380938062444329 180
1764907486736 0.006325577036477625 185
1764907534322 0.015535305952653289 190
1764907582399 0.0015486459014937282 195
1764907630042 0.0027123590116389096 200
1764907677601 0.0009978669113479555 205
1764907725349 0.00041406849049963057 210
1764907772889 0.0017620534054003656 215
1764907820376 0.0021083569736219943 220
1764907867881 0.0033561064046807587 225
1764907915492 0.003150590229779482 230
1764907963008 0.00151660040137358 235
1764908010821 0.001813978306017816 240
1764908058187 0.0022452290868386626 245
1764908106241 0.00317635724786669 250
1764908153473 0.004200794734060764 255
1764908201270 0.0025883610360324383 260
1764908249215 0.0034049585228785872 265
1764908297069 0.0034055435680784285 270
1764908344879 0.00343122094636783 275
1764908392735 0.003514339798130095 280
1764908440680 0.0045913406647741795 285
1764908488497 0.008899732260033488 290
1764908536438 0.005533572286367416 295
1764908584075 0.00440618465654552 300
1764908631780 0.0038829940604045987 305
1764908679734 0.003065520664677024 310
1764908727462 0.004225732351187617 315
1764908774962 0.005158503889106214 320
1764908822796 0.005980767076835036 325
1764908870585 0.0026985849253833294 330
1764908918546 0.0022422312176786363 335
1764908966676 0.0020359696936793625 340
1764909014406 0.003109899116680026 345
1764909062421 0.003737588645890355 350
1764909110376 0.0020083897979930043 355
1764909157991 0.003804147068876773 360
1764909206184 0.005326550570316613 365
1764909253949 0.00163408785010688 370
1764909301754 0.0010150451125809923 375
1764909349992 0.003604174591600895 380
1764909397640 0.005976124433800578 385
1764909445460 0.005867253057658672 390
1764909493550 0.004526176839135587 395
1764909541201 0.004456517286598682 400
1764909589473 0.007189185009337962 405
