1764905772398 0.0 5
1764905819965 -0.012776056925455729 10
1764905867697 0.03239533305168152 15
1764905915513 0.038573106129964195 20
1764905963527 0.07068697611490886 25
1764906011205 0.10341644287109376 30
1764906058947 0.014280001322428385 35
1764906106104 -0.189515749613444 40
1764906154025 -0.3604583740234375 45
1764906201533 -0.39430665969848633 50
1764906248902 -0.38131268819173175 55
1764906296463 -0.47017669677734375 60
1764906343912 -0.5492801666259767 65
1764906391465 -0.5408299763997396 70
1764906439319 -0.5083414713541666 75
1764906486680 -0.5309346516927084 80
1764906534246 -0.5675118764241536 85
1764906582060 -0.6017748514811198 90
1764906629593 -0.5728632609049479 95
1764906677166 -0.6090011596679686 100
1764906724924 -0.6401761372884115 105
1764906772371 -0.6952616373697916 110
1764906819780 -0.7103983561197916 115
1764906867465 -0.7020123799641927 120
1764906915100 -0.4002523422241211 125
1764906962882 -0.5048929850260416 130
1764907010456 -0.6349767049153645 135
1764907057800 -0.7042419115702311 140
1764907105285 -0.6146237055460613 145
1764907152797 -0.6729532877604166 150
1764907200753 -0.5793100992838541 155
1764907248229 -0.6208222707112631 160
1764907295564 -0.6704483032226562 165
1764907343145 -0.6438331604003906 170
1764907391087 -0.6114552815755208 175
1764907438834 -0.5755475362141926 180
1764907486736 -0.6489232381184895 185
1764907534322 -0.7757924397786458 190
1764907582399 -0.5669527252515157 195
1764907630042 0.09865474700927734 200
1764907677601 0.06970914204915364 205
1764907725349 -0.18343671162923178 210
1764907772889 -0.31500067313512164 215
1764907820376 -0.5802078247070312 220
1764907867881 -0.5833892822265626 225
1764907915492 -0.6273047129313151 230
1764907963008 -0.44172414143880206 235
1764908010821 -0.44485791524251306 240
1764908058187 -0.592023213704427 245
1764908106241 -0.6526133219401042 250
1764908153473 -0.6127166748046875 255
1764908201270 -0.5522937774658203 260
1764908249215 -0.5194015502929688 265
1764908297069 -0.6059315999348959 270
1764908344879 -0.5995731353759766 275
1764908392735 -0.6348470052083333 280
1764908440680 -0.5897115071614584 285
1764908488497 -0.5894610087076824 290
1764908536438 -0.5203908284505209 295
1764908584075 -0.5089060465494792 300
1764908631780 -0.4586407343546549 305
1764908679734 -0.23654747009277344 310
1764908727462 -0.4489905039469401 315
1764908774962 -0.5398384730021158 320
1764908822796 -0.4117547273635864 325
1764908870585 -0.32383060455322266 330
1764908918546 -0.0919968287150065 335
1764908966676 -0.21779950459798175 340
1764909014406 -0.48749669392903644 345
1764909062421 -0.582207202911377 350
1764909110376 -0.45381418863932294 355
1764909157991 -0.39739084243774414 360
1764909206184 -0.4081018765767416 365
1764909253949 -0.2619406382242838 370
1764909301754 -0.3828091621398925 375
1764909349992 -0.5391426086425781 380
1764909397640 -0.5989329020182291 385
1764909445460 -0.5851033528645834 390
1764909493550 -0.45977719624837243 395
1764909541201 -0.39624277750651044 400
1764909589473 -0.5174674987792969 405
