1764424149187 0.4140625 5
1764424191817 0.40234375 10
1764424234674 0.21875 15
1764424277353 0.1767578125 20
1764424319965 0.189453125 25
1764424362623 0.15625 30
1764424405335 0.1494140625 35
1764424447934 0.1728515625 40
1764424490575 0.154296875 45
1764424533182 0.142578125 50
1764424575806 0.1474609375 55
1764424618392 0.1484375 60
1764424661180 0.1494140625 65
1764424703897 0.1328125 70
1764424746614 0.1279296875 75
1764424789362 0.134765625 80
1764424832145 0.1318359375 85
1764424874839 0.13671875 90
1764424917523 0.240234375 95
1764424960263 0.1298828125 100
1764425002958 0.1328125 105
1764425045724 0.15234375 110
1764425088403 0.12890625 115
1764425131170 0.1259765625 120
1764425173763 0.142578125 125
1764425216297 0.13671875 130
1764425258967 0.1357421875 135
1764425301596 0.1474609375 140
1764425344230 0.1396484375 145
1764425386797 0.138671875 150
1764425429288 0.1318359375 155
1764425471976 0.1416015625 160
1764425514618 0.1552734375 165
1764425557170 0.1396484375 170
1764425599695 0.1416015625 175
1764425642314 0.146484375 180
1764425684803 0.138671875 185
1764425727466 0.1376953125 190
1764425770118 0.13671875 195
1764425812843 0.1240234375 200
1764425855459 0.1376953125 205
1764425898165 0.1376953125 210
1764425940845 0.140625 215
1764425983565 0.1513671875 220
1764426026190 0.1484375 225
1764426068862 0.12890625 230
1764426111580 0.1591796875 235
1764426154309 0.130859375 240
1764426196905 0.1396484375 245
1764426239563 0.150390625 250
1764426320086 0.1318359375 255
1764426362779 0.134765625 260
1764426405524 0.1455078125 265
1764426448137 0.1533203125 270
1764426490896 0.158203125 275
1764426533540 0.1533203125 280
1764426576223 0.1572265625 285
1764426618909 0.1416015625 290
1764426661564 0.1513671875 295
1764426704283 0.1357421875 300
1764426746908 0.154296875 305
1764426789577 0.1357421875 310
1764426832199 0.158203125 315
1764426874701 0.1513671875 320
1764426917348 0.1611328125 325
1764426959906 0.1591796875 330
1764427002477 0.1357421875 335
1764427045129 0.15234375 340
1764427087685 0.1650390625 345
1764427130307 0.142578125 350
1764427173056 0.15625 355
1764427215739 0.1376953125 360
1764427258469 0.1484375 365
1764427301154 0.1572265625 370
1764427343779 0.15625 375
1764427386507 0.140625 380
1764427429217 0.1630859375 385
1764427471838 0.16796875 390
1764427514498 0.1865234375 395
1764427557156 0.1572265625 400
1764427599813 0.150390625 405
1764427642455 0.154296875 410
1764427685067 0.1552734375 415
1764427727637 0.16015625 420
1764427770291 0.154296875 425
1764427812792 0.16015625 430
1764427855425 0.1455078125 435
1764427897959 0.177734375 440
1764427940445 0.1630859375 445
1764427982985 0.1552734375 450
1764428025519 0.1708984375 455
1764428068166 0.1640625 460
1764428110881 0.1513671875 465
1764428153453 0.15625 470
1764428196021 0.1513671875 475
1764428238654 0.162109375 480
1764428281209 0.1484375 485
1764428323755 0.1552734375 490
1764428366360 0.150390625 495
1764428409006 0.1611328125 500
1764428490040 0.15625 505
1764428532728 0.1455078125 510
1764428575351 0.158203125 515
1764428617948 0.15625 520
1764428660514 0.1591796875 525
1764428703122 0.16796875 530
1764428745673 0.162109375 535
1764428788234 0.16015625 540
1764428830890 0.150390625 545
1764428873482 0.154296875 550
1764428916006 0.1669921875 555
1764428958519 0.154296875 560
1764429001040 0.158203125 565
1764429043582 0.1650390625 570
1764429086145 0.15625 575
1764429128790 0.16796875 580
1764429171504 0.1728515625 585
1764429214102 0.1552734375 590
1764429256877 0.16796875 595
1764429299632 0.1494140625 600
1764429342284 0.173828125 605
1764429384907 0.1494140625 610
1764429427611 0.150390625 615
1764429470241 0.181640625 620
1764429512967 0.17578125 625
1764429555645 0.173828125 630
1764429598268 0.171875 635
1764429640788 0.1669921875 640
1764429683275 0.1748046875 645
1764429725863 0.19140625 650
1764429768473 0.1611328125 655
1764429811033 0.1728515625 660
1764429853681 0.1689453125 665
1764429896244 0.162109375 670
1764429938805 0.1669921875 675
1764429981490 0.1689453125 680
1764430024005 0.1728515625 685
1764430066568 0.1767578125 690
1764430109125 0.173828125 695
1764430151719 0.1640625 700
1764430194299 0.1767578125 705
1764430236897 0.15234375 710
1764430279573 0.1572265625 715
1764430322316 0.1708984375 720
1764430364922 0.158203125 725
1764430407615 0.1630859375 730
1764430450341 0.1630859375 735
1764430493045 0.1640625 740
1764430535764 0.1591796875 745
1764430578468 0.158203125 750
1764430660087 0.158203125 755
1764430702737 0.1748046875 760
1764430745276 0.18359375 765
1764430787795 0.1708984375 770
1764430830438 0.171875 775
1764430873137 0.166015625 780
1764430915852 0.173828125 785
1764430958457 0.181640625 790
1764431001089 0.1669921875 795
1764431043672 0.1806640625 800
1764431086162 0.1689453125 805
1764431128753 0.171875 810
1764431171268 0.205078125 815
1764431213744 0.1923828125 820
1764431256321 0.1708984375 825
1764431299029 0.1767578125 830
1764431341755 0.1845703125 835
1764431384357 0.1943359375 840
1764431426952 0.173828125 845
1764431469521 0.1923828125 850
1764431512109 0.181640625 855
1764431554577 0.1826171875 860
1764431597124 0.1884765625 865
1764431639710 0.1787109375 870
1764431682378 0.1982421875 875
1764431725028 0.1845703125 880
1764431767616 0.20703125 885
1764431810259 0.1875 890
1764431852913 0.1640625 895
1764431895579 0.2119140625 900
1764431938090 0.19921875 905
1764431980592 0.18359375 910
1764432023119 0.1962890625 915
1764432065839 0.185546875 920
1764432108554 0.181640625 925
1764432151212 0.181640625 930
1764432193926 0.17578125 935
1764432236529 0.193359375 940
1764432279227 0.2177734375 945
1764432321902 0.177734375 950
1764432364592 0.201171875 955
1764432407278 0.19921875 960
1764432449955 0.1943359375 965
1764432492580 0.185546875 970
1764432535309 0.1806640625 975
1764432578072 0.1787109375 980
1764432620789 0.201171875 985
1764432663463 0.197265625 990
1764432706189 0.185546875 995
1764432748911 0.20703125 1000
1764432830358 0.1953125 1005
1764432873001 0.1845703125 1010
1764432915528 0.2041015625 1015
1764432958146 0.201171875 1020
1764433000683 0.19140625 1025
1764433043282 0.181640625 1030
1764433086004 0.1982421875 1035
1764433128913 0.1845703125 1040
1764433171537 0.1953125 1045
1764433214074 0.197265625 1050
1764433256567 0.185546875 1055
1764433299092 0.2109375 1060
1764433341616 0.1962890625 1065
1764433384203 0.18359375 1070
1764433426793 0.1865234375 1075
1764433469403 0.1806640625 1080
1764433511959 0.2041015625 1085
1764433554507 0.2041015625 1090
1764433597148 0.203125 1095
1764433639744 0.1865234375 1100
1764433682353 0.2119140625 1105
1764433725107 0.19921875 1110
1764433767806 0.19921875 1115
1764433810238 0.2080078125 1120
1764433852763 0.19921875 1125
1764433895305 0.1875 1130
1764433937786 0.18359375 1135
1764433980377 0.1884765625 1140
1764434022990 0.2060546875 1145
1764434065554 0.2177734375 1150
1764434108223 0.1904296875 1155
1764434150849 0.20703125 1160
1764434193513 0.2021484375 1165
1764434236187 0.1826171875 1170
1764434278936 0.2001953125 1175
1764434321725 0.205078125 1180
1764434364494 0.1982421875 1185
1764434407159 0.1904296875 1190
1764434449742 0.2138671875 1195
1764434492305 0.2099609375 1200
1764434534926 0.1845703125 1205
1764434577647 0.2001953125 1210
1764434620272 0.2041015625 1215
1764434662962 0.21484375 1220
1764434705558 0.2041015625 1225
1764434748222 0.2060546875 1230
1764434790914 0.216796875 1235
1764434833546 0.189453125 1240
1764434876276 0.1962890625 1245
1764434918939 0.193359375 1250
1764435000416 0.2001953125 1255
1764435043098 0.2236328125 1260
1764435085637 0.2109375 1265
1764435128166 0.2158203125 1270
1764435170829 0.2060546875 1275
1764435213612 0.18359375 1280
1764435256321 0.208984375 1285
1764435299233 0.1982421875 1290
1764435341858 0.2216796875 1295
1764435384417 0.203125 1300
1764435426948 0.212890625 1305
1764435469557 0.2099609375 1310
1764435512135 0.1845703125 1315
1764435554860 0.2060546875 1320
1764435597399 0.20703125 1325
1764435639975 0.2060546875 1330
1764435682608 0.193359375 1335
1764435725288 0.2021484375 1340
1764435767928 0.205078125 1345
1764435810448 0.2041015625 1350
1764435852984 0.2080078125 1355
1764435895587 0.2021484375 1360
1764435938095 0.216796875 1365
1764435980700 0.203125 1370
1764436023395 0.1982421875 1375
1764436066015 0.1953125 1380
1764436108595 0.212890625 1385
1764436151218 0.2275390625 1390
1764436193731 0.2138671875 1395
1764436236343 0.2099609375 1400
1764436279063 0.19921875 1405
1764436321787 0.2060546875 1410
1764436364459 0.2177734375 1415
1764436407189 0.2216796875 1420
1764436449912 0.2001953125 1425
1764436492613 0.1923828125 1430
1764436535308 0.1962890625 1435
1764436577955 0.2080078125 1440
1764436620655 0.2158203125 1445
1764436663481 0.19140625 1450
1764436706317 0.2109375 1455
1764436748990 0.1923828125 1460
1764436791719 0.2216796875 1465
1764436834432 0.2080078125 1470
1764436877151 0.201171875 1475
1764436919875 0.193359375 1480
1764436962413 0.2158203125 1485
1764437004974 0.224609375 1490
1764437047598 0.2197265625 1495
1764437090143 0.1982421875 1500
1764437171722 0.203125 1505
1764437214321 0.2421875 1510
1764437256888 0.205078125 1515
1764437299667 0.21875 1520
1764437342250 0.2021484375 1525
1764437384783 0.22265625 1530
1764437427332 0.21875 1535
1764437470013 0.21875 1540
1764437512536 0.22265625 1545
1764437555075 0.212890625 1550
1764437597544 0.2255859375 1555
1764437640099 0.2119140625 1560
1764437682571 0.2275390625 1565
1764437725181 0.2138671875 1570
1764437767788 0.2490234375 1575
1764437810385 0.240234375 1580
1764437852914 0.2197265625 1585
1764437895372 0.224609375 1590
1764437937872 0.20703125 1595
1764437980547 0.21484375 1600
1764438023251 0.2275390625 1605
1764438065983 0.2255859375 1610
1764438108620 0.1875 1615
1764438151304 0.2275390625 1620
1764438194044 0.216796875 1625
1764438236718 0.1982421875 1630
1764438279339 0.2373046875 1635
1764438322153 0.2333984375 1640
1764438364855 0.224609375 1645
1764438407542 0.2265625 1650
1764438450294 0.24609375 1655
1764438492824 0.2216796875 1660
1764438535412 0.21484375 1665
1764438577960 0.1962890625 1670
1764438620521 0.220703125 1675
1764438663261 0.2255859375 1680
1764438705913 0.2197265625 1685
1764438748631 0.23828125 1690
1764438791398 0.20703125 1695
1764438834070 0.23046875 1700
1764438876703 0.2294921875 1705
1764438919413 0.244140625 1710
1764438962119 0.21875 1715
1764439004827 0.228515625 1720
1764439047495 0.212890625 1725
1764439090276 0.21484375 1730
1764439132912 0.2216796875 1735
1764439175562 0.232421875 1740
1764439218268 0.208984375 1745
1764439260933 0.2216796875 1750
1764439342890 0.2158203125 1755
1764439385672 0.23046875 1760
1764439428352 0.2451171875 1765
1764439471084 0.2294921875 1770
1764439513724 0.2197265625 1775
1764439556425 0.2041015625 1780
1764439599084 0.2099609375 1785
1764439641710 0.20703125 1790
1764439684291 0.21875 1795
1764439727124 0.2099609375 1800
1764439769793 0.2265625 1805
1764439812382 0.220703125 1810
1764439855111 0.21484375 1815
1764439897748 0.25390625 1820
1764439940473 0.220703125 1825
1764439983155 0.2421875 1830
1764440025880 0.2177734375 1835
1764440068593 0.2294921875 1840
1764440111207 0.2158203125 1845
1764440153887 0.22265625 1850
1764440196545 0.2294921875 1855
1764440239266 0.201171875 1860
1764440281936 0.21484375 1865
1764440324638 0.21484375 1870
1764440367368 0.2080078125 1875
1764440410115 0.2255859375 1880
1764440452812 0.2294921875 1885
1764440495510 0.236328125 1890
1764440538170 0.2412109375 1895
1764440580837 0.2421875 1900
1764440623564 0.236328125 1905
1764440666195 0.220703125 1910
1764440708896 0.2265625 1915
1764440751451 0.2265625 1920
1764440793996 0.2314453125 1925
1764440836537 0.2099609375 1930
1764440879217 0.23046875 1935
1764440921785 0.2265625 1940
1764440964435 0.2333984375 1945
1764441007009 0.2158203125 1950
1764441049569 0.25390625 1955
1764441092081 0.212890625 1960
1764441134596 0.2373046875 1965
1764441177152 0.22265625 1970
1764441219687 0.236328125 1975
1764441262264 0.2294921875 1980
1764441304996 0.2138671875 1985
1764441347503 0.201171875 1990
1764441390036 0.224609375 1995
1764441471920 0.2119140625 2000
1764441514538 0.23828125 2005
1764441557184 0.2197265625 2010
1764441599808 0.2451171875 2015
1764441642303 0.2333984375 2020
1764441684861 0.2021484375 2025
1764441727864 0.236328125 2030
1764441770423 0.21875 2035
1764441813089 0.2314453125 2040
1764441855678 0.220703125 2045
1764441898146 0.25 2050
1764441940740 0.2001953125 2055
1764441983325 0.2265625 2060
1764442025820 0.2216796875 2065
1764442068332 0.2177734375 2070
1764442111072 0.2080078125 2075
1764442153790 0.22265625 2080
1764442196341 0.23828125 2085
1764442238970 0.2236328125 2090
1764442281698 0.21875 2095
1764442324363 0.228515625 2100
1764442367055 0.2060546875 2105
1764442409843 0.224609375 2110
1764442452577 0.251953125 2115
1764442495206 0.212890625 2120
1764442537909 0.21484375 2125
1764442580634 0.212890625 2130
1764442623296 0.2197265625 2135
1764442665934 0.2392578125 2140
1764442708560 0.224609375 2145
1764442751298 0.2099609375 2150
1764442793971 0.22265625 2155
1764442836517 0.2431640625 2160
1764442878970 0.23828125 2165
1764442921558 0.22265625 2170
1764442964200 0.212890625 2175
1764443006803 0.23046875 2180
1764443049458 0.2158203125 2185
1764443092143 0.1982421875 2190
1764443134904 0.2177734375 2195
1764443177400 0.2421875 2200
1764443219942 0.2216796875 2205
1764443262538 0.2314453125 2210
1764443305051 0.216796875 2215
1764443347555 0.23828125 2220
1764443390114 0.216796875 2225
1764443432720 0.2333984375 2230
1764443475239 0.2197265625 2235
1764443517813 0.2216796875 2240
1764443560410 0.2236328125 2245
1764443602962 0.2109375 2250
1764443657805 0.19921875 2255
1764443700383 0.2197265625 2260
1764443742973 0.2060546875 2265
1764443785549 0.2353515625 2270
1764443828123 0.212890625 2275
1764443870999 0.2197265625 2280
1764443913689 0.240234375 2285
1764443956387 0.240234375 2290
1764443999138 0.2294921875 2295
1764444041924 0.22265625 2300
1764444084650 0.2080078125 2305
1764444127407 0.2353515625 2310
1764444170176 0.2236328125 2315
1764444212684 0.228515625 2320
1764444255119 0.25390625 2325
1764444297719 0.2099609375 2330
1764444340324 0.2216796875 2335
1764444382985 0.228515625 2340
1764444425582 0.2177734375 2345
1764444468219 0.2265625 2350
1764444510963 0.2109375 2355
1764444553685 0.2412109375 2360
1764444596330 0.228515625 2365
1764444639019 0.2109375 2370
1764444681709 0.2119140625 2375
1764444724385 0.2294921875 2380
1764444766999 0.2060546875 2385
1764444809590 0.2294921875 2390
1764444852269 0.2158203125 2395
1764444894930 0.236328125 2400
1764444937652 0.2255859375 2405
1764444980377 0.25390625 2410
1764445023087 0.2216796875 2415
1764445065671 0.228515625 2420
1764445108364 0.2216796875 2425
1764445151094 0.203125 2430
1764445193868 0.216796875 2435
1764445236512 0.216796875 2440
1764445279222 0.23046875 2445
1764445321914 0.2197265625 2450
1764445364575 0.2265625 2455
1764445407232 0.2216796875 2460
1764445449879 0.23828125 2465
1764445492618 0.2021484375 2470
1764445535300 0.251953125 2475
1764445577866 0.2412109375 2480
1764445620497 0.2080078125 2485
1764445663109 0.2158203125 2490
1764445705714 0.2080078125 2495
1764445760005 0.2275390625 2500
