1764424149187 1.0 5
1764424191817 1.0 10
1764424234674 1.0 15
1764424277353 1.0 20
1764424319965 1.0 25
1764424362623 1.0 30
1764424405335 1.0 35
1764424447934 1.0 40
1764424490575 1.0 45
1764424533182 1.0 50
1764424575806 1.0 55
1764424618392 1.0 60
1764424661180 1.0 65
1764424703897 1.0 70
1764424746614 1.0 75
1764424789362 1.0 80
1764424832145 1.0 85
1764424874839 1.0 90
1764424917523 1.0 95
1764424960263 1.0 100
1764425002958 1.0 105
1764425045724 1.0 110
1764425088403 1.0 115
1764425131170 1.0 120
1764425173763 1.0 125
1764425216297 1.0 130
1764425258967 1.0 135
1764425301596 1.0 140
1764425344230 1.0 145
1764425386797 1.0 150
1764425429288 1.0 155
1764425471976 1.0 160
1764425514618 1.0 165
1764425557170 1.0 170
1764425599695 1.0 175
1764425642314 1.0 180
1764425684803 1.0 185
1764425727466 1.0 190
1764425770118 1.0 195
1764425812843 1.0 200
1764425855459 1.0 205
1764425898165 1.0 210
1764425940845 1.0 215
1764425983565 1.0 220
1764426026190 1.0 225
1764426068862 1.0 230
1764426111580 1.0 235
1764426154309 1.0 240
1764426196905 1.0 245
1764426239563 1.0 250
1764426320086 1.0 255
1764426362779 1.0 260
1764426405524 1.0 265
1764426448137 1.0 270
1764426490896 1.0 275
1764426533540 1.0 280
1764426576223 1.0 285
1764426618909 1.0 290
1764426661564 1.0 295
1764426704283 1.0 300
1764426746908 1.0 305
1764426789577 1.0 310
1764426832199 1.0 315
1764426874701 1.0 320
1764426917348 1.0 325
1764426959906 1.0 330
1764427002477 1.0 335
1764427045129 1.0 340
1764427087685 1.0 345
1764427130307 1.0 350
1764427173056 1.0 355
1764427215739 1.0 360
1764427258469 1.0 365
1764427301154 1.0 370
1764427343779 1.0 375
1764427386507 1.0 380
1764427429217 1.0 385
1764427471838 1.0 390
1764427514498 1.0 395
1764427557156 1.0 400
1764427599813 1.0 405
1764427642455 1.0 410
1764427685067 1.0 415
1764427727637 1.0 420
1764427770291 1.0 425
1764427812792 1.0 430
1764427855425 1.0 435
1764427897959 1.0 440
1764427940445 1.0 445
1764427982985 1.0 450
1764428025519 1.0 455
1764428068166 1.0 460
1764428110881 1.0 465
1764428153453 1.0 470
1764428196021 1.0 475
1764428238654 1.0 480
1764428281209 1.0 485
1764428323755 1.0 490
1764428366360 1.0 495
1764428409006 1.0 500
1764428490040 1.0 505
1764428532728 1.0 510
1764428575351 1.0 515
1764428617948 1.0 520
1764428660514 1.0 525
1764428703122 1.0 530
1764428745673 1.0 535
1764428788234 1.0 540
1764428830890 1.0 545
1764428873482 1.0 550
1764428916006 1.0 555
1764428958519 1.0 560
1764429001040 1.0 565
1764429043582 1.0 570
1764429086145 1.0 575
1764429128790 1.0 580
1764429171504 1.0 585
1764429214102 1.0 590
1764429256877 1.0 595
1764429299632 1.0 600
1764429342284 1.0 605
1764429384907 1.0 610
1764429427611 1.0 615
1764429470241 1.0 620
1764429512967 1.0 625
1764429555645 1.0 630
1764429598268 1.0 635
1764429640788 1.0 640
1764429683275 1.0 645
1764429725863 1.0 650
1764429768473 1.0 655
1764429811033 1.0 660
1764429853681 1.0 665
1764429896244 1.0 670
1764429938805 1.0 675
1764429981490 1.0 680
1764430024005 1.0 685
1764430066568 1.0 690
1764430109125 1.0 695
1764430151719 1.0 700
1764430194299 1.0 705
1764430236897 1.0 710
1764430279573 1.0 715
1764430322316 1.0 720
1764430364922 1.0 725
1764430407615 1.0 730
1764430450341 1.0 735
1764430493045 1.0 740
1764430535764 1.0 745
1764430578468 1.0 750
1764430660087 1.0 755
1764430702737 1.0 760
1764430745276 1.0 765
1764430787795 1.0 770
1764430830438 1.0 775
1764430873137 1.0 780
1764430915852 1.0 785
1764430958457 1.0 790
1764431001089 1.0 795
1764431043672 1.0 800
1764431086162 1.0 805
1764431128753 1.0 810
1764431171268 1.0 815
1764431213744 1.0 820
1764431256321 1.0 825
1764431299029 1.0 830
1764431341755 1.0 835
1764431384357 1.0 840
1764431426952 1.0 845
1764431469521 1.0 850
1764431512109 1.0 855
1764431554577 1.0 860
1764431597124 1.0 865
1764431639710 1.0 870
1764431682378 1.0 875
1764431725028 1.0 880
1764431767616 1.0 885
1764431810259 1.0 890
1764431852913 1.0 895
1764431895579 1.0 900
1764431938090 1.0 905
1764431980592 1.0 910
1764432023119 1.0 915
1764432065839 1.0 920
1764432108554 1.0 925
1764432151212 1.0 930
1764432193926 1.0 935
1764432236529 1.0 940
1764432279227 1.0 945
1764432321902 1.0 950
1764432364592 1.0 955
1764432407278 1.0 960
1764432449955 1.0 965
1764432492580 1.0 970
1764432535309 1.0 975
1764432578072 1.0 980
1764432620789 1.0 985
1764432663463 1.0 990
1764432706189 1.0 995
1764432748911 1.0 1000
1764432830358 1.0 1005
1764432873001 1.0 1010
1764432915528 1.0 1015
1764432958146 1.0 1020
1764433000683 1.0 1025
1764433043282 1.0 1030
1764433086004 1.0 1035
1764433128913 1.0 1040
1764433171537 1.0 1045
1764433214074 1.0 1050
1764433256567 1.0 1055
1764433299092 1.0 1060
1764433341616 1.0 1065
1764433384203 1.0 1070
1764433426793 1.0 1075
1764433469403 1.0 1080
1764433511959 1.0 1085
1764433554507 1.0 1090
1764433597148 1.0 1095
1764433639744 1.0 1100
1764433682353 1.0 1105
1764433725107 1.0 1110
1764433767806 1.0 1115
1764433810238 1.0 1120
1764433852763 1.0 1125
1764433895305 1.0 1130
1764433937786 1.0 1135
1764433980377 1.0 1140
1764434022990 1.0 1145
1764434065554 1.0 1150
1764434108223 1.0 1155
1764434150849 1.0 1160
1764434193513 1.0 1165
1764434236187 1.0 1170
1764434278936 1.0 1175
1764434321725 1.0 1180
1764434364494 1.0 1185
1764434407159 1.0 1190
1764434449742 1.0 1195
1764434492305 1.0 1200
1764434534926 1.0 1205
1764434577647 1.0 1210
1764434620272 1.0 1215
1764434662962 1.0 1220
1764434705558 1.0 1225
1764434748222 1.0 1230
1764434790914 1.0 1235
1764434833546 1.0 1240
1764434876276 1.0 1245
1764434918939 1.0 1250
1764435000416 1.0 1255
1764435043098 1.0 1260
1764435085637 1.0 1265
1764435128166 1.0 1270
1764435170829 1.0 1275
1764435213612 1.0 1280
1764435256321 1.0 1285
1764435299233 1.0 1290
1764435341858 1.0 1295
1764435384417 1.0 1300
1764435426948 1.0 1305
1764435469557 1.0 1310
1764435512135 1.0 1315
1764435554860 1.0 1320
1764435597399 1.0 1325
1764435639975 1.0 1330
1764435682608 1.0 1335
1764435725288 1.0 1340
1764435767928 1.0 1345
1764435810448 1.0 1350
1764435852984 1.0 1355
1764435895587 1.0 1360
1764435938095 1.0 1365
1764435980700 1.0 1370
1764436023395 1.0 1375
1764436066015 1.0 1380
1764436108595 1.0 1385
1764436151218 1.0 1390
1764436193731 1.0 1395
1764436236343 1.0 1400
1764436279063 1.0 1405
1764436321787 1.0 1410
1764436364459 1.0 1415
1764436407189 1.0 1420
1764436449912 1.0 1425
1764436492613 1.0 1430
1764436535308 1.0 1435
1764436577955 1.0 1440
1764436620655 1.0 1445
1764436663481 1.0 1450
1764436706317 1.0 1455
1764436748990 1.0 1460
1764436791719 1.0 1465
1764436834432 1.0 1470
1764436877151 1.0 1475
1764436919875 1.0 1480
1764436962413 1.0 1485
1764437004974 1.0 1490
1764437047598 1.0 1495
1764437090143 1.0 1500
1764437171722 1.0 1505
1764437214321 1.0 1510
1764437256888 1.0 1515
1764437299667 1.0 1520
1764437342250 1.0 1525
1764437384783 1.0 1530
1764437427332 1.0 1535
1764437470013 1.0 1540
1764437512536 1.0 1545
1764437555075 1.0 1550
1764437597544 1.0 1555
1764437640099 1.0 1560
1764437682571 1.0 1565
1764437725181 1.0 1570
1764437767788 1.0 1575
1764437810385 1.0 1580
1764437852914 1.0 1585
1764437895372 1.0 1590
1764437937872 1.0 1595
1764437980547 1.0 1600
1764438023251 1.0 1605
1764438065983 1.0 1610
1764438108620 1.0 1615
1764438151304 1.0 1620
1764438194044 1.0 1625
1764438236718 1.0 1630
1764438279339 1.0 1635
1764438322153 1.0 1640
1764438364855 1.0 1645
1764438407542 1.0 1650
1764438450294 1.0 1655
1764438492824 1.0 1660
1764438535412 1.0 1665
1764438577960 1.0 1670
1764438620521 1.0 1675
1764438663261 1.0 1680
1764438705913 1.0 1685
1764438748631 1.0 1690
1764438791398 1.0 1695
1764438834070 1.0 1700
1764438876703 1.0 1705
1764438919413 1.0 1710
1764438962119 1.0 1715
1764439004827 1.0 1720
1764439047495 1.0 1725
1764439090276 1.0 1730
1764439132912 1.0 1735
1764439175562 1.0 1740
1764439218268 1.0 1745
1764439260933 1.0 1750
1764439342890 1.0 1755
1764439385672 1.0 1760
1764439428352 1.0 1765
1764439471084 1.0 1770
1764439513724 1.0 1775
1764439556425 1.0 1780
1764439599084 1.0 1785
1764439641710 1.0 1790
1764439684291 1.0 1795
1764439727124 1.0 1800
1764439769793 1.0 1805
1764439812382 1.0 1810
1764439855111 1.0 1815
1764439897748 1.0 1820
1764439940473 1.0 1825
1764439983155 1.0 1830
1764440025880 1.0 1835
1764440068593 1.0 1840
1764440111207 1.0 1845
1764440153887 1.0 1850
1764440196545 1.0 1855
1764440239266 1.0 1860
1764440281936 1.0 1865
1764440324638 1.0 1870
1764440367368 1.0 1875
1764440410115 1.0 1880
1764440452812 1.0 1885
1764440495510 1.0 1890
1764440538170 1.0 1895
1764440580837 1.0 1900
1764440623564 1.0 1905
1764440666195 1.0 1910
1764440708896 1.0 1915
1764440751451 1.0 1920
1764440793996 1.0 1925
1764440836537 1.0 1930
1764440879217 1.0 1935
1764440921785 1.0 1940
1764440964435 1.0 1945
1764441007009 1.0 1950
1764441049569 1.0 1955
1764441092081 1.0 1960
1764441134596 1.0 1965
1764441177152 1.0 1970
1764441219687 1.0 1975
1764441262264 1.0 1980
1764441304996 1.0 1985
1764441347503 1.0 1990
1764441390036 1.0 1995
1764441471920 1.0 2000
1764441514538 1.0 2005
1764441557184 1.0 2010
1764441599808 1.0 2015
1764441642303 1.0 2020
1764441684861 1.0 2025
1764441727864 1.0 2030
1764441770423 1.0 2035
1764441813089 1.0 2040
1764441855678 1.0 2045
1764441898146 1.0 2050
1764441940740 1.0 2055
1764441983325 1.0 2060
1764442025820 1.0 2065
1764442068332 1.0 2070
1764442111072 1.0 2075
1764442153790 1.0 2080
1764442196341 1.0 2085
1764442238970 1.0 2090
1764442281698 1.0 2095
1764442324363 1.0 2100
1764442367055 1.0 2105
1764442409843 1.0 2110
1764442452577 1.0 2115
1764442495206 1.0 2120
1764442537909 1.0 2125
1764442580634 1.0 2130
1764442623296 1.0 2135
1764442665934 1.0 2140
1764442708560 1.0 2145
1764442751298 1.0 2150
1764442793971 1.0 2155
1764442836517 1.0 2160
1764442878970 1.0 2165
1764442921558 1.0 2170
1764442964200 1.0 2175
1764443006803 1.0 2180
1764443049458 1.0 2185
1764443092143 1.0 2190
1764443134904 1.0 2195
1764443177400 1.0 2200
1764443219942 1.0 2205
1764443262538 1.0 2210
1764443305051 1.0 2215
1764443347555 1.0 2220
1764443390114 1.0 2225
1764443432720 1.0 2230
1764443475239 1.0 2235
1764443517813 1.0 2240
1764443560410 1.0 2245
1764443602962 1.0 2250
1764443657805 1.0 2255
1764443700383 1.0 2260
1764443742973 1.0 2265
1764443785549 1.0 2270
1764443828123 1.0 2275
1764443870999 1.0 2280
1764443913689 1.0 2285
1764443956387 1.0 2290
1764443999138 1.0 2295
1764444041924 1.0 2300
1764444084650 1.0 2305
1764444127407 1.0 2310
1764444170176 1.0 2315
1764444212684 1.0 2320
1764444255119 1.0 2325
1764444297719 1.0 2330
1764444340324 1.0 2335
1764444382985 1.0 2340
1764444425582 1.0 2345
1764444468219 1.0 2350
1764444510963 1.0 2355
1764444553685 1.0 2360
1764444596330 1.0 2365
1764444639019 1.0 2370
1764444681709 1.0 2375
1764444724385 1.0 2380
1764444766999 1.0 2385
1764444809590 1.0 2390
1764444852269 1.0 2395
1764444894930 1.0 2400
1764444937652 1.0 2405
1764444980377 1.0 2410
1764445023087 1.0 2415
1764445065671 1.0 2420
1764445108364 1.0 2425
1764445151094 1.0 2430
1764445193868 1.0 2435
1764445236512 1.0 2440
1764445279222 1.0 2445
1764445321914 1.0 2450
1764445364575 1.0 2455
1764445407232 1.0 2460
1764445449879 1.0 2465
1764445492618 1.0 2470
1764445535300 1.0 2475
1764445577866 1.0 2480
1764445620497 1.0 2485
1764445663109 1.0 2490
1764445705714 1.0 2495
1764445760005 1.0 2500
