1764424149187 6.666667599999999e-06 5
1764424191817 1.3333334199999998e-05 10
1764424234674 2.000000079999999e-05 15
1764424277353 2.666666739999999e-05 20
1764424319965 3.3333333999999994e-05 25
1764424362623 4.000000059999998e-05 30
1764424405335 4.666666719999998e-05 35
1764424447934 5.333333379999998e-05 40
1764424490575 6.000000039999999e-05 45
1764424533182 6.666666699999998e-05 50
1764424575806 7.333333359999997e-05 55
1764424618392 8.000000019999998e-05 60
1764424661180 8.666666679999995e-05 65
1764424703897 9.333333339999997e-05 70
1764424746614 0.0001 75
1764424789362 9.99989562948196e-05 80
1764424832145 9.999582522307016e-05 85
1764424874839 9.999060691612515e-05 90
1764424917523 9.998330159293432e-05 95
1764424960263 9.997390956001438e-05 100
1764425002958 9.996243121143623e-05 105
1764425045724 9.994886702880838e-05 110
1764425088403 9.993321758125674e-05 115
1764425131170 9.991548352540084e-05 120
1764425173763 9.989566560532614e-05 125
1764425216297 9.987376465255283e-05 130
1764425258967 9.984978158600106e-05 135
1764425301596 9.982371741195228e-05 140
1764425344230 9.979557322400701e-05 145
1764425386797 9.976535020303902e-05 150
1764425429288 9.973304961714572e-05 155
1764425471976 9.969867282159503e-05 160
1764425514618 9.966222125876842e-05 165
1764425557170 9.962369645810048e-05 170
1764425599695 9.958310003601464e-05 175
1764425642314 9.954043369585553e-05 180
1764425684803 9.94956992278173e-05 185
1764425727466 9.944889850886861e-05 190
1764425770118 9.940003350267393e-05 195
1764425812843 9.934910625951105e-05 200
1764425855459 9.92961189161851e-05 205
1764425898165 9.924107369593887e-05 210
1764425940845 9.918397290835958e-05 215
1764425983565 9.912481894928185e-05 220
1764426026190 9.90636143006874e-05 225
1764426068862 9.900036153060066e-05 230
1764426111580 9.893506329298121e-05 235
1764426154309 9.88677223276123e-05 240
1764426196905 9.879834145998599e-05 245
1764426239563 9.872692360118452e-05 250
1764426320086 9.865347174775821e-05 255
1764426362779 9.857798898159973e-05 260
1764426405524 9.850047846981474e-05 265
1764426448137 9.842094346458911e-05 270
1764426490896 9.833938730305236e-05 275
1764426533540 9.825581340713767e-05 280
1764426576223 9.817022528343834e-05 285
1764426618909 9.808262652306062e-05 290
1764426661564 9.799302080147307e-05 295
1764426704283 9.79014118783523e-05 300
1764426746908 9.780780359742522e-05 305
1764426789577 9.771219988630788e-05 310
1764426832199 9.76146047563405e-05 315
1764426874701 9.751502230241922e-05 320
1764426917348 9.741345670282443e-05 325
1764426959906 9.73099122190452e-05 330
1764427002477 9.720439319560075e-05 335
1764427045129 9.709690405985797e-05 340
1764427087685 9.69874493218457e-05 345
1764427130307 9.687603357406555e-05 350
1764427173056 9.676266149129911e-05 355
1764427215739 9.664733783041194e-05 360
1764427258469 9.653006743015388e-05 365
1764427301154 9.641085521095607e-05 370
1764427343779 9.628970617472446e-05 375
1764427386507 9.616662540462997e-05 380
1764427429217 9.604161806489521e-05 385
1764427471838 9.591468940057779e-05 390
1764427514498 9.578584473735022e-05 395
1764427557156 9.565508948127656e-05 400
1764427599813 9.552242911858546e-05 405
1764427642455 9.538786921544006e-05 410
1764427685067 9.52514154177044e-05 415
1764427727637 9.511307345070656e-05 420
1764427770291 9.497284911899837e-05 425
1764427812792 9.483074830611197e-05 430
1764427855425 9.468677697431283e-05 435
1764427897959 9.454094116434969e-05 440
1764427940445 9.439324699520111e-05 445
1764427982985 9.424370066381859e-05 450
1764428025519 9.409230844486673e-05 455
1764428068166 9.393907669045977e-05 460
1764428110881 9.378401182989524e-05 465
1764428153453 9.362712036938414e-05 470
1764428196021 9.346840889177795e-05 475
1764428238654 9.330788405629236e-05 480
1764428281209 9.314555259822798e-05 485
1764428323755 9.298142132868771e-05 490
1764428366360 9.28154971342909e-05 495
1764428409006 9.264778697688438e-05 500
1764428490040 9.247829789325049e-05 505
1764428532728 9.230703699481172e-05 510
1764428575351 9.213401146733242e-05 515
1764428617948 9.195922857061714e-05 520
1764428660514 9.178269563820613e-05 525
1764428703122 9.160442007706776e-05 530
1764428745673 9.142440936728749e-05 535
1764428788234 9.124267106175417e-05 540
1764428830890 9.105921278584313e-05 545
1764428873482 9.087404223709618e-05 550
1764428916006 9.068716718489869e-05 555
1764428958519 9.04985954701536e-05 560
1764429001040 9.030833500495233e-05 565
1764429043582 9.011639377224298e-05 570
1764429086145 8.992277982549529e-05 575
1764429128790 8.972750128836267e-05 580
1764429171504 8.953056635434143e-05 585
1764429214102 8.933198328642697e-05 590
1764429256877 8.913176041676714e-05 595
1764429299632 8.892990614631249e-05 600
1764429342284 8.872642894446395e-05 605
1764429384907 8.852133734871743e-05 610
1764429427611 8.831463996430548e-05 615
1764429470241 8.810634546383638e-05 620
1764429512967 8.789646258693023e-05 625
1764429555645 8.768500013985217e-05 630
1764429598268 8.747196699514298e-05 635
1764429640788 8.725737209124673e-05 640
1764429683275 8.70412244321358e-05 645
1764429725863 8.682353308693308e-05 650
1764429768473 8.660430718953141e-05 655
1764429811033 8.63835559382104e-05 660
1764429853681 8.61612885952504e-05 665
1764429896244 8.5937514486544e-05 670
1764429938805 8.571224300120462e-05 675
1764429981490 8.548548359117258e-05 680
1764430024005 8.525724577081861e-05 685
1764430066568 8.502753911654454e-05 690
1764430109125 8.479637326638149e-05 695
1764430151719 8.456375791958556e-05 700
1764430194299 8.432970283623084e-05 705
1764430236897 8.409421783679988e-05 710
1764430279573 8.385731280177155e-05 715
1764430322316 8.361899767120674e-05 720
1764430364922 8.337928244433099e-05 725
1764430407615 8.313817717911513e-05 730
1764430450341 8.289569199185318e-05 735
1764430493045 8.265183705673798e-05 740
1764430535764 8.240662260543418e-05 745
1764430578468 8.216005892664906e-05 750
1764430660087 8.191215636570077e-05 755
1764430702737 8.16629253240843e-05 760
1764430745276 8.141237625903493e-05 765
1764430787795 8.116051968308965e-05 770
1764430830438 8.090736616364601e-05 775
1764430873137 8.065292632251861e-05 780
1764430915852 8.039721083549363e-05 785
1764430958457 8.014023043188076e-05 790
1764431001089 7.988199589406305e-05 795
1764431043672 7.962251805704453e-05 800
1764431086162 7.936180780799553e-05 805
1764431128753 7.9099876085796e-05 810
1764431171268 7.883673388057635e-05 815
1764431213744 7.857239223325649e-05 820
1764431256321 7.830686223508253e-05 825
1764431299029 7.804015502716143e-05 830
1764431341755 7.777228179999343e-05 835
1764431384357 7.750325379300265e-05 840
1764431426952 7.72330822940655e-05 845
1764431469521 7.69617786390369e-05 850
1764431512109 7.668935421127489e-05 855
1764431554577 7.641582044116285e-05 860
1764431597124 7.614118880562996e-05 865
1764431639710 7.58654708276696e-05 870
1764431682378 7.558867807585589e-05 875
1764431725028 7.531082216385838e-05 880
1764431767616 7.503191474995464e-05 885
1764431810259 7.475196753654111e-05 890
1764431852913 7.447099226964224e-05 895
1764431895579 7.418900073841748e-05 900
1764431938090 7.390600477466671e-05 905
1764431980592 7.36220162523338e-05 910
1764432023119 7.333704708700834e-05 915
1764432065839 7.30511092354258e-05 920
1764432108554 7.276421469496575e-05 925
1764432151212 7.247637550314849e-05 930
1764432193926 7.218760373713006e-05 935
1764432236529 7.18979115131954e-05 940
1764432279227 7.160731098625005e-05 945
1764432321902 7.131581434931009e-05 950
1764432364592 7.102343383299056e-05 955
1764432407278 7.073018170499241e-05 960
1764432449955 7.043607026958757e-05 965
1764432492580 7.014111186710281e-05 970
1764432535309 6.9845318873402e-05 975
1764432578072 6.95487036993667e-05 980
1764432620789 6.925127879037558e-05 985
1764432663463 6.895305662578211e-05 990
1764432706189 6.865404971839109e-05 995
1764432748911 6.835427061393346e-05 1000
1764432830358 6.805373189054003e-05 1005
1764432873001 6.775244615821377e-05 1010
1764432915528 6.745042605830056e-05 1015
1764432958146 6.714768426295892e-05 1020
1764433000683 6.684423347462825e-05 1025
1764433043282 6.654008642549588e-05 1030
1764433086004 6.623525587696284e-05 1035
1764433128913 6.592975461910842e-05 1040
1764433171537 6.562359547015356e-05 1045
1764433214074 6.531679127592298e-05 1050
1764433256567 6.500935490930621e-05 1055
1764433299092 6.470129926971741e-05 1060
1764433341616 6.439263728255429e-05 1065
1764433384203 6.408338189865563e-05 1070
1764433426793 6.377354609375797e-05 1075
1764433469403 6.346314286795114e-05 1080
1764433511959 6.315218524513281e-05 1085
1764433554507 6.284068627246208e-05 1090
1764433597148 6.252865901981194e-05 1095
1764433639744 6.221611657922104e-05 1100
1764433682353 6.190307206434415e-05 1105
1764433725107 6.15895386099022e-05 1110
1764433767806 6.1275529371131e-05 1115
1764433810238 6.096105752322926e-05 1120
1764433852763 6.064613626080593e-05 1125
1764433895305 6.033077879732644e-05 1130
1764433937786 6.001499836455836e-05 1135
1764433980377 5.9698808212016237e-05 1140
1764434022990 5.938222160640558e-05 1145
1764434065554 5.9065251831066326e-05 1150
1764434108223 5.874791218541539e-05 1155
1764434150849 5.843021598438874e-05 1160
1764434193513 5.8112176557882716e-05 1165
1764434236187 5.779380725019466e-05 1170
1764434278936 5.7475121419463115e-05 1175
1764434321725 5.715613243710727e-05 1180
1764434364494 5.6836853687265934e-05 1185
1764434407159 5.651729856623602e-05 1190
1764434449742 5.6197480481910394e-05 1195
1764434492305 5.5877412853215374e-05 1200
1764434534926 5.5557109109547566e-05 1205
1764434577647 5.5236582690210594e-05 1210
1764434620272 5.491584704385107e-05 1215
1764434662962 5.4594915627894325e-05 1220
1764434705558 5.4273801907979825e-05 1225
1764434748222 5.395251935739611e-05 1230
1764434790914 5.3631081456515587e-05 1235
1764434833546 5.330950169222875e-05 1240
1764434876276 5.298779355737846e-05 1245
1764434918939 5.266597055019376e-05 1250
1764435000416 5.234404617372346e-05 1255
1764435043098 5.2022033935269685e-05 1260
1764435085637 5.169994734582102e-05 1265
1764435128166 5.137779991948566e-05 1270
1764435170829 5.105560517292443e-05 1275
1764435213612 5.073337662478361e-05 1280
1764435256321 5.0411127795127706e-05 1285
1764435299233 5.008887220487224e-05 1290
1764435341858 4.976662337521634e-05 1295
1764435384417 4.944439482707552e-05 1300
1764435426948 4.9122200080514285e-05 1305
1764435469557 4.8800052654178916e-05 1310
1764435512135 4.847796606473023e-05 1315
1764435554860 4.815595382627645e-05 1320
1764435597399 4.783402944980616e-05 1325
1764435639975 4.751220644262147e-05 1330
1764435682608 4.7190498307771186e-05 1335
1764435725288 4.686891854348435e-05 1340
1764435767928 4.6547480642603815e-05 1345
1764435810448 4.622619809202011e-05 1350
1764435852984 4.590508437210561e-05 1355
1764435895587 4.5584152956148875e-05 1360
1764435938095 4.5263417309789335e-05 1365
1764435980700 4.494289089045236e-05 1370
1764436023395 4.462258714678458e-05 1375
1764436066015 4.430251951808954e-05 1380
1764436108595 4.398270143376392e-05 1385
1764436151218 4.3663146312734015e-05 1390
1764436193731 4.3343867562892696e-05 1395
1764436236343 4.3024878580536834e-05 1400
1764436279063 4.27061927498053e-05 1405
1764436321787 4.2387823442117247e-05 1410
1764436364459 4.206978401561123e-05 1415
1764436407189 4.17520878145846e-05 1420
1764436449912 4.143474816893366e-05 1425
1764436492613 4.111777839359439e-05 1430
1764436535308 4.0801191787983726e-05 1435
1764436577955 4.04850016354416e-05 1440
1764436620655 4.0169221202673536e-05 1445
1764436663481 3.985386373919406e-05 1450
1764436706317 3.95389424767707e-05 1455
1764436748990 3.9224470628868954e-05 1460
1764436791719 3.891046139009773e-05 1465
1764436834432 3.859692793565578e-05 1470
1764436877151 3.828388342077889e-05 1475
1764436919875 3.797134098018793e-05 1480
1764436962413 3.7659313727537804e-05 1485
1764437004974 3.7347814754867075e-05 1490
1764437047598 3.7036857132048764e-05 1495
1764437090143 3.672645390624193e-05 1500
1764437171722 3.6416618101344255e-05 1505
1764437214321 3.61073627174456e-05 1510
1764437256888 3.5798700730282486e-05 1515
1764437299667 3.549064509069371e-05 1520
1764437342250 3.5183208724076914e-05 1525
1764437384783 3.487640452984634e-05 1530
1764437427332 3.457024538089147e-05 1535
1764437470013 3.426474412303705e-05 1540
1764437512536 3.395991357450401e-05 1545
1764437555075 3.365576652537164e-05 1550
1764437597544 3.335231573704096e-05 1555
1764437640099 3.30495739416993e-05 1560
1764437682571 3.2747553841786096e-05 1565
1764437725181 3.244626810945984e-05 1570
1764437767788 3.214572938606644e-05 1575
1764437810385 3.1845950281608805e-05 1580
1764437852914 3.1546943374217766e-05 1585
1764437895372 3.1248721209624326e-05 1590
1764437937872 3.095129630063321e-05 1595
1764437980547 3.065468112659794e-05 1600
1764438023251 3.035888813289711e-05 1605
1764438065983 3.006392973041237e-05 1610
1764438108620 2.9769818295007515e-05 1615
1764438151304 2.9476566167009346e-05 1620
1764438194044 2.918418565068984e-05 1625
1764438236718 2.8892689013749864e-05 1630
1764438279339 2.86020884868045e-05 1635
1764438322153 2.8312396262869854e-05 1640
1764438364855 2.8023624496851417e-05 1645
1764438407542 2.773578530503418e-05 1650
1764438450294 2.744889076457412e-05 1655
1764438492824 2.7162952912991585e-05 1660
1764438535412 2.6877983747666136e-05 1665
1764438577960 2.6593995225333193e-05 1670
1764438620521 2.6310999261582432e-05 1675
1764438663261 2.6029007730357686e-05 1680
1764438705913 2.5748032463458823e-05 1685
1764438748631 2.546808525004532e-05 1690
1764438791398 2.5189177836141567e-05 1695
1764438834070 2.4911321924144036e-05 1700
1764438876703 2.463452917233034e-05 1705
1764438919413 2.435881119436997e-05 1710
1764438962119 2.408417955883708e-05 1715
1764439004827 2.3810645788725064e-05 1720
1764439047495 2.353822136096305e-05 1725
1764439090276 2.326691770593447e-05 1730
1764439132912 2.2996746206997297e-05 1735
1764439175562 2.272771820000653e-05 1740
1764439218268 2.245984497283853e-05 1745
1764439260933 2.2193137764917396e-05 1750
1764439342890 2.1927607766743452e-05 1755
1764439385672 2.1663266119423592e-05 1760
1764439428352 2.1400123914203925e-05 1765
1764439471084 2.113819219200436e-05 1770
1764439513724 2.087748194295536e-05 1775
1764439556425 2.0618004105936804e-05 1780
1764439599084 2.0359769568119095e-05 1785
1764439641710 2.0102789164506233e-05 1790
1764439684291 1.9847073677481262e-05 1795
1764439727124 1.9592633836353877e-05 1800
1764439769793 1.9339480316910213e-05 1805
1764439812382 1.9087623740964943e-05 1810
1764439855111 1.8837074675915577e-05 1815
1764439897748 1.8587843634299077e-05 1820
1764439940473 1.8339941073350796e-05 1825
1764439983155 1.8093377394565693e-05 1830
1764440025880 1.784816294326189e-05 1835
1764440068593 1.7604308008146684e-05 1840
1764440111207 1.7361822820884743e-05 1845
1764440153887 1.7120717555668877e-05 1850
1764440196545 1.688100232879313e-05 1855
1764440239266 1.664268719822831e-05 1860
1764440281936 1.6405782163200022e-05 1865
1764440324638 1.617029716376904e-05 1870
1764440367368 1.5936242080414326e-05 1875
1764440410115 1.5703626733618408e-05 1880
1764440452812 1.547246088345534e-05 1885
1764440495510 1.5242754229181242e-05 1890
1764440538170 1.5014516408827268e-05 1895
1764440580837 1.4787756998795246e-05 1900
1764440623564 1.456248551345584e-05 1905
1764440666195 1.4338711404749443e-05 1910
1764440708896 1.411644406178946e-05 1915
1764440751451 1.3895692810468444e-05 1920
1764440793996 1.367646691306677e-05 1925
1764440836537 1.3458775567864055e-05 1930
1764440879217 1.3242627908753143e-05 1935
1764440921785 1.3028033004856902e-05 1940
1764440964435 1.28149998601477e-05 1945
1764441007009 1.260353741306965e-05 1950
1764441049569 1.2393654536163508e-05 1955
1764441092081 1.2185360035694432e-05 1960
1764441134596 1.1978662651282497e-05 1965
1764441177152 1.1773571055535953e-05 1970
1764441219687 1.1570093853687437e-05 1975
1764441262264 1.1368239583232797e-05 1980
1764441304996 1.1168016713572953e-05 1985
1764441347503 1.0969433645658507e-05 1990
1764441390036 1.0772498711637272e-05 1995
1764441471920 1.0577220174504632e-05 2000
1764441514538 1.0383606227756942e-05 2005
1764441557184 1.0191664995047617e-05 2010
1764441599808 1.0001404529846367e-05 2015
1764441642303 9.812832815101253e-06 2020
1764441684861 9.625957762903747e-06 2025
1764441727864 9.440787214156792e-06 2030
1764441770423 9.257328938245738e-06 2035
1764441813089 9.075590632712415e-06 2040
1764441855678 8.89557992293214e-06 2045
1764441898146 8.717304361793747e-06 2050
1764441940740 8.540771429382772e-06 2055
1764441983325 8.365988532667477e-06 2060
1764442025820 8.192963005188156e-06 2065
1764442068332 8.021702106749404e-06 2070
1764442111072 7.852213023115524e-06 2075
1764442153790 7.684502865708997e-06 2080
1764442196341 7.518578671312167e-06 2085
1764442238970 7.354447401771903e-06 2090
1764442281698 7.192115943707552e-06 2095
1764442324363 7.031591108221981e-06 2100
1764442367055 6.872879630615776e-06 2105
1764442409843 6.715988170104687e-06 2110
1764442452577 6.5609233095401714e-06 2115
1764442495206 6.40769155513321e-06 2120
1764442537909 6.256299336181327e-06 2125
1764442580634 6.1067530047988214e-06 2130
1764442623296 5.959058835650235e-06 2135
1764442665934 5.813223025687131e-06 2140
1764442708560 5.6692516938880015e-06 2145
1764442751298 5.5271508810015825e-06 2150
1764442793971 5.386926549293384e-06 2155
1764442836517 5.248584582295515e-06 2160
1764442878970 5.1121307845598545e-06 2165
1764442921558 4.977570881414464e-06 2170
1764442964200 4.844910518723378e-06 2175
1764443006803 4.714155262649722e-06 2180
1764443049458 4.58531059942217e-06 2185
1764443092143 4.458381935104732e-06 2190
1764443134904 4.333374595369962e-06 2195
1764443177400 4.210293825275464e-06 2200
1764443219942 4.08914478904385e-06 2205
1764443262538 3.969932569846034e-06 2210
1764443305051 3.852662169587984e-06 2215
1764443347555 3.7373385087008225e-06 2220
1764443390114 3.6239664259343993e-06 2225
1764443432720 3.5125506781542304e-06 2230
1764443475239 3.4030959401419616e-06 2235
1764443517813 3.2956068043991803e-06 2240
1764443560410 3.1900877809547343e-06 2245
1764443602962 3.086543297175532e-06 2250
1764443657805 2.984977697580726e-06 2255
1764443700383 2.8853952436594585e-06 2260
1764443742973 2.78780011369205e-06 2265
1764443785549 2.6921964025746904e-06 2270
1764443828123 2.598588121647629e-06 2275
1764443870999 2.5069791985268554e-06 2280
1764443913689 2.4173734769393043e-06 2285
1764443956387 2.329774716561598e-06 2290
1764443999138 2.244186592862267e-06 2295
1764444041924 2.160612696947583e-06 2300
1764444084650 2.079056535410823e-06 2305
1764444127407 1.9995215301851907e-06 2310
1764444170176 1.9220110184002116e-06 2315
1764444212684 1.8465282522417237e-06 2320
1764444255119 1.7730763988154201e-06 2325
1764444297719 1.7016585400139507e-06 2330
1764444340324 1.6322776723876526e-06 2335
1764444382985 1.5649367070187623e-06 2340
1764444425582 1.4996384693993209e-06 2345
1764444468219 1.436385699312594e-06 2350
1764444510963 1.3751810507181466e-06 2355
1764444553685 1.3160270916404368e-06 2360
1764444596330 1.2589263040611275e-06 2365
1764444639019 1.2038810838148928e-06 2370
1764444681709 1.1508937404889324e-06 2375
1764444724385 1.0999664973260528e-06 2380
1764444766999 1.0511014911313833e-06 2385
1764444809590 1.00430077218271e-06 2390
1764444852269 9.595663041444708e-07 2395
1764444894930 9.168999639853488e-07 2400
1764444937652 8.76303541899523e-07 2405
1764444980377 8.377787412315637e-07 2410
1764445023087 8.013271784049486e-07 2415
1764445065671 7.669503828542468e-07 2420
1764445108364 7.346497969609543e-07 2425
1764445151094 7.044267759929519e-07 2430
1764445193868 6.762825880476815e-07 2435
1764445236512 6.502184139988955e-07 2440
1764445279222 6.262353474471331e-07 2445
1764445321914 6.043343946738447e-07 2450
1764445364575 5.845164745991375e-07 2455
1764445407232 5.66782418743245e-07 2460
1764445449879 5.511329711916352e-07 2465
1764445492618 5.375687885637878e-07 2470
1764445535300 5.260904399856319e-07 2475
1764445577866 5.16698407065697e-07 2480
1764445620497 5.09393083874864e-07 2485
1764445663109 5.041747769298662e-07 2490
1764445705714 5.010437051804101e-07 2495
1764445760005 5.000000000000001e-07 2500
