1764424149187 1.1171875 5
1764424191817 1.2265625 10
1764424234674 1.1302083333333333 15
1764424277353 1.1536458333333333 20
1764424319965 1.1510416666666665 25
1764424362623 1.1197916666666665 30
1764424405335 1.125 35
1764424447934 1.2161458333333333 40
1764424490575 1.1692708333333333 45
1764424533182 1.0729166666666665 50
1764424575806 1.109375 55
1764424618392 1.0885416666666665 60
1764424661180 1.1015625 65
1764424703897 1.0729166666666665 70
1764424746614 1.0625 75
1764424789362 1.02734375 80
1764424832145 1.0859375 85
1764424874839 1.0546875 90
1764424917523 1.0963541666666665 95
1764424960263 1.0859375 100
1764425002958 0.9713541666666666 105
1764425045724 1.1145833333333333 110
1764425088403 1.0703125 115
1764425131170 1.03125 120
1764425173763 1.0989583333333333 125
1764425216297 1.0833333333333333 130
1764425258967 1.0286458333333333 135
1764425301596 1.0442708333333333 140
1764425344230 1.0651041666666665 145
1764425386797 1.0989583333333333 150
1764425429288 1.0390625 155
1764425471976 0.9895833333333333 160
1764425514618 1.1015625 165
1764425557170 1.1067708333333333 170
1764425599695 1.1510416666666665 175
1764425642314 1.0729166666666665 180
1764425684803 0.9973958333333333 185
1764425727466 1.03125 190
1764425770118 1.0390625 195
1764425812843 0.9466145833333333 200
1764425855459 1.01171875 205
1764425898165 1.05859375 210
1764425940845 1.0234375 215
1764425983565 1.0911458333333333 220
1764426026190 1.0598958333333333 225
1764426068862 1.0572916666666665 230
1764426111580 1.0989583333333333 235
1764426154309 0.9934895833333333 240
1764426196905 1.046875 245
1764426239563 1.09375 250
1764426320086 1.0130208333333333 255
1764426362779 0.9401041666666666 260
1764426405524 1.0390625 265
1764426448137 1.0703125 270
1764426490896 1.0677083333333333 275
1764426533540 1.0286458333333333 280
1764426576223 1.015625 285
1764426618909 0.9661458333333333 290
1764426661564 1.1171875 295
1764426704283 0.9453125 300
1764426746908 1.08984375 305
1764426789577 0.8958333333333333 310
1764426832199 1.0286458333333333 315
1764426874701 1.01953125 320
1764426917348 1.0520833333333333 325
1764426959906 1.1015625 330
1764427002477 1.0208333333333333 335
1764427045129 1.0755208333333333 340
1764427087685 1.0182291666666665 345
1764427130307 1.0104166666666665 350
1764427173056 1.0885416666666665 355
1764427215739 0.9895833333333333 360
1764427258469 0.9973958333333333 365
1764427301154 0.9596354166666666 370
1764427343779 0.9947916666666666 375
1764427386507 0.9895833333333333 380
1764427429217 1.0885416666666665 385
1764427471838 0.9739583333333333 390
1764427514498 0.9778645833333333 395
1764427557156 1.0572916666666665 400
1764427599813 0.9856770833333333 405
1764427642455 1.0208333333333333 410
1764427685067 1.0260416666666665 415
1764427727637 0.9388020833333333 420
1764427770291 0.98828125 425
1764427812792 1.0182291666666665 430
1764427855425 0.8984375 435
1764427897959 1.0729166666666665 440
1764427940445 0.9791666666666666 445
1764427982985 1.0208333333333333 450
1764428025519 0.9544270833333333 455
1764428068166 0.9661458333333333 460
1764428110881 0.9505208333333333 465
1764428153453 1.00390625 470
1764428196021 1.00390625 475
1764428238654 0.98046875 480
1764428281209 0.9244791666666666 485
1764428323755 1.0 490
1764428366360 0.9674479166666666 495
1764428409006 0.9791666666666666 500
1764428490040 0.9557291666666666 505
1764428532728 0.90234375 510
1764428575351 0.9635416666666666 515
1764428617948 0.9479166666666666 520
1764428660514 1.03125 525
1764428703122 1.0 530
1764428745673 1.05078125 535
1764428788234 1.0130208333333333 540
1764428830890 0.984375 545
1764428873482 0.9361979166666666 550
1764428916006 1.0130208333333333 555
1764428958519 0.9427083333333333 560
1764429001040 0.8671875 565
1764429043582 0.9739583333333333 570
1764429086145 0.9049479166666666 575
1764429128790 0.9713541666666666 580
1764429171504 0.9622395833333333 585
1764429214102 0.9036458333333333 590
1764429256877 0.9036458333333333 595
1764429299632 0.9348958333333333 600
1764429342284 1.0416666666666665 605
1764429384907 0.9088541666666666 610
1764429427611 0.921875 615
1764429470241 0.98828125 620
1764429512967 1.0 625
1764429555645 1.0130208333333333 630
1764429598268 0.9791666666666666 635
1764429640788 0.9244791666666666 640
1764429683275 0.9700520833333333 645
1764429725863 1.0026041666666665 650
1764429768473 0.9557291666666666 655
1764429811033 1.0208333333333333 660
1764429853681 0.890625 665
1764429896244 0.9479166666666666 670
1764429938805 0.9244791666666666 675
1764429981490 0.9427083333333333 680
1764430024005 1.0052083333333333 685
1764430066568 0.9192708333333333 690
1764430109125 0.9361979166666666 695
1764430151719 0.9361979166666666 700
1764430194299 0.8723958333333333 705
1764430236897 0.9036458333333333 710
1764430279573 0.8997395833333333 715
1764430322316 0.9518229166666666 720
1764430364922 0.9166666666666666 725
1764430407615 0.9153645833333333 730
1764430450341 0.9283854166666666 735
1764430493045 0.9908854166666666 740
1764430535764 0.9283854166666666 745
1764430578468 0.9231770833333333 750
1764430660087 0.8697916666666666 755
1764430702737 0.9309895833333333 760
1764430745276 0.98828125 765
1764430787795 0.8736979166666666 770
1764430830438 0.8893229166666666 775
1764430873137 0.9088541666666666 780
1764430915852 0.88671875 785
1764430958457 0.9596354166666666 790
1764431001089 0.8372395833333333 795
1764431043672 0.9453125 800
1764431086162 0.8723958333333333 805
1764431128753 0.9296875 810
1764431171268 0.9661458333333333 815
1764431213744 0.984375 820
1764431256321 0.8802083333333333 825
1764431299029 0.9479166666666666 830
1764431341755 0.9973958333333333 835
1764431384357 1.0143229166666665 840
1764431426952 0.9270833333333333 845
1764431469521 0.9010416666666666 850
1764431512109 0.9635416666666666 855
1764431554577 0.953125 860
1764431597124 0.8971354166666666 865
1764431639710 0.9401041666666666 870
1764431682378 1.0078125 875
1764431725028 0.93359375 880
1764431767616 1.0078125 885
1764431810259 0.9375 890
1764431852913 0.9192708333333333 895
1764431895579 0.96875 900
1764431938090 0.9088541666666666 905
1764431980592 0.8580729166666666 910
1764432023119 0.95703125 915
1764432065839 0.9401041666666666 920
1764432108554 0.94921875 925
1764432151212 0.8958333333333333 930
1764432193926 0.8411458333333333 935
1764432236529 1.0130208333333333 940
1764432279227 0.953125 945
1764432321902 0.9869791666666666 950
1764432364592 0.9830729166666666 955
1764432407278 0.8984375 960
1764432449955 0.984375 965
1764432492580 0.9244791666666666 970
1764432535309 0.9270833333333333 975
1764432578072 0.8671875 980
1764432620789 0.953125 985
1764432663463 1.1223958333333333 990
1764432706189 0.9348958333333333 995
1764432748911 0.9205729166666666 1000
1764432830358 0.8815104166666666 1005
1764432873001 0.82421875 1010
1764432915528 0.9309895833333333 1015
1764432958146 0.8984375 1020
1764433000683 0.87109375 1025
1764433043282 0.9322916666666666 1030
1764433086004 0.9440104166666666 1035
1764433128913 0.9479166666666666 1040
1764433171537 0.9453125 1045
1764433214074 0.8971354166666666 1050
1764433256567 0.8216145833333333 1055
1764433299092 0.8958333333333333 1060
1764433341616 0.9270833333333333 1065
1764433384203 0.81640625 1070
1764433426793 0.796875 1075
1764433469403 0.9348958333333333 1080
1764433511959 0.859375 1085
1764433554507 0.9479166666666666 1090
1764433597148 0.9114583333333333 1095
1764433639744 0.9205729166666666 1100
1764433682353 0.8932291666666666 1105
1764433725107 0.9153645833333333 1110
1764433767806 0.96875 1115
1764433810238 0.8841145833333333 1120
1764433852763 0.9127604166666666 1125
1764433895305 0.8177083333333333 1130
1764433937786 0.87890625 1135
1764433980377 0.7721354166666666 1140
1764434022990 0.9036458333333333 1145
1764434065554 0.828125 1150
1764434108223 0.90625 1155
1764434150849 0.9127604166666666 1160
1764434193513 0.875 1165
1764434236187 0.8333333333333333 1170
1764434278936 0.9557291666666666 1175
1764434321725 0.9557291666666666 1180
1764434364494 0.92578125 1185
1764434407159 0.9205729166666666 1190
1764434449742 0.9596354166666666 1195
1764434492305 0.9869791666666666 1200
1764434534926 0.7942708333333333 1205
1764434577647 0.9166666666666666 1210
1764434620272 0.9466145833333333 1215
1764434662962 0.9895833333333333 1220
1764434705558 0.8841145833333333 1225
1764434748222 0.94921875 1230
1764434790914 0.9466145833333333 1235
1764434833546 0.8216145833333333 1240
1764434876276 0.8359375 1245
1764434918939 0.8645833333333333 1250
1764435000416 0.8138020833333333 1255
1764435043098 0.9934895833333333 1260
1764435085637 0.8802083333333333 1265
1764435128166 0.8489583333333333 1270
1764435170829 0.9049479166666666 1275
1764435213612 0.8346354166666666 1280
1764435256321 0.90625 1285
1764435299233 0.86328125 1290
1764435341858 0.9153645833333333 1295
1764435384417 0.8880208333333333 1300
1764435426948 0.9244791666666666 1305
1764435469557 0.9153645833333333 1310
1764435512135 0.7955729166666666 1315
1764435554860 0.8776041666666666 1320
1764435597399 0.8307291666666666 1325
1764435639975 0.8763020833333333 1330
1764435682608 0.8841145833333333 1335
1764435725288 0.8736979166666666 1340
1764435767928 0.8984375 1345
1764435810448 0.85546875 1350
1764435852984 0.9427083333333333 1355
1764435895587 0.9010416666666666 1360
1764435938095 0.8580729166666666 1365
1764435980700 0.859375 1370
1764436023395 0.8671875 1375
1764436066015 0.9140625 1380
1764436108595 0.92578125 1385
1764436151218 0.9388020833333333 1390
1764436193731 0.9010416666666666 1395
1764436236343 0.8919270833333333 1400
1764436279063 0.89453125 1405
1764436321787 0.8580729166666666 1410
1764436364459 0.89453125 1415
1764436407189 0.984375 1420
1764436449912 0.8697916666666666 1425
1764436492613 0.83203125 1430
1764436535308 0.84375 1435
1764436577955 0.8984375 1440
1764436620655 0.8919270833333333 1445
1764436663481 0.88671875 1450
1764436706317 0.8567708333333333 1455
1764436748990 0.90625 1460
1764436791719 0.8723958333333333 1465
1764436834432 0.8841145833333333 1470
1764436877151 0.9322916666666666 1475
1764436919875 0.7721354166666666 1480
1764436962413 0.8463541666666666 1485
1764437004974 0.8776041666666666 1490
1764437047598 0.8515625 1495
1764437090143 0.8203125 1500
1764437171722 0.921875 1505
1764437214321 0.9192708333333333 1510
1764437256888 0.7994791666666666 1515
1764437299667 0.8346354166666666 1520
1764437342250 0.8776041666666666 1525
1764437384783 0.8776041666666666 1530
1764437427332 0.8203125 1535
1764437470013 0.8645833333333333 1540
1764437512536 0.8854166666666666 1545
1764437555075 0.828125 1550
1764437597544 0.8658854166666666 1555
1764437640099 0.83203125 1560
1764437682571 0.87890625 1565
1764437725181 0.86328125 1570
1764437767788 0.90625 1575
1764437810385 0.8372395833333333 1580
1764437852914 0.8802083333333333 1585
1764437895372 0.7825520833333333 1590
1764437937872 0.8203125 1595
1764437980547 0.91796875 1600
1764438023251 0.89453125 1605
1764438065983 0.8854166666666666 1610
1764438108620 0.7161458333333333 1615
1764438151304 0.9505208333333333 1620
1764438194044 0.8411458333333333 1625
1764438236718 0.796875 1630
1764438279339 0.8828125 1635
1764438322153 0.87109375 1640
1764438364855 0.8359375 1645
1764438407542 0.84375 1650
1764438450294 0.9088541666666666 1655
1764438492824 0.9309895833333333 1660
1764438535412 0.82421875 1665
1764438577960 0.8268229166666666 1670
1764438620521 0.86328125 1675
1764438663261 0.8255208333333333 1680
1764438705913 0.84765625 1685
1764438748631 0.8450520833333333 1690
1764438791398 0.8216145833333333 1695
1764438834070 0.8828125 1700
1764438876703 0.8697916666666666 1705
1764438919413 0.9947916666666666 1710
1764438962119 0.8958333333333333 1715
1764439004827 0.828125 1720
1764439047495 0.8854166666666666 1725
1764439090276 0.9153645833333333 1730
1764439132912 0.9010416666666666 1735
1764439175562 0.8606770833333333 1740
1764439218268 0.7864583333333333 1745
1764439260933 0.8580729166666666 1750
1764439342890 0.7903645833333333 1755
1764439385672 0.87890625 1760
1764439428352 0.8333333333333333 1765
1764439471084 0.8671875 1770
1764439513724 0.7669270833333333 1775
1764439556425 0.8151041666666666 1780
1764439599084 0.8854166666666666 1785
1764439641710 0.8932291666666666 1790
1764439684291 0.8932291666666666 1795
1764439727124 0.8515625 1800
1764439769793 0.8580729166666666 1805
1764439812382 0.83984375 1810
1764439855111 0.8658854166666666 1815
1764439897748 0.9322916666666666 1820
1764439940473 0.8854166666666666 1825
1764439983155 0.90625 1830
1764440025880 0.796875 1835
1764440068593 0.8359375 1840
1764440111207 0.84375 1845
1764440153887 0.8567708333333333 1850
1764440196545 0.77734375 1855
1764440239266 0.8138020833333333 1860
1764440281936 0.83984375 1865
1764440324638 0.8255208333333333 1870
1764440367368 0.9088541666666666 1875
1764440410115 0.8763020833333333 1880
1764440452812 0.8958333333333333 1885
1764440495510 0.82421875 1890
1764440538170 0.8424479166666666 1895
1764440580837 0.8828125 1900
1764440623564 0.8645833333333333 1905
1764440666195 0.8828125 1910
1764440708896 0.8802083333333333 1915
1764440751451 0.90234375 1920
1764440793996 0.8385416666666666 1925
1764440836537 0.7903645833333333 1930
1764440879217 0.9479166666666666 1935
1764440921785 0.8958333333333333 1940
1764440964435 0.82421875 1945
1764441007009 0.8697916666666666 1950
1764441049569 0.8697916666666666 1955
1764441092081 0.8203125 1960
1764441134596 0.88671875 1965
1764441177152 0.78515625 1970
1764441219687 0.8658854166666666 1975
1764441262264 0.7942708333333333 1980
1764441304996 0.8541666666666666 1985
1764441347503 0.7421875 1990
1764441390036 0.8177083333333333 1995
1764441471920 0.8372395833333333 2000
1764441514538 0.8645833333333333 2005
1764441557184 0.8828125 2010
1764441599808 0.8697916666666666 2015
1764441642303 0.8489583333333333 2020
1764441684861 0.8138020833333333 2025
1764441727864 0.859375 2030
1764441770423 0.7955729166666666 2035
1764441813089 0.8697916666666666 2040
1764441855678 0.8502604166666666 2045
1764441898146 0.8854166666666666 2050
1764441940740 0.8802083333333333 2055
1764441983325 0.8802083333333333 2060
1764442025820 0.9296875 2065
1764442068332 0.8125 2070
1764442111072 0.8515625 2075
1764442153790 0.890625 2080
1764442196341 0.859375 2085
1764442238970 0.8216145833333333 2090
1764442281698 0.8059895833333333 2095
1764442324363 0.8658854166666666 2100
1764442367055 0.8541666666666666 2105
1764442409843 0.7877604166666666 2110
1764442452577 0.8580729166666666 2115
1764442495206 0.8411458333333333 2120
1764442537909 0.8098958333333333 2125
1764442580634 0.9153645833333333 2130
1764442623296 0.796875 2135
1764442665934 0.9192708333333333 2140
1764442708560 0.8268229166666666 2145
1764442751298 0.8645833333333333 2150
1764442793971 0.87890625 2155
1764442836517 1.0104166666666665 2160
1764442878970 0.80078125 2165
1764442921558 0.7786458333333333 2170
1764442964200 0.8268229166666666 2175
1764443006803 0.88671875 2180
1764443049458 0.8645833333333333 2185
1764443092143 0.7239583333333333 2190
1764443134904 0.8229166666666666 2195
1764443177400 0.8828125 2200
1764443219942 0.81640625 2205
1764443262538 0.9192708333333333 2210
1764443305051 0.88671875 2215
1764443347555 0.8463541666666666 2220
1764443390114 0.8346354166666666 2225
1764443432720 0.9361979166666666 2230
1764443475239 0.8723958333333333 2235
1764443517813 0.8541666666666666 2240
1764443560410 0.8541666666666666 2245
1764443602962 0.8450520833333333 2250
1764443657805 0.8424479166666666 2255
1764443700383 0.7838541666666666 2260
1764443742973 0.80078125 2265
1764443785549 0.9283854166666666 2270
1764443828123 0.8033854166666666 2275
1764443870999 0.8424479166666666 2280
1764443913689 0.8645833333333333 2285
1764443956387 0.8463541666666666 2290
1764443999138 0.8450520833333333 2295
1764444041924 0.8736979166666666 2300
1764444084650 0.8033854166666666 2305
1764444127407 0.8111979166666666 2310
1764444170176 0.8177083333333333 2315
1764444212684 0.8763020833333333 2320
1764444255119 0.8411458333333333 2325
1764444297719 0.85546875 2330
1764444340324 0.8606770833333333 2335
1764444382985 0.8372395833333333 2340
1764444425582 0.8736979166666666 2345
1764444468219 0.8268229166666666 2350
1764444510963 0.8020833333333333 2355
1764444553685 0.8385416666666666 2360
1764444596330 0.9583333333333333 2365
1764444639019 0.9440104166666666 2370
1764444681709 0.7421875 2375
1764444724385 0.828125 2380
1764444766999 0.859375 2385
1764444809590 0.7942708333333333 2390
1764444852269 0.828125 2395
1764444894930 0.8567708333333333 2400
1764444937652 0.9453125 2405
1764444980377 0.89453125 2410
1764445023087 0.8658854166666666 2415
1764445065671 0.8307291666666666 2420
1764445108364 0.7578125 2425
1764445151094 0.85546875 2430
1764445193868 0.8893229166666666 2435
1764445236512 0.8645833333333333 2440
1764445279222 0.8893229166666666 2445
1764445321914 0.828125 2450
1764445364575 0.890625 2455
1764445407232 0.80078125 2460
1764445449879 0.8541666666666666 2465
1764445492618 0.8059895833333333 2470
1764445535300 0.8528645833333333 2475
1764445577866 0.8645833333333333 2480
1764445620497 0.8098958333333333 2485
1764445663109 0.8671875 2490
1764445705714 0.7669270833333333 2495
1764445760005 0.8255208333333333 2500
