1764755640460 0.78125 5
1764755688433 0.734375 10
1764755736066 0.734375 15
1764755784131 0.83984375 20
1764755832266 1.0 25
1764755880328 0.3203125 30
1764755927993 1.0 35
1764755975943 0.396484375 40
1764756023655 0.67578125 45
1764756071563 0.384765625 50
1764756119516 0.357421875 55
1764756167310 0.55078125 60
1764756215166 0.1357421875 65
1764756263212 0.173828125 70
1764756310983 0.1953125 75
1764756358811 0.341796875 80
1764756406910 1.0 85
1764756454713 0.27734375 90
1764756502635 0.5 95
1764756550489 0.671875 100
1764756598389 0.380859375 105
1764756646147 0.828125 110
1764756694229 0.828125 115
1764756741998 0.2109375 120
1764756790217 0.279296875 125
1764756838355 0.9765625 130
1764756886279 0.51953125 135
1764756934222 0.21875 140
1764756981795 0.306640625 145
1764757029317 0.28125 150
1764757077621 1.0 155
1764757125742 0.189453125 160
1764757173479 0.5703125 165
1764757242761 0.26953125 170
1764757291309 0.30859375 175
1764757340305 0.443359375 180
1764757389220 0.423828125 185
1764757437842 0.66015625 190
1764757486334 0.546875 195
1764757534088 0.9765625 200
1764757582013 0.435546875 205
1764757629577 0.1748046875 210
1764757677595 0.1591796875 215
1764757725179 0.6484375 220
1764757773222 1.0 225
1764757821287 0.1591796875 230
1764757869255 0.23046875 235
1764757917645 0.2333984375 240
1764757965794 0.1181640625 245
1764758013438 0.6328125 250
1764758061356 0.40234375 255
1764758109351 0.15625 260
1764758157275 0.12890625 265
1764758204947 0.390625 270
1764758252894 0.64453125 275
1764758300671 0.1826171875 280
1764758348422 0.390625 285
1764758396339 0.67578125 290
1764758444013 0.2099609375 295
1764758492109 0.251953125 300
1764758540120 0.6015625 305
1764758588079 0.1845703125 310
1764758635942 0.8984375 315
1764758684076 0.5 320
1764758732031 0.392578125 325
1764758779895 0.3671875 330
1764758844898 0.75390625 335
1764758893052 0.1259765625 340
1764758940983 0.64453125 345
1764758988966 0.46875 350
1764759036761 0.12890625 355
1764759084867 0.369140625 360
1764759133081 0.1533203125 365
1764759180905 0.1396484375 370
1764759229066 0.1865234375 375
1764759277072 0.65234375 380
1764759325042 0.2255859375 385
1764759373450 0.412109375 390
1764759421579 0.265625 395
1764759469539 0.1708984375 400
1764759517169 0.11474609375 405
1764759565003 0.68359375 410
1764759612947 0.3984375 415
1764759660679 0.71484375 420
1764759708397 0.3125 425
1764759756604 0.8671875 430
1764759804619 0.287109375 435
1764759852487 0.275390625 440
1764759900351 0.255859375 445
1764759948217 0.3046875 450
1764759996478 0.31640625 455
1764760044253 0.69140625 460
1764760092383 0.380859375 465
1764760140389 0.11279296875 470
1764760188602 0.1220703125 475
1764760236284 0.333984375 480
1764760284069 0.53125 485
1764760331934 0.1943359375 490
1764760379755 0.30078125 495
1764760445172 0.921875 500
1764760493320 0.259765625 505
1764760541226 0.30078125 510
1764760589118 0.146484375 515
1764760637300 0.154296875 520
1764760685627 0.150390625 525
1764760733529 0.63671875 530
1764760781813 0.12451171875 535
1764760829857 0.69921875 540
1764760877632 0.263671875 545
1764760925575 0.2392578125 550
1764760973256 0.19140625 555
1764761021194 0.3828125 560
1764761069036 0.1455078125 565
1764761116911 0.49609375 570
1764761164816 0.57421875 575
1764761213007 0.1435546875 580
1764761261035 0.2451171875 585
1764761308729 0.138671875 590
1764761356900 0.1416015625 595
1764761404707 0.2265625 600
1764761452754 0.49609375 605
1764761500567 0.361328125 610
1764761548448 0.21484375 615
1764761596367 0.22265625 620
1764761644317 0.181640625 625
1764761692093 0.353515625 630
1764761740323 0.84765625 635
1764761788385 0.1826171875 640
1764761836052 0.2197265625 645
1764761884210 0.12109375 650
1764761932308 0.1572265625 655
1764761979974 0.1748046875 660
1764762028129 0.35546875 665
1764762093011 0.232421875 670
1764762140757 0.22265625 675
1764762188271 0.2314453125 680
1764762236009 0.2490234375 685
1764762283984 0.12255859375 690
1764762331929 0.337890625 695
1764762379654 0.26953125 700
1764762427589 0.1708984375 705
1764762475637 0.28515625 710
1764762523317 0.130859375 715
1764762571347 0.48046875 720
1764762619758 0.1982421875 725
1764762667367 0.142578125 730
1764762715294 0.1943359375 735
1764762763286 0.1982421875 740
1764762811281 0.154296875 745
1764762858983 0.26953125 750
1764762906963 0.1787109375 755
1764762955054 0.2041015625 760
1764763003146 0.1337890625 765
1764763051031 0.265625 770
1764763098783 0.1708984375 775
1764763146617 0.259765625 780
1764763194525 0.34765625 785
1764763242145 0.423828125 790
1764763290011 0.4765625 795
1764763337973 0.345703125 800
1764763385728 0.2021484375 805
1764763433719 0.23046875 810
1764763481659 0.2255859375 815
1764763529758 0.2041015625 820
1764763577631 0.25 825
1764763626328 0.12255859375 830
1764763695294 0.318359375 835
1764763743862 0.265625 840
1764763792293 0.56640625 845
1764763840992 0.470703125 850
1764763889754 0.1767578125 855
1764763938196 0.447265625 860
1764763986477 0.4609375 865
1764764034282 0.255859375 870
1764764081861 0.33203125 875
1764764129789 0.1181640625 880
1764764177237 0.326171875 885
1764764225136 0.34765625 890
1764764273010 0.32421875 895
1764764320790 0.46484375 900
1764764368635 0.3125 905
1764764416582 0.205078125 910
1764764464430 0.33984375 915
1764764512257 0.333984375 920
1764764560590 0.53515625 925
1764764608515 0.16015625 930
1764764656280 0.21484375 935
1764764704223 0.39453125 940
1764764752388 0.1748046875 945
1764764800010 0.166015625 950
1764764847785 0.71875 955
1764764895524 0.2353515625 960
1764764942854 0.203125 965
1764764990664 0.375 970
1764765038335 0.1337890625 975
1764765086294 0.26953125 980
1764765134066 0.1591796875 985
1764765181784 0.2412109375 990
1764765230011 0.1513671875 995
1764765299706 0.40234375 1000
1764765348340 0.2431640625 1005
1764765397037 0.19921875 1010
1764765445483 0.181640625 1015
1764765494064 0.5546875 1020
1764765542597 0.1865234375 1025
1764765590637 0.2236328125 1030
1764765638769 0.419921875 1035
1764765686863 0.3203125 1040
1764765734854 0.345703125 1045
1764765783075 0.2197265625 1050
1764765830933 0.263671875 1055
1764765878638 0.20703125 1060
1764765926903 0.23828125 1065
1764765974910 0.28125 1070
1764766022705 0.2392578125 1075
1764766070515 0.318359375 1080
1764766118540 0.1708984375 1085
1764766166545 0.1962890625 1090
1764766214614 0.380859375 1095
1764766262178 0.2412109375 1100
1764766310106 0.41796875 1105
1764766358018 0.2236328125 1110
1764766405894 0.2119140625 1115
1764766454033 0.20703125 1120
1764766502273 0.17578125 1125
1764766550322 0.376953125 1130
1764766598146 0.33203125 1135
1764766645744 0.244140625 1140
1764766693772 0.31640625 1145
1764766741763 0.171875 1150
1764766789995 0.4921875 1155
1764766838112 0.294921875 1160
1764766885798 0.3046875 1165
1764766951153 0.498046875 1170
1764766998891 0.287109375 1175
1764767046884 0.1962890625 1180
1764767094688 0.2236328125 1185
1764767142408 0.365234375 1190
1764767190621 0.1689453125 1195
1764767238740 0.3828125 1200
1764767286623 0.1669921875 1205
1764767334510 0.15625 1210
1764767382633 0.173828125 1215
1764767430782 0.421875 1220
1764767478756 0.17578125 1225
1764767526554 0.28515625 1230
1764767574080 0.306640625 1235
1764767622177 0.27734375 1240
1764767670395 0.25 1245
1764767718256 0.333984375 1250
1764767766473 0.435546875 1255
1764767814267 0.14453125 1260
1764767862291 0.1845703125 1265
1764767910260 0.51171875 1270
1764767957794 0.275390625 1275
1764768005457 0.22265625 1280
1764768053468 0.22265625 1285
1764768101289 0.2255859375 1290
1764768149400 0.1845703125 1295
1764768197607 0.21875 1300
1764768245350 0.40625 1305
1764768293341 0.279296875 1310
1764768341304 0.34765625 1315
1764768389407 0.173828125 1320
1764768437255 0.1640625 1325
1764768485168 0.30078125 1330
1764768554791 0.1826171875 1335
1764768603514 0.23828125 1340
1764768652240 0.1875 1345
1764768700899 0.1865234375 1350
1764768749521 0.21484375 1355
1764768797457 0.1904296875 1360
1764768845348 0.25 1365
1764768893619 0.349609375 1370
1764768941570 0.162109375 1375
1764768989669 0.2470703125 1380
1764769037963 0.240234375 1385
1764769086088 0.1806640625 1390
1764769133831 0.16796875 1395
1764769181561 0.337890625 1400
1764769229401 0.1904296875 1405
1764769277564 0.314453125 1410
1764769325412 0.3671875 1415
1764769373282 0.25 1420
1764769420684 0.35546875 1425
1764769468623 0.169921875 1430
1764769516242 0.23828125 1435
1764769564293 0.349609375 1440
1764769612626 0.1650390625 1445
1764769660565 0.169921875 1450
1764769708232 0.166015625 1455
1764769756512 0.333984375 1460
1764769804544 0.212890625 1465
1764769852616 0.173828125 1470
1764769900265 0.173828125 1475
1764769948120 0.2099609375 1480
1764769995886 0.306640625 1485
1764770043692 0.1796875 1490
1764770091392 0.173828125 1495
1764770156569 0.38671875 1500
1764770204630 0.1787109375 1505
1764770252453 0.228515625 1510
1764770300413 0.1708984375 1515
1764770348345 0.279296875 1520
1764770396248 0.2373046875 1525
1764770443898 0.1708984375 1530
1764770491492 0.322265625 1535
1764770539525 0.162109375 1540
1764770587371 0.2578125 1545
1764770635391 0.2373046875 1550
1764770682980 0.1748046875 1555
1764770730948 0.201171875 1560
1764770778955 0.349609375 1565
1764770827018 0.193359375 1570
1764770874904 0.1796875 1575
1764770922853 0.37109375 1580
1764770970881 0.17578125 1585
1764771018998 0.2021484375 1590
1764771066809 0.1962890625 1595
1764771114952 0.1982421875 1600
1764771163001 0.2080078125 1605
1764771211302 0.271484375 1610
1764771259386 0.279296875 1615
1764771307441 0.26953125 1620
1764771355816 0.1787109375 1625
1764771403765 0.41015625 1630
1764771451989 0.1748046875 1635
1764771499836 0.21875 1640
1764771547887 0.1875 1645
1764771595814 0.17578125 1650
1764771643873 0.2060546875 1655
1764771691651 0.248046875 1660
1764771739678 0.1552734375 1665
