1764755640460 0.995 5
1764755688433 0.995 10
1764755736066 0.995 15
1764755784131 0.995 20
1764755832266 0.995 25
1764755880328 0.995 30
1764755927993 0.995 35
1764755975943 0.995 40
1764756023655 0.995 45
1764756071563 0.995 50
1764756119516 0.995 55
1764756167310 0.995 60
1764756215166 0.995 65
1764756263212 0.995 70
1764756310983 0.995 75
1764756358811 0.995 80
1764756406910 0.995 85
1764756454713 0.995 90
1764756502635 0.995 95
1764756550489 0.995 100
1764756598389 0.995 105
1764756646147 0.995 110
1764756694229 0.995 115
1764756741998 0.995 120
1764756790217 0.995 125
1764756838355 0.995 130
1764756886279 0.995 135
1764756934222 0.995 140
1764756981795 0.995 145
1764757029317 0.995 150
1764757077621 0.995 155
1764757125742 0.995 160
1764757173479 0.995 165
1764757242761 0.995 170
1764757291309 0.995 175
1764757340305 0.995 180
1764757389220 0.995 185
1764757437842 0.995 190
1764757486334 0.995 195
1764757534088 0.995 200
1764757582013 0.995 205
1764757629577 0.995 210
1764757677595 0.995 215
1764757725179 0.995 220
1764757773222 0.995 225
1764757821287 0.995 230
1764757869255 0.995 235
1764757917645 0.995 240
1764757965794 0.995 245
1764758013438 0.995 250
1764758061356 0.995 255
1764758109351 0.995 260
1764758157275 0.995 265
1764758204947 0.995 270
1764758252894 0.995 275
1764758300671 0.995 280
1764758348422 0.995 285
1764758396339 0.995 290
1764758444013 0.995 295
1764758492109 0.995 300
1764758540120 0.995 305
1764758588079 0.995 310
1764758635942 0.995 315
1764758684076 0.995 320
1764758732031 0.995 325
1764758779895 0.995 330
1764758844898 0.995 335
1764758893052 0.995 340
1764758940983 0.995 345
1764758988966 0.995 350
1764759036761 0.995 355
1764759084867 0.995 360
1764759133081 0.995 365
1764759180905 0.995 370
1764759229066 0.995 375
1764759277072 0.995 380
1764759325042 0.995 385
1764759373450 0.995 390
1764759421579 0.995 395
1764759469539 0.995 400
1764759517169 0.995 405
1764759565003 0.995 410
1764759612947 0.995 415
1764759660679 0.995 420
1764759708397 0.995 425
1764759756604 0.995 430
1764759804619 0.995 435
1764759852487 0.995 440
1764759900351 0.995 445
1764759948217 0.995 450
1764759996478 0.995 455
1764760044253 0.995 460
1764760092383 0.995 465
1764760140389 0.995 470
1764760188602 0.995 475
1764760236284 0.995 480
1764760284069 0.995 485
1764760331934 0.995 490
1764760379755 0.995 495
1764760445172 0.995 500
1764760493320 0.995 505
1764760541226 0.995 510
1764760589118 0.995 515
1764760637300 0.995 520
1764760685627 0.995 525
1764760733529 0.995 530
1764760781813 0.995 535
1764760829857 0.995 540
1764760877632 0.995 545
1764760925575 0.995 550
1764760973256 0.995 555
1764761021194 0.995 560
1764761069036 0.995 565
1764761116911 0.995 570
1764761164816 0.995 575
1764761213007 0.995 580
1764761261035 0.995 585
1764761308729 0.995 590
1764761356900 0.995 595
1764761404707 0.995 600
1764761452754 0.995 605
1764761500567 0.995 610
1764761548448 0.995 615
1764761596367 0.995 620
1764761644317 0.995 625
1764761692093 0.995 630
1764761740323 0.995 635
1764761788385 0.995 640
1764761836052 0.995 645
1764761884210 0.995 650
1764761932308 0.995 655
1764761979974 0.995 660
1764762028129 0.995 665
1764762093011 0.995 670
1764762140757 0.995 675
1764762188271 0.995 680
1764762236009 0.995 685
1764762283984 0.995 690
1764762331929 0.995 695
1764762379654 0.995 700
1764762427589 0.995 705
1764762475637 0.995 710
1764762523317 0.995 715
1764762571347 0.995 720
1764762619758 0.995 725
1764762667367 0.995 730
1764762715294 0.995 735
1764762763286 0.995 740
1764762811281 0.995 745
1764762858983 0.995 750
1764762906963 0.995 755
1764762955054 0.995 760
1764763003146 0.995 765
1764763051031 0.995 770
1764763098783 0.995 775
1764763146617 0.995 780
1764763194525 0.995 785
1764763242145 0.995 790
1764763290011 0.995 795
1764763337973 0.995 800
1764763385728 0.995 805
1764763433719 0.995 810
1764763481659 0.995 815
1764763529758 0.995 820
1764763577631 0.995 825
1764763626328 0.995 830
1764763695294 0.995 835
1764763743862 0.995 840
1764763792293 0.995 845
1764763840992 0.995 850
1764763889754 0.995 855
1764763938196 0.995 860
1764763986477 0.995 865
1764764034282 0.995 870
1764764081861 0.995 875
1764764129789 0.995 880
1764764177237 0.995 885
1764764225136 0.995 890
1764764273010 0.995 895
1764764320790 0.995 900
1764764368635 0.995 905
1764764416582 0.995 910
1764764464430 0.995 915
1764764512257 0.995 920
1764764560590 0.995 925
1764764608515 0.995 930
1764764656280 0.995 935
1764764704223 0.995 940
1764764752388 0.995 945
1764764800010 0.995 950
1764764847785 0.995 955
1764764895524 0.995 960
1764764942854 0.995 965
1764764990664 0.995 970
1764765038335 0.995 975
1764765086294 0.995 980
1764765134066 0.995 985
1764765181784 0.995 990
1764765230011 0.995 995
1764765299706 0.995 1000
1764765348340 0.995 1005
1764765397037 0.995 1010
1764765445483 0.995 1015
1764765494064 0.995 1020
1764765542597 0.995 1025
1764765590637 0.995 1030
1764765638769 0.995 1035
1764765686863 0.995 1040
1764765734854 0.995 1045
1764765783075 0.995 1050
1764765830933 0.995 1055
1764765878638 0.995 1060
1764765926903 0.995 1065
1764765974910 0.995 1070
1764766022705 0.995 1075
1764766070515 0.995 1080
1764766118540 0.995 1085
1764766166545 0.995 1090
1764766214614 0.995 1095
1764766262178 0.995 1100
1764766310106 0.995 1105
1764766358018 0.995 1110
1764766405894 0.995 1115
1764766454033 0.995 1120
1764766502273 0.995 1125
1764766550322 0.995 1130
1764766598146 0.995 1135
1764766645744 0.995 1140
1764766693772 0.995 1145
1764766741763 0.995 1150
1764766789995 0.995 1155
1764766838112 0.995 1160
1764766885798 0.995 1165
1764766951153 0.995 1170
1764766998891 0.995 1175
1764767046884 0.995 1180
1764767094688 0.995 1185
1764767142408 0.995 1190
1764767190621 0.995 1195
1764767238740 0.995 1200
1764767286623 0.995 1205
1764767334510 0.995 1210
1764767382633 0.995 1215
1764767430782 0.995 1220
1764767478756 0.995 1225
1764767526554 0.995 1230
1764767574080 0.995 1235
1764767622177 0.995 1240
1764767670395 0.995 1245
1764767718256 0.995 1250
1764767766473 0.995 1255
1764767814267 0.995 1260
1764767862291 0.995 1265
1764767910260 0.995 1270
1764767957794 0.995 1275
1764768005457 0.995 1280
1764768053468 0.995 1285
1764768101289 0.995 1290
1764768149400 0.995 1295
1764768197607 0.995 1300
1764768245350 0.995 1305
1764768293341 0.995 1310
1764768341304 0.995 1315
1764768389407 0.995 1320
1764768437255 0.995 1325
1764768485168 0.995 1330
1764768554791 0.995 1335
1764768603514 0.995 1340
1764768652240 0.995 1345
1764768700899 0.995 1350
1764768749521 0.995 1355
1764768797457 0.995 1360
1764768845348 0.995 1365
1764768893619 0.995 1370
1764768941570 0.995 1375
1764768989669 0.995 1380
1764769037963 0.995 1385
1764769086088 0.995 1390
1764769133831 0.995 1395
1764769181561 0.995 1400
1764769229401 0.995 1405
1764769277564 0.995 1410
1764769325412 0.995 1415
1764769373282 0.995 1420
1764769420684 0.995 1425
1764769468623 0.995 1430
1764769516242 0.995 1435
1764769564293 0.995 1440
1764769612626 0.995 1445
1764769660565 0.995 1450
1764769708232 0.995 1455
1764769756512 0.995 1460
1764769804544 0.995 1465
1764769852616 0.995 1470
1764769900265 0.995 1475
1764769948120 0.995 1480
1764769995886 0.995 1485
1764770043692 0.995 1490
1764770091392 0.995 1495
1764770156569 0.995 1500
1764770204630 0.995 1505
1764770252453 0.995 1510
1764770300413 0.995 1515
1764770348345 0.995 1520
1764770396248 0.995 1525
1764770443898 0.995 1530
1764770491492 0.995 1535
1764770539525 0.995 1540
1764770587371 0.995 1545
1764770635391 0.995 1550
1764770682980 0.995 1555
1764770730948 0.995 1560
1764770778955 0.995 1565
1764770827018 0.995 1570
1764770874904 0.995 1575
1764770922853 0.995 1580
1764770970881 0.995 1585
1764771018998 0.995 1590
1764771066809 0.995 1595
1764771114952 0.995 1600
1764771163001 0.995 1605
1764771211302 0.995 1610
1764771259386 0.995 1615
1764771307441 0.995 1620
1764771355816 0.995 1625
1764771403765 0.995 1630
1764771451989 0.995 1635
1764771499836 0.995 1640
1764771547887 0.995 1645
1764771595814 0.995 1650
1764771643873 0.995 1655
1764771691651 0.995 1660
1764771739678 0.995 1665
