1764755640460 3.0120486626506016e-06 5
1764755688433 6.024096825301204e-06 10
1764755736066 9.036144987951808e-06 15
1764755784131 1.2048193150602407e-05 20
1764755832266 1.5060241313253008e-05 25
1764755880328 1.8072289475903615e-05 30
1764755927993 2.1084337638554217e-05 35
1764755975943 2.4096385801204827e-05 40
1764756023655 2.710843396385543e-05 45
1764756071563 3.0120482126506043e-05 50
1764756119516 3.3132530289156655e-05 55
1764756167310 3.6144578451807265e-05 60
1764756215166 3.915662661445787e-05 65
1764756263212 4.2168674777108464e-05 70
1764756310983 4.518072293975907e-05 75
1764756358811 4.8192771102409676e-05 80
1764756406910 4.9999803072054596e-05 85
1764756454713 4.99975876682983e-05 90
1764756502635 4.9992910919717056e-05 95
1764756550489 4.998577328679893e-05 100
1764756598389 4.997617547233876e-05 105
1764756646147 4.9964118421368975e-05 110
1764756694229 4.994960332106653e-05 115
1764756741998 4.993263160063603e-05 120
1764756790217 4.9913204931168966e-05 125
1764756838355 4.9891325225479205e-05 130
1764756886279 4.9866994637914627e-05 135
1764756934222 4.984021556414504e-05 140
1764756981795 4.981099064092627e-05 145
1764757029317 4.9779322745840516e-05 150
1764757077621 4.9745214997013044e-05 155
1764757125742 4.970867075280515e-05 160
1764757173479 4.966969361148351e-05 165
1764757242761 4.962828741086584e-05 170
1764757291309 4.958445622794306e-05 175
1764757340305 4.95382043784778e-05 180
1764757389220 4.948953641657954e-05 185
1764757437842 4.94384571342561e-05 190
1764757486334 4.938497156094188e-05 195
1764757534088 4.932908496300262e-05 200
1764757582013 4.9270802843216835e-05 205
1764757629577 4.921013094023404e-05 210
1764757677595 4.914707522800965e-05 215
1764757725179 4.90816419152168e-05 220
1764757773222 4.901383744463501e-05 225
1764757821287 4.894366849251579e-05 230
1764757869255 4.8871141967925324e-05 235
1764757917645 4.879626501206411e-05 240
1764757965794 4.871904499756389e-05 245
1764758013438 4.863948952776164e-05 250
1764758061356 4.855760643595099e-05 255
1764758109351 4.847340378461088e-05 260
1764758157275 4.838688986461171e-05 265
1764758204947 4.8298073194399066e-05 270
1764758252894 4.820696251915483e-05 275
1764758300671 4.811356680993622e-05 280
1764758348422 4.80178952627924e-05 285
1764758396339 4.7919957297859066e-05 290
1764758444013 4.781976255843087e-05 295
1764758492109 4.7717320910011866e-05 300
1764758540120 4.761264243934425e-05 305
1764758588079 4.7505737453415005e-05 310
1764758635942 4.739661647844124e-05 315
1764758684076 4.728529025883357e-05 320
1764758732031 4.717176975613831e-05 325
1764758779895 4.705606614795809e-05 330
1764758844898 4.69381908268513e-05 335
1764758893052 4.6818155399210343e-05 340
1764758940983 4.6695971684118834e-05 345
1764758988966 4.657165171218784e-05 350
1764759036761 4.6445207724371314e-05 355
1764759084867 4.6316652170760784e-05 360
1764759133081 4.6185997709359566e-05 365
1764759180905 4.6053257204836294e-05 370
1764759229066 4.591844372725828e-05 375
1764759277072 4.5781570550804635e-05 380
1764759325042 4.564265115245914e-05 385
1764759373450 4.55016992106834e-05 390
1764759421579 4.535872860406989e-05 395
1764759469539 4.521375340997549e-05 400
1764759517169 4.506678790313536e-05 405
1764759565003 4.491784655425742e-05 410
1764759612947 4.47669440285975e-05 415
1764759660679 4.461409518451535e-05 420
1764759708397 4.445931507201165e-05 425
1764759756604 4.4302618931246136e-05 430
1764759804619 4.414402219103699e-05 435
1764759852487 4.398354046734168e-05 440
1764759900351 4.382118956171935e-05 445
1764759948217 4.365698545977496e-05 450
1764759996478 4.349094432958528e-05 455
1764760044253 4.332308252010694e-05 460
1764760092383 4.315341655956664e-05 465
1764760140389 4.298196315383374e-05 470
1764760188602 4.280873918477535e-05 475
1764760236284 4.2633761708594064e-05 480
1764760284069 4.245704795414858e-05 485
1764760331934 4.2278615321257255e-05 490
1764760379755 4.209848137898491e-05 495
1764760445172 4.1916663863912833e-05 500
1764760493320 4.1733180678392497e-05 505
1764760541226 4.154804988878275e-05 510
1764760589118 4.1361289723670964e-05 515
1764760637300 4.1172918572078175e-05 520
1764760685627 4.098295498164849e-05 525
1764760733529 4.0791417656822765e-05 530
1764760781813 4.0598325456996944e-05 535
1764760829857 4.040369739466504e-05 540
1764760877632 4.0207552633547224e-05 545
1764760925575 4.000991048670278e-05 550
1764760973256 3.981079041462851e-05 555
1764761021194 3.961021202334263e-05 560
1764761069036 3.9408195062454266e-05 565
1764761116911 3.920475942321884e-05 570
1764761164816 3.8999925136579496e-05 575
1764761213007 3.8793712371194856e-05 580
1764761261035 3.858614143145306e-05 585
1764761308729 3.837723275547258e-05 590
1764761356900 3.8167006913089806e-05 595
1764761404707 3.79554846038337e-05 600
1764761452754 3.7742686654887544e-05 605
1764761500567 3.7528634019038405e-05 610
1764761548448 3.731334777261389e-05 615
1764761596367 3.709684911340697e-05 620
1764761644317 3.6879159358588815e-05 625
1764761692093 3.666029994260974e-05 630
1764761740323 3.6440292415088776e-05 635
1764761788385 3.62191584386918e-05 640
1764761836052 3.599691978699858e-05 645
1764761884210 3.577359834235879e-05 650
1764761932308 3.5549216093737517e-05 655
1764761979974 3.532379513455007e-05 660
1764762028129 3.5097357660486635e-05 665
1764762093011 3.486992596732683e-05 670
1764762140757 3.4641522448744324e-05 675
1764762188271 3.441216959410192e-05 680
1764762236009 3.418188998623719e-05 685
1764762283984 3.395070629923886e-05 690
1764762331929 3.37186412962143e-05 695
1764762379654 3.348571782704813e-05 700
1764762427589 3.325195882615238e-05 705
1764762475637 3.301738731020829e-05 710
1764762523317 3.278202637590003e-05 715
1764762571347 3.254589919764047e-05 720
1764762619758 3.230902902528937e-05 725
1764762667367 3.20714391818642e-05 730
1764762715294 3.183315306124355e-05 735
1764762763286 3.159419412586379e-05 740
1764762811281 3.135458590440884e-05 745
1764762858983 3.111435198949346e-05 750
1764762906963 3.087351603534024e-05 755
1764762955054 3.063210175545059e-05 760
1764763003146 3.0390132920269693e-05 765
1764763051031 3.0147633354846136e-05 770
1764763098783 2.9904626936485938e-05 775
1764763146617 2.9661137592401515e-05 780
1764763194525 2.9417189297355754e-05 785
1764763242145 2.917280607130137e-05 790
1764763290011 2.8928011977015792e-05 795
1764763337973 2.8682831117731926e-05 800
1764763385728 2.84372876347648e-05 805
1764763433719 2.819140570513458e-05 810
1764763481659 2.7945209539186e-05 815
1764763529758 2.7698723378204544e-05 820
1764763577631 2.7451971492029562e-05 825
1764763626328 2.7204978176664565e-05 830
1764763695294 2.6957767751885012e-05 835
1764763743862 2.671036455884364e-05 840
1764763792293 2.646279295767378e-05 845
1764763840992 2.6215077325090797e-05 850
1764763889754 2.5967242051991884e-05 855
1764763938196 2.5719311541054387e-05 860
1764763986477 2.5471310204333104e-05 865
1764764034282 2.5223262460856602e-05 870
1764764081861 2.4975192734222764e-05 875
1764764129789 2.472712545019403e-05 880
1764764177237 2.4479085034292332e-05 885
1764764225136 2.4231095909394066e-05 890
1764764273010 2.3983182493325373e-05 895
1764764320790 2.373536919645783e-05 900
1764764368635 2.3487680419304945e-05 905
1764764416582 2.324014055011963e-05 910
1764764464430 2.2992773962492795e-05 915
1764764512257 2.2745605012953514e-05 920
1764764560590 2.2498658038570733e-05 925
1764764608515 2.225195735455699e-05 930
1764764656280 2.20055272518743e-05 935
1764764704223 2.1759391994842313e-05 940
1764764752388 2.1513575818749204e-05 945
1764764800010 2.1268102927465423e-05 950
1764764847785 2.102299749106044e-05 955
1764764895524 2.0778283643422904e-05 960
1764764942854 2.0533985479884344e-05 965
1764764990664 2.0290127054846682e-05 970
1764765038335 2.004673237941373e-05 975
1764765086294 1.9803825419026975e-05 980
1764765134066 1.9561430091105882e-05 985
1764765181784 1.9319570262692915e-05 990
1764765230011 1.907826974810346e-05 995
1764765299706 1.8837552306581034e-05 1000
1764765348340 1.859744163995788e-05 1005
1764765397037 1.8357961390321164e-05 1010
1764765445483 1.8119135137685107e-05 1015
1764765494064 1.7880986397669276e-05 1020
1764765542597 1.7643538619183062e-05 1025
1764765590637 1.7406815182116903e-05 1030
1764765638769 1.71708393950402e-05 1035
1764765686863 1.6935634492906247e-05 1040
1764765734854 1.67012236347645e-05 1045
1764765783075 1.64676299014802e-05 1050
1764765830933 1.62348762934618e-05 1055
1764765878638 1.6002985728396247e-05 1060
1764765926903 1.5771981038992422e-05 1065
1764765974910 1.5541884970732996e-05 1070
1764766022705 1.531272017963479e-05 1075
1764766070515 1.5084509230018013e-05 1080
1764766118540 1.4857274592284508e-05 1085
1764766166545 1.463103864070523e-05 1090
1764766214614 1.4405823651217187e-05 1095
1764766262178 1.4181651799230127e-05 1100
1764766310106 1.3958545157443023e-05 1105
1764766358018 1.3736525693670735e-05 1110
1764766405894 1.3515615268681037e-05 1115
1764766454033 1.3295835634042032e-05 1120
1764766502273 1.3077208429980535e-05 1125
1764766550322 1.285975518325121e-05 1130
1764766598146 1.2643497305017032e-05 1135
1764766645744 1.2428456088741061e-05 1140
1764766693772 1.2214652708089803e-05 1145
1764766741763 1.2002108214848388e-05 1150
1764766789995 1.179084353684776e-05 1155
1764766838112 1.1580879475904034e-05 1160
1764766885798 1.1372236705770265e-05 1165
1764766951153 1.1164935770100896e-05 1170
1764766998891 1.0958997080428893e-05 1175
1764767046884 1.0754440914156035e-05 1180
1764767094688 1.0551287412556258e-05 1185
1764767142408 1.0349556578792517e-05 1190
1764767190621 1.0149268275947227e-05 1195
1764767238740 9.950442225066448e-06 1200
1764767286623 9.753098003218074e-06 1205
1764767334510 9.557255041564269e-06 1210
1764767382633 9.36293262344814e-06 1215
1764767430782 9.170149882495072e-06 1220
1764767478756 8.978925800728798e-06 1225
1764767526554 8.789279206702297e-06 1230
1764767574080 8.601228773643922e-06 1235
1764767622177 8.414793017618748e-06 1240
1764767670395 8.229990295705457e-06 1245
1764767718256 8.04683880418879e-06 1250
1764767766473 7.86535657676791e-06 1255
1764767814267 7.68556148278073e-06 1260
1764767862291 7.507471225444474e-06 1265
1764767910260 7.3311033401124985e-06 1270
1764767957794 7.1564751925477785e-06 1275
1764768005457 6.983603977212944e-06 1280
1764768053468 6.8125067155772905e-06 1285
1764768101289 6.643200254440822e-06 1290
1764768149400 6.475701264275394e-06 1295
1764768197607 6.310026237583323e-06 1300
1764768245350 6.146191487273487e-06 1305
1764768293341 5.984213145055074e-06 1310
1764768341304 5.824107159849227e-06 1315
1764768389407 5.665889296218643e-06 1320
1764768437255 5.509575132815347e-06 1325
1764768485168 5.355180060846783e-06 1330
1764768554791 5.202719282560319e-06 1335
1764768603514 5.052207809746385e-06 1340
1764768652240 4.903660462260401e-06 1345
1764768700899 4.757091866563518e-06 1350
1764768749521 4.612516454282465e-06 1355
1764768797457 4.469948460788581e-06 1360
1764768845348 4.329401923796128e-06 1365
1764768893619 4.190890681980096e-06 1370
1764768941570 4.054428373613629e-06 1375
1764768989669 3.920028435225119e-06 1380
1764769037963 3.787704100275217e-06 1385
1764769086088 3.657468397853814e-06 1390
1764769133831 3.5293341513971904e-06 1395
1764769181561 3.4033139774253184e-06 1400
1764769229401 3.279420284299653e-06 1405
1764769277564 3.1576652710013283e-06 1410
1764769325412 3.038060925930017e-06 1415
1764769373282 2.9206190257235147e-06 1420
1764769420684 2.8053511340981748e-06 1425
1764769468623 2.692268600710307e-06 1430
1764769516242 2.58138256003865e-06 1435
1764769564293 2.472703930288028e-06 1440
1764769612626 2.3662434123143198e-06 1445
1764769660565 2.2620114885708107e-06 1450
1764769708232 2.160018422076048e-06 1455
1764769756512 2.0602742554033426e-06 1460
1764769804544 1.9627888096919027e-06 1465
1764769852616 1.867571683679832e-06 1470
1764769900265 1.7746322527590076e-06 1475
1764769948120 1.6839796680519445e-06 1480
1764769995886 1.5956228555107374e-06 1485
1764770043692 1.509570515038217e-06 1490
1764770091392 1.4258311196312768e-06 1495
1764770156569 1.344412914546633e-06 1500
1764770204630 1.2653239164889524e-06 1505
1764770252453 1.1885719128215005e-06 1510
1764770300413 1.1141644607993904e-06 1515
1764770348345 1.0421088868254455e-06 1520
1764770396248 9.724122857288399e-07 1525
1764770443898 9.050815200664935e-07 1530
1764770491492 8.401232194473849e-07 1535
1764770539525 7.775437798797733e-07 1540
1764770587371 7.173493631414159e-07 1545
1764770635391 6.595458961728652e-07 1550
1764770682980 6.041390704938877e-07 1555
1764770730948 5.511343416430514e-07 1560
1764770778955 5.005369286405585e-07 1565
1764770827018 4.5235181347436467e-07 1570
1764770874904 4.065837406096348e-07 1575
1764770922853 3.632372165215844e-07 1580
1764770970881 3.223165092517584e-07 1585
1764771018998 2.8382564798778495e-07 1590
1764771066809 2.477684226666643e-07 1595
1764771114952 2.1414838360157331e-07 1600
1764771163001 1.8296884113229755e-07 1605
1764771211302 1.5423286529930337e-07 1610
1764771259386 1.2794328554142393e-07 1615
1764771307441 1.0410269041727948e-07 1620
1764771355816 8.271342735040339e-08 1625
1764771403765 6.377760239809363e-08 1630
1764771451989 4.7297080044045424e-08 1635
1764771499836 3.3273483014781355e-08 1640
1764771547887 2.1708192119859797e-08 1645
1764771595814 1.2602346115916957e-08 1650
1764771643873 5.956841594545473e-09 1655
1764771691651 1.7723328940122454e-09 1660
1764771739678 4.923203482665187e-11 1665
