1764755640460 0.17307261005043983 5
1764755688433 0.17486701533198357 10
1764755736066 0.1731242947280407 15
1764755784131 0.16744057834148407 20
1764755832266 0.13791252672672272 25
1764755880328 0.11090415716171265 30
1764755927993 0.13109174370765686 35
1764755975943 0.12229332886636257 40
1764756023655 0.12472408823668957 45
1764756071563 0.1205518078058958 50
1764756119516 0.12680117040872574 55
1764756167310 0.12048020213842392 60
1764756215166 0.11872933059930801 65
1764756263212 0.11783865094184875 70
1764756310983 0.12214048765599728 75
1764756358811 0.13193126022815704 80
1764756406910 0.11884481273591518 85
1764756454713 0.12926312163472176 90
1764756502635 0.11820751614868641 95
1764756550489 0.12593261152505875 100
1764756598389 0.11705634742975235 105
1764756646147 0.124289371073246 110
1764756694229 0.12020598351955414 115
1764756741998 0.13079869747161865 120
1764756790217 0.12092291563749313 125
1764756838355 0.12080006115138531 130
1764756886279 0.11833922192454338 135
1764756934222 0.12505317851901054 140
1764756981795 0.12647054344415665 145
1764757029317 0.12156575545668602 150
1764757077621 0.1288616955280304 155
1764757125742 0.11950261704623699 160
1764757173479 0.105674609541893 165
1764757242761 0.10482800751924515 170
1764757291309 0.11118018999695778 175
1764757340305 0.12245999462902546 180
1764757389220 0.11921606957912445 185
1764757437842 0.1242830716073513 190
1764757486334 0.12607016414403915 195
1764757534088 0.1264930572360754 200
1764757582013 0.10582578927278519 205
1764757629577 0.11721901409327984 210
1764757677595 0.11127176694571972 215
1764757725179 0.1225306298583746 220
1764757773222 0.11278124153614044 225
1764757821287 0.09992974065244198 230
1764757869255 0.10727774351835251 235
1764757917645 0.1090166587382555 240
1764757965794 0.11432768031954765 245
1764758013438 0.11213317699730396 250
1764758061356 0.10490466468036175 255
1764758109351 0.10542406141757965 260
1764758157275 0.1210651770234108 265
1764758204947 0.11601408757269382 270
1764758252894 0.10067683830857277 275
1764758300671 0.12061457708477974 280
1764758348422 0.11858127824962139 285
1764758396339 0.11214182712137699 290
1764758444013 0.11425464041531086 295
1764758492109 0.10240059345960617 300
1764758540120 0.10799222439527512 305
1764758588079 0.10569020919501781 310
1764758635942 0.10938742943108082 315
1764758684076 0.10974718444049358 320
1764758732031 0.11136013641953468 325
1764758779895 0.12116346135735512 330
1764758844898 0.12178202718496323 335
1764758893052 0.13047929108142853 340
1764758940983 0.1197419986128807 345
1764758988966 0.12738560512661934 350
1764759036761 0.12666242383420467 355
1764759084867 0.11236998811364174 360
1764759133081 0.10996066406369209 365
1764759180905 0.11264234781265259 370
1764759229066 0.12146423012018204 375
1764759277072 0.11325645074248314 380
1764759325042 0.11084871739149094 385
1764759373450 0.10525006800889969 390
1764759421579 0.11362704075872898 395
1764759469539 0.11214316450059414 400
1764759517169 0.10503850691020489 405
1764759565003 0.11053407192230225 410
1764759612947 0.11097890138626099 415
1764759660679 0.11152639985084534 420
1764759708397 0.11605936288833618 425
1764759756604 0.10417262092232704 430
1764759804619 0.11165546253323555 435
1764759852487 0.10060161352157593 440
1764759900351 0.10338660143315792 445
1764759948217 0.12092151865363121 450
1764759996478 0.10776620358228683 455
1764760044253 0.10922381095588207 460
1764760092383 0.11859219148755074 465
1764760140389 0.11314312554895878 470
1764760188602 0.11829948797821999 475
1764760236284 0.11577628366649151 480
1764760284069 0.11195959150791168 485
1764760331934 0.11210106126964092 490
1764760379755 0.12113486975431442 495
1764760445172 0.12355127930641174 500
1764760493320 0.11188066750764847 505
1764760541226 0.11066428013145924 510
1764760589118 0.1115597803145647 515
1764760637300 0.09370114468038082 520
1764760685627 0.10739210806787014 525
1764760733529 0.11404989846050739 530
1764760781813 0.10872294381260872 535
1764760829857 0.09848755598068237 540
1764760877632 0.09518246538937092 545
1764760925575 0.1117431502789259 550
1764760973256 0.11227479204535484 555
1764761021194 0.12402550876140594 560
1764761069036 0.11029712297022343 565
1764761116911 0.11463114619255066 570
1764761164816 0.10494014993309975 575
1764761213007 0.10574483871459961 580
1764761261035 0.09972112998366356 585
1764761308729 0.10231982357800007 590
1764761356900 0.11032166332006454 595
1764761404707 0.10734111815690994 600
1764761452754 0.10746200755238533 605
1764761500567 0.11367611587047577 610
1764761548448 0.10223651491105556 615
1764761596367 0.1079336404800415 620
1764761644317 0.101204888895154 625
1764761692093 0.10354435071349144 630
1764761740323 0.1126380693167448 635
1764761788385 0.11178473010659218 640
1764761836052 0.11148607917129993 645
1764761884210 0.09979796968400478 650
1764761932308 0.10909783095121384 655
1764761979974 0.10689608193933964 660
1764762028129 0.11367128044366837 665
1764762093011 0.10814775712788105 670
1764762140757 0.1101262029260397 675
1764762188271 0.10399698279798031 680
1764762236009 0.10702225379645824 685
1764762283984 0.1119342315942049 690
1764762331929 0.11744348332285881 695
1764762379654 0.11525257118046284 700
1764762427589 0.11015419103205204 705
1764762475637 0.09509632363915443 710
1764762523317 0.10502545349299908 715
1764762571347 0.11339367553591728 720
1764762619758 0.10592336393892765 725
1764762667367 0.11466494016349316 730
1764762715294 0.11200490035116673 735
1764762763286 0.1056087277829647 740
1764762811281 0.10732073709368706 745
1764762858983 0.10516933910548687 750
1764762906963 0.10742747969925404 755
1764762955054 0.10069838725030422 760
1764763003146 0.10792049579322338 765
1764763051031 0.106217036023736 770
1764763098783 0.1014637965708971 775
1764763146617 0.11304812505841255 780
1764763194525 0.10465317964553833 785
1764763242145 0.11168943345546722 790
1764763290011 0.10064572654664516 795
1764763337973 0.10551885701715946 800
1764763385728 0.10119747556746006 805
1764763433719 0.10154804959893227 810
1764763481659 0.10164500772953033 815
1764763529758 0.09881864674389362 820
1764763577631 0.11371376365423203 825
1764763626328 0.10062110051512718 830
1764763695294 0.10131341777741909 835
1764763743862 0.10583608597517014 840
1764763792293 0.10206884518265724 845
1764763840992 0.10225101932883263 850
1764763889754 0.10757958143949509 855
1764763938196 0.11247694119811058 860
1764763986477 0.1082924660295248 865
1764764034282 0.10814768262207508 870
1764764081861 0.1028892770409584 875
1764764129789 0.10147328674793243 880
1764764177237 0.1004512682557106 885
1764764225136 0.10388843901455402 890
1764764273010 0.10073481872677803 895
1764764320790 0.09928701259195805 900
1764764368635 0.10164835304021835 905
1764764416582 0.10948490351438522 910
1764764464430 0.10303880274295807 915
1764764512257 0.1020380798727274 920
1764764560590 0.10178741440176964 925
1764764608515 0.10582195594906807 930
1764764656280 0.10514172166585922 935
1764764704223 0.1087335105985403 940
1764764752388 0.11362652480602264 945
1764764800010 0.11030788719654083 950
1764764847785 0.11435214430093765 955
1764764895524 0.11233307980000973 960
1764764942854 0.1032321322709322 965
1764764990664 0.10620895028114319 970
1764765038335 0.10912021994590759 975
1764765086294 0.10785062238574028 980
1764765134066 0.10945117846131325 985
1764765181784 0.10348958149552345 990
1764765230011 0.10730168223381042 995
1764765299706 0.10426206700503826 1000
1764765348340 0.10584329627454281 1005
1764765397037 0.10453951358795166 1010
1764765445483 0.10573182255029678 1015
1764765494064 0.10451177880167961 1020
1764765542597 0.10071689076721668 1025
1764765590637 0.1036374643445015 1030
1764765638769 0.10636292584240437 1035
1764765686863 0.10476073622703552 1040
1764765734854 0.10534507408738136 1045
1764765783075 0.10514448024332523 1050
1764765830933 0.10589815117418766 1055
1764765878638 0.10857589915394783 1060
1764765926903 0.10151982493698597 1065
1764765974910 0.1019545178860426 1070
1764766022705 0.0978358294814825 1075
1764766070515 0.10688426159322262 1080
1764766118540 0.09567034989595413 1085
1764766166545 0.09886862523853779 1090
1764766214614 0.09164432436227798 1095
1764766262178 0.09511769935488701 1100
1764766310106 0.09944281354546547 1105
1764766358018 0.10322168469429016 1110
1764766405894 0.10659146122634411 1115
1764766454033 0.10084287077188492 1120
1764766502273 0.10590449534356594 1125
1764766550322 0.09625939279794693 1130
1764766598146 0.09824521653354168 1135
1764766645744 0.0972219854593277 1140
1764766693772 0.11047474294900894 1145
1764766741763 0.09814467281103134 1150
1764766789995 0.10076785646378994 1155
1764766838112 0.10028377920389175 1160
1764766885798 0.10913006588816643 1165
1764766951153 0.10881797783076763 1170
1764766998891 0.10304469801485538 1175
1764767046884 0.10966002568602562 1180
1764767094688 0.09832002222537994 1185
1764767142408 0.10445298254489899 1190
1764767190621 0.10694924369454384 1195
1764767238740 0.10267406143248081 1200
1764767286623 0.10000307857990265 1205
1764767334510 0.10568528808653355 1210
1764767382633 0.10107816383242607 1215
1764767430782 0.11555711552500725 1220
1764767478756 0.10490462370216846 1225
1764767526554 0.10354391112923622 1230
1764767574080 0.11592140235006809 1235
1764767622177 0.10656875558197498 1240
1764767670395 0.09959654323756695 1245
1764767718256 0.09402129240334034 1250
1764767766473 0.09997790679335594 1255
1764767814267 0.09559261798858643 1260
1764767862291 0.10526746138930321 1265
1764767910260 0.1132537554949522 1270
1764767957794 0.09465684741735458 1275
1764768005457 0.10252022184431553 1280
1764768053468 0.10239897109568119 1285
1764768101289 0.11183423735201359 1290
1764768149400 0.10796227864921093 1295
1764768197607 0.09941801615059376 1300
1764768245350 0.09438073635101318 1305
1764768293341 0.11524101719260216 1310
1764768341304 0.10624231770634651 1315
1764768389407 0.0912715420126915 1320
1764768437255 0.09887205436825752 1325
1764768485168 0.10034041665494442 1330
1764768554791 0.10181488282978535 1335
1764768603514 0.09966289065778255 1340
1764768652240 0.10136480256915092 1345
1764768700899 0.09742669388651848 1350
1764768749521 0.10328236222267151 1355
1764768797457 0.10685868747532368 1360
1764768845348 0.10640330612659454 1365
1764768893619 0.09354337677359581 1370
1764768941570 0.10501612909138203 1375
1764768989669 0.0986785888671875 1380
1764769037963 0.10266349837183952 1385
1764769086088 0.10123833082616329 1390
1764769133831 0.10030618123710155 1395
1764769181561 0.11280795745551586 1400
1764769229401 0.10465952008962631 1405
1764769277564 0.10701845958828926 1410
1764769325412 0.10207539424300194 1415
1764769373282 0.1110919825732708 1420
1764769420684 0.09799575805664062 1425
1764769468623 0.09890033677220345 1430
1764769516242 0.11473408713936806 1435
1764769564293 0.11542053148150444 1440
1764769612626 0.10675615444779396 1445
1764769660565 0.09670012071728706 1450
1764769708232 0.09524042531847954 1455
1764769756512 0.09694604575634003 1460
1764769804544 0.09558922797441483 1465
1764769852616 0.10229896754026413 1470
1764769900265 0.10512844659388065 1475
1764769948120 0.10352540574967861 1480
1764769995886 0.1073915995657444 1485
1764770043692 0.10478927567601204 1490
1764770091392 0.0914208460599184 1495
1764770156569 0.09681384637951851 1500
1764770204630 0.09923464991152287 1505
1764770252453 0.10478632524609566 1510
1764770300413 0.0957392118871212 1515
1764770348345 0.10656607709825039 1520
1764770396248 0.10377286188304424 1525
1764770443898 0.09969023987650871 1530
1764770491492 0.10597148537635803 1535
1764770539525 0.10641136765480042 1540
1764770587371 0.10443224757909775 1545
1764770635391 0.10342883691191673 1550
1764770682980 0.10639968514442444 1555
1764770730948 0.10395939461886883 1560
1764770778955 0.10366619192063808 1565
1764770827018 0.10712454468011856 1570
1764770874904 0.10472423955798149 1575
1764770922853 0.10223803296685219 1580
1764770970881 0.10389075241982937 1585
1764771018998 0.09824790805578232 1590
1764771066809 0.09686268866062164 1595
1764771114952 0.09951487928628922 1600
1764771163001 0.10611561127007008 1605
1764771211302 0.09410342574119568 1610
1764771259386 0.10053103230893612 1615
1764771307441 0.10361049138009548 1620
1764771355816 0.1007319949567318 1625
1764771403765 0.10160161927342415 1630
1764771451989 0.09939968772232533 1635
1764771499836 0.1068762056529522 1640
1764771547887 0.10125066712498665 1645
1764771595814 0.10794400423765182 1650
1764771643873 0.10178940743207932 1655
1764771691651 0.09890666790306568 1660
1764771739678 0.10316508263349533 1665
