1764755640460 0.1666666679084301 5
1764755688433 0.520833358168602 10
1764755736066 0.4270833432674408 15
1764755784131 0.4791666716337204 20
1764755832266 0.6354166865348816 25
1764755880328 0.583333358168602 30
1764755927993 0.4791666939854622 35
1764755975943 0.5625000149011612 40
1764756023655 0.6250000298023224 45
1764756071563 0.4895833432674408 50
1764756119516 0.4895833358168602 55
1764756167310 0.5833333507180214 60
1764756215166 0.645833358168602 65
1764756263212 0.5416666865348816 70
1764756310983 0.6979166865348816 75
1764756358811 0.5104166865348816 80
1764756406910 0.5208333432674408 85
1764756454713 0.6562500298023224 90
1764756502635 0.5625000074505806 95
1764756550489 0.5833333507180214 100
1764756598389 0.5312500149011612 105
1764756646147 0.6354166865348816 110
1764756694229 0.6562500149011612 115
1764756741998 0.5208333507180214 120
1764756790217 0.6562500149011612 125
1764756838355 0.6979166865348816 130
1764756886279 0.6979166865348816 135
1764756934222 0.5833333432674408 140
1764756981795 0.5833333507180214 145
1764757029317 0.614583358168602 150
1764757077621 0.5520833432674408 155
1764757125742 0.5208333358168602 160
1764757173479 0.6250000074505806 165
1764757242761 0.6562500298023224 170
1764757291309 0.6875000298023224 175
1764757340305 0.6041666865348816 180
1764757389220 0.677083358168602 185
1764757437842 0.6041666716337204 190
1764757486334 0.6250000298023224 195
1764757534088 0.614583358168602 200
1764757582013 0.708333358168602 205
1764757629577 0.5208333432674408 210
1764757677595 0.6354166716337204 215
1764757725179 0.6041666865348816 220
1764757773222 0.5625000149011612 225
1764757821287 0.6875000149011612 230
1764757869255 0.6354166865348816 235
1764757917645 0.604166679084301 240
1764757965794 0.6354166865348816 245
1764758013438 0.6666666716337204 250
1764758061356 0.6562500149011612 255
1764758109351 0.5937500223517418 260
1764758157275 0.614583358168602 265
1764758204947 0.677083358168602 270
1764758252894 0.5833333507180214 275
1764758300671 0.6145833432674408 280
1764758348422 0.5625000298023224 285
1764758396339 0.6666666865348816 290
1764758444013 0.6562500298023224 295
1764758492109 0.6354166865348816 300
1764758540120 0.5937500149011612 305
1764758588079 0.5625000149011612 310
1764758635942 0.5520833432674408 315
1764758684076 0.7187500298023224 320
1764758732031 0.708333358168602 325
1764758779895 0.708333358168602 330
1764758844898 0.5729166865348816 335
1764758893052 0.5625000223517418 340
1764758940983 0.6562500149011612 345
1764758988966 0.5625000149011612 350
1764759036761 0.645833358168602 355
1764759084867 0.6979166865348816 360
1764759133081 0.572916679084301 365
1764759180905 0.6666666865348816 370
1764759229066 0.614583358168602 375
1764759277072 0.614583358168602 380
1764759325042 0.6562500149011612 385
1764759373450 0.6666666716337204 390
1764759421579 0.6666666865348816 395
1764759469539 0.5416666865348816 400
1764759517169 0.6458333432674408 405
1764759565003 0.6145833432674408 410
1764759612947 0.6145833432674408 415
1764759660679 0.645833358168602 420
1764759708397 0.6250000149011612 425
1764759756604 0.6562500149011612 430
1764759804619 0.6250000298023224 435
1764759852487 0.6562500298023224 440
1764759900351 0.739583358168602 445
1764759948217 0.5729166865348816 450
1764759996478 0.6458333432674408 455
1764760044253 0.645833358168602 460
1764760092383 0.6354166865348816 465
1764760140389 0.583333358168602 470
1764760188602 0.5937500149011612 475
1764760236284 0.708333358168602 480
1764760284069 0.6562500149011612 485
1764760331934 0.6250000149011612 490
1764760379755 0.6041666865348816 495
1764760445172 0.5729166865348816 500
1764760493320 0.6354166865348816 505
1764760541226 0.614583358168602 510
1764760589118 0.5625000223517418 515
1764760637300 0.614583358168602 520
1764760685627 0.6145833507180214 525
1764760733529 0.6875000298023224 530
1764760781813 0.6250000149011612 535
1764760829857 0.6979166865348816 540
1764760877632 0.708333358168602 545
1764760925575 0.5937500298023224 550
1764760973256 0.677083358168602 555
1764761021194 0.6145833432674408 560
1764761069036 0.677083358168602 565
1764761116911 0.5937500223517418 570
1764761164816 0.7604166865348816 575
1764761213007 0.6250000149011612 580
1764761261035 0.7187500149011612 585
1764761308729 0.677083358168602 590
1764761356900 0.604166679084301 595
1764761404707 0.6354166865348816 600
1764761452754 0.6250000149011612 605
1764761500567 0.5729166939854622 610
1764761548448 0.6562500149011612 615
1764761596367 0.635416679084301 620
1764761644317 0.6770833432674408 625
1764761692093 0.6666666865348816 630
1764761740323 0.541666679084301 635
1764761788385 0.6458333432674408 640
1764761836052 0.708333358168602 645
1764761884210 0.6041667014360428 650
1764761932308 0.645833358168602 655
1764761979974 0.5625000149011612 660
1764762028129 0.6562500149011612 665
1764762093011 0.6666666865348816 670
1764762140757 0.6770833507180214 675
1764762188271 0.6458333507180214 680
1764762236009 0.6979166865348816 685
1764762283984 0.6562500223517418 690
1764762331929 0.677083358168602 695
1764762379654 0.6354166865348816 700
1764762427589 0.6770833432674408 705
1764762475637 0.645833358168602 710
1764762523317 0.6458333432674408 715
1764762571347 0.583333358168602 720
1764762619758 0.677083358168602 725
1764762667367 0.6354166865348816 730
1764762715294 0.6354166716337204 735
1764762763286 0.5729166865348816 740
1764762811281 0.6250000298023224 745
1764762858983 0.6875000298023224 750
1764762906963 0.6666667014360428 755
1764762955054 0.6979166716337204 760
1764763003146 0.5833333432674408 765
1764763051031 0.5937500149011612 770
1764763098783 0.708333358168602 775
1764763146617 0.6458333432674408 780
1764763194525 0.6979166865348816 785
1764763242145 0.583333358168602 790
1764763290011 0.6354166865348816 795
1764763337973 0.6562500149011612 800
1764763385728 0.6458333507180214 805
1764763433719 0.7708333432674408 810
1764763481659 0.6458333432674408 815
1764763529758 0.6979166865348816 820
1764763577631 0.7083333432674408 825
1764763626328 0.6562500149011612 830
1764763695294 0.6041666865348816 835
1764763743862 0.7291666865348816 840
1764763792293 0.6770833432674408 845
1764763840992 0.6250000298023224 850
1764763889754 0.6041666865348816 855
1764763938196 0.6354166865348816 860
1764763986477 0.6041666865348816 865
1764764034282 0.677083358168602 870
1764764081861 0.65625 875
1764764129789 0.6250000298023224 880
1764764177237 0.6666666865348816 885
1764764225136 0.6458333730697632 890
1764764273010 0.614583358168602 895
1764764320790 0.6666666865348816 900
1764764368635 0.6979166716337204 905
1764764416582 0.6354166865348816 910
1764764464430 0.5625000149011612 915
1764764512257 0.6666666716337204 920
1764764560590 0.645833358168602 925
1764764608515 0.6875000149011612 930
1764764656280 0.677083358168602 935
1764764704223 0.5729166865348816 940
1764764752388 0.6041666865348816 945
1764764800010 0.635416679084301 950
1764764847785 0.583333358168602 955
1764764895524 0.6145833432674408 960
1764764942854 0.6562500149011612 965
1764764990664 0.6354167014360428 970
1764765038335 0.677083358168602 975
1764765086294 0.6562500298023224 980
1764765134066 0.6458333432674408 985
1764765181784 0.6979166716337204 990
1764765230011 0.6666666865348816 995
1764765299706 0.677083358168602 1000
1764765348340 0.5833333432674408 1005
1764765397037 0.6979166865348816 1010
1764765445483 0.6041666939854622 1015
1764765494064 0.5729166865348816 1020
1764765542597 0.6875000149011612 1025
1764765590637 0.6875000149011612 1030
1764765638769 0.6562500298023224 1035
1764765686863 0.6979166865348816 1040
1764765734854 0.6250000149011612 1045
1764765783075 0.7916666865348816 1050
1764765830933 0.677083358168602 1055
1764765878638 0.614583358168602 1060
1764765926903 0.6979167014360428 1065
1764765974910 0.739583358168602 1070
1764766022705 0.6458333432674408 1075
1764766070515 0.6979166865348816 1080
1764766118540 0.6979167014360428 1085
1764766166545 0.6666666865348816 1090
1764766214614 0.7083333432674408 1095
1764766262178 0.677083358168602 1100
1764766310106 0.6666666865348816 1105
1764766358018 0.645833358168602 1110
1764766405894 0.7291667014360428 1115
1764766454033 0.6562500149011612 1120
1764766502273 0.6875000298023224 1125
1764766550322 0.7187500149011612 1130
1764766598146 0.7187500149011612 1135
1764766645744 0.7708333432674408 1140
1764766693772 0.6041666716337204 1145
1764766741763 0.7291666865348816 1150
1764766789995 0.6145833432674408 1155
1764766838112 0.645833358168602 1160
1764766885798 0.6666666865348816 1165
1764766951153 0.6875000149011612 1170
1764766998891 0.677083358168602 1175
1764767046884 0.7083333432674408 1180
1764767094688 0.6875000298023224 1185
1764767142408 0.6979166865348816 1190
1764767190621 0.6250000298023224 1195
1764767238740 0.6666666716337204 1200
1764767286623 0.6979166865348816 1205
1764767334510 0.6875000298023224 1210
1764767382633 0.6875000149011612 1215
1764767430782 0.5520833507180214 1220
1764767478756 0.6354166865348816 1225
1764767526554 0.708333358168602 1230
1764767574080 0.5625000149011612 1235
1764767622177 0.5937500149011612 1240
1764767670395 0.6979166865348816 1245
1764767718256 0.7604166865348816 1250
1764767766473 0.6562500149011612 1255
1764767814267 0.7291666716337204 1260
1764767862291 0.677083358168602 1265
1764767910260 0.5729166865348816 1270
1764767957794 0.6979166865348816 1275
1764768005457 0.6041666865348816 1280
1764768053468 0.6666666865348816 1285
1764768101289 0.645833358168602 1290
1764768149400 0.6979166865348816 1295
1764768197607 0.6458333432674408 1300
1764768245350 0.7083333432674408 1305
1764768293341 0.5937500298023224 1310
1764768341304 0.645833358168602 1315
1764768389407 0.7291666865348816 1320
1764768437255 0.6875000298023224 1325
1764768485168 0.7500000149011612 1330
1764768554791 0.6666666865348816 1335
1764768603514 0.6875000223517418 1340
1764768652240 0.6979166865348816 1345
1764768700899 0.6875000298023224 1350
1764768749521 0.614583358168602 1355
1764768797457 0.708333358168602 1360
1764768845348 0.614583358168602 1365
1764768893619 0.6562500298023224 1370
1764768941570 0.6875000149011612 1375
1764768989669 0.6562500149011612 1380
1764769037963 0.7395833432674408 1385
1764769086088 0.6562500149011612 1390
1764769133831 0.6458333432674408 1395
1764769181561 0.5937500074505806 1400
1764769229401 0.614583358168602 1405
1764769277564 0.6354166865348816 1410
1764769325412 0.7291666716337204 1415
1764769373282 0.6666666865348816 1420
1764769420684 0.6979166865348816 1425
1764769468623 0.7500000298023224 1430
1764769516242 0.5937500149011612 1435
1764769564293 0.6250000223517418 1440
1764769612626 0.7708333432674408 1445
1764769660565 0.677083358168602 1450
1764769708232 0.6250000149011612 1455
1764769756512 0.7604166716337204 1460
1764769804544 0.708333358168602 1465
1764769852616 0.6458333358168602 1470
1764769900265 0.6041666865348816 1475
1764769948120 0.645833358168602 1480
1764769995886 0.6875000149011612 1485
1764770043692 0.6666667014360428 1490
1764770091392 0.7812500298023224 1495
1764770156569 0.7291666716337204 1500
1764770204630 0.6979166865348816 1505
1764770252453 0.708333358168602 1510
1764770300413 0.7083333432674408 1515
1764770348345 0.7291666865348816 1520
1764770396248 0.6770833507180214 1525
1764770443898 0.7187500298023224 1530
1764770491492 0.635416679084301 1535
1764770539525 0.6354166716337204 1540
1764770587371 0.6458333432674408 1545
1764770635391 0.635416679084301 1550
1764770682980 0.6666666865348816 1555
1764770730948 0.6666666716337204 1560
1764770778955 0.6041666865348816 1565
1764770827018 0.6666666865348816 1570
1764770874904 0.6354166865348816 1575
1764770922853 0.7083333432674408 1580
1764770970881 0.645833358168602 1585
1764771018998 0.677083358168602 1590
1764771066809 0.7291667014360428 1595
1764771114952 0.708333358168602 1600
1764771163001 0.6979166865348816 1605
1764771211302 0.7187500149011612 1610
1764771259386 0.6979167014360428 1615
1764771307441 0.6562500149011612 1620
1764771355816 0.739583358168602 1625
1764771403765 0.7083333432674408 1630
1764771451989 0.6354166716337204 1635
1764771499836 0.7291666865348816 1640
1764771547887 0.708333358168602 1645
1764771595814 0.6979166865348816 1650
1764771643873 0.6666666865348816 1655
1764771691651 0.6979166865348816 1660
1764771739678 0.6458333432674408 1665
