1764755640460 1.2048194650602406e-05 5
1764755688433 2.4096387301204817e-05 10
1764755736066 3.614457995180723e-05 15
1764755784131 4.819277260240963e-05 20
1764755832266 6.0240965253012034e-05 25
1764755880328 7.228915790361446e-05 30
1764755927993 8.433735055421687e-05 35
1764755975943 9.638554320481931e-05 40
1764756023655 0.00010843373585542172 45
1764756071563 0.00012048192850602417 50
1764756119516 0.00013253012115662662 55
1764756167310 0.00014457831380722906 60
1764756215166 0.00015662650645783147 65
1764756263212 0.00016867469910843385 70
1764756310983 0.0001807228917590363 75
1764756358811 0.0001927710844096387 80
1764756406910 0.00019999921228821838 85
1764756454713 0.0001999903506731932 90
1764756502635 0.00019997164367886822 95
1764756550489 0.00019994309314719572 100
1764756598389 0.00019990470188935503 105
1764756646147 0.0001998564736854759 110
1764756694229 0.00019979841328426613 115
1764756741998 0.00019973052640254413 120
1764756790217 0.00019965281972467587 125
1764756838355 0.00019956530090191682 130
1764756886279 0.0001994679785516585 135
1764756934222 0.00019936086225658017 140
1764756981795 0.00019924396256370508 145
1764757029317 0.00019911729098336206 150
1764757077621 0.00019898085998805217 155
1764757125742 0.0001988346830112206 160
1764757173479 0.00019867877444593404 165
1764757242761 0.00019851314964346335 170
1764757291309 0.00019833782491177223 175
1764757340305 0.0001981528175139112 180
1764757389220 0.00019795814566631815 185
1764757437842 0.0001977538285370244 190
1764757486334 0.00019753988624376752 195
1764757534088 0.00019731633985201047 200
1764757582013 0.00019708321137286734 205
1764757629577 0.00019684052376093617 210
1764757677595 0.0001965883009120386 215
1764757725179 0.0001963265676608672 220
1764757773222 0.00019605534977854003 225
1764757821287 0.00019577467397006315 230
1764757869255 0.0001954845678717013 235
1764757917645 0.00019518506004825644 240
1764757965794 0.00019487617999025555 245
1764758013438 0.00019455795811104657 250
1764758061356 0.00019423042574380397 255
1764758109351 0.00019389361513844351 260
1764758157275 0.00019354755945844685 265
1764758204947 0.00019319229277759626 270
1764758252894 0.00019282785007661933 275
1764758300671 0.00019245426723974487 280
1764758348422 0.0001920715810511696 285
1764758396339 0.00019167982919143626 290
1764758444013 0.00019127905023372347 295
1764758492109 0.00019086928364004746 300
1764758540120 0.000190450569757377 305
1764758588079 0.00019002294981366002 310
1764758635942 0.00018958646591376495 315
1764758684076 0.00018914116103533428 320
1764758732031 0.00018868707902455325 325
1764758779895 0.00018822426459183235 330
1764758844898 0.0001877527633074052 335
1764758893052 0.00018727262159684137 340
1764758940983 0.00018678388673647533 345
1764758988966 0.00018628660684875137 350
1764759036761 0.00018578083089748526 355
1764759084867 0.00018526660868304313 360
1764759133081 0.00018474399083743826 365
1764759180905 0.00018421302881934518 370
1764759229066 0.00018367377490903313 375
1764759277072 0.00018312628220321854 380
1764759325042 0.00018257060460983657 385
1764759373450 0.0001820067968427336 390
1764759421579 0.00018143491441627955 395
1764759469539 0.00018085501363990195 400
1764759517169 0.00018026715161254144 405
1764759565003 0.0001796713862170297 410
1764759612947 0.00017906777611439 415
1764759660679 0.0001784563807380614 420
1764759708397 0.0001778372602880466 425
1764759756604 0.00017721047572498454 430
1764759804619 0.00017657608876414795 435
1764759852487 0.00017593416186936672 440
1764759900351 0.0001752847582468774 445
1764759948217 0.00017462794183909983 450
1764759996478 0.0001739637773183411 455
1764760044253 0.00017329233008042775 460
1764760092383 0.00017261366623826655 465
1764760140389 0.00017192785261533496 470
1764760188602 0.0001712349567391014 475
1764760236284 0.00017053504683437625 480
1764760284069 0.0001698281918165943 485
1764760331934 0.00016911446128502902 490
1764760379755 0.00016839392551593963 495
1764760445172 0.00016766665545565133 500
1764760493320 0.00016693272271356999 505
1764760541226 0.000166192199555131 510
1764760589118 0.00016544515889468385 515
1764760637300 0.0001646916742883127 520
1764760685627 0.00016393181992659396 525
1764760733529 0.00016316567062729106 530
1764760781813 0.00016239330182798778 535
1764760829857 0.00016161478957866016 540
1764760877632 0.0001608302105341889 545
1764760925575 0.00016003964194681111 550
1764760973256 0.00015924316165851404 555
1764761021194 0.00015844084809337052 560
1764761069036 0.00015763278024981707 565
1764761116911 0.00015681903769287537 570
1764761164816 0.00015599970054631799 575
1764761213007 0.00015517484948477942 580
1764761261035 0.00015434456572581225 585
1764761308729 0.00015350893102189031 590
1764761356900 0.00015266802765235923 595
1764761404707 0.0001518219384153348 600
1764761452754 0.00015097074661955017 605
1764761500567 0.00015011453607615362 610
1764761548448 0.00014925339109045555 615
1764761596367 0.0001483873964536279 620
1764761644317 0.00014751663743435526 625
1764761692093 0.00014664119977043897 630
1764761740323 0.0001457611696603551 635
1764761788385 0.0001448766337547672 640
1764761836052 0.00014398767914799431 645
1764761884210 0.00014309439336943517 650
1764761932308 0.00014219686437495007 655
1764761979974 0.00014129518053820027 660
1764762028129 0.00014038943064194654 665
1764762093011 0.00013947970386930732 670
1764762140757 0.0001385660897949773 675
1764762188271 0.00013764867837640768 680
1764762236009 0.00013672755994494876 685
1764762283984 0.00013580282519695544 690
1764762331929 0.0001348745651848572 695
1764762379654 0.00013394287130819252 700
1764762427589 0.0001330078353046095 705
1764762475637 0.00013206954924083317 710
1764762523317 0.00013112810550360013 715
1764762571347 0.00013018359679056187 720
1764762619758 0.0001292361161011575 725
1764762667367 0.0001282857567274568 730
1764762715294 0.0001273326122449742 735
1764762763286 0.00012637677650345516 740
1764762811281 0.00012541834361763535 745
1764762858983 0.00012445740795797384 750
1764762906963 0.00012349406414136096 755
1764762955054 0.00012252840702180236 760
1764763003146 0.00012156053168107877 765
1764763051031 0.00012059053341938455 770
1764763098783 0.00011961850774594375 775
1764763146617 0.00011864455036960606 780
1764763194525 0.00011766875718942302 785
1764763242145 0.00011669122428520548 790
1764763290011 0.00011571204790806317 795
1764763337973 0.0001147313244709277 800
1764763385728 0.0001137491505390592 805
1764763433719 0.00011276562282053832 810
1764763481659 0.000111780838156744 815
1764763529758 0.00011079489351281817 820
1764763577631 0.00010980788596811825 825
1764763626328 0.00010881991270665826 830
1764763695294 0.00010783107100754005 835
1764763743862 0.00010684145823537456 840
1764763792293 0.00010585117183069513 845
1764763840992 0.00010486030930036319 850
1764763889754 0.00010386896820796754 855
1764763938196 0.00010287724616421755 860
1764763986477 0.00010188524081733242 865
1764764034282 0.00010089304984342641 870
1764764081861 9.990077093689106e-05 875
1764764129789 9.890850180077613e-05 880
1764764177237 9.791634013716933e-05 885
1764764225136 9.692438363757627e-05 890
1764764273010 9.59327299733015e-05 895
1764764320790 9.494147678583131e-05 900
1764764368635 9.395072167721978e-05 905
1764764416582 9.296056220047852e-05 910
1764764464430 9.197109584997118e-05 915
1764764512257 9.098242005181406e-05 920
1764764560590 8.999463215428293e-05 925
1764764608515 8.900782941822796e-05 930
1764764656280 8.80221090074972e-05 935
1764764704223 8.703756797936925e-05 940
1764764752388 8.605430327499682e-05 945
1764764800010 8.507241170986169e-05 950
1764764847785 8.409198996424176e-05 955
1764764895524 8.311313457369162e-05 960
1764764942854 8.213594191953737e-05 965
1764764990664 8.116050821938673e-05 970
1764765038335 8.018692951765492e-05 975
1764765086294 7.92153016761079e-05 980
1764765134066 7.824572036442353e-05 985
1764765181784 7.727828105077166e-05 990
1764765230011 7.631307899241385e-05 995
1764765299706 7.535020922632413e-05 1000
1764765348340 7.438976655983152e-05 1005
1764765397037 7.343184556128465e-05 1010
1764765445483 7.247654055074043e-05 1015
1764765494064 7.15239455906771e-05 1020
1764765542597 7.057415447673225e-05 1025
1764765590637 6.962726072846761e-05 1030
1764765638769 6.86833575801608e-05 1035
1764765686863 6.774253797162499e-05 1040
1764765734854 6.6804894539058e-05 1045
1764765783075 6.58705196059208e-05 1050
1764765830933 6.49395051738472e-05 1055
1764765878638 6.401194291358499e-05 1060
1764765926903 6.308792415596969e-05 1065
1764765974910 6.216753988293198e-05 1070
1764766022705 6.125088071853917e-05 1075
1764766070515 6.033803692007205e-05 1080
1764766118540 5.9429098369138034e-05 1085
1764766166545 5.852415456282092e-05 1090
1764766214614 5.7623294604868746e-05 1095
1764766262178 5.672660719692051e-05 1100
1764766310106 5.583418062977209e-05 1105
1764766358018 5.494610277468294e-05 1110
1764766405894 5.406246107472415e-05 1115
1764766454033 5.3183342536168126e-05 1120
1764766502273 5.230883371992214e-05 1125
1764766550322 5.143902073300484e-05 1130
1764766598146 5.057398922006813e-05 1135
1764766645744 4.9713824354964245e-05 1140
1764766693772 4.8858610832359214e-05 1145
1764766741763 4.800843285939355e-05 1150
1764766789995 4.716337414739104e-05 1155
1764766838112 4.6323517903616135e-05 1160
1764766885798 4.548894682308106e-05 1165
1764766951153 4.4659743080403586e-05 1170
1764766998891 4.3835988321715574e-05 1175
1764767046884 4.301776365662414e-05 1180
1764767094688 4.220514965022503e-05 1185
1764767142408 4.139822631517007e-05 1190
1764767190621 4.059707310378891e-05 1195
1764767238740 3.980176890026579e-05 1200
1764767286623 3.9012392012872296e-05 1205
1764767334510 3.8229020166257074e-05 1210
1764767382633 3.745173049379256e-05 1215
1764767430782 3.668059952998029e-05 1220
1764767478756 3.591570320291519e-05 1225
1764767526554 3.515711682680919e-05 1230
1764767574080 3.440491509457569e-05 1235
1764767622177 3.365917207047499e-05 1240
1764767670395 3.2919961182821826e-05 1245
1764767718256 3.218735521675516e-05 1250
1764767766473 3.146142630707164e-05 1255
1764767814267 3.074224593112292e-05 1260
1764767862291 3.0029884901777894e-05 1265
1764767910260 2.9324413360449994e-05 1270
1764767957794 2.8625900770191114e-05 1275
1764768005457 2.7934415908851776e-05 1280
1764768053468 2.7250026862309162e-05 1285
1764768101289 2.6572801017763287e-05 1290
1764768149400 2.5902805057101577e-05 1295
1764768197607 2.524010495033329e-05 1300
1764768245350 2.458476594909395e-05 1305
1764768293341 2.3936852580220296e-05 1310
1764768341304 2.3296428639396907e-05 1315
1764768389407 2.2663557184874573e-05 1320
1764768437255 2.2038300531261387e-05 1325
1764768485168 2.1420720243387133e-05 1330
1764768554791 2.0810877130241275e-05 1335
1764768603514 2.020883123898554e-05 1340
1764768652240 1.9614641849041604e-05 1345
1764768700899 1.9028367466254072e-05 1350
1764768749521 1.845006581712986e-05 1355
1764768797457 1.7879793843154324e-05 1360
1764768845348 1.731760769518451e-05 1365
1764768893619 1.6763562727920385e-05 1370
1764768941570 1.6217713494454515e-05 1375
1764768989669 1.5680113740900476e-05 1380
1764769037963 1.5150816401100868e-05 1385
1764769086088 1.4629873591415256e-05 1390
1764769133831 1.4117336605588762e-05 1395
1764769181561 1.3613255909701274e-05 1400
1764769229401 1.3117681137198612e-05 1405
1764769277564 1.2630661084005313e-05 1410
1764769325412 1.2152243703720068e-05 1415
1764769373282 1.1682476102894059e-05 1420
1764769420684 1.1221404536392699e-05 1425
1764769468623 1.0769074402841228e-05 1430
1764769516242 1.03255302401546e-05 1435
1764769564293 9.890815721152113e-06 1440
1764769612626 9.464973649257279e-06 1445
1764769660565 9.048045954283243e-06 1450
1764769708232 8.640073688304192e-06 1455
1764769756512 8.24109702161337e-06 1460
1764769804544 7.85115523876761e-06 1465
1764769852616 7.470286734719328e-06 1470
1764769900265 7.0985290110360304e-06 1475
1764769948120 6.735918672207778e-06 1480
1764769995886 6.3824914220429495e-06 1485
1764770043692 6.038282060152868e-06 1490
1764770091392 5.703324478525107e-06 1495
1764770156569 5.377651658186532e-06 1500
1764770204630 5.06129566595581e-06 1505
1764770252453 4.754287651286002e-06 1510
1764770300413 4.456657843197562e-06 1515
1764770348345 4.168435547301782e-06 1520
1764770396248 3.8896491429153595e-06 1525
1764770443898 3.620326080265974e-06 1530
1764770491492 3.3604928777895395e-06 1535
1764770539525 3.110175119519093e-06 1540
1764770587371 2.8693974525656635e-06 1545
1764770635391 2.6381835846914607e-06 1550
1764770682980 2.4165562819755507e-06 1555
1764770730948 2.2045373665722055e-06 1560
1764770778955 2.002147714562234e-06 1565
1764770827018 1.8094072538974587e-06 1570
1764770874904 1.6263349624385392e-06 1575
1764770922853 1.4529488660863376e-06 1580
1764770970881 1.2892660370070336e-06 1585
1764771018998 1.1353025919511398e-06 1590
1764771066809 9.910736906666573e-07 1595
1764771114952 8.565935344062933e-07 1600
1764771163001 7.318753645291902e-07 1605
1764771211302 6.169314611972135e-07 1610
1764771259386 5.117731421656957e-07 1615
1764771307441 4.1641076166911793e-07 1620
1764771355816 3.3085370940161356e-07 1625
1764771403765 2.551104095923745e-07 1630
1764771451989 1.891883201761817e-07 1635
1764771499836 1.3309393205912542e-07 1640
1764771547887 8.683276847943919e-08 1645
1764771595814 5.040938446366783e-08 1650
1764771643873 2.3827366378181894e-08 1655
1764771691651 7.089331576048982e-09 1660
1764771739678 1.9692813930660747e-10 1665
