1764573606749 0.0018678740598261356 5
1764573656082 0.0018264631507918239 10
1764573705427 0.0018022545846179128 15
1764573754619 0.0018628377001732588 20
1764573803881 0.0018989975797012448 25
1764573853070 0.001954358536750078 30
1764573902166 0.0019911425188183784 35
1764573951437 0.0019534595776349306 40
1764574000701 0.001899144728668034 45
1764574049790 0.0018885135650634766 50
1764574098846 0.0018892220687121153 55
1764574147920 0.0019127341220155358 60
1764574196988 0.0018764290725812316 65
1764574245981 0.0019246620358899236 70
1764574294950 0.0019946934189647436 75
1764574344102 0.0019181529060006142 80
1764574393157 0.0019504058873280883 85
1764574442339 0.0019123577512800694 90
1764574491463 0.0018582524498924613 95
1764574540540 0.0019415885908529162 100
1764574589693 0.0019471279811114073 105
1764574638880 0.001921336050145328 110
1764574688063 0.001939226989634335 115
1764574737290 0.0018964961636811495 120
1764574786468 0.001912662643007934 125
1764574835664 0.0018960817251354456 130
1764574884887 0.0019210941391065717 135
1764574934080 0.001882167300209403 140
1764574983317 0.0018607911188155413 145
1764575032615 0.0018489351496100426 150
1764575081810 0.0019155428744852543 155
1764575130969 0.0019064941443502903 160
1764575180120 0.0018871464999392629 165
1764575229301 0.0018554497510194778 170
1764575278549 0.0019088888075202703 175
1764575327714 0.0018943515606224537 180
1764575376808 0.0019210041500627995 185
1764575425949 0.0019210755126550794 190
1764575475115 0.0018582907505333424 195
1764575524171 0.0018518655560910702 200
1764575573302 0.001884612487629056 205
1764575622335 0.001905323239043355 210
1764575671406 0.0018807868473231792 215
1764575720698 0.0018660915084183216 220
1764575769790 0.0018681135261431336 225
1764575818924 0.0019500358030200005 230
1764575868081 0.001920125330798328 235
1764575917284 0.0019359244033694267 240
1764575966348 0.0019382640020921826 245
1764576015451 0.0018950907979160547 250
