1764923190248 0.58984375 5
1764923240726 0.58984375 10
1764923291602 0.62890625 15
1764923342366 0.61328125 20
1764923392705 0.494140625 25
1764923443278 0.1396484375 30
1764923493897 0.79296875 35
1764923544321 0.357421875 40
1764923595022 0.38671875 45
1764923645951 0.2001953125 50
1764923697226 0.080078125 55
1764923748076 0.2734375 60
1764923799110 0.07470703125 65
1764923849497 0.138671875 70
1764923900300 0.17578125 75
1764923951391 0.11474609375 80
1764924001944 0.12890625 85
1764924052653 0.09375 90
1764924103602 0.1025390625 95
1764924154575 0.10400390625 100
1764924204823 0.08349609375 105
1764924255482 0.1123046875 110
1764924306241 0.1337890625 115
1764924356812 0.19921875 120
1764924407641 0.1787109375 125
1764924458499 0.1220703125 130
1764924509008 0.12060546875 135
1764924559908 0.404296875 140
1764924610957 0.1640625 145
1764924661597 0.390625 150
1764924712560 0.181640625 155
1764924763197 0.171875 160
1764924814063 0.333984375 165
1764924864719 0.1416015625 170
1764924915570 0.486328125 175
1764924966313 0.212890625 180
1764925017027 0.09814453125 185
1764925067758 0.51171875 190
1764925118148 0.287109375 195
1764925168734 0.283203125 200
1764925219301 0.341796875 205
1764925270212 0.22265625 210
1764925320877 0.2119140625 215
1764925371371 0.408203125 220
1764925421926 0.189453125 225
1764925472731 0.14453125 230
1764925523409 0.369140625 235
1764925573999 0.58203125 240
1764925624708 0.8828125 245
1764925675436 0.51953125 250
1764925726049 0.171875 255
1764925776988 0.5 260
1764925827482 0.306640625 265
1764925877934 0.255859375 270
1764925928811 0.6328125 275
1764925979381 0.8203125 280
1764926029855 0.349609375 285
1764926080626 0.203125 290
1764926131177 1.0 295
1764926181639 0.12158203125 300
1764926232279 0.1591796875 305
1764926282900 0.12158203125 310
1764926333658 0.38671875 315
1764926384295 0.177734375 320
1764926435190 0.158203125 325
1764926486050 0.2470703125 330
1764926536586 0.45703125 335
1764926587560 0.134765625 340
1764926637880 0.3671875 345
1764926688682 0.1416015625 350
1764926739703 0.14453125 355
1764926790425 0.0908203125 360
1764926841335 0.6640625 365
1764926892230 0.1279296875 370
1764926942635 0.380859375 375
1764926993200 0.13671875 380
1764927043762 0.5859375 385
1764927094381 0.66015625 390
1764927145488 0.443359375 395
1764927196195 0.3671875 400
1764927247105 0.357421875 405
1764927297813 0.2197265625 410
1764927348331 0.28515625 415
1764927423632 0.09326171875 420
1764927474900 0.1533203125 425
1764927526242 0.185546875 430
1764927577513 0.09521484375 435
1764927628619 0.25 440
1764927679630 0.28125 445
1764927730330 0.31640625 450
1764927781127 0.3046875 455
1764927831806 0.0888671875 460
1764927882719 0.2060546875 465
1764927933179 0.12109375 470
1764927983818 0.3125 475
1764928034531 0.5 480
1764928085069 0.107421875 485
1764928135655 0.32421875 490
1764928186378 0.259765625 495
1764928236894 0.263671875 500
1764928287488 0.275390625 505
1764928338218 0.345703125 510
1764928388864 0.259765625 515
1764928439489 0.41015625 520
1764928490112 0.2392578125 525
1764928540817 0.2490234375 530
1764928591599 0.287109375 535
1764928642786 0.31640625 540
1764928693638 0.294921875 545
1764928744267 0.1845703125 550
1764928795125 0.236328125 555
1764928846031 0.431640625 560
1764928896601 0.294921875 565
1764928947779 0.091796875 570
1764928998863 0.29296875 575
1764929050179 0.1484375 580
1764929100989 0.212890625 585
1764929151510 0.10205078125 590
1764929202393 0.80078125 595
1764929252887 0.62890625 600
1764929303444 0.490234375 605
1764929354348 0.443359375 610
1764929404682 0.328125 615
1764929455436 0.169921875 620
1764929506246 0.10205078125 625
1764929556485 0.173828125 630
1764929607386 0.52734375 635
1764929657994 0.3046875 640
1764929708813 0.515625 645
1764929759564 0.17578125 650
1764929810321 0.5390625 655
1764929861060 0.11767578125 660
1764929911967 0.427734375 665
1764929962532 0.224609375 670
1764930012971 0.4453125 675
1764930063529 0.3359375 680
1764930114235 0.1328125 685
1764930165044 0.5546875 690
1764930215650 0.263671875 695
1764930266636 0.4296875 700
1764930317373 0.314453125 705
1764930367726 0.234375 710
1764930418537 0.5 715
1764930469155 0.1806640625 720
1764930519898 0.33984375 725
1764930570974 0.625 730
1764930621636 0.2392578125 735
1764930672401 0.392578125 740
1764930723209 0.232421875 745
1764930774032 0.1845703125 750
1764930825469 0.2333984375 755
1764930877124 0.212890625 760
1764930927723 0.578125 765
1764930978654 0.11376953125 770
1764931029360 0.11279296875 775
1764931079828 0.1279296875 780
1764931131222 0.1640625 785
1764931182146 0.51171875 790
1764931233148 0.17578125 795
1764931284088 0.1455078125 800
1764931334915 0.8125 805
1764931385465 0.439453125 810
1764931435997 0.55859375 815
1764931486884 0.4453125 820
1764931537383 0.25 825
1764931587820 0.72265625 830
1764931663031 0.201171875 835
1764931714169 0.458984375 840
1764931765410 0.3203125 845
1764931816544 0.369140625 850
1764931867690 0.1435546875 855
1764931918914 0.28515625 860
1764931969773 0.3359375 865
1764932020599 0.185546875 870
1764932071174 0.6484375 875
1764932122230 0.1533203125 880
1764932172808 0.1337890625 885
1764932223455 0.384765625 890
1764932274184 0.57421875 895
1764932324894 0.41796875 900
1764932375589 0.26171875 905
1764932426281 0.498046875 910
1764932476992 0.166015625 915
1764932528038 0.462890625 920
1764932578941 0.12890625 925
1764932629581 0.12890625 930
1764932680440 0.6328125 935
1764932731260 0.11669921875 940
1764932782039 0.1513671875 945
1764932832889 0.09130859375 950
1764932883467 0.458984375 955
1764932934175 0.27734375 960
1764932984621 0.158203125 965
1764933035100 0.28515625 970
1764933086062 0.287109375 975
1764933136601 0.169921875 980
1764933187352 0.1591796875 985
1764933237861 0.57421875 990
1764933288346 0.2353515625 995
1764933338904 0.2353515625 1000
1764933389825 0.119140625 1005
1764933440354 0.39453125 1010
1764933490978 0.142578125 1015
1764933541530 0.193359375 1020
1764933592179 0.27734375 1025
1764933642748 0.296875 1030
1764933693412 0.12255859375 1035
1764933744029 0.40625 1040
1764933794776 0.091796875 1045
1764933845334 0.5234375 1050
1764933896628 0.2236328125 1055
1764933947470 0.2421875 1060
1764933997809 0.322265625 1065
1764934048228 0.1689453125 1070
1764934098985 0.12109375 1075
1764934149874 0.33203125 1080
1764934200357 0.451171875 1085
1764934251301 0.322265625 1090
1764934302354 0.310546875 1095
1764934353025 0.5234375 1100
1764934403944 0.130859375 1105
1764934455084 0.138671875 1110
1764934506040 0.25 1115
1764934557104 0.515625 1120
1764934608086 0.435546875 1125
1764934658983 0.25390625 1130
1764934709713 0.26171875 1135
1764934760388 0.21875 1140
1764934811213 0.5 1145
1764934861833 0.2001953125 1150
1764934912522 0.17578125 1155
1764934962695 0.11181640625 1160
1764935013137 0.25 1165
1764935063700 0.345703125 1170
1764935114009 0.42578125 1175
1764935164371 0.287109375 1180
1764935215310 0.2275390625 1185
1764935265765 0.3125 1190
1764935316763 0.158203125 1195
1764935368300 0.251953125 1200
1764935419340 0.20703125 1205
1764935470588 0.267578125 1210
1764935521446 0.271484375 1215
1764935572154 0.1201171875 1220
1764935622939 0.361328125 1225
1764935674056 0.12451171875 1230
1764935724643 0.125 1235
1764935775749 0.455078125 1240
1764935826484 0.212890625 1245
1764935901113 0.396484375 1250
1764935952206 0.25390625 1255
1764936003577 0.5625 1260
1764936055031 0.298828125 1265
1764936106171 0.337890625 1270
1764936157598 0.177734375 1275
1764936208675 0.12158203125 1280
1764936259446 0.396484375 1285
1764936310580 0.25390625 1290
1764936361617 0.1865234375 1295
1764936412820 0.10888671875 1300
1764936463823 0.123046875 1305
1764936514818 0.11181640625 1310
1764936565923 0.10693359375 1315
1764936617137 0.16015625 1320
1764936667956 0.11572265625 1325
1764936719118 0.251953125 1330
1764936769882 0.3515625 1335
1764936820750 0.1904296875 1340
1764936871546 0.220703125 1345
1764936922653 0.2578125 1350
1764936973272 0.2421875 1355
1764937024236 0.126953125 1360
1764937074687 0.16796875 1365
1764937125419 0.2470703125 1370
1764937176129 0.2412109375 1375
1764937227000 0.265625 1380
1764937277426 0.46484375 1385
1764937328217 0.4609375 1390
1764937378711 0.275390625 1395
1764937429566 0.19140625 1400
1764937480474 0.384765625 1405
1764937531196 0.2177734375 1410
1764937581858 0.251953125 1415
1764937632917 0.162109375 1420
1764937683959 0.390625 1425
1764937734802 0.451171875 1430
1764937785019 0.46484375 1435
1764937835615 0.216796875 1440
1764937886293 0.197265625 1445
1764937936899 0.15625 1450
1764937987561 0.1640625 1455
1764938038020 0.6875 1460
1764938088462 0.259765625 1465
1764938139106 0.2431640625 1470
1764938189677 0.220703125 1475
1764938240473 0.28515625 1480
1764938291237 0.18359375 1485
1764938342115 0.1904296875 1490
1764938393215 0.1533203125 1495
1764938443693 0.29296875 1500
1764938494302 0.244140625 1505
1764938544917 0.15234375 1510
1764938595566 0.11474609375 1515
1764938646527 0.46484375 1520
1764938697247 0.1435546875 1525
1764938748041 0.1328125 1530
1764938798622 0.2138671875 1535
1764938849608 0.16015625 1540
1764938900313 0.2001953125 1545
1764938950896 0.21875 1550
1764939001298 0.1884765625 1555
1764939052099 0.2216796875 1560
1764939102993 0.404296875 1565
1764939154123 0.25 1570
1764939204787 0.1591796875 1575
1764939255303 0.1298828125 1580
1764939306078 0.2099609375 1585
1764939356933 0.1591796875 1590
1764939407507 0.1494140625 1595
1764939458096 0.1259765625 1600
1764939508698 0.38671875 1605
1764939559861 0.169921875 1610
1764939610688 0.12158203125 1615
1764939661515 0.1787109375 1620
1764939712191 0.212890625 1625
1764939762875 0.1982421875 1630
1764939813535 0.287109375 1635
1764939863984 0.1455078125 1640
1764939914640 0.32421875 1645
1764939965817 0.16015625 1650
1764940016359 0.3203125 1655
1764940066849 0.201171875 1660
1764940117617 0.16796875 1665
1764940188028 0.2216796875 1670
1764940238860 0.1435546875 1675
1764940290030 0.12060546875 1680
1764940340725 0.1416015625 1685
1764940391439 0.1474609375 1690
1764940442080 0.11083984375 1695
1764940492693 0.275390625 1700
