1764923190248 0.995 5
1764923240726 0.995 10
1764923291602 0.995 15
1764923342366 0.995 20
1764923392705 0.995 25
1764923443278 0.995 30
1764923493897 0.995 35
1764923544321 0.995 40
1764923595022 0.995 45
1764923645951 0.995 50
1764923697226 0.995 55
1764923748076 0.995 60
1764923799110 0.995 65
1764923849497 0.995 70
1764923900300 0.995 75
1764923951391 0.995 80
1764924001944 0.995 85
1764924052653 0.995 90
1764924103602 0.995 95
1764924154575 0.995 100
1764924204823 0.995 105
1764924255482 0.995 110
1764924306241 0.995 115
1764924356812 0.995 120
1764924407641 0.995 125
1764924458499 0.995 130
1764924509008 0.995 135
1764924559908 0.995 140
1764924610957 0.995 145
1764924661597 0.995 150
1764924712560 0.995 155
1764924763197 0.995 160
1764924814063 0.995 165
1764924864719 0.995 170
1764924915570 0.995 175
1764924966313 0.995 180
1764925017027 0.995 185
1764925067758 0.995 190
1764925118148 0.995 195
1764925168734 0.995 200
1764925219301 0.995 205
1764925270212 0.995 210
1764925320877 0.995 215
1764925371371 0.995 220
1764925421926 0.995 225
1764925472731 0.995 230
1764925523409 0.995 235
1764925573999 0.995 240
1764925624708 0.995 245
1764925675436 0.995 250
1764925726049 0.995 255
1764925776988 0.995 260
1764925827482 0.995 265
1764925877934 0.995 270
1764925928811 0.995 275
1764925979381 0.995 280
1764926029855 0.995 285
1764926080626 0.995 290
1764926131177 0.995 295
1764926181639 0.995 300
1764926232279 0.995 305
1764926282900 0.995 310
1764926333658 0.995 315
1764926384295 0.995 320
1764926435190 0.995 325
1764926486050 0.995 330
1764926536586 0.995 335
1764926587560 0.995 340
1764926637880 0.995 345
1764926688682 0.995 350
1764926739703 0.995 355
1764926790425 0.995 360
1764926841335 0.995 365
1764926892230 0.995 370
1764926942635 0.995 375
1764926993200 0.995 380
1764927043762 0.995 385
1764927094381 0.995 390
1764927145488 0.995 395
1764927196195 0.995 400
1764927247105 0.995 405
1764927297813 0.995 410
1764927348331 0.995 415
1764927423632 0.995 420
1764927474900 0.995 425
1764927526242 0.995 430
1764927577513 0.995 435
1764927628619 0.995 440
1764927679630 0.995 445
1764927730330 0.995 450
1764927781127 0.995 455
1764927831806 0.995 460
1764927882719 0.995 465
1764927933179 0.995 470
1764927983818 0.995 475
1764928034531 0.995 480
1764928085069 0.995 485
1764928135655 0.995 490
1764928186378 0.995 495
1764928236894 0.995 500
1764928287488 0.995 505
1764928338218 0.995 510
1764928388864 0.995 515
1764928439489 0.995 520
1764928490112 0.995 525
1764928540817 0.995 530
1764928591599 0.995 535
1764928642786 0.995 540
1764928693638 0.995 545
1764928744267 0.995 550
1764928795125 0.995 555
1764928846031 0.995 560
1764928896601 0.995 565
1764928947779 0.995 570
1764928998863 0.995 575
1764929050179 0.995 580
1764929100989 0.995 585
1764929151510 0.995 590
1764929202393 0.995 595
1764929252887 0.995 600
1764929303444 0.995 605
1764929354348 0.995 610
1764929404682 0.995 615
1764929455436 0.995 620
1764929506246 0.995 625
1764929556485 0.995 630
1764929607386 0.995 635
1764929657994 0.995 640
1764929708813 0.995 645
1764929759564 0.995 650
1764929810321 0.995 655
1764929861060 0.995 660
1764929911967 0.995 665
1764929962532 0.995 670
1764930012971 0.995 675
1764930063529 0.995 680
1764930114235 0.995 685
1764930165044 0.995 690
1764930215650 0.995 695
1764930266636 0.995 700
1764930317373 0.995 705
1764930367726 0.995 710
1764930418537 0.995 715
1764930469155 0.995 720
1764930519898 0.995 725
1764930570974 0.995 730
1764930621636 0.995 735
1764930672401 0.995 740
1764930723209 0.995 745
1764930774032 0.995 750
1764930825469 0.995 755
1764930877124 0.995 760
1764930927723 0.995 765
1764930978654 0.995 770
1764931029360 0.995 775
1764931079828 0.995 780
1764931131222 0.995 785
1764931182146 0.995 790
1764931233148 0.995 795
1764931284088 0.995 800
1764931334915 0.995 805
1764931385465 0.995 810
1764931435997 0.995 815
1764931486884 0.995 820
1764931537383 0.995 825
1764931587820 0.995 830
1764931663031 0.995 835
1764931714169 0.995 840
1764931765410 0.995 845
1764931816544 0.995 850
1764931867690 0.995 855
1764931918914 0.995 860
1764931969773 0.995 865
1764932020599 0.995 870
1764932071174 0.995 875
1764932122230 0.995 880
1764932172808 0.995 885
1764932223455 0.995 890
1764932274184 0.995 895
1764932324894 0.995 900
1764932375589 0.995 905
1764932426281 0.995 910
1764932476992 0.995 915
1764932528038 0.995 920
1764932578941 0.995 925
1764932629581 0.995 930
1764932680440 0.995 935
1764932731260 0.995 940
1764932782039 0.995 945
1764932832889 0.995 950
1764932883467 0.995 955
1764932934175 0.995 960
1764932984621 0.995 965
1764933035100 0.995 970
1764933086062 0.995 975
1764933136601 0.995 980
1764933187352 0.995 985
1764933237861 0.995 990
1764933288346 0.995 995
1764933338904 0.995 1000
1764933389825 0.995 1005
1764933440354 0.995 1010
1764933490978 0.995 1015
1764933541530 0.995 1020
1764933592179 0.995 1025
1764933642748 0.995 1030
1764933693412 0.995 1035
1764933744029 0.995 1040
1764933794776 0.995 1045
1764933845334 0.995 1050
1764933896628 0.995 1055
1764933947470 0.995 1060
1764933997809 0.995 1065
1764934048228 0.995 1070
1764934098985 0.995 1075
1764934149874 0.995 1080
1764934200357 0.995 1085
1764934251301 0.995 1090
1764934302354 0.995 1095
1764934353025 0.995 1100
1764934403944 0.995 1105
1764934455084 0.995 1110
1764934506040 0.995 1115
1764934557104 0.995 1120
1764934608086 0.995 1125
1764934658983 0.995 1130
1764934709713 0.995 1135
1764934760388 0.995 1140
1764934811213 0.995 1145
1764934861833 0.995 1150
1764934912522 0.995 1155
1764934962695 0.995 1160
1764935013137 0.995 1165
1764935063700 0.995 1170
1764935114009 0.995 1175
1764935164371 0.995 1180
1764935215310 0.995 1185
1764935265765 0.995 1190
1764935316763 0.995 1195
1764935368300 0.995 1200
1764935419340 0.995 1205
1764935470588 0.995 1210
1764935521446 0.995 1215
1764935572154 0.995 1220
1764935622939 0.995 1225
1764935674056 0.995 1230
1764935724643 0.995 1235
1764935775749 0.995 1240
1764935826484 0.995 1245
1764935901113 0.995 1250
1764935952206 0.995 1255
1764936003577 0.995 1260
1764936055031 0.995 1265
1764936106171 0.995 1270
1764936157598 0.995 1275
1764936208675 0.995 1280
1764936259446 0.995 1285
1764936310580 0.995 1290
1764936361617 0.995 1295
1764936412820 0.995 1300
1764936463823 0.995 1305
1764936514818 0.995 1310
1764936565923 0.995 1315
1764936617137 0.995 1320
1764936667956 0.995 1325
1764936719118 0.995 1330
1764936769882 0.995 1335
1764936820750 0.995 1340
1764936871546 0.995 1345
1764936922653 0.995 1350
1764936973272 0.995 1355
1764937024236 0.995 1360
1764937074687 0.995 1365
1764937125419 0.995 1370
1764937176129 0.995 1375
1764937227000 0.995 1380
1764937277426 0.995 1385
1764937328217 0.995 1390
1764937378711 0.995 1395
1764937429566 0.995 1400
1764937480474 0.995 1405
1764937531196 0.995 1410
1764937581858 0.995 1415
1764937632917 0.995 1420
1764937683959 0.995 1425
1764937734802 0.995 1430
1764937785019 0.995 1435
1764937835615 0.995 1440
1764937886293 0.995 1445
1764937936899 0.995 1450
1764937987561 0.995 1455
1764938038020 0.995 1460
1764938088462 0.995 1465
1764938139106 0.995 1470
1764938189677 0.995 1475
1764938240473 0.995 1480
1764938291237 0.995 1485
1764938342115 0.995 1490
1764938393215 0.995 1495
1764938443693 0.995 1500
1764938494302 0.995 1505
1764938544917 0.995 1510
1764938595566 0.995 1515
1764938646527 0.995 1520
1764938697247 0.995 1525
1764938748041 0.995 1530
1764938798622 0.995 1535
1764938849608 0.995 1540
1764938900313 0.995 1545
1764938950896 0.995 1550
1764939001298 0.995 1555
1764939052099 0.995 1560
1764939102993 0.995 1565
1764939154123 0.995 1570
1764939204787 0.995 1575
1764939255303 0.995 1580
1764939306078 0.995 1585
1764939356933 0.995 1590
1764939407507 0.995 1595
1764939458096 0.995 1600
1764939508698 0.995 1605
1764939559861 0.995 1610
1764939610688 0.995 1615
1764939661515 0.995 1620
1764939712191 0.995 1625
1764939762875 0.995 1630
1764939813535 0.995 1635
1764939863984 0.995 1640
1764939914640 0.995 1645
1764939965817 0.995 1650
1764940016359 0.995 1655
1764940066849 0.995 1660
1764940117617 0.995 1665
1764940188028 0.995 1670
1764940238860 0.995 1675
1764940290030 0.995 1680
1764940340725 0.995 1685
1764940391439 0.995 1690
1764940442080 0.995 1695
1764940492693 0.995 1700
