1764923190248 2.4038466298076923e-06 5
1764923240726 4.807692759615385e-06 10
1764923291602 7.211538889423077e-06 15
1764923342366 9.615385019230767e-06 20
1764923392705 1.2019231149038456e-05 25
1764923443278 1.4423077278846148e-05 30
1764923493897 1.682692340865384e-05 35
1764923544321 1.9230769538461532e-05 40
1764923595022 2.1634615668269224e-05 45
1764923645951 2.4038461798076923e-05 50
1764923697226 2.644230792788462e-05 55
1764923748076 2.8846154057692314e-05 60
1764923799110 3.12500001875e-05 65
1764923849497 3.3653846317307695e-05 70
1764923900300 3.6057692447115384e-05 75
1764923951391 3.846153857692307e-05 80
1764924001944 4.0865384706730755e-05 85
1764924052653 4.326923083653844e-05 90
1764924103602 4.5673076966346126e-05 95
1764924154575 4.8076923096153815e-05 100
1764924204823 4.99999684994542e-05 105
1764924255482 4.999886598868626e-05 110
1764924306241 4.999618853001002e-05 115
1764924356812 4.999193629210745e-05 120
1764924407641 4.9986109542872825e-05 125
1764924458499 4.9978708649395866e-05 130
1764924509008 4.996973407793859e-05 135
1764924559908 4.995918639390592e-05 140
1764924610957 4.994706626181015e-05 145
1764924661597 4.9933374445228965e-05 150
1764924712560 4.991811180675741e-05 155
1764924763197 4.990127930795351e-05 160
1764924814063 4.988287800927775e-05 165
1764924864719 4.986290907002617e-05 170
1764924915570 4.9841373748257406e-05 175
1764924966313 4.9818273400713394e-05 180
1764925017027 4.979360948273393e-05 185
1764925067758 4.976738354816492e-05 190
1764925118148 4.973959724926055e-05 195
1764925168734 4.971025233657915e-05 200
1764925219301 4.967935065887295e-05 205
1764925270212 4.964689416297154e-05 210
1764925320877 4.9612884893659316e-05 215
1764925371371 4.957732499354655e-05 220
1764925421926 4.9540216702934483e-05 225
1764925472731 4.950156235967415e-05 230
1764925523409 4.94613643990191e-05 235
1764925573999 4.941962535347195e-05 240
1764925624708 4.93763478526249e-05 245
1764925675436 4.9331534622994007e-05 250
1764925726049 4.92851884878474e-05 255
1764925776988 4.92373123670275e-05 260
1764925827482 4.918790927676695e-05 265
1764925877934 4.913698232949869e-05 270
1764925928811 4.908453473365984e-05 275
1764925979381 4.903056979348951e-05 280
1764926029855 4.897509090882071e-05 285
1764926080626 4.8918101574866134e-05 290
1764926131177 4.885960538199791e-05 295
1764926181639 4.879960601552148e-05 300
1764926232279 4.8738107255443364e-05 305
1764926282900 4.867511297623306e-05 310
1764926333658 4.8610627146578935e-05 315
1764926384295 4.854465382913817e-05 320
1764926435190 4.8477197180280835e-05 325
1764926486050 4.8408261449828e-05 330
1764926536586 4.8337850980784044e-05 335
1764926587560 4.826597020906306e-05 340
1764926637880 4.819262366320928e-05 345
1764926688682 4.811781596411187e-05 350
1764926739703 4.804155182471378e-05 355
1764926790425 4.796383604971483e-05 360
1764926841335 4.7884673535269005e-05 365
1764926892230 4.780406926867598e-05 370
1764926942635 4.7722028328066944e-05 375
1764926993200 4.763855588208469e-05 380
1764927043762 4.75536571895579e-05 385
1764927094381 4.746733759916993e-05 390
1764927145488 4.737960254912181e-05 395
1764927196195 4.729045756678958e-05 400
1764927247105 4.719990826837614e-05 405
1764927297813 4.710796035855738e-05 410
1764927348331 4.7014619630122806e-05 415
1764927423632 4.691989196361055e-05 420
1764927474900 4.6823783326936934e-05 425
1764927526242 4.672629977502045e-05 430
1764927577513 4.662744744940035e-05 435
1764927628619 4.652723257784965e-05 440
1764927679630 4.6425661473982844e-05 445
1764927730330 4.6322740536858094e-05 450
1764927781127 4.621847625057409e-05 455
1764927831806 4.6112875183861615e-05 460
1764927882719 4.600594398966959e-05 465
1764927933179 4.589768940474603e-05 470
1764927983818 4.5788118249213565e-05 475
1764928034531 4.567723742613982e-05 480
1764928085069 4.5565053921102495e-05 485
1764928135655 4.5451574801749223e-05 490
1764928186378 4.533680721735238e-05 495
1764928236894 4.5220758398358624e-05 500
1764928287488 4.510343565593336e-05 505
1764928338218 4.4984846381500206e-05 510
1764928388864 4.486499804627523e-05 515
1764928439489 4.474389820079634e-05 520
1764928490112 4.462155447444752e-05 525
1764928540817 4.449797457497823e-05 530
1764928591599 4.437316628801782e-05 535
1764928642786 4.4247137476584965e-05 540
1764928693638 4.4119896080592346e-05 545
1764928744267 4.399145011634641e-05 550
1764928795125 4.386180767604231e-05 555
1764928846031 4.373097692725416e-05 560
1764928896601 4.359896611242041e-05 565
1764928947779 4.3465783548324556e-05 570
1764928998863 4.333143762557124e-05 575
1764929050179 4.319593680805761e-05 580
1764929100989 4.305928963244004e-05 585
1764929151510 4.292150470759636e-05 590
1764929202393 4.27825907140835e-05 595
1764929252887 4.264255640359058e-05 600
1764929303444 4.250141059838758e-05 605
1764929354348 4.235916219076944e-05 610
1764929404682 4.221582014249599e-05 615
1764929455436 4.2071393484227214e-05 620
1764929506246 4.1925891314954375e-05 625
1764929556485 4.177932280142678e-05 630
1764929607386 4.1631697177574225e-05 635
1764929657994 4.1483023743925285e-05 640
1764929708813 4.133331186702138e-05 645
1764929759564 4.118257097882662e-05 650
1764929810321 4.103081057613367e-05 655
1764929861060 4.087804021996536e-05 660
1764929911967 4.072426953497238e-05 665
1764929962532 4.056950820882693e-05 670
1764930012971 4.041376599161235e-05 675
1764930063529 4.025705269520888e-05 680
1764930114235 4.009937819267548e-05 685
1764930165044 3.99407524176279e-05 690
1764930215650 3.978118536361272e-05 695
1764930266636 3.962068708347788e-05 700
1764930317373 3.9459267688739274e-05 705
1764930367726 3.929693734894371e-05 710
1764930418537 3.913370629102824e-05 715
1764930469155 3.896958479867589e-05 720
1764930519898 3.8804583211667704e-05 725
1764930570974 3.8638711925231385e-05 730
1764930621636 3.847198138938639e-05 735
1764930672401 3.8304402108285536e-05 740
1764930723209 3.8135984639553235e-05 745
1764930774032 3.79667395936204e-05 750
1764930825469 3.7796677633055925e-05 755
1764930877124 3.762580947189498e-05 760
1764930927723 3.7454145874963954e-05 765
1764930978654 3.7281697657202365e-05 770
1764931029360 3.710847568298141e-05 775
1764931079828 3.693449086541956e-05 780
1764931131222 3.675975416569499e-05 785
1764931182146 3.658427659235503e-05 790
1764931233148 3.640806920062265e-05 795
1764931284088 3.623114309169991e-05 800
1764931334915 3.605350941206865e-05 805
1764931385465 3.587517935278817e-05 810
1764931435997 3.569616414879026e-05 815
1764931486884 3.551647507817133e-05 820
1764931537383 3.533612346148193e-05 825
1764931587820 3.515512066101352e-05 830
1764931663031 3.497347808008264e-05 835
1764931714169 3.479120716231248e-05 840
1764931765410 3.4608319390911964e-05 845
1764931816544 3.442482628795225e-05 850
1764931867690 3.424073941364089e-05 855
1764931918914 3.4056070365593405e-05 860
1764931969773 3.387083077810282e-05 865
1764932020599 3.368503232140652e-05 870
1764932071174 3.349868670095109e-05 875
1764932122230 3.331180565665488e-05 880
1764932172808 3.3124400962168324e-05 885
1764932223455 3.293648442413227e-05 890
1764932274184 3.274806788143405e-05 895
1764932324894 3.2559163204461695e-05 900
1764932375589 3.236978229435612e-05 905
1764932426281 3.217993708226122e-05 910
1764932476992 3.198963952857231e-05 915
1764932528038 3.1798901622182604e-05 920
1764932578941 3.160773537972784e-05 925
1764932629581 3.141615284482926e-05 930
1764932680440 3.122416608733487e-05 935
1764932731260 3.1031787202558986e-05 940
1764932782039 3.08390283105203e-05 945
1764932832889 3.064590155517819e-05 950
1764932883467 3.045241910366775e-05 955
1764932934175 3.0258593145533196e-05 960
1764932984621 3.0064435891959922e-05 965
1764933035100 2.9869959575005197e-05 970
1764933086062 2.967517644682754e-05 975
1764933136601 2.948009877891478e-05 980
1764933187352 2.9284738861311024e-05 985
1764933237861 2.908910900184229e-05 990
1764933288346 2.8893221525341147e-05 995
1764933338904 2.8697088772870277e-05 1000
1764933389825 2.8500723100944887e-05 1005
1764933440354 2.83041368807543e-05 1010
1764933490978 2.810734249738258e-05 1015
1764933541530 2.791035234902822e-05 1020
1764933592179 2.771317884622303e-05 1025
1764933642748 2.7515834411050322e-05 1030
1764933693412 2.731833147636227e-05 1035
1764933744029 2.7120682484996642e-05 1040
1764933794776 2.692289988899289e-05 1045
1764933845334 2.6724996148807664e-05 1050
1764933896628 2.6526983732529792e-05 1055
1764933947470 2.6328875115094765e-05 1060
1764933997809 2.6130682777498828e-05 1065
1764934048228 2.5932419206012688e-05 1070
1764934098985 2.5734096891394797e-05 1075
1764934149874 2.5535728328104507e-05 1080
1764934200357 2.533732601351485e-05 1085
1764934251301 2.513890244712522e-05 1090
1764934302354 2.4940470129773912e-05 1095
1764934353025 2.4742041562850507e-05 1100
1764934403944 2.4543629247508312e-05 1105
1764934455084 2.4345245683876795e-05 1110
1764934506040 2.414690337027402e-05 1115
1764934557104 2.3948614802419286e-05 1120
1764934608086 2.375039247264585e-05 1125
1764934658983 2.355224886911392e-05 1130
1764934709713 2.3354196475023907e-05 1135
1764934760388 2.3156247767829948e-05 1140
1764934811213 2.2958415218453817e-05 1145
1764934861833 2.276071129049926e-05 1150
1764934912522 2.256314843946678e-05 1155
1764934962695 2.2365739111968924e-05 1160
1764935013137 2.2168495744946134e-05 1165
1764935063700 2.1971430764883216e-05 1170
1764935114009 2.1774556587026446e-05 1175
1764935164371 2.1577885614601433e-05 1180
1764935215310 2.1381430238031668e-05 1185
1764935265765 2.1185202834157962e-05 1190
1764935316763 2.0989215765458653e-05 1195
1764935368300 2.0793481379270757e-05 1200
1764935419340 2.0598012007012133e-05 1205
1764935470588 2.0402819963404543e-05 1210
1764935521446 2.0207917545697815e-05 1215
1764935572154 2.0013317032895155e-05 1220
1764935622939 1.981903068497948e-05 1225
1764935674056 1.962507074214112e-05 1230
1764935724643 1.943144942400661e-05 1235
1764935775749 1.9238178928868864e-05 1240
1764935826484 1.9045271432918684e-05 1245
1764935901113 1.8852739089477643e-05 1250
1764935952206 1.8660594028232403e-05 1255
1764936003577 1.8468848354470572e-05 1260
1764936055031 1.8277514148318014e-05 1265
1764936106171 1.808660346397782e-05 1270
1764936157598 1.7896128328970893e-05 1275
1764936208675 1.7706100743378168e-05 1280
1764936259446 1.751653267908465e-05 1285
1764936310580 1.7327436079025116e-05 1290
1764936361617 1.7138822856431746e-05 1295
1764936412820 1.695070489408357e-05 1300
1764936463823 1.6763094043557828e-05 1305
1764936514818 1.6576002124483334e-05 1310
1764936565923 1.6389440923795808e-05 1315
1764936617137 1.620342219499531e-05 1320
1764936667956 1.6017957657405734e-05 1325
1764936719118 1.5833058995436526e-05 1330
1764936769882 1.5648737857846505e-05 1335
1764936820750 1.5465005857010035e-05 1340
1764936871546 1.5281874568185377e-05 1345
1764936922653 1.5099355528785481e-05 1350
1764936973272 1.4917460237651124e-05 1355
1764937024236 1.4736200154326445e-05 1360
1764937074687 1.4555586698336998e-05 1365
1764937125419 1.4375631248470329e-05 1370
1764937176129 1.419634514205907e-05 1375
1764937227000 1.4017739674266705e-05 1380
1764937277426 1.3839826097375965e-05 1385
1764937328217 1.3662615620079894e-05 1390
1764937378711 1.3486119406775763e-05 1395
1764937429566 1.3310348576861633e-05 1400
1764937480474 1.3135314204035815e-05 1405
1764937531196 1.2961027315599315e-05 1410
1764937581858 1.2787498891761003e-05 1415
1764937632917 1.261473986494592e-05 1420
1764937683959 1.244276111910647e-05 1425
1764937734802 1.2271573489036772e-05 1430
1764937785019 1.2101187759690023e-05 1435
1764937835615 1.1931614665499065e-05 1440
1764937886293 1.1762864889700111e-05 1445
1764937936899 1.1594949063659656e-05 1450
1764937987561 1.1427877766204706e-05 1455
1764938038020 1.1261661522956337e-05 1460
1764938088462 1.1096310805666521e-05 1465
1764938139106 1.0931836031558467e-05 1470
1764938189677 1.0768247562670248e-05 1475
1764938240473 1.0605555705202033e-05 1480
1764938291237 1.044377070886678e-05 1485
1764938342115 1.0282902766244491e-05 1490
1764938393215 1.0122962012140077e-05 1495
1764938443693 9.96395852294485e-06 1500
1764938494302 9.805902316001713e-06 1505
1764938544917 9.648803348974049e-06 1510
1764938595566 9.492671519218387e-06 1515
1764938646527 9.33751666316085e-06 1520
1764938697247 9.18334855567749e-06 1525
1764938748041 9.030176909478406e-06 1530
1764938798622 8.878011374495877e-06 1535
1764938849608 8.726861537276394e-06 1540
1764938900313 8.576736920376704e-06 1545
1764938950896 8.427646981763876e-06 1550
1764939001298 8.279601114219453e-06 1555
1764939052099 8.132608644747684e-06 1560
1764939102993 7.98667883398794e-06 1565
1764939154123 7.84182087563125e-06 1570
1764939204787 7.698043895841116e-06 1575
1764939255303 7.555356952678573e-06 1580
1764939306078 7.413769035531488e-06 1585
1764939356933 7.2732890645482374e-06 1590
1764939407507 7.133925890075742e-06 1595
1764939458096 6.995688292101853e-06 1600
1764939508698 6.858584979702268e-06 1605
1764939559861 6.722624590491787e-06 1610
1764939610688 6.5878156900801765e-06 1615
1764939661515 6.454166771532517e-06 1620
1764939712191 6.321686254834129e-06 1625
1764939762875 6.190382486360106e-06 1630
1764939813535 6.060263738349514e-06 1635
1764939863984 5.931338208384205e-06 1640
1764939914640 5.803614018872347e-06 1645
1764939965817 5.677099216536755e-06 1650
1764940016359 5.551801771907902e-06 1655
1764940066849 5.427729578821803e-06 1660
1764940117617 5.304890453922657e-06 1665
1764940188028 5.183292136170417e-06 1670
1764940238860 5.062942286353232e-06 1675
1764940290030 4.9438484866047975e-06 1680
1764940340725 4.826018239926676e-06 1685
1764940391439 4.709458969715642e-06 1690
1764940442080 4.594178019295926e-06 1695
1764940492693 4.480182651456642e-06 1700
