1764923190248 0.18790866062045097 5
1764923240726 0.18522386625409126 10
1764923291602 0.1821775771677494 15
1764923342366 0.18403706327080727 20
1764923392705 0.17567278444766998 25
1764923443278 0.15949688479304314 30
1764923493897 0.15467920526862144 35
1764923544321 0.14954077452421188 40
1764923595022 0.15965930372476578 45
1764923645951 0.1512804888188839 50
1764923697226 0.14815453067421913 55
1764923748076 0.1519116759300232 60
1764923799110 0.15512151643633842 65
1764923849497 0.15992452576756477 70
1764923900300 0.16181164234876633 75
1764923951391 0.15886542201042175 80
1764924001944 0.15464964509010315 85
1764924052653 0.16240385174751282 90
1764924103602 0.15330304205417633 95
1764924154575 0.1527191549539566 100
1764924204823 0.15885719656944275 105
1764924255482 0.1568327695131302 110
1764924306241 0.15920963138341904 115
1764924356812 0.16234427690505981 120
1764924407641 0.1545730195939541 125
1764924458499 0.15910188853740692 130
1764924509008 0.15910175815224648 135
1764924559908 0.14911459758877754 140
1764924610957 0.1626824587583542 145
1764924661597 0.15253569185733795 150
1764924712560 0.14778095483779907 155
1764924763197 0.14710095524787903 160
1764924814063 0.1520238257944584 165
1764924864719 0.1461770161986351 170
1764924915570 0.15517673268914223 175
1764924966313 0.14722030982375145 180
1764925017027 0.14766603708267212 185
1764925067758 0.1540755294263363 190
1764925118148 0.1556863859295845 195
1764925168734 0.15645194426178932 200
1764925219301 0.1539037711918354 205
1764925270212 0.1512376181781292 210
1764925320877 0.15584328770637512 215
1764925371371 0.15632513165473938 220
1764925421926 0.15609731152653694 225
1764925472731 0.1496618390083313 230
1764925523409 0.16080941259860992 235
1764925573999 0.15059462934732437 240
1764925624708 0.17009296640753746 245
1764925675436 0.15577104687690735 250
1764925726049 0.15526874735951424 255
1764925776988 0.1493331789970398 260
1764925827482 0.13922971487045288 265
1764925877934 0.15147363767027855 270
1764925928811 0.14539505168795586 275
1764925979381 0.14516908675432205 280
1764926029855 0.14819654822349548 285
1764926080626 0.15813077613711357 290
1764926131177 0.15425360947847366 295
1764926181639 0.14508243650197983 300
1764926232279 0.14136766642332077 305
1764926282900 0.1409744918346405 310
1764926333658 0.1412968598306179 315
1764926384295 0.13985883072018623 320
1764926435190 0.14914515987038612 325
1764926486050 0.1547020673751831 330
1764926536586 0.1543748527765274 335
1764926587560 0.14936015009880066 340
1764926637880 0.13831067085266113 345
1764926688682 0.1404169239103794 350
1764926739703 0.15230455994606018 355
1764926790425 0.15111911296844482 360
1764926841335 0.15889889001846313 365
1764926892230 0.15073054283857346 370
1764926942635 0.1547444686293602 375
1764926993200 0.1528322957456112 380
1764927043762 0.14433766901493073 385
1764927094381 0.13678112998604774 390
1764927145488 0.14293421432375908 395
1764927196195 0.14156176522374153 400
1764927247105 0.14021733775734901 405
1764927297813 0.1332475058734417 410
1764927348331 0.14726174250245094 415
1764927423632 0.1462172195315361 420
1764927474900 0.15456892922520638 425
1764927526242 0.14723968505859375 430
1764927577513 0.14606446772813797 435
1764927628619 0.15016896650195122 440
1764927679630 0.13767915964126587 445
1764927730330 0.13317406177520752 450
1764927781127 0.1373346894979477 455
1764927831806 0.13653215765953064 460
1764927882719 0.13893740624189377 465
1764927933179 0.15268197283148766 470
1764927983818 0.14671489596366882 475
1764928034531 0.14988146349787712 480
1764928085069 0.14438190311193466 485
1764928135655 0.14770587161183357 490
1764928186378 0.1369473561644554 495
1764928236894 0.1452573798596859 500
1764928287488 0.1457076370716095 505
1764928338218 0.15020732581615448 510
1764928388864 0.13508728705346584 515
1764928439489 0.1425955668091774 520
1764928490112 0.16106734797358513 525
1764928540817 0.15621494501829147 530
1764928591599 0.1549394391477108 535
1764928642786 0.1504165232181549 540
1764928693638 0.1562146469950676 545
1764928744267 0.14841555804014206 550
1764928795125 0.14911312609910965 555
1764928846031 0.1359308399260044 560
1764928896601 0.1276491191238165 565
1764928947779 0.15061276778578758 570
1764928998863 0.15004147961735725 575
1764929050179 0.14890430122613907 580
1764929100989 0.13504082337021828 585
1764929151510 0.15104178339242935 590
1764929202393 0.13583095371723175 595
1764929252887 0.13873500749468803 600
1764929303444 0.15135422348976135 605
1764929354348 0.15422583743929863 610
1764929404682 0.14996853843331337 615
1764929455436 0.13675254583358765 620
1764929506246 0.14385215938091278 625
1764929556485 0.14612330123782158 630
1764929607386 0.1524912230670452 635
1764929657994 0.1415913924574852 640
1764929708813 0.13279156014323235 645
1764929759564 0.13759178668260574 650
1764929810321 0.14184876531362534 655
1764929861060 0.1416989415884018 660
1764929911967 0.1440110132098198 665
1764929962532 0.15495234727859497 670
1764930012971 0.14820409193634987 675
1764930063529 0.15777083486318588 680
1764930114235 0.14702510461211205 685
1764930165044 0.14217176288366318 690
1764930215650 0.14285895600914955 695
1764930266636 0.13484452292323112 700
1764930317373 0.1442437544465065 705
1764930367726 0.1416199766099453 710
1764930418537 0.13641121610999107 715
1764930469155 0.12996016070246696 720
1764930519898 0.1487005352973938 725
1764930570974 0.14818499237298965 730
1764930621636 0.14481396973133087 735
1764930672401 0.1385181713849306 740
1764930723209 0.14203746616840363 745
1764930774032 0.1433197520673275 750
1764930825469 0.13932667300105095 755
1764930877124 0.14388306438922882 760
1764930927723 0.14697550982236862 765
1764930978654 0.13810552656650543 770
1764931029360 0.14602161198854446 775
1764931079828 0.1381889507174492 780
1764931131222 0.12779854238033295 785
1764931182146 0.14716779813170433 790
1764931233148 0.12952110916376114 795
1764931284088 0.1410815343260765 800
1764931334915 0.14437053725123405 805
1764931385465 0.12733466178178787 810
1764931435997 0.1376343108713627 815
1764931486884 0.13852756470441818 820
1764931537383 0.14286773651838303 825
1764931587820 0.14737677946686745 830
1764931663031 0.13633665814995766 835
1764931714169 0.14298328012228012 840
1764931765410 0.1405101977288723 845
1764931816544 0.13549333438277245 850
1764931867690 0.14249815419316292 855
1764931918914 0.1415993496775627 860
1764931969773 0.1461828015744686 865
1764932020599 0.14706217125058174 870
1764932071174 0.14376265183091164 875
1764932122230 0.1391979530453682 880
1764932172808 0.1466139405965805 885
1764932223455 0.1336022336035967 890
1764932274184 0.1461627371609211 895
1764932324894 0.14888742938637733 900
1764932375589 0.14990107342600822 905
1764932426281 0.1311100348830223 910
1764932476992 0.13606568053364754 915
1764932528038 0.1365913487970829 920
1764932578941 0.14727197214961052 925
1764932629581 0.13371332362294197 930
1764932680440 0.13729536905884743 935
1764932731260 0.13779072277247906 940
1764932782039 0.14218034595251083 945
1764932832889 0.14284992963075638 950
1764932883467 0.14113018289208412 955
1764932934175 0.14445184543728828 960
1764932984621 0.1336369700729847 965
1764933035100 0.14614973962306976 970
1764933086062 0.14202706888318062 975
1764933136601 0.14316972345113754 980
1764933187352 0.14342548325657845 985
1764933237861 0.14335168525576591 990
1764933288346 0.1398920714855194 995
1764933338904 0.14111143723130226 1000
1764933389825 0.14004041254520416 1005
1764933440354 0.13416354730725288 1010
1764933490978 0.15408255904912949 1015
1764933541530 0.14946101605892181 1020
1764933592179 0.1488822065293789 1025
1764933642748 0.1450560763478279 1030
1764933693412 0.14158179610967636 1035
1764933744029 0.13952258601784706 1040
1764933794776 0.14044984430074692 1045
1764933845334 0.13665576465427876 1050
1764933896628 0.1412382535636425 1055
1764933947470 0.14212347753345966 1060
1764933997809 0.13789353519678116 1065
1764934048228 0.13909561559557915 1070
1764934098985 0.15324077010154724 1075
1764934149874 0.14631930738687515 1080
1764934200357 0.14549365639686584 1085
1764934251301 0.13805824890732765 1090
1764934302354 0.14957592636346817 1095
1764934353025 0.14725081995129585 1100
1764934403944 0.13318080455064774 1105
1764934455084 0.147239338606596 1110
1764934506040 0.13369984179735184 1115
1764934557104 0.13132409937679768 1120
1764934608086 0.1395578533411026 1125
1764934658983 0.1440516822040081 1130
1764934709713 0.13921162486076355 1135
1764934760388 0.14512259513139725 1140
1764934811213 0.13537189364433289 1145
1764934861833 0.1366601586341858 1150
1764934912522 0.1407187096774578 1155
1764934962695 0.14605044201016426 1160
1764935013137 0.14387182518839836 1165
1764935063700 0.14367400854825974 1170
1764935114009 0.14621501043438911 1175
1764935164371 0.1467096284031868 1180
1764935215310 0.1364467404782772 1185
1764935265765 0.1408451907336712 1190
1764935316763 0.1407998390495777 1195
1764935368300 0.13615591451525688 1200
1764935419340 0.13738146796822548 1205
1764935470588 0.15530574321746826 1210
1764935521446 0.14946646615862846 1215
1764935572154 0.14258142933249474 1220
1764935622939 0.13789179921150208 1225
1764935674056 0.1449003778398037 1230
1764935724643 0.14181570708751678 1235
1764935775749 0.13523008301854134 1240
1764935826484 0.1518244668841362 1245
1764935901113 0.13017165288329124 1250
1764935952206 0.1377514824271202 1255
1764936003577 0.13297521322965622 1260
1764936055031 0.13363920524716377 1265
1764936106171 0.14624736458063126 1270
1764936157598 0.14643686637282372 1275
1764936208675 0.14637279510498047 1280
1764936259446 0.13331466540694237 1285
1764936310580 0.14144955575466156 1290
1764936361617 0.14015549793839455 1295
1764936412820 0.1295359954237938 1300
1764936463823 0.1365474872291088 1305
1764936514818 0.14378756284713745 1310
1764936565923 0.15061624348163605 1315
1764936617137 0.1317111887037754 1320
1764936667956 0.13484397158026695 1325
1764936719118 0.1470785066485405 1330
1764936769882 0.14472631365060806 1335
1764936820750 0.14114494994282722 1340
1764936871546 0.13575983420014381 1345
1764936922653 0.13991591706871986 1350
1764936973272 0.13427560403943062 1355
1764937024236 0.14117806777358055 1360
1764937074687 0.14284490048885345 1365
1764937125419 0.13566797971725464 1370
1764937176129 0.14536253362894058 1375
1764937227000 0.13766533508896828 1380
1764937277426 0.13036338798701763 1385
1764937328217 0.1434907540678978 1390
1764937378711 0.13387352228164673 1395
1764937429566 0.14095136150717735 1400
1764937480474 0.13500019162893295 1405
1764937531196 0.135168619453907 1410
1764937581858 0.14474400505423546 1415
1764937632917 0.14125690422952175 1420
1764937683959 0.14883194863796234 1425
1764937734802 0.1410956233739853 1430
1764937785019 0.13481193594634533 1435
1764937835615 0.13715869188308716 1440
1764937886293 0.13997844606637955 1445
1764937936899 0.13919351808726788 1450
1764937987561 0.13723662123084068 1455
1764938038020 0.1494445577263832 1460
1764938088462 0.14074033871293068 1465
1764938139106 0.13540752232074738 1470
1764938189677 0.13776419684290886 1475
1764938240473 0.14193714037537575 1480
1764938291237 0.13270550221204758 1485
1764938342115 0.14315806329250336 1490
1764938393215 0.13807827979326248 1495
1764938443693 0.14729594439268112 1500
1764938494302 0.14746259525418282 1505
1764938544917 0.14641466736793518 1510
1764938595566 0.14378317445516586 1515
1764938646527 0.12921188212931156 1520
1764938697247 0.13175033405423164 1525
1764938748041 0.13416892290115356 1530
1764938798622 0.14244795590639114 1535
1764938849608 0.13309084437787533 1540
1764938900313 0.14358066022396088 1545
1764938950896 0.13644341751933098 1550
1764939001298 0.1349724680185318 1555
1764939052099 0.1487051099538803 1560
1764939102993 0.15142056345939636 1565
1764939154123 0.1329834647476673 1570
1764939204787 0.13279811292886734 1575
1764939255303 0.14269467443227768 1580
1764939306078 0.1267087459564209 1585
1764939356933 0.13672827370464802 1590
1764939407507 0.13460566848516464 1595
1764939458096 0.1372906230390072 1600
1764939508698 0.14583531394600868 1605
1764939559861 0.1314096450805664 1610
1764939610688 0.13501334562897682 1615
1764939661515 0.14046626910567284 1620
1764939712191 0.13066584430634975 1625
1764939762875 0.14020512253046036 1630
1764939813535 0.14271040633320808 1635
1764939863984 0.13783368840813637 1640
1764939914640 0.1401057355105877 1645
1764939965817 0.14239414036273956 1650
1764940016359 0.13844657689332962 1655
1764940066849 0.13786076940596104 1660
1764940117617 0.14055507630109787 1665
1764940188028 0.14184153079986572 1670
1764940238860 0.13815845921635628 1675
1764940290030 0.135231614112854 1680
1764940340725 0.13654149323701859 1685
1764940391439 0.12994179502129555 1690
1764940442080 0.1399848461151123 1695
1764940492693 0.142640121281147 1700
