1764923190248 0.1041666679084301 5
1764923240726 0.416666679084301 10
1764923291602 0.385416679084301 15
1764923342366 0.5416666865348816 20
1764923392705 0.4583333432674408 25
1764923443278 0.447916679084301 30
1764923493897 0.4166666865348816 35
1764923544321 0.5937500149011612 40
1764923595022 0.541666679084301 45
1764923645951 0.5625000149011612 50
1764923697226 0.5833333432674408 55
1764923748076 0.645833358168602 60
1764923799110 0.5416666716337204 65
1764923849497 0.6041666939854622 70
1764923900300 0.520833358168602 75
1764923951391 0.5416666865348816 80
1764924001944 0.5520833507180214 85
1764924052653 0.541666679084301 90
1764924103602 0.5937500149011612 95
1764924154575 0.6458333730697632 100
1764924204823 0.5520833507180214 105
1764924255482 0.5520833507180214 110
1764924306241 0.5937500298023224 115
1764924356812 0.6041666865348816 120
1764924407641 0.510416679084301 125
1764924458499 0.614583358168602 130
1764924509008 0.6354166865348816 135
1764924559908 0.645833358168602 140
1764924610957 0.6250000149011612 145
1764924661597 0.6145833432674408 150
1764924712560 0.677083358168602 155
1764924763197 0.6041667014360428 160
1764924814063 0.604166679084301 165
1764924864719 0.541666679084301 170
1764924915570 0.5937500149011612 175
1764924966313 0.6250000298023224 180
1764925017027 0.5833333432674408 185
1764925067758 0.677083358168602 190
1764925118148 0.6458333432674408 195
1764925168734 0.6250000074505806 200
1764925219301 0.5416666865348816 205
1764925270212 0.541666679084301 210
1764925320877 0.6041666939854622 215
1764925371371 0.552083358168602 220
1764925421926 0.6041666716337204 225
1764925472731 0.5729166939854622 230
1764925523409 0.6666666865348816 235
1764925573999 0.6145833432674408 240
1764925624708 0.5208333432674408 245
1764925675436 0.6145833432674408 250
1764925726049 0.6770833432674408 255
1764925776988 0.6041666865348816 260
1764925827482 0.5833333432674408 265
1764925877934 0.6354166865348816 270
1764925928811 0.6875000149011612 275
1764925979381 0.5833333507180214 280
1764926029855 0.572916679084301 285
1764926080626 0.4791666865348816 290
1764926131177 0.6562500298023224 295
1764926181639 0.6250000149011612 300
1764926232279 0.71875 305
1764926282900 0.572916679084301 310
1764926333658 0.6562500298023224 315
1764926384295 0.614583358168602 320
1764926435190 0.645833358168602 325
1764926486050 0.5625000149011612 330
1764926536586 0.5729166865348816 335
1764926587560 0.5937500149011612 340
1764926637880 0.6458333507180214 345
1764926688682 0.6562500149011612 350
1764926739703 0.604166679084301 355
1764926790425 0.5729166865348816 360
1764926841335 0.677083358168602 365
1764926892230 0.645833358168602 370
1764926942635 0.6041666865348816 375
1764926993200 0.6250000298023224 380
1764927043762 0.6562500149011612 385
1764927094381 0.645833358168602 390
1764927145488 0.645833358168602 395
1764927196195 0.6458333432674408 400
1764927247105 0.583333358168602 405
1764927297813 0.5937500149011612 410
1764927348331 0.5833333432674408 415
1764927423632 0.5729166865348816 420
1764927474900 0.583333358168602 425
1764927526242 0.6250000149011612 430
1764927577513 0.552083358168602 435
1764927628619 0.5729166865348816 440
1764927679630 0.6354166716337204 445
1764927730330 0.6354166865348816 450
1764927781127 0.6041666716337204 455
1764927831806 0.6666666865348816 460
1764927882719 0.583333358168602 465
1764927933179 0.583333358168602 470
1764927983818 0.541666679084301 475
1764928034531 0.5729166716337204 480
1764928085069 0.6041666716337204 485
1764928135655 0.5208333358168602 490
1764928186378 0.6562500149011612 495
1764928236894 0.583333358168602 500
1764928287488 0.6041666865348816 505
1764928338218 0.5833333432674408 510
1764928388864 0.6354166865348816 515
1764928439489 0.7187500149011612 520
1764928490112 0.6041666865348816 525
1764928540817 0.5729166865348816 530
1764928591599 0.572916679084301 535
1764928642786 0.6041666865348816 540
1764928693638 0.6041666865348816 545
1764928744267 0.5937500149011612 550
1764928795125 0.6562500149011612 555
1764928846031 0.6770833730697632 560
1764928896601 0.6250000149011612 565
1764928947779 0.635416679084301 570
1764928998863 0.614583358168602 575
1764929050179 0.6666666716337204 580
1764929100989 0.6562500298023224 585
1764929151510 0.5312500149011612 590
1764929202393 0.6562500149011612 595
1764929252887 0.6666666865348816 600
1764929303444 0.5729166865348816 605
1764929354348 0.5312500149011612 610
1764929404682 0.614583358168602 615
1764929455436 0.6041666865348816 620
1764929506246 0.6041666865348816 625
1764929556485 0.5937500223517418 630
1764929607386 0.645833358168602 635
1764929657994 0.6562500149011612 640
1764929708813 0.7500000149011612 645
1764929759564 0.6041666865348816 650
1764929810321 0.6875000298023224 655
1764929861060 0.6354166865348816 660
1764929911967 0.5312500149011612 665
1764929962532 0.6250000149011612 670
1764930012971 0.614583358168602 675
1764930063529 0.6354167014360428 680
1764930114235 0.583333358168602 685
1764930165044 0.7291666865348816 690
1764930215650 0.677083358168602 695
1764930266636 0.6666666865348816 700
1764930317373 0.5937500223517418 705
1764930367726 0.614583358168602 710
1764930418537 0.614583358168602 715
1764930469155 0.6145833507180214 720
1764930519898 0.572916679084301 725
1764930570974 0.6250000149011612 730
1764930621636 0.5416666865348816 735
1764930672401 0.6666666716337204 740
1764930723209 0.583333358168602 745
1764930774032 0.5729166716337204 750
1764930825469 0.6875000223517418 755
1764930877124 0.645833358168602 760
1764930927723 0.5729166865348816 765
1764930978654 0.6354166716337204 770
1764931029360 0.6354166865348816 775
1764931079828 0.6666666865348816 780
1764931131222 0.6354167014360428 785
1764931182146 0.677083358168602 790
1764931233148 0.6666666865348816 795
1764931284088 0.6875 800
1764931334915 0.6979166865348816 805
1764931385465 0.7500000149011612 810
1764931435997 0.6354166865348816 815
1764931486884 0.6458333432674408 820
1764931537383 0.645833358168602 825
1764931587820 0.6041666716337204 830
1764931663031 0.5416666865348816 835
1764931714169 0.6875000149011612 840
1764931765410 0.6875000149011612 845
1764931816544 0.625 850
1764931867690 0.6145833656191826 855
1764931918914 0.6562500298023224 860
1764931969773 0.6979167014360428 865
1764932020599 0.739583358168602 870
1764932071174 0.5625000149011612 875
1764932122230 0.6979166865348816 880
1764932172808 0.614583358168602 885
1764932223455 0.6041666716337204 890
1764932274184 0.6979166865348816 895
1764932324894 0.7187500298023224 900
1764932375589 0.5729166865348816 905
1764932426281 0.7604166716337204 910
1764932476992 0.7291666865348816 915
1764932528038 0.6562500149011612 920
1764932578941 0.614583358168602 925
1764932629581 0.6875000149011612 930
1764932680440 0.5416666716337204 935
1764932731260 0.6250000149011612 940
1764932782039 0.645833358168602 945
1764932832889 0.6666666865348816 950
1764932883467 0.5520833507180214 955
1764932934175 0.6979166939854622 960
1764932984621 0.739583358168602 965
1764933035100 0.635416679084301 970
1764933086062 0.6354166865348816 975
1764933136601 0.6250000298023224 980
1764933187352 0.5625000223517418 985
1764933237861 0.708333358168602 990
1764933288346 0.6250000149011612 995
1764933338904 0.6250000223517418 1000
1764933389825 0.7187500149011612 1005
1764933440354 0.6666666865348816 1010
1764933490978 0.5729166716337204 1015
1764933541530 0.6041666865348816 1020
1764933592179 0.6041666865348816 1025
1764933642748 0.6145833432674408 1030
1764933693412 0.604166679084301 1035
1764933744029 0.677083358168602 1040
1764933794776 0.6458333432674408 1045
1764933845334 0.6250000149011612 1050
1764933896628 0.6354166716337204 1055
1764933947470 0.6666667014360428 1060
1764933997809 0.572916679084301 1065
1764934048228 0.6979166716337204 1070
1764934098985 0.6041666716337204 1075
1764934149874 0.677083358168602 1080
1764934200357 0.5833333656191826 1085
1764934251301 0.6354166865348816 1090
1764934302354 0.5937500074505806 1095
1764934353025 0.6562500298023224 1100
1764934403944 0.5520833507180214 1105
1764934455084 0.5729166865348816 1110
1764934506040 0.6666666865348816 1115
1764934557104 0.6666666865348816 1120
1764934608086 0.5729166865348816 1125
1764934658983 0.708333358168602 1130
1764934709713 0.6666666865348816 1135
1764934760388 0.614583358168602 1140
1764934811213 0.7500000149011612 1145
1764934861833 0.6354166716337204 1150
1764934912522 0.6875000149011612 1155
1764934962695 0.6562500298023224 1160
1764935013137 0.5937500298023224 1165
1764935063700 0.6458333507180214 1170
1764935114009 0.5625000149011612 1175
1764935164371 0.572916679084301 1180
1764935215310 0.6979166865348816 1185
1764935265765 0.677083358168602 1190
1764935316763 0.6041666865348816 1195
1764935368300 0.6250000298023224 1200
1764935419340 0.6562500149011612 1205
1764935470588 0.677083358168602 1210
1764935521446 0.7187500298023224 1215
1764935572154 0.6562500298023224 1220
1764935622939 0.5208333507180214 1225
1764935674056 0.583333358168602 1230
1764935724643 0.6458333507180214 1235
1764935775749 0.6979166865348816 1240
1764935826484 0.5625000298023224 1245
1764935901113 0.7604166865348816 1250
1764935952206 0.7395833730697632 1255
1764936003577 0.677083358168602 1260
1764936055031 0.6666666865348816 1265
1764936106171 0.6562500298023224 1270
1764936157598 0.6666666865348816 1275
1764936208675 0.645833358168602 1280
1764936259446 0.645833358168602 1285
1764936310580 0.645833358168602 1290
1764936361617 0.6562500223517418 1295
1764936412820 0.6250000149011612 1300
1764936463823 0.677083358168602 1305
1764936514818 0.6250000298023224 1310
1764936565923 0.5625000149011612 1315
1764936617137 0.6979166865348816 1320
1764936667956 0.6666666865348816 1325
1764936719118 0.6041666865348816 1330
1764936769882 0.7604166716337204 1335
1764936820750 0.6041666939854622 1340
1764936871546 0.6354167014360428 1345
1764936922653 0.6562500298023224 1350
1764936973272 0.614583358168602 1355
1764937024236 0.6041666716337204 1360
1764937074687 0.6979166865348816 1365
1764937125419 0.7291666865348816 1370
1764937176129 0.6562500149011612 1375
1764937227000 0.6458333507180214 1380
1764937277426 0.6875000298023224 1385
1764937328217 0.614583358168602 1390
1764937378711 0.6979166716337204 1395
1764937429566 0.6250000149011612 1400
1764937480474 0.6041666865348816 1405
1764937531196 0.7500000149011612 1410
1764937581858 0.5937500149011612 1415
1764937632917 0.5937500223517418 1420
1764937683959 0.6041666865348816 1425
1764937734802 0.7187500149011612 1430
1764937785019 0.7291666865348816 1435
1764937835615 0.6354166716337204 1440
1764937886293 0.6562500149011612 1445
1764937936899 0.6666667014360428 1450
1764937987561 0.6770833432674408 1455
1764938038020 0.4895833507180214 1460
1764938088462 0.6250000298023224 1465
1764938139106 0.708333358168602 1470
1764938189677 0.6666666865348816 1475
1764938240473 0.6458333432674408 1480
1764938291237 0.6875000149011612 1485
1764938342115 0.6562500223517418 1490
1764938393215 0.6354166865348816 1495
1764938443693 0.5833333358168602 1500
1764938494302 0.5937500149011612 1505
1764938544917 0.5937500149011612 1510
1764938595566 0.6250000223517418 1515
1764938646527 0.7187500149011612 1520
1764938697247 0.6770833432674408 1525
1764938748041 0.614583358168602 1530
1764938798622 0.6354166865348816 1535
1764938849608 0.677083358168602 1540
1764938900313 0.6354167014360428 1545
1764938950896 0.6562500298023224 1550
1764939001298 0.7187500149011612 1555
1764939052099 0.6041666865348816 1560
1764939102993 0.5625000149011612 1565
1764939154123 0.5937500149011612 1570
1764939204787 0.6458333432674408 1575
1764939255303 0.6666666865348816 1580
1764939306078 0.6562500074505806 1585
1764939356933 0.677083358168602 1590
1764939407507 0.614583358168602 1595
1764939458096 0.677083358168602 1600
1764939508698 0.583333358168602 1605
1764939559861 0.6562500149011612 1610
1764939610688 0.6562500298023224 1615
1764939661515 0.6666666865348816 1620
1764939712191 0.6666667014360428 1625
1764939762875 0.6666666865348816 1630
1764939813535 0.708333358168602 1635
1764939863984 0.645833358168602 1640
1764939914640 0.677083358168602 1645
1764939965817 0.614583358168602 1650
1764940016359 0.5937500149011612 1655
1764940066849 0.6666666865348816 1660
1764940117617 0.6875000298023224 1665
1764940188028 0.6875000149011612 1670
1764940238860 0.6666666865348816 1675
1764940290030 0.6562500149011612 1680
1764940340725 0.5729167014360428 1685
1764940391439 0.6458333432674408 1690
1764940442080 0.6458333730697632 1695
1764940492693 0.5625000298023224 1700
