1764923190248 9.61538651923077e-06 5
1764923240726 1.923077103846154e-05 10
1764923291602 2.884615555769231e-05 15
1764923342366 3.846154007692307e-05 20
1764923392705 4.807692459615382e-05 25
1764923443278 5.769230911538459e-05 30
1764923493897 6.730769363461536e-05 35
1764923544321 7.692307815384613e-05 40
1764923595022 8.65384626730769e-05 45
1764923645951 9.61538471923077e-05 50
1764923697226 0.00010576923171153848 55
1764923748076 0.00011538461623076926 60
1764923799110 0.00012500000075 65
1764923849497 0.00013461538526923078 70
1764923900300 0.00014423076978846154 75
1764923951391 0.0001538461543076923 80
1764924001944 0.00016346153882692302 85
1764924052653 0.00017307692334615375 90
1764924103602 0.0001826923078653845 95
1764924154575 0.00019230769238461526 100
1764924204823 0.0001999998739978168 105
1764924255482 0.00019999546395474505 110
1764924306241 0.00019998475412004007 115
1764924356812 0.0001999677451684298 120
1764924407641 0.0001999444381714913 125
1764924458499 0.00019991483459758346 130
1764924509008 0.00019987893631175435 135
1764924559908 0.00019983674557562368 140
1764924610957 0.0001997882650472406 145
1764924661597 0.00019973349778091586 150
1764924712560 0.00019967244722702963 155
1764924763197 0.00019960511723181404 160
1764924814063 0.000199531512037111 165
1764924864719 0.00019945163628010468 170
1764924915570 0.00019936549499302962 175
1764924966313 0.00019927309360285358 180
1764925017027 0.00019917443793093572 185
1764925067758 0.00019906953419265969 190
1764925118148 0.0001989583889970422 195
1764925168734 0.0001988410093463166 200
1764925219301 0.0001987174026354918 205
1764925270212 0.00019858757665188617 210
1764925320877 0.00019845153957463726 215
1764925371371 0.0001983092999741862 220
1764925421926 0.00019816086681173793 225
1764925472731 0.0001980062494386966 230
1764925523409 0.0001978454575960764 235
1764925573999 0.0001976785014138878 240
1764925624708 0.0001975053914104996 245
1764925675436 0.00019732613849197603 250
1764925726049 0.0001971407539513896 255
1764925776988 0.00019694924946811 260
1764925827482 0.0001967516371070678 265
1764925877934 0.00019654792931799475 270
1764925928811 0.00019633813893463935 275
1764925979381 0.00019612227917395803 280
1764926029855 0.00019590036363528285 285
1764926080626 0.00019567240629946454 290
1764926131177 0.00019543842152799164 295
1764926181639 0.00019519842406208593 300
1764926232279 0.00019495242902177346 305
1764926282900 0.00019470045190493225 310
1764926333658 0.00019444250858631574 315
1764926384295 0.00019417861531655268 320
1764926435190 0.00019390878872112334 325
1764926486050 0.000193633045799312 330
1764926536586 0.00019335140392313618 335
1764926587560 0.00019306388083625224 340
1764926637880 0.00019277049465283712 345
1764926688682 0.00019247126385644748 350
1764926739703 0.00019216620729885513 355
1764926790425 0.00019185534419885933 360
1764926841335 0.00019153869414107602 365
1764926892230 0.0001912162770747039 370
1764926942635 0.00019088811331226778 375
1764926993200 0.00019055422352833875 380
1764927043762 0.0001902146287582316 385
1764927094381 0.00018986935039667972 390
1764927145488 0.00018951841019648725 395
1764927196195 0.00018916183026715833 400
1764927247105 0.00018879963307350455 405
1764927297813 0.00018843184143422953 410
1764927348331 0.00018805847852049122 415
1764927423632 0.0001876795678544422 420
1764927474900 0.00018729513330774774 425
1764927526242 0.0001869051991000818 430
1764927577513 0.0001865097897976014 435
1764927628619 0.0001861089303113986 440
1764927679630 0.00018570264589593138 445
1764927730330 0.00018529096214743237 450
1764927781127 0.00018487390500229636 455
1764927831806 0.00018445150073544646 460
1764927882719 0.00018402377595867837 465
1764927933179 0.00018359075761898412 470
1764927983818 0.00018315247299685426 475
1764928034531 0.00018270894970455928 480
1764928085069 0.00018226021568440998 485
1764928135655 0.0001818062992069969 490
1764928186378 0.00018134722886940953 495
1764928236894 0.0001808830335934345 500
1764928287488 0.00018041374262373343 505
1764928338218 0.00017993938552600083 510
1764928388864 0.00017945999218510093 515
1764928439489 0.00017897559280318536 520
1764928490112 0.0001784862178977901 525
1764928540817 0.00017799189829991293 530
1764928591599 0.00017749266515207127 535
1764928642786 0.00017698854990633986 540
1764928693638 0.00017647958432236938 545
1764928744267 0.00017596580046538564 550
1764928795125 0.00017544723070416924 555
1764928846031 0.00017492390770901665 560
1764928896601 0.00017439586444968164 565
1764928947779 0.00017386313419329822 570
1764928998863 0.00017332575050228496 575
1764929050179 0.00017278374723223044 580
1764929100989 0.00017223715852976017 585
1764929151510 0.00017168601883038543 590
1764929202393 0.000171130362856334 595
1764929252887 0.00017057022561436233 600
1764929303444 0.0001700056423935503 605
1764929354348 0.00016943664876307776 610
1764929404682 0.00016886328056998397 615
1764929455436 0.00016828557393690886 620
1764929506246 0.0001677035652598175 625
1764929556485 0.0001671172912057071 630
1764929607386 0.0001665267887102969 635
1764929657994 0.00016593209497570114 640
1764929708813 0.00016533324746808553 645
1764929759564 0.00016473028391530647 650
1764929810321 0.00016412324230453469 655
1764929861060 0.00016351216087986145 660
1764929911967 0.00016289707813988953 665
1764929962532 0.0001622780328353077 670
1764930012971 0.0001616550639664494 675
1764930063529 0.0001610282107808355 680
1764930114235 0.00016039751277070193 685
1764930165044 0.0001597630096705116 690
1764930215650 0.00015912474145445089 695
1764930266636 0.0001584827483339115 700
1764930317373 0.0001578370707549571 705
1764930367726 0.00015718774939577483 710
1764930418537 0.00015653482516411296 715
1764930469155 0.00015587833919470355 720
1764930519898 0.00015521833284667082 725
1764930570974 0.00015455484770092554 730
1764930621636 0.00015388792555754555 735
1764930672401 0.00015321760843314215 740
1764930723209 0.00015254393855821294 745
1764930774032 0.0001518669583744816 750
1764930825469 0.0001511867105322237 755
1764930877124 0.0001505032378875799 760
1764930927723 0.00014981658349985582 765
1764930978654 0.00014912679062880946 770
1764931029360 0.00014843390273192565 775
1764931079828 0.00014773796346167825 780
1764931131222 0.00014703901666277995 785
1764931182146 0.00014633710636942013 790
1764931233148 0.0001456322768024906 795
1764931284088 0.00014492457236679965 800
1764931334915 0.0001442140376482746 805
1764931385465 0.0001435007174111527 810
1764931435997 0.00014278465659516105 815
1764931486884 0.00014206590031268533 820
1764931537383 0.00014134449384592773 825
1764931587820 0.00014062048264405408 830
1764931663031 0.00013989391232033057 835
1764931714169 0.0001391648286492499 840
1764931765410 0.00013843327756364785 845
1764931816544 0.000137699305151809 850
1764931867690 0.00013696295765456355 855
1764931918914 0.00013622428146237362 860
1764931969773 0.00013548332311241127 865
1764932020599 0.00013474012928562607 870
1764932071174 0.00013399474680380436 875
1764932122230 0.00013324722262661953 880
1764932172808 0.0001324976038486733 885
1764932223455 0.00013174593769652907 890
1764932274184 0.0001309922715257362 895
1764932324894 0.00013023665281784678 900
1764932375589 0.00012947912917742448 905
1764932426281 0.00012871974832904487 910
1764932476992 0.00012795855811428925 915
1764932528038 0.00012719560648873042 920
1764932578941 0.00012643094151891136 925
1764932629581 0.00012566461137931704 930
1764932680440 0.00012489666434933948 935
1764932731260 0.00012412714881023594 940
1764932782039 0.0001233561132420812 945
1764932832889 0.00012258360622071276 950
1764932883467 0.000121809676414671 955
1764932934175 0.00012103437258213278 960
1764932984621 0.00012025774356783969 965
1764933035100 0.00011947983830002079 970
1764933086062 0.00011870070578731016 975
1764933136601 0.00011792039511565913 980
1764933187352 0.0001171389554452441 985
1764933237861 0.00011635643600736916 990
1764933288346 0.00011557288610136459 995
1764933338904 0.00011478835509148111 1000
1764933389825 0.00011400289240377955 1005
1764933440354 0.0001132165475230172 1010
1764933490978 0.00011242936998953032 1015
1764933541530 0.00011164140939611287 1020
1764933592179 0.00011085271538489211 1025
1764933642748 0.00011006333764420129 1030
1764933693412 0.00010927332590544908 1035
1764933744029 0.00010848272993998657 1040
1764933794776 0.00010769159955597156 1045
1764933845334 0.00010689998459523066 1050
1764933896628 0.00010610793493011917 1055
1764933947470 0.00010531550046037906 1060
1764933997809 0.00010452273110999531 1065
1764934048228 0.00010372967682405075 1070
1764934098985 0.00010293638756557919 1075
1764934149874 0.00010214291331241803 1080
1764934200357 0.0001013493040540594 1085
1764934251301 0.00010055560978850088 1090
1764934302354 9.976188051909565e-05 1095
1764934353025 9.896816625140203e-05 1100
1764934403944 9.817451699003325e-05 1105
1764934455084 9.738098273550718e-05 1110
1764934506040 9.658761348109608e-05 1115
1764934557104 9.579445920967714e-05 1120
1764934608086 9.50015698905834e-05 1125
1764934658983 9.420899547645568e-05 1130
1764934709713 9.341678590009563e-05 1135
1764934760388 9.262499107131979e-05 1140
1764934811213 9.183366087381527e-05 1145
1764934861833 9.104284516199704e-05 1150
1764934912522 9.025259375786712e-05 1155
1764934962695 8.94629564478757e-05 1160
1764935013137 8.867398297978453e-05 1165
1764935063700 8.788572305953286e-05 1170
1764935114009 8.709822634810578e-05 1175
1764935164371 8.631154245840573e-05 1180
1764935215310 8.552572095212667e-05 1185
1764935265765 8.474081133663185e-05 1190
1764935316763 8.395686306183461e-05 1195
1764935368300 8.317392551708303e-05 1200
1764935419340 8.239204802804853e-05 1205
1764935470588 8.161127985361817e-05 1210
1764935521446 8.083167018279126e-05 1215
1764935572154 8.005326813158062e-05 1220
1764935622939 7.927612273991792e-05 1225
1764935674056 7.850028296856448e-05 1230
1764935724643 7.772579769602644e-05 1235
1764935775749 7.695271571547546e-05 1240
1764935826484 7.618108573167474e-05 1245
1764935901113 7.541095635791057e-05 1250
1764935952206 7.464237611292961e-05 1255
1764936003577 7.387539341788229e-05 1260
1764936055031 7.311005659327206e-05 1265
1764936106171 7.234641385591128e-05 1270
1764936157598 7.158451331588357e-05 1275
1764936208675 7.082440297351267e-05 1280
1764936259446 7.00661307163386e-05 1285
1764936310580 6.930974431610046e-05 1290
1764936361617 6.855529142572699e-05 1295
1764936412820 6.780281957633427e-05 1300
1764936463823 6.705237617423131e-05 1305
1764936514818 6.630400849793334e-05 1310
1764936565923 6.555776369518323e-05 1315
1764936617137 6.481368877998124e-05 1320
1764936667956 6.407183062962293e-05 1325
1764936719118 6.33322359817461e-05 1330
1764936769882 6.259495143138602e-05 1335
1764936820750 6.186002342804014e-05 1340
1764936871546 6.112749827274151e-05 1345
1764936922653 6.0397422115141924e-05 1350
1764936973272 5.9669840950604496e-05 1355
1764937024236 5.894480061730578e-05 1360
1764937074687 5.822234679334799e-05 1365
1764937125419 5.7502524993881314e-05 1370
1764937176129 5.678538056823628e-05 1375
1764937227000 5.607095869706682e-05 1380
1764937277426 5.535930438950386e-05 1385
1764937328217 5.465046248031958e-05 1390
1764937378711 5.3944477627103054e-05 1395
1764937429566 5.324139430744653e-05 1400
1764937480474 5.254125681614326e-05 1405
1764937531196 5.184410926239726e-05 1410
1764937581858 5.1149995567044014e-05 1415
1764937632917 5.045895945978368e-05 1420
1764937683959 4.977104447642588e-05 1425
1764937734802 4.9086293956147087e-05 1430
1764937785019 4.840475103876009e-05 1435
1764937835615 4.772645866199626e-05 1440
1764937886293 4.7051459558800445e-05 1445
1764937936899 4.6379796254638624e-05 1450
1764937987561 4.5711511064818825e-05 1455
1764938038020 4.504664609182535e-05 1460
1764938088462 4.4385243222666084e-05 1465
1764938139106 4.3727344126233867e-05 1470
1764938189677 4.307299025068099e-05 1475
1764938240473 4.242222282080813e-05 1480
1764938291237 4.177508283546712e-05 1485
1764938342115 4.1131611064977965e-05 1490
1764938393215 4.0491848048560306e-05 1495
1764938443693 3.98558340917794e-05 1500
1764938494302 3.9223609264006854e-05 1505
1764938544917 3.8595213395896195e-05 1510
1764938595566 3.7970686076873546e-05 1515
1764938646527 3.73500666526434e-05 1520
1764938697247 3.673339422270996e-05 1525
1764938748041 3.6120707637913625e-05 1530
1764938798622 3.551204549798351e-05 1535
1764938849608 3.490744614910558e-05 1540
1764938900313 3.4306947681506816e-05 1545
1764938950896 3.3710587927055504e-05 1550
1764939001298 3.311840445687781e-05 1555
1764939052099 3.2530434578990736e-05 1560
1764939102993 3.194671533595176e-05 1565
1764939154123 3.1367283502525e-05 1570
1764939204787 3.0792175583364464e-05 1575
1764939255303 3.022142781071429e-05 1580
1764939306078 2.9655076142125953e-05 1585
1764939356933 2.909315625819295e-05 1590
1764939407507 2.8535703560302967e-05 1595
1764939458096 2.7982753168407413e-05 1600
1764939508698 2.7434339918809072e-05 1605
1764939559861 2.6890498361967147e-05 1610
1764939610688 2.6351262760320706e-05 1615
1764939661515 2.5816667086130067e-05 1620
1764939712191 2.5286745019336515e-05 1625
1764939762875 2.4761529945440425e-05 1630
1764939813535 2.4241054953398057e-05 1635
1764939863984 2.372535283353682e-05 1640
1764939914640 2.3214456075489388e-05 1645
1764939965817 2.270839686614702e-05 1650
1764940016359 2.220720708763161e-05 1655
1764940066849 2.1710918315287213e-05 1660
1764940117617 2.1219561815690627e-05 1665
1764940188028 2.073316854468167e-05 1670
1764940238860 2.0251769145412928e-05 1675
1764940290030 1.977539394641919e-05 1680
1764940340725 1.9304072959706704e-05 1685
1764940391439 1.883783587886257e-05 1690
1764940442080 1.8376712077183705e-05 1695
1764940492693 1.7920730605826568e-05 1700
