1764774844011 0.6328125 5
1764774884306 0.50390625 10
1764774924848 0.3203125 15
1764774965308 0.216796875 20
1764775006039 0.240234375 25
1764775046912 0.181640625 30
1764775087267 0.1767578125 35
1764775127969 0.154296875 40
1764775168706 0.1708984375 45
1764775209057 0.158203125 50
1764775249695 0.1708984375 55
1764775290221 0.166015625 60
1764775330720 0.1494140625 65
1764775371251 0.1748046875 70
1764775411698 0.1513671875 75
1764775452262 0.1826171875 80
1764775492842 0.1669921875 85
1764775533196 0.154296875 90
1764775573720 0.181640625 95
1764775614274 0.1552734375 100
1764775654745 0.158203125 105
1764775695355 0.1435546875 110
1764775735786 0.154296875 115
1764775776241 0.15234375 120
1764775816851 0.16015625 125
1764775857126 0.1591796875 130
1764775897786 0.162109375 135
1764775938243 0.1591796875 140
1764775978879 0.142578125 145
1764776019600 0.140625 150
1764776059912 0.17578125 155
1764776100534 0.154296875 160
1764776141233 0.14453125 165
1764776181522 0.162109375 170
1764776222241 0.1396484375 175
1764776262920 0.1484375 180
1764776303256 0.1630859375 185
1764776343979 0.138671875 190
1764776384443 0.14453125 195
1764776424995 0.171875 200
1764776465580 0.181640625 205
1764776506057 0.1533203125 210
1764776546678 0.134765625 215
1764776587304 0.173828125 220
1764776627722 0.1865234375 225
1764776668270 0.166015625 230
1764776708857 0.150390625 235
1764776749307 0.1640625 240
1764776789813 0.162109375 245
1764776830472 0.1552734375 250
1764776870942 0.1826171875 255
1764776911638 0.1552734375 260
1764776952201 0.15625 265
1764776992853 0.1630859375 270
1764777033487 0.1630859375 275
1764777074175 0.1640625 280
1764777114723 0.1826171875 285
1764777155364 0.1826171875 290
1764777195821 0.1533203125 295
1764777236397 0.1865234375 300
1764777277106 0.1591796875 305
1764777317550 0.181640625 310
1764777358174 0.17578125 315
1764777398791 0.17578125 320
1764777439372 0.1806640625 325
1764777479932 0.169921875 330
1764777520446 0.171875 335
1764777560874 0.1728515625 340
1764777601427 0.1728515625 345
1764777642069 0.1787109375 350
1764777682827 0.1767578125 355
1764777723336 0.1767578125 360
1764777763874 0.1728515625 365
1764777804411 0.1767578125 370
1764777845012 0.158203125 375
1764777885481 0.201171875 380
1764777926138 0.1591796875 385
1764777966652 0.1875 390
1764778007092 0.1708984375 395
1764778047625 0.197265625 400
1764778088076 0.173828125 405
1764778128771 0.1796875 410
1764778169365 0.1728515625 415
1764778209794 0.162109375 420
1764778250482 0.1650390625 425
1764778291160 0.185546875 430
1764778331578 0.1787109375 435
1764778372128 0.1689453125 440
1764778412617 0.1806640625 445
1764778453176 0.1982421875 450
1764778493825 0.1669921875 455
1764778534533 0.1630859375 460
1764778575304 0.1748046875 465
1764778615703 0.171875 470
1764778656306 0.1826171875 475
1764778696942 0.1552734375 480
1764778737650 0.166015625 485
1764778778432 0.173828125 490
1764778819014 0.17578125 495
1764778859392 0.16796875 500
1764778900015 0.1904296875 505
1764778940494 0.1826171875 510
1764778980996 0.1796875 515
1764779021576 0.19140625 520
