1764774844011 6.410257346153845e-06 5
1764774884306 1.2820513692307686e-05 10
1764774924848 1.923077003846153e-05 15
1764774965308 2.5641026384615366e-05 20
1764775006039 3.2051282730769205e-05 25
1764775046912 3.8461539076923044e-05 30
1764775087267 4.487179542307689e-05 35
1764775127969 5.128205176923072e-05 40
1764775168706 5.769230811538457e-05 45
1764775209057 6.410256446153843e-05 50
1764775249695 7.051282080769226e-05 55
1764775290221 7.69230771538461e-05 60
1764775330720 8.333333349999996e-05 65
1764775371251 8.974358984615378e-05 70
1764775411698 9.615384619230763e-05 75
1764775452262 9.999984609387289e-05 80
1764775492842 9.99981146608787e-05 85
1764775533196 9.999445947940871e-05 90
1764775573720 9.998888069080797e-05 95
1764775614274 9.998137851080702e-05 100
1764775654745 9.997195322951345e-05 105
1764775695355 9.996060521140082e-05 110
1764775735786 9.994733489529442e-05 115
1764775776241 9.993214279435442e-05 120
1764775816851 9.991502949605594e-05 125
1764775857126 9.989599566216643e-05 130
1764775897786 9.987504202872001e-05 135
1764775938243 9.985216940598897e-05 140
1764775978879 9.982737867845252e-05 145
1764776019600 9.980067080476255e-05 150
1764776059912 9.977204681770662e-05 155
1764776100534 9.974150782416788e-05 160
1764776141233 9.970905500508237e-05 165
1764776181522 9.967468961539335e-05 170
1764776222241 9.963841298400277e-05 175
1764776262920 9.960022651371986e-05 180
1764776303256 9.956013168120686e-05 185
1764776343979 9.951813003692204e-05 190
1764776384443 9.947422320505955e-05 195
1764776424995 9.942841288348678e-05 200
1764776465580 9.938070084367865e-05 205
1764776506057 9.933108893064905e-05 210
1764776546678 9.927957906287958e-05 215
1764776587304 9.922617323224532e-05 220
1764776627722 9.917087350393776e-05 225
1764776668270 9.911368201638508e-05 230
1764776708857 9.905460098116935e-05 235
1764776749307 9.899363268294094e-05 240
1764776789813 9.893077947933034e-05 245
1764776830472 9.886604380085689e-05 250
1764776870942 9.879942815083479e-05 255
1764776911638 9.873093510527633e-05 260
1764776952201 9.866056731279232e-05 265
1764776992853 9.858832749448955e-05 270
1764777033487 9.851421844386564e-05 275
1764777074175 9.8438243026701e-05 280
1764777114723 9.836040418094807e-05 285
1764777155364 9.828070491661759e-05 290
1764777195821 9.819914831566231e-05 295
1764777236397 9.811573753185778e-05 300
1764777277106 9.803047579068031e-05 305
1764777317550 9.794336638918244e-05 310
1764777358174 9.785441269586524e-05 315
1764777398791 9.776361815054812e-05 320
1764777439372 9.767098626423588e-05 325
1764777479932 9.757652061898288e-05 330
1764777520446 9.74802248677545e-05 335
1764777560874 9.738210273428592e-05 340
1764777601427 9.728215801293808e-05 345
1764777642069 9.718039456855104e-05 350
1764777682827 9.707681633629446e-05 355
1764777723336 9.697142732151543e-05 360
1764777763874 9.686423159958357e-05 365
1764777804411 9.675523331573355e-05 370
1764777845012 9.66444366849046e-05 375
1764777885481 9.65318459915777e-05 380
1764777926138 9.641746558960975e-05 385
1764777966652 9.630129990206538e-05 390
1764778007092 9.618335342104574e-05 395
1764778047625 9.606363070751488e-05 400
1764778088076 9.59421363911234e-05 405
1764778128771 9.581887517002935e-05 410
1764778169365 9.569385181071664e-05 415
1764778209794 9.55670711478106e-05 420
1764778250482 9.543853808389113e-05 425
1764778291160 9.530825758930311e-05 430
1764778331578 9.517623470196409e-05 435
1764778372128 9.504247452716968e-05 440
1764778412617 9.490698223739591e-05 445
1764778453176 9.476976307209936e-05 450
1764778493825 9.463082233751447e-05 455
1764778534533 9.449016540644842e-05 460
1764778575304 9.434779771807328e-05 465
1764778615703 9.420372477771574e-05 470
1764778656306 9.40579521566442e-05 475
1764778696942 9.391048549185338e-05 480
1764778737650 9.37613304858462e-05 485
1764778778432 9.361049290641343e-05 490
1764778819014 9.345797858641054e-05 495
1764778859392 9.330379342353222e-05 500
1764778900015 9.314794338008425e-05 505
1764778940494 9.2990434482753e-05 510
1764778980996 9.28312728223723e-05 515
1764779021576 9.2670464553688e-05 520
