1764774844011 1.3880395293235779 5
1764774884306 1.379476547241211 10
1764774924848 1.5693798959255219 15
1764774965308 1.318601816892624 20
1764775006039 1.3477316200733185 25
1764775046912 1.123977467417717 30
1764775087267 1.2127958834171295 35
1764775127969 1.376481831073761 40
1764775168706 1.2767095863819122 45
1764775209057 1.3166362345218658 50
1764775249695 1.383207529783249 55
1764775290221 1.1271842420101166 60
1764775330720 1.1891134083271027 65
1764775371251 1.2879720032215118 70
1764775411698 1.0653598606586456 75
1764775452262 1.1228750944137573 80
1764775492842 1.2739971280097961 85
1764775533196 1.0808131098747253 90
1764775573720 1.0780489444732666 95
1764775614274 1.062739998102188 100
1764775654745 1.2564820051193237 105
1764775695355 1.2180858850479126 110
1764775735786 1.3416745066642761 115
1764775776241 1.2627972960472107 120
1764775816851 1.2400200068950653 125
1764775857126 1.2252727150917053 130
1764775897786 1.0727886259555817 135
1764775938243 1.1991908848285675 140
1764775978879 1.1447034180164337 145
1764776019600 1.134096011519432 150
1764776059912 1.143811672925949 155
1764776100534 1.2307398319244385 160
1764776141233 1.2339069545269012 165
1764776181522 1.1864554286003113 170
1764776222241 1.021402731537819 175
1764776262920 1.124086320400238 180
1764776303256 1.193583756685257 185
1764776343979 1.206168919801712 190
1764776384443 1.2286910116672516 195
1764776424995 1.2243787050247192 200
1764776465580 1.108063519001007 205
1764776506057 1.1155479848384857 210
1764776546678 1.1470683813095093 215
1764776587304 1.363927572965622 220
1764776627722 1.3156393468379974 225
1764776668270 1.111180305480957 230
1764776708857 1.2914963960647583 235
1764776749307 1.2251653671264648 240
1764776789813 1.2990857660770416 245
1764776830472 1.232185423374176 250
1764776870942 1.231334388256073 255
1764776911638 1.036307379603386 260
1764776952201 1.147641271352768 265
1764776992853 1.1802119016647339 270
1764777033487 1.1797007024288177 275
1764777074175 1.1397056877613068 280
1764777114723 1.188372015953064 285
1764777155364 1.1932206749916077 290
1764777195821 1.1695590168237686 295
1764777236397 1.17058727145195 300
1764777277106 1.2108338177204132 305
1764777317550 1.2414668500423431 310
1764777358174 1.2398305833339691 315
1764777398791 1.140956550836563 320
1764777439372 1.1358893513679504 325
1764777479932 1.0327363908290863 330
1764777520446 1.2135154604911804 335
1764777560874 1.1894967406988144 340
1764777601427 1.123274177312851 345
1764777642069 1.2094803154468536 350
1764777682827 1.1846081912517548 355
1764777723336 1.0859925895929337 360
1764777763874 1.471507579088211 365
1764777804411 1.1191574335098267 370
1764777845012 1.1065923273563385 375
1764777885481 1.2980519235134125 380
1764777926138 1.0228287875652313 385
1764777966652 1.2329071462154388 390
1764778007092 1.129787564277649 395
1764778047625 1.1972621977329254 400
1764778088076 1.1792680621147156 405
1764778128771 1.1090802550315857 410
1764778169365 1.1418843269348145 415
1764778209794 1.018821895122528 420
1764778250482 1.2095204591751099 425
1764778291160 1.0489572286605835 430
1764778331578 1.2170785665512085 435
1764778372128 1.089624673128128 440
1764778412617 1.1517718434333801 445
1764778453176 1.1348982751369476 450
1764778493825 1.0582737028598785 455
1764778534533 1.0681335628032684 460
1764778575304 1.266311764717102 465
1764778615703 1.1536932587623596 470
1764778656306 1.0238985270261765 475
1764778696942 1.0408537536859512 480
1764778737650 1.2250087559223175 485
1764778778432 1.010720357298851 490
1764778819014 1.1312783360481262 495
1764778859392 0.936193197965622 500
1764778900015 1.3197369575500488 505
1764778940494 1.1782709658145905 510
1764778980996 1.1055536717176437 515
1764779021576 1.0726523995399475 520
