1764535366022 0.07568359375 5
1764535427379 0.0576171875 10
1764535488952 0.10498046875 15
1764535550752 0.09326171875 20
1764535611795 0.2080078125 25
1764535672609 0.734375 30
1764535733747 0.427734375 35
1764535794949 0.251953125 40
1764535856327 0.453125 45
1764535917755 0.171875 50
1764535979456 0.390625 55
1764536041074 0.2451171875 60
1764536102640 1.0 65
1764536164215 0.142578125 70
1764536225811 0.27734375 75
1764536287382 0.2177734375 80
1764536348622 1.0 85
1764536409967 0.271484375 90
1764536471483 0.23828125 95
1764536532743 0.1865234375 100
1764536593977 0.251953125 105
1764536655560 0.1884765625 110
1764536717007 0.2060546875 115
1764536778624 0.1142578125 120
1764536839879 0.2080078125 125
1764536926149 0.2421875 130
1764536987360 0.22265625 135
1764537049012 0.466796875 140
1764537110241 0.1904296875 145
1764537172091 0.2265625 150
1764537234255 0.19140625 155
1764537295324 0.234375 160
1764537356615 0.228515625 165
1764537417963 0.1279296875 170
1764537479745 0.1328125 175
1764537541455 0.34765625 180
1764537602927 0.46484375 185
1764537664409 0.2890625 190
1764537726027 0.8046875 195
1764537787701 0.439453125 200
1764537848694 0.150390625 205
1764537910271 0.1875 210
1764537971911 0.10205078125 215
1764538033127 0.5234375 220
1764538094226 0.306640625 225
1764538156338 0.173828125 230
1764538218160 0.359375 235
1764538279244 0.134765625 240
1764538340846 0.185546875 245
1764538402644 0.42578125 250
1764538488979 0.36328125 255
1764538550736 0.2099609375 260
1764538612724 0.19921875 265
1764538674106 0.48828125 270
1764538735628 0.447265625 275
1764538796813 0.63671875 280
1764538857924 0.1396484375 285
1764538918886 0.181640625 290
1764538980509 0.30078125 295
1764539042463 0.65234375 300
1764539104222 0.52734375 305
1764539165564 0.369140625 310
1764539227156 0.171875 315
1764539288795 0.421875 320
1764539349626 0.1298828125 325
1764539410962 0.310546875 330
1764539473342 0.69140625 335
1764539534945 0.14453125 340
1764539596953 0.26171875 345
1764539658592 1.0 350
1764539719766 0.86328125 355
1764539780952 0.140625 360
1764539842695 0.44140625 365
1764539903716 0.330078125 370
1764539964927 0.458984375 375
1764540051759 0.408203125 380
1764540113972 0.2353515625 385
1764540175360 0.435546875 390
1764540236366 0.326171875 395
1764540298875 1.0 400
1764540360383 0.59375 405
1764540422307 0.451171875 410
1764540483214 0.7890625 415
1764540544585 0.3984375 420
1764540606200 0.48046875 425
1764540668354 0.35546875 430
1764540729704 0.3671875 435
1764540791367 0.390625 440
1764540853039 0.5390625 445
1764540915195 0.2236328125 450
1764540976322 0.53515625 455
1764541038253 0.51953125 460
1764541099931 0.259765625 465
1764541161517 0.470703125 470
1764541222535 0.21484375 475
1764541284303 0.443359375 480
1764541345784 0.66015625 485
1764541407607 0.6875 490
1764541468954 0.486328125 495
1764541530297 0.765625 500
1764541616459 0.5078125 505
1764541678367 0.404296875 510
1764541739644 0.189453125 515
1764541800962 0.248046875 520
1764541862542 0.77734375 525
1764541923905 0.439453125 530
1764541985539 0.35546875 535
1764542047077 0.71484375 540
1764542108060 0.35546875 545
1764542170107 0.404296875 550
1764542231885 0.75 555
1764542293493 0.2236328125 560
1764542355076 0.6796875 565
1764542416288 0.69921875 570
1764542477624 0.40625 575
1764542540104 0.279296875 580
1764542601218 0.349609375 585
1764542662751 0.765625 590
1764542724175 0.1796875 595
1764542786370 0.189453125 600
1764542847714 0.330078125 605
1764542909395 0.375 610
1764542971035 0.419921875 615
1764543032346 0.220703125 620
1764543094045 0.33203125 625
1764543180182 0.251953125 630
1764543242477 0.44921875 635
1764543304083 0.1396484375 640
1764543365942 0.341796875 645
1764543427411 0.1865234375 650
1764543489705 0.34375 655
1764543551445 0.625 660
1764543612666 0.240234375 665
1764543674216 0.2275390625 670
1764543735137 0.27734375 675
1764543797287 0.345703125 680
1764543858696 0.51171875 685
1764543920366 0.47265625 690
1764543981909 0.50390625 695
1764544043804 0.369140625 700
1764544105623 0.2734375 705
1764544167486 0.265625 710
1764544228651 0.29296875 715
1764544290123 0.181640625 720
1764544351600 0.3046875 725
1764544413251 0.55078125 730
1764544475294 0.3203125 735
1764544536963 0.48046875 740
1764544598855 0.271484375 745
1764544660240 0.154296875 750
1764544745756 0.72265625 755
1764544807750 0.43359375 760
1764544869624 0.396484375 765
1764544931028 0.470703125 770
1764544992778 0.4609375 775
1764545054291 0.12451171875 780
1764545115766 0.3515625 785
1764545177471 0.392578125 790
1764545238729 0.337890625 795
1764545300186 0.21875 800
1764545361520 0.1640625 805
1764545423273 0.3359375 810
1764545484812 0.37109375 815
1764545546679 0.5078125 820
1764545608780 0.2392578125 825
1764545670035 0.30859375 830
1764545731639 0.1611328125 835
1764545792928 0.2353515625 840
1764545854489 0.2080078125 845
1764545915677 0.279296875 850
1764545977080 0.162109375 855
1764546038824 0.2275390625 860
1764546100747 0.361328125 865
1764546162806 0.1708984375 870
1764546224040 0.392578125 875
1764546310278 0.380859375 880
1764546371647 0.1259765625 885
1764546433639 0.53125 890
1764546495512 0.1923828125 895
1764546557098 0.1376953125 900
1764546618366 0.3125 905
1764546679917 0.1494140625 910
1764546741361 0.115234375 915
1764546802476 0.1494140625 920
1764546864062 0.26953125 925
1764546925628 0.458984375 930
1764546986656 0.373046875 935
1764547048299 0.1669921875 940
1764547109913 0.326171875 945
1764547170991 0.287109375 950
1764547232376 0.71484375 955
1764547293993 0.80078125 960
1764547355654 0.2197265625 965
1764547416837 0.470703125 970
1764547478681 0.20703125 975
1764547539969 0.4453125 980
1764547601559 0.18359375 985
1764547663258 0.1845703125 990
1764547724586 0.1904296875 995
1764547810958 0.158203125 1000
1764547872247 0.169921875 1005
1764547933700 0.55859375 1010
1764547995250 0.23828125 1015
1764548056854 0.37890625 1020
1764548117994 0.4921875 1025
1764548179762 0.26953125 1030
1764548241311 0.310546875 1035
1764548302868 0.3671875 1040
1764548364179 0.1943359375 1045
1764548425837 0.2578125 1050
1764548487189 0.26171875 1055
1764548548421 0.2236328125 1060
1764548609420 0.5078125 1065
1764548671582 0.287109375 1070
1764548732947 0.279296875 1075
1764548794626 0.28125 1080
1764548856481 0.306640625 1085
1764548917913 0.2060546875 1090
1764548979475 0.24609375 1095
1764549041014 0.37890625 1100
1764549102555 0.2734375 1105
1764549164107 0.2314453125 1110
1764549226083 0.26171875 1115
1764549287148 0.2060546875 1120
1764549347859 0.255859375 1125
1764549434607 0.26953125 1130
1764549496589 0.31640625 1135
1764549558194 0.306640625 1140
1764549620124 0.400390625 1145
1764549681527 0.302734375 1150
1764549743100 0.3671875 1155
1764549804628 0.3359375 1160
1764549866653 0.212890625 1165
1764549927777 0.384765625 1170
1764549989385 0.2177734375 1175
1764550051264 0.38671875 1180
1764550112880 0.3046875 1185
1764550174258 0.36328125 1190
1764550235884 0.40234375 1195
1764550297320 0.27734375 1200
1764550358713 0.30078125 1205
1764550419768 0.51953125 1210
1764550481607 0.23046875 1215
1764550543068 0.40625 1220
1764550604022 0.384765625 1225
1764550665233 0.28515625 1230
1764550726481 0.50390625 1235
1764550788012 0.37890625 1240
1764550849357 0.375 1245
1764550935374 0.478515625 1250
