1764535366022 1.0 5
1764535427379 1.0 10
1764535488952 1.0 15
1764535550752 1.0 20
1764535611795 1.0 25
1764535672609 1.0 30
1764535733747 1.0 35
1764535794949 1.0 40
1764535856327 1.0 45
1764535917755 1.0 50
1764535979456 1.0 55
1764536041074 1.0 60
1764536102640 1.0 65
1764536164215 1.0 70
1764536225811 1.0 75
1764536287382 1.0 80
1764536348622 1.0 85
1764536409967 1.0 90
1764536471483 1.0 95
1764536532743 1.0 100
1764536593977 1.0 105
1764536655560 1.0 110
1764536717007 1.0 115
1764536778624 1.0 120
1764536839879 1.0 125
1764536926149 1.0 130
1764536987360 1.0 135
1764537049012 1.0 140
1764537110241 1.0 145
1764537172091 1.0 150
1764537234255 1.0 155
1764537295324 1.0 160
1764537356615 1.0 165
1764537417963 1.0 170
1764537479745 1.0 175
1764537541455 1.0 180
1764537602927 1.0 185
1764537664409 1.0 190
1764537726027 1.0 195
1764537787701 1.0 200
1764537848694 1.0 205
1764537910271 1.0 210
1764537971911 1.0 215
1764538033127 1.0 220
1764538094226 1.0 225
1764538156338 1.0 230
1764538218160 1.0 235
1764538279244 1.0 240
1764538340846 1.0 245
1764538402644 1.0 250
1764538488979 1.0 255
1764538550736 1.0 260
1764538612724 1.0 265
1764538674106 1.0 270
1764538735628 1.0 275
1764538796813 1.0 280
1764538857924 1.0 285
1764538918886 1.0 290
1764538980509 1.0 295
1764539042463 1.0 300
1764539104222 1.0 305
1764539165564 1.0 310
1764539227156 1.0 315
1764539288795 1.0 320
1764539349626 1.0 325
1764539410962 1.0 330
1764539473342 1.0 335
1764539534945 1.0 340
1764539596953 1.0 345
1764539658592 1.0 350
1764539719766 1.0 355
1764539780952 1.0 360
1764539842695 1.0 365
1764539903716 1.0 370
1764539964927 1.0 375
1764540051759 1.0 380
1764540113972 1.0 385
1764540175360 1.0 390
1764540236366 1.0 395
1764540298875 1.0 400
1764540360383 0.9999764705882352 405
1764540422307 0.9999470588235294 410
1764540483214 0.9999176470588236 415
1764540544585 0.9998882352941176 420
1764540606200 0.9998588235294118 425
1764540668354 0.9998294117647059 430
1764540729704 0.9998 435
1764540791367 0.9997705882352941 440
1764540853039 0.9997411764705882 445
1764540915195 0.9997117647058823 450
1764540976322 0.9996823529411765 455
1764541038253 0.9996529411764706 460
1764541099931 0.9996235294117647 465
1764541161517 0.9995941176470589 470
1764541222535 0.9995647058823529 475
1764541284303 0.9995352941176471 480
1764541345784 0.9995058823529411 485
1764541407607 0.9994764705882353 490
1764541468954 0.9994470588235295 495
1764541530297 0.9994176470588235 500
1764541616459 0.9993882352941177 505
1764541678367 0.9993588235294117 510
1764541739644 0.9993294117647059 515
1764541800962 0.9993 520
1764541862542 0.9992705882352941 525
1764541923905 0.9992411764705882 530
1764541985539 0.9992117647058824 535
1764542047077 0.9991823529411765 540
1764542108060 0.9991529411764706 545
1764542170107 0.9991235294117647 550
1764542231885 0.9990941176470588 555
1764542293493 0.999064705882353 560
1764542355076 0.999035294117647 565
1764542416288 0.9990058823529412 570
1764542477624 0.9989764705882352 575
1764542540104 0.9989470588235294 580
1764542601218 0.9989176470588236 585
1764542662751 0.9988882352941176 590
1764542724175 0.9988588235294118 595
1764542786370 0.9988294117647059 600
1764542847714 0.9988 605
1764542909395 0.9987705882352941 610
1764542971035 0.9987411764705882 615
1764543032346 0.9987117647058823 620
1764543094045 0.9986823529411765 625
1764543180182 0.9986529411764706 630
1764543242477 0.9986235294117647 635
1764543304083 0.9985941176470589 640
1764543365942 0.9985647058823529 645
1764543427411 0.9985352941176471 650
1764543489705 0.9985058823529411 655
1764543551445 0.9984764705882353 660
1764543612666 0.9984470588235295 665
1764543674216 0.9984176470588235 670
1764543735137 0.9983882352941177 675
1764543797287 0.9983588235294117 680
1764543858696 0.9983294117647059 685
1764543920366 0.9983 690
1764543981909 0.9982705882352941 695
1764544043804 0.9982411764705882 700
1764544105623 0.9982117647058824 705
1764544167486 0.9981823529411765 710
1764544228651 0.9981529411764706 715
1764544290123 0.9981235294117647 720
1764544351600 0.9980941176470588 725
1764544413251 0.998064705882353 730
1764544475294 0.998035294117647 735
1764544536963 0.9980058823529412 740
1764544598855 0.9979764705882352 745
1764544660240 0.9979470588235294 750
1764544745756 0.9979176470588236 755
1764544807750 0.9978882352941176 760
1764544869624 0.9978588235294118 765
1764544931028 0.9978294117647059 770
1764544992778 0.9978 775
1764545054291 0.9977705882352941 780
1764545115766 0.9977411764705882 785
1764545177471 0.9977117647058823 790
1764545238729 0.9976823529411765 795
1764545300186 0.9976529411764706 800
1764545361520 0.9976235294117647 805
1764545423273 0.9975941176470589 810
1764545484812 0.9975647058823529 815
1764545546679 0.9975352941176471 820
1764545608780 0.9975058823529411 825
1764545670035 0.9974764705882353 830
1764545731639 0.9974470588235295 835
1764545792928 0.9974176470588235 840
1764545854489 0.9973882352941177 845
1764545915677 0.9973588235294117 850
1764545977080 0.9973294117647059 855
1764546038824 0.9973 860
1764546100747 0.9972705882352941 865
1764546162806 0.9972411764705882 870
1764546224040 0.9972117647058824 875
1764546310278 0.9971823529411765 880
1764546371647 0.9971529411764706 885
1764546433639 0.9971235294117647 890
1764546495512 0.9970941176470588 895
1764546557098 0.997064705882353 900
1764546618366 0.997035294117647 905
1764546679917 0.9970058823529412 910
1764546741361 0.9969764705882352 915
1764546802476 0.9969470588235294 920
1764546864062 0.9969176470588236 925
1764546925628 0.9968882352941176 930
1764546986656 0.9968588235294118 935
1764547048299 0.9968294117647059 940
1764547109913 0.9968 945
1764547170991 0.9967705882352941 950
1764547232376 0.9967411764705882 955
1764547293993 0.9967117647058823 960
1764547355654 0.9966823529411765 965
1764547416837 0.9966529411764706 970
1764547478681 0.9966235294117647 975
1764547539969 0.9965941176470589 980
1764547601559 0.9965647058823529 985
1764547663258 0.9965352941176471 990
1764547724586 0.9965058823529411 995
1764547810958 0.9964764705882353 1000
1764547872247 0.9964470588235295 1005
1764547933700 0.9964176470588235 1010
1764547995250 0.9963882352941177 1015
1764548056854 0.9963588235294117 1020
1764548117994 0.9963294117647059 1025
1764548179762 0.9963 1030
1764548241311 0.9962705882352941 1035
1764548302868 0.9962411764705882 1040
1764548364179 0.9962117647058824 1045
1764548425837 0.9961823529411765 1050
1764548487189 0.9961529411764706 1055
1764548548421 0.9961235294117647 1060
1764548609420 0.9960941176470588 1065
1764548671582 0.996064705882353 1070
1764548732947 0.996035294117647 1075
1764548794626 0.9960058823529412 1080
1764548856481 0.9959764705882352 1085
1764548917913 0.9959470588235294 1090
1764548979475 0.9959176470588236 1095
1764549041014 0.9958882352941176 1100
1764549102555 0.9958588235294118 1105
1764549164107 0.9958294117647059 1110
1764549226083 0.9958 1115
1764549287148 0.9957705882352941 1120
1764549347859 0.9957411764705882 1125
1764549434607 0.9957117647058823 1130
1764549496589 0.9956823529411765 1135
1764549558194 0.9956529411764706 1140
1764549620124 0.9956235294117647 1145
1764549681527 0.9955941176470589 1150
1764549743100 0.9955647058823529 1155
1764549804628 0.9955352941176471 1160
1764549866653 0.9955058823529411 1165
1764549927777 0.9954764705882353 1170
1764549989385 0.9954470588235294 1175
1764550051264 0.9954176470588235 1180
1764550112880 0.9953882352941177 1185
1764550174258 0.9953588235294117 1190
1764550235884 0.9953294117647059 1195
1764550297320 0.9953 1200
1764550358713 0.9952705882352941 1205
1764550419768 0.9952411764705882 1210
1764550481607 0.9952117647058824 1215
1764550543068 0.9951823529411765 1220
1764550604022 0.9951529411764706 1225
1764550665233 0.9951235294117647 1230
1764550726481 0.9950941176470588 1235
1764550788012 0.995064705882353 1240
1764550849357 0.995035294117647 1245
1764550935374 0.9950058823529412 1250
