1764535366022 4.166666724999999e-05 5
1764535427379 8.333333349999995e-05 10
1764535488952 9.999862354352878e-05 15
1764535550752 9.999021215398524e-05 20
1764535611795 9.997415542542634e-05 25
1764535672609 9.995045594278754e-05 30
1764535733747 9.991911752139355e-05 35
1764535794949 9.988014520634406e-05 40
1764535856327 9.983354527170164e-05 45
1764535917755 9.977932521948158e-05 50
1764535979456 9.97174937784442e-05 55
1764536041074 9.964806090268973e-05 60
1764536102640 9.95710377700556e-05 65
1764536164215 9.948643678031713e-05 70
1764536225811 9.939427155319131e-05 75
1764536287382 9.92945569261441e-05 80
1764536348622 9.918730895200186e-05 85
1764536409967 9.907254489636695e-05 90
1764536471483 9.895028323483831e-05 95
1764536532743 9.882054365003704e-05 100
1764536593977 9.868334702843769e-05 105
1764536655560 9.85387154570059e-05 110
1764536717007 9.838667221964265e-05 115
1764536778624 9.82272417934358e-05 120
1764536839879 9.806044984471953e-05 125
1764536926149 9.78863232249425e-05 130
1764536987360 9.770488996634506e-05 135
1764537049012 9.75161792774463e-05 140
1764537110241 9.732022153834199e-05 145
1764537172091 9.71170482958137e-05 150
1764537234255 9.690669225825011e-05 155
1764537295324 9.66891872903814e-05 160
1764537356615 9.646456840782739e-05 165
1764537417963 9.623287177146063e-05 170
1764537479745 9.599413468158476e-05 175
1764537541455 9.574839557192972e-05 180
1764537602927 9.549569400346434e-05 185
1764537664409 9.523607065802749e-05 190
1764537726027 9.496956733177892e-05 195
1764537787701 9.469622692847046e-05 200
1764537848694 9.441609345253914e-05 205
1764537910271 9.412921200202299e-05 210
1764537971911 9.383562876130077e-05 215
1764538033127 9.353539099365693e-05 220
1764538094226 9.322854703367274e-05 225
1764538156338 9.291514627944499e-05 230
1764538218160 9.259523918463364e-05 235
1764538279244 9.22688772503393e-05 240
1764538340846 9.193611301681214e-05 245
1764538402644 9.159700005499371e-05 250
1764538488979 9.125159295789253e-05 255
1764538550736 9.089994733179536e-05 260
1764538612724 9.05421197873153e-05 265
1764538674106 9.017816793027806e-05 270
1764538735628 8.980815035244827e-05 275
1764538796813 8.94321266220969e-05 280
1764538857924 8.90501572744114e-05 285
1764538918886 8.866230380175038e-05 290
1764538980509 8.826862864374413e-05 295
1764539042463 8.786919517724246e-05 300
1764539104222 8.746406770611192e-05 305
1764539165564 8.705331145088366e-05 310
1764539227156 8.663699253825375e-05 315
1764539288795 8.621517799043752e-05 320
1764539349626 8.578793571437986e-05 325
1764539410962 8.535533449082303e-05 330
1764539473342 8.491744396323381e-05 335
1764539534945 8.447433462659174e-05 340
1764539596953 8.402607781604037e-05 345
1764539658592 8.357274569540308e-05 350
1764539719766 8.311441124556563e-05 355
1764539780952 8.265114825272718e-05 360
1764539842695 8.218303129652156e-05 365
1764539903716 8.171013573801092e-05 370
1764539964927 8.123253770755349e-05 375
1764540051759 8.075031409254753e-05 380
1764540113972 8.026354252505343e-05 385
1764540175360 7.97723013692959e-05 390
1764540236366 7.927666970904831e-05 395
1764540298875 7.87767273349011e-05 400
1764540360383 7.827255473141656e-05 405
1764540422307 7.776423306417183e-05 410
1764540483214 7.725184416669207e-05 415
1764540544585 7.673547052727655e-05 420
1764540606200 7.621519527571879e-05 425
1764540668354 7.56911021699238e-05 430
1764540729704 7.516327558242415e-05 435
1764540791367 7.463180048679688e-05 440
1764540853039 7.40967624439839e-05 445
1764540915195 7.355824758851778e-05 450
1764540976322 7.301634261465501e-05 455
1764541038253 7.247113476241944e-05 460
1764541099931 7.192271180355758e-05 465
1764541161517 7.137116202740852e-05 470
1764541222535 7.08165742266904e-05 475
1764541284303 7.025903768320591e-05 480
1764541345784 6.969864215346897e-05 485
1764541407607 6.913547785425506e-05 490
1764541468954 6.856963544807742e-05 495
1764541530297 6.800120602859153e-05 500
1764541616459 6.743028110593016e-05 505
1764541678367 6.685695259197127e-05 510
1764541739644 6.62813127855415e-05 515
1764541800962 6.570345435755702e-05 520
1764541862542 6.512347033610481e-05 525
1764541923905 6.454145409146612e-05 530
1764541985539 6.395749932108514e-05 535
1764542047077 6.337170003448482e-05 540
1764542108060 6.278415053813248e-05 545
1764542170107 6.219494542025769e-05 550
1764542231885 6.160417953562462e-05 555
1764542293493 6.101194799026168e-05 560
1764542355076 6.0418346126150626e-05 565
1764542416288 5.982346950587762e-05 570
1764542477624 5.922741389724888e-05 575
1764542540104 5.8630275257873216e-05 580
1764542601218 5.8032149719714046e-05 585
1764542662751 5.743313357361329e-05 590
1764542724175 5.6833323253789855e-05 595
1764542786370 5.623281532231474e-05 600
1764542847714 5.563170645356591e-05 605
1764542909395 5.503009341866476e-05 610
1764542971035 5.442807306989725e-05 615
1764543032346 5.382574232512186e-05 620
1764543094045 5.322319815216702e-05 625
1764543180182 5.262053755322043e-05 630
1764543242477 5.201785754921293e-05 635
1764543304083 5.141525516419941e-05 640
1764543365942 5.081282740973896e-05 645
1764543427411 5.021067126927739e-05 650
1764543489705 4.960888368253392e-05 655
1764543551445 4.900756152989527e-05 660
1764543612666 4.840680161681886e-05 665
1764543674216 4.7806700658248633e-05 670
1764543735137 4.7207355263044837e-05 675
1764543797287 4.660886191843139e-05 680
1764543858696 4.601131697446256e-05 685
1764543920366 4.54148166285118e-05 690
1764543981909 4.481945690978511e-05 695
1764544043804 4.422533366386165e-05 700
1764544105623 4.363254253726361e-05 705
1764544167486 4.304117896205839e-05 710
1764544228651 4.245133814049526e-05 715
1764544290123 4.186311502967887e-05 720
1764544351600 4.127660432628239e-05 725
1764544413251 4.0691900451302504e-05 730
1764544475294 4.010909753485872e-05 735
1764544536963 3.9528289401039725e-05 740
1764544598855 3.8949569552798766e-05 745
1764544660240 3.8373031156900776e-05 750
1764544745756 3.779876702892385e-05 755
1764544807750 3.722686961831684e-05 760
1764544869624 3.665743099351641e-05 765
1764544931028 3.609054282712485e-05 770
1764544992778 3.552629638115218e-05 775
1764545054291 3.496478249232397e-05 780
1764545115766 3.440609155745771e-05 785
1764545177471 3.385031351891009e-05 790
1764545238729 3.3297537850097464e-05 795
1764545300186 3.274785354109155e-05 800
1764545361520 3.2201349084293256e-05 805
1764545423273 3.165811246018652e-05 810
1764545484812 3.111823112317439e-05 815
1764545546679 3.058179198750014e-05 820
1764545608780 3.0048881413254945e-05 825
1764545670035 2.9519585192475088e-05 830
1764545731639 2.8993988535330523e-05 835
1764545792928 2.8472176056407023e-05 840
1764545854489 2.795423176108425e-05 845
1764545915677 2.744023903201203e-05 850
1764545977080 2.693028061568666e-05 855
1764546038824 2.642443860912982e-05 860
1764546100747 2.592279444667196e-05 865
1764546162806 2.542542888684228e-05 870
1764546224040 2.493242199936776e-05 875
1764546310278 2.444385315228275e-05 880
1764546371647 2.395980099915186e-05 885
1764546433639 2.3480343466407583e-05 890
1764546495512 2.3005557740805134e-05 895
1764546557098 2.2535520256996365e-05 900
1764546618366 2.2070306685224705e-05 905
1764546679917 2.160999191914314e-05 910
1764546741361 2.1154650063757365e-05 915
1764546802476 2.0704354423495656e-05 920
1764546864062 2.0259177490407886e-05 925
1764546925628 1.981919093249514e-05 930
1764546986656 1.9384465582172004e-05 935
1764547048299 1.8955071424863474e-05 940
1764547109913 1.8531077587738242e-05 945
1764547170991 1.8112552328579888e-05 950
1764547232376 1.7699563024798348e-05 955
1764547293993 1.7292176162582978e-05 960
1764547355654 1.6890457326199065e-05 965
1764547416837 1.6494471187429563e-05 970
1764547478681 1.6104281495163747e-05 975
1764547539969 1.5719951065134406e-05 980
1764547601559 1.5341541769805336e-05 985
1764547663258 1.4969114528410612e-05 990
1764547724586 1.460272929714726e-05 995
1764547810958 1.4242445059523212e-05 1000
1764547872247 1.388831981686151e-05 1005
1764547933700 1.3540410578962988e-05 1010
1764547995250 1.319877335492823e-05 1015
1764548056854 1.2863463144140869e-05 1020
1764548117994 1.2534533927413398e-05 1025
1764548179762 1.2212038658296878e-05 1030
1764548241311 1.1896029254556056e-05 1035
1764548302868 1.1586556589811311e-05 1040
1764548364179 1.1283670485348533e-05 1045
1764548425837 1.0987419702098601e-05 1050
1764548487189 1.0697851932787434e-05 1055
1764548548421 1.0415013794258024e-05 1060
1764548609420 1.0138950819965734e-05 1065
1764548671582 9.869707452647989e-06 1070
1764548732947 9.607327037169465e-06 1075
1764548794626 9.351851813544216e-06 1080
1764548856481 9.103322910135436e-06 1085
1764548917913 8.861780337034388e-06 1090
1764548979475 8.627262979619223e-06 1095
1764549041014 8.399808592294906e-06 1100
1764549102555 8.179453792415275e-06 1105
1764549164107 7.966234054388048e-06 1110
1764549226083 7.760183703963903e-06 1115
1764549287148 7.561335912710454e-06 1120
1764549347859 7.369722692672011e-06 1125
1764549434607 7.185374891216096e-06 1130
1764549496589 7.008322186067325e-06 1135
1764549558194 6.838593080529711e-06 1140
1764549620124 6.6762148988979584e-06 1145
1764549681527 6.521213782058597e-06 1150
1764549743100 6.373614683281629e-06 1155
1764549804628 6.233441364203344e-06 1160
1764549866653 6.100716391000987e-06 1165
1764549927777 5.975461130759893e-06 1170
1764549989385 5.857695748033674e-06 1175
1764550051264 5.747439201597915e-06 1180
1764550112880 5.6447092413980795e-06 1185
1764550174258 5.5495224056919995e-06 1190
1764550235884 5.461894018387398e-06 1195
1764550297320 5.3818381865749305e-06 1200
1764550358713 5.309367798257139e-06 1205
1764550419768 5.244494520273593e-06 1210
1764550481607 5.187228796422741e-06 1215
1764550543068 5.137579845780526e-06 1220
1764550604022 5.095555661216263e-06 1225
1764550665233 5.061163008105877e-06 1230
1764550726481 5.034407423242759e-06 1235
1764550788012 5.015293213946392e-06 1240
1764550849357 5.00382345736898e-06 1245
1764550935374 5e-06 1250
