1764535366022 0.24970477322737375 5
1764535427379 0.24986204504966736 10
1764535488952 0.24997562666734058 15
1764535550752 0.24869727591673532 20
1764535611795 0.2498046060403188 25
1764535672609 0.252320388952891 30
1764535733747 0.25119838615258533 35
1764535794949 0.24607253074645996 40
1764535856327 0.2442474216222763 45
1764535917755 0.24717239042123157 50
1764535979456 0.24162946144739786 55
1764536041074 0.23827115694681802 60
1764536102640 0.25814255078633624 65
1764536164215 0.24959510564804077 70
1764536225811 0.24540465573469797 75
1764536287382 0.23751325408617655 80
1764536348622 0.2527855982383092 85
1764536409967 0.24888533353805542 90
1764536471483 0.24814830223719278 95
1764536532743 0.24408202866713205 100
1764536593977 0.24874151249726612 105
1764536655560 0.24248317380746204 110
1764536717007 0.24498982230822244 115
1764536778624 0.24532967309157053 120
1764536839879 0.24067908028761545 125
1764536926149 0.24548625449339548 130
1764536987360 0.24970132609208423 135
1764537049012 0.24478243788083393 140
1764537110241 0.2417731334765752 145
1764537172091 0.23746511340141296 150
1764537234255 0.24412304162979126 155
1764537295324 0.24690176049868265 160
1764537356615 0.242079754670461 165
1764537417963 0.24261345465977985 170
1764537479745 0.24023215472698212 175
1764537541455 0.24104283253351846 180
1764537602927 0.2463507056236267 185
1764537664409 0.24411006271839142 190
1764537726027 0.22960714002450305 195
1764537787701 0.22541792194048563 200
1764537848694 0.24800177415211994 205
1764537910271 0.24573076764742532 210
1764537971911 0.2420775492986043 215
1764538033127 0.2297476331392924 220
1764538094226 0.23706500728925067 225
1764538156338 0.2373113731543223 230
1764538218160 0.24899691343307495 235
1764538279244 0.24620899558067322 240
1764538340846 0.24238490561644235 245
1764538402644 0.24931939939657846 250
1764538488979 0.2410800705353419 255
1764538550736 0.23618010679880777 260
1764538612724 0.23838920394579569 265
1764538674106 0.24472248554229736 270
1764538735628 0.24954556922117868 275
1764538796813 0.2540510793526967 280
1764538857924 0.23696545759836832 285
1764538918886 0.2375849386056264 290
1764538980509 0.24200085302193958 295
1764539042463 0.24101779361565906 300
1764539104222 0.22913737098375955 305
1764539165564 0.23416899144649506 310
1764539227156 0.2278902878363927 315
1764539288795 0.2368884483973185 320
1764539349626 0.24168775975704193 325
1764539410962 0.23857166866461435 330
1764539473342 0.2470872551202774 335
1764539534945 0.23272429406642914 340
1764539596953 0.23390845954418182 345
1764539658592 0.254467636346817 350
1764539719766 0.23371075590451557 355
1764539780952 0.24541313449541727 360
1764539842695 0.24276186525821686 365
1764539903716 0.23748677968978882 370
1764539964927 0.22800217072168985 375
1764540051759 0.22737080355485279 380
1764540113972 0.2273025761047999 385
1764540175360 0.22588225702444711 390
1764540236366 0.23767219980557758 395
1764540298875 0.2545886735121409 400
1764540360383 0.23785709838072458 405
1764540422307 0.22978729506333667 410
1764540483214 0.20516937971115112 415
1764540544585 0.22087952991326648 420
1764540606200 0.22329425811767578 425
1764540668354 0.21975813309351602 430
1764540729704 0.22189031541347504 435
1764540791367 0.21526333689689636 440
1764540853039 0.23084906737009683 445
1764540915195 0.2211405634880066 450
1764540976322 0.2195057322581609 455
1764541038253 0.2153411457935969 460
1764541099931 0.22281052668889362 465
1764541161517 0.20497816801071167 470
1764541222535 0.21486378212769824 475
1764541284303 0.21486855546633402 480
1764541345784 0.20502115289370218 485
1764541407607 0.19714032113552094 490
1764541468954 0.21215302248795825 495
1764541530297 0.18731323877970377 500
1764541616459 0.20016181468963623 505
1764541678367 0.19072783986727396 510
1764541739644 0.207794984181722 515
1764541800962 0.19716095924377441 520
1764541862542 0.17832506696383157 525
1764541923905 0.17956567804018655 530
1764541985539 0.1965717722972234 535
1764542047077 0.1845824321111043 540
1764542108060 0.20034160216649372 545
1764542170107 0.1806977242231369 550
1764542231885 0.18806475897630054 555
1764542293493 0.19483046730359393 560
1764542355076 0.18119335174560547 565
1764542416288 0.19354545573393503 570
1764542477624 0.19103965659936267 575
1764542540104 0.17538172503312427 580
1764542601218 0.1950288712978363 585
1764542662751 0.1924783537785212 590
1764542724175 0.19034365812937418 595
1764542786370 0.18749013046423593 600
1764542847714 0.18452013532320657 605
1764542909395 0.170256366332372 610
1764542971035 0.17104462285836536 615
1764543032346 0.16763900220394135 620
1764543094045 0.17688749233881632 625
1764543180182 0.16619832317034403 630
1764543242477 0.16083628435929614 635
1764543304083 0.16808149218559265 640
1764543365942 0.15768102804819742 645
1764543427411 0.17130078375339508 650
1764543489705 0.15854662160078684 655
1764543551445 0.13829245169957477 660
1764543612666 0.16533987720807392 665
1764543674216 0.1486661583185196 670
1764543735137 0.15147127707799274 675
1764543797287 0.1629347950220108 680
1764543858696 0.16297339399655658 685
1764543920366 0.15024630228678384 690
1764543981909 0.14626914759476978 695
1764544043804 0.14341018597284952 700
1764544105623 0.15136443078517914 705
1764544167486 0.1538300762573878 710
1764544228651 0.15956260760625202 715
1764544290123 0.1447798858086268 720
1764544351600 0.14335412283738452 725
1764544413251 0.14408357441425323 730
1764544475294 0.16985508799552917 735
1764544536963 0.15377483268578845 740
1764544598855 0.1541964163382848 745
1764544660240 0.14553358654181162 750
1764544745756 0.1562670071919759 755
1764544807750 0.1271924724181493 760
1764544869624 0.12751401464144388 765
1764544931028 0.13153467575709024 770
1764544992778 0.1265307491024335 775
1764545054291 0.1259337415297826 780
1764545115766 0.11988785862922668 785
1764545177471 0.11600354065497716 790
1764545238729 0.11412544796864191 795
1764545300186 0.11666491379340489 800
1764545361520 0.11017366002003351 805
1764545423273 0.10163564483324686 810
1764545484812 0.0988353689511617 815
1764545546679 0.09269157548745473 820
1764545608780 0.09598869582017262 825
1764545670035 0.11284163097540537 830
1764545731639 0.10033274441957474 835
1764545792928 0.0956353818376859 840
1764545854489 0.09218844274679819 845
1764545915677 0.09269922226667404 850
1764545977080 0.0857554997007052 855
1764546038824 0.09073991576830545 860
1764546100747 0.08181491990884145 865
1764546162806 0.09118855992952982 870
1764546224040 0.09283574670553207 875
1764546310278 0.08025259524583817 880
1764546371647 0.09102404117584229 885
1764546433639 0.09816474964221318 890
1764546495512 0.08174991856018701 895
1764546557098 0.08380897094806035 900
1764546618366 0.0768333872159322 905
1764546679917 0.07816110551357269 910
1764546741361 0.07901065051555634 915
1764546802476 0.08194170892238617 920
1764546864062 0.08261456837256749 925
1764546925628 0.08710893740256627 930
1764546986656 0.07179814080397287 935
1764547048299 0.07463326801856358 940
1764547109913 0.06747475266456604 945
1764547170991 0.07377287497123082 950
1764547232376 0.0909167801340421 955
1764547293993 0.08521800984938939 960
1764547355654 0.0741457442442576 965
1764547416837 0.07452353338400522 970
1764547478681 0.08228289087613423 975
1764547539969 0.08718190093835194 980
1764547601559 0.09005836894114812 985
1764547663258 0.08150260150432587 990
1764547724586 0.08815741539001465 995
1764547810958 0.08418593804041544 1000
1764547872247 0.08720633635918298 1005
1764547933700 0.0757563809553782 1010
1764547995250 0.09232467412948608 1015
1764548056854 0.08724624663591385 1020
1764548117994 0.09002768745024999 1025
1764548179762 0.0913815771540006 1030
1764548241311 0.08502879738807678 1035
1764548302868 0.09589442859093347 1040
1764548364179 0.09555022170146306 1045
1764548425837 0.09161867946386337 1050
1764548487189 0.09461130201816559 1055
1764548548421 0.09886194268862405 1060
1764548609420 0.11066733052333196 1065
1764548671582 0.08870998521645863 1070
1764548732947 0.09699108699957529 1075
1764548794626 0.10558313379685083 1080
1764548856481 0.08985080818335214 1085
1764548917913 0.09735852728287378 1090
1764548979475 0.09880995253721872 1095
1764549041014 0.09291396041711171 1100
1764549102555 0.09866037219762802 1105
1764549164107 0.09260490785042444 1110
1764549226083 0.09844314058621724 1115
1764549287148 0.09383374204238255 1120
1764549347859 0.10156258692344029 1125
1764549434607 0.0999075174331665 1130
1764549496589 0.095850537220637 1135
1764549558194 0.10437538971503575 1140
1764549620124 0.09249388674894968 1145
1764549681527 0.09641272326310475 1150
1764549743100 0.10636657724777857 1155
1764549804628 0.09769799560308456 1160
1764549866653 0.09440586467583974 1165
1764549927777 0.10810117423534393 1170
1764549989385 0.10051715622345606 1175
1764550051264 0.11015000939369202 1180
1764550112880 0.10145640124877293 1185
1764550174258 0.10720505317052205 1190
1764550235884 0.11371921996275583 1195
1764550297320 0.10101457933584848 1200
1764550358713 0.10024032990137735 1205
1764550419768 0.09951147437095642 1210
1764550481607 0.0894075408577919 1215
1764550543068 0.11560331533352533 1220
1764550604022 0.11724362770716348 1225
1764550665233 0.09819388141234715 1230
1764550726481 0.10989351073900858 1235
1764550788012 0.09792675822973251 1240
1764550849357 0.1021676038702329 1245
1764550935374 0.10571349660555521 1250
