1764535366022 0.00020833333624999996 5
1764535427379 0.0004166666674999999 10
1764535488952 0.0004999928279373341 15
1764535550752 0.0004999490001707652 20
1764535611795 0.0004998653361640635 25
1764535672609 0.0004997418493861035 30
1764535733747 0.0004995785597167347 35
1764535794949 0.0004993754934435823 40
1764535856327 0.0004991326832578139 45
1764535917755 0.0004988501682488776 50
1764535979456 0.0004985279938982093 55
1764536041074 0.0004981662120719096 60
1764536102640 0.0004977648810123949 65
1764536164215 0.0004973240653290208 70
1764536225811 0.0004968438359876811 75
1764536287382 0.0004963242702993825 80
1764536348622 0.0004957654519077993 85
1764536409967 0.0004951674707758068 90
1764536471483 0.0004945304231709997 95
1764536532743 0.0004938544116501932 100
1764536593977 0.0004931395450429122 105
1764536655560 0.000492385938433873 110
1764536717007 0.0004915937131444537 115
1764536778624 0.0004907629967131651 120
1764536839879 0.000489893922875117 125
1764536926149 0.0004889866315404891 130
1764536987360 0.00048804126877200746 135
1764537049012 0.0004870579867614298 140
1764537110241 0.0004860369438050442 145
1764537172091 0.0004849783042781862 150
1764537234255 0.0004838822386087758 155
1764537295324 0.0004827489232498808 160
1764537356615 0.0004815785406513099 165
1764537417963 0.0004803712792302411 170
1764537479745 0.00047912733334088797 175
1764537541455 0.00047784690324321176 180
1764537602927 0.0004765301950706815 185
1764537664409 0.00047517742079708947 190
1764537726027 0.00047378879820242587 195
1764537787701 0.00047236455083781863 200
1764537848694 0.00047090490798954495 205
1764537910271 0.0004694101046421187 210
1764537971911 0.0004678803814404609 215
1764538033127 0.00046631598465115876 220
1764538094226 0.00046471716612282 225
1764538156338 0.0004630841832455281 230
1764538218160 0.00046141729890940574 235
1764538279244 0.0004597167814622931 240
1764538340846 0.0004579829046665463 245
1764538402644 0.00045621594765496605 250
1764538488979 0.0004544161948858598 255
1764538550736 0.0004525839360972482 260
1764538612724 0.00045071946626022046 265
1764538674106 0.0004488230855314475 270
1764538735628 0.00044689509920486074 275
1764538796813 0.0004449358176625036 280
1764538857924 0.0004429455563245634 285
1764538918886 0.0004409246355985929 290
1764538980509 0.0004388733808279287 295
1764539042463 0.0004367921222393147 300
1764539104222 0.00043468119488973973 305
1764539165564 0.0004325409386124978 310
1764539227156 0.00043037169796247886 315
1764539288795 0.0004281738221606996 320
1764539349626 0.00042594766503808334 325
1764539410962 0.0004236935849784977 330
1764539473342 0.0004214119448610592 335
1764539534945 0.0004191031120017137 340
1764539596953 0.00041676745809410395 345
1764539658592 0.0004144053591497307 350
1764539719766 0.0004120171954374198 355
1764539780952 0.00040960335142210374 360
1764539842695 0.0004071642157029271 365
1764539903716 0.0004047001809506875 370
1764539964927 0.00040221164384461985 375
1764540051759 0.00039969900500853617 380
1764540113972 0.0003971626689463302 385
1764540175360 0.00039460304397685676 390
1764540236366 0.0003920205421681983 395
1764540298875 0.00038941557927132584 400
1764540360383 0.00038678857465316966 405
1764540422307 0.00038413995122910506 410
1764540483214 0.0003814701353948685 415
1764540544585 0.0003787795569579139 420
1764540606200 0.0003760686490682182 425
1764540668354 0.00037333784814854966 430
1764540729704 0.00037058759382420934 435
1764540791367 0.0003678183288522567 440
1764540853039 0.00036503049905023123 445
1764540915195 0.0003622245532243814 450
1764540976322 0.00035940094309741224 455
1764541038253 0.00035656012323576373 460
1764541099931 0.00035370255097643083 465
1764541161517 0.00035082868635333834 470
1764541222535 0.00034793899202328074 475
1764541284303 0.0003450339331914406 480
1764541345784 0.0003421139775364955 485
1764541407607 0.0003391795951353282 490
1764541468954 0.00033623125838735 495
1764541530297 0.0003332694419384499 500
1764541616459 0.00033029462260458266 505
1764541678367 0.00032730727929500747 510
1764541739644 0.0003243078929351892 515
1764541800962 0.0003212969463893753 520
1764541862542 0.00031827492438286106 525
1764541923905 0.0003152423134239541 530
1764541985539 0.0003121996017256531 535
1764542047077 0.0003091472791270514 540
1764542108060 0.00030608583701447866 545
1764542170107 0.0003030157682423941 550
1764542231885 0.00029993756705404273 555
1764542293493 0.0002968517290018884 560
1764542355076 0.00029375875086783614 565
1764542416288 0.0002906591305832558 570
1764542477624 0.0002875533671488219 575
1764542540104 0.0002844419605541802 580
1764542601218 0.00028132541169745615 585
1764542662751 0.0002782042223046154 590
1764542724175 0.0002750788948486933 595
1764542786370 0.00027194993246890196 600
1764542847714 0.0002688178388896317 605
1764542909395 0.00026568311833935737 610
1764542971035 0.00026254627546946354 615
1764543032346 0.0002594078152730024 620
1764543094045 0.0002562682430033956 625
1764543180182 0.00025312806409309496 630
1764543242477 0.00024998778407221375 635
1764543304083 0.0002468479084871433 640
1764543365942 0.0002437089428191651 645
1764543427411 0.0002405713924030759 650
1764543489705 0.00023743576234583368 655
1764543551445 0.0002343025574452428 660
1764543612666 0.0002311722821086868 665
1764543674216 0.00022804544027192614 670
1764543735137 0.0002249225353179695 675
1764543797287 0.00022180406999603624 680
1764543858696 0.00021869054634061973 685
1764543920366 0.0002155824655906658 690
1764543981909 0.0002124803281088794 695
1764544043804 0.0002093846333011729 700
1764544105623 0.00020629587953626733 705
1764544167486 0.00020321456406546126 710
1764544228651 0.0002001411829425797 715
1764544290123 0.0001970762309441154 720
1764544351600 0.00019402020148957583 725
1764544413251 0.00019097358656204906 730
1764544475294 0.00018793687662899992 735
1764544536963 0.0001849105605633115 740
1764544598855 0.00018189512556458228 745
1764544660240 0.0001788910570806928 750
1764544745756 0.0001758988387296551 755
1764544807750 0.00017291895222175545 760
1764544869624 0.00016995187728200583 765
1764544931028 0.00016699809157291298 770
1764544992778 0.00016405807061758174 775
1764545054291 0.00016113228772316103 780
1764545115766 0.0001582212139046473 785
1764545177471 0.00015532531780905703 790
1764545238729 0.00015244506563998064 795
1764545300186 0.00014958092108252876 800
1764545361520 0.00014673334522868496 805
1764545423273 0.00014390279650307617 810
1764545484812 0.0001410897305891708 815
1764545546679 0.0001382946003559208 820
1764545608780 0.00013551785578485375 825
1764545670035 0.00013275994389763243 830
1764545731639 0.00013002130868408968 835
1764545792928 0.0001273023910307514 840
1764545854489 0.0001246036286498591 845
1764545915677 0.00012192545600890395 850
1764545977080 0.00011926830426068232 855
1764546038824 0.00011663260117388618 860
1764546100747 0.00011401877106423733 865
1764546162806 0.00011142723472617743 870
1764546224040 0.00010885840936512602 875
1764546310278 0.00010631270853031467 880
1764546371647 0.00010379054204821162 885
1764546433639 0.00010129231595654411 890
1764546495512 9.881843243893133e-05 895
1764546557098 9.63692897601383e-05 900
1764546618366 9.394528220195966e-05 905
1764546679917 9.154679999974521e-05 910
1764546741361 8.917422927957725e-05 915
1764546802476 8.682795199610834e-05 920
1764546864062 8.45083458710721e-05 925
1764546925628 8.22157843324741e-05 930
1764546986656 7.995063645447462e-05 935
1764547048299 7.771326689797226e-05 940
1764547109913 7.550403585189868e-05 945
1764547170991 7.332329897523144e-05 950
1764547232376 7.117140733973814e-05 955
1764547293993 6.904870737345805e-05 960
1764547355654 6.695554080493134e-05 965
1764547416837 6.4892244608185e-05 970
1764547478681 6.285915094848421e-05 975
1764547539969 6.085658712885766e-05 980
1764547601559 5.888487553740619e-05 985
1764547663258 5.6944333595402084e-05 990
1764547724586 5.50352737061878e-05 995
1764547810958 5.3158003204883565e-05 1000
1764547872247 5.1312824308909426e-05 1005
1764547933700 4.9500034069332916e-05 1010
1764547995250 4.7719924323046524e-05 1015
1764548056854 4.597278164578604e-05 1020
1764548117994 4.425888730599554e-05 1025
1764548179762 4.257851721954634e-05 1030
1764548241311 4.0931941905317866e-05 1035
1764548302868 3.931942644164791e-05 1040
1764548364179 3.774123042365767e-05 1045
1764548425837 3.619760792146068e-05 1050
1764548487189 3.4688807439260415e-05 1055
1764548548421 3.321507187534404e-05 1060
1764548609420 3.177663848297899e-05 1065
1764548671582 3.0373738832218118e-05 1070
1764548732947 2.9006598772619533e-05 1075
1764548794626 2.767543839688799e-05 1080
1764548856481 2.638047200544227e-05 1085
1764548917913 2.5121908071915773e-05 1090
1764548979475 2.3899949209594663e-05 1095
1764549041014 2.271479213879955e-05 1100
1764549102555 2.156662765521623e-05 1105
1764549164107 2.0455640599179635e-05 1110
1764549226083 1.9382009825917e-05 1115
1764549287148 1.8345908176754307e-05 1120
1764549347859 1.734750245129086e-05 1125
1764549434607 1.638695338054689e-05 1130
1764549496589 1.5464415601087524e-05 1135
1764549558194 1.45800376301284e-05 1140
1764549620124 1.3733961841626123e-05 1145
1764549681527 1.2926324443357876e-05 1150
1764549743100 1.2157255454993687e-05 1155
1764549804628 1.1426878687164732e-05 1160
1764549866653 1.0735311721531405e-05 1165
1764549927777 1.0082665891854128e-05 1170
1764549989385 9.46904626607015e-06 1175
1764550051264 8.89455162937857e-06 1180
1764550112880 8.35927446833733e-06 1185
1764550174258 7.86330095597408e-06 1190
1764550235884 7.406710937913262e-06 1195
1764550297320 6.98957791952199e-06 1200
1764550358713 6.611969054076655e-06 1205
1764550419768 6.273945131951868e-06 1210
1764550481607 5.975560570834276e-06 1215
1764550543068 5.716863406961682e-06 1220
1764550604022 5.497895287389995e-06 1225
1764550665233 5.318691463288508e-06 1230
1764550726481 5.179280784264893e-06 1235
1764550788012 5.0796856937206695e-06 1240
1764550849357 5.019922225238368e-06 1245
1764550935374 5e-06 1250
