1764941238999 -6.373971700668335e-05 5
1764941289239 2.074986696243286e-05 10
1764941339815 1.551210880279541e-05 15
1764941390241 8.866935968399048e-05 20
1764941440642 -1.399219036102295e-05 25
1764941491095 -3.71783971786499e-05 30
1764941541539 -4.260987043380737e-05 35
1764941592576 5.3085386753082275e-05 40
1764941644182 0.0002754330635070801 45
1764941696352 -0.00017809122800827026 50
1764941748140 0.00018749386072158813 55
1764941799720 0.00032798200845718384 60
1764941851555 0.0006848350167274475 65
1764941903337 0.0009764805436134338 70
1764941954862 0.0010873600840568542 75
1764942006750 0.0005129203200340271 80
1764942058799 0.0027601495385169983 85
1764942110731 0.003700360655784607 90
1764942162391 0.0019664466381073 95
1764942214025 0.0021246373653411865 100
1764942265812 0.009038113057613373 105
1764942317762 0.004362717270851135 110
1764942369541 0.007565952837467194 115
1764942421471 0.0068961456418037415 120
1764942473094 0.01714363694190979 125
1764942524699 0.017100468277931213 130
1764942603227 0.008419148623943329 135
1764942655253 0.007854744791984558 140
1764942707921 0.011386997997760773 145
1764942760624 0.011325135827064514 150
1764942813648 0.009018480777740479 155
1764942866086 0.027963027358055115 160
1764942917648 0.02663494646549225 165
1764942969016 0.013037607073783875 170
1764943020949 0.022915400564670563 175
1764943072707 0.01772841066122055 180
1764943125221 0.01264742761850357 185
1764943176732 0.006910443305969238 190
1764943228004 0.01903911679983139 195
1764943280562 0.024225108325481415 200
1764943332543 0.043291449546813965 205
1764943384089 0.017001494765281677 210
1764943435835 0.018457621335983276 215
1764943487575 0.02913973480463028 220
1764943539109 0.00043310225009918213 225
1764943590984 0.02187354862689972 230
1764943642770 0.023620858788490295 235
1764943694924 0.033520713448524475 240
1764943746900 0.007467016577720642 245
1764943798768 0.013934947550296783 250
1764943850252 0.03447756916284561 255
1764943902197 0.011195696890354156 260
1764943981016 0.0350065752863884 265
1764944033700 0.020333506166934967 270
1764944086095 0.018781140446662903 275
1764944138614 0.017102718353271484 280
1764944190968 0.021207377314567566 285
1764944243809 0.01925332099199295 290
1764944295406 0.018335692584514618 295
1764944347602 0.023589596152305603 300
1764944399528 0.03193797171115875 305
1764944450868 0.013906903564929962 310
1764944502295 0.028628014028072357 315
1764944554290 0.005000375211238861 320
1764944605697 0.03064095228910446 325
1764944657024 0.04240969568490982 330
1764944708507 0.011965177953243256 335
1764944760550 0.022563688457012177 340
1764944812458 0.03145577758550644 345
1764944864641 0.02816847711801529 350
1764944916009 0.02401795983314514 355
1764944967772 0.021296478807926178 360
1764945019985 0.02044162154197693 365
1764945071304 0.02997959405183792 370
1764945122953 0.016798928380012512 375
1764945174754 0.03749058395624161 380
1764945226605 0.043972864747047424 385
1764945278722 0.039540812373161316 390
1764945356606 0.049328066408634186 395
1764945409565 0.022541284561157227 400
1764945462872 0.03610904514789581 405
1764945515433 0.017616257071495056 410
1764945568612 0.015128247439861298 415
1764945621008 0.03161807358264923 420
1764945672552 0.03224240243434906 425
1764945723917 0.02935957908630371 430
1764945775532 0.02315320074558258 435
1764945827012 0.03821176290512085 440
1764945878397 0.03457101434469223 445
1764945930155 0.02125592529773712 450
1764945982239 0.0284385085105896 455
1764946033831 0.0458262637257576 460
1764946085107 0.03801935166120529 465
1764946137366 0.03740508854389191 470
1764946188807 0.024724647402763367 475
1764946240366 0.027321264147758484 480
1764946292752 0.04747334122657776 485
1764946344622 0.02855941653251648 490
1764946396630 0.027737341821193695 495
1764946448188 0.026697777211666107 500
1764946499953 0.015285901725292206 505
1764946551983 0.04637015610933304 510
1764946603764 0.022854849696159363 515
1764946654950 0.01846408098936081 520
1764946732700 0.012357570230960846 525
1764946785445 0.031536974012851715 530
1764946838166 0.03865087777376175 535
1764946891197 0.026098236441612244 540
1764946943645 0.017501547932624817 545
