1764941238999 0.4999983385205269 5
1764941289239 0.499907411634922 10
1764941339815 0.4999474510550499 15
1764941390241 0.49976328760385513 20
1764941440642 0.4997827559709549 25
1764941491095 0.4996276870369911 30
1764941541539 0.4993978962302208 35
1764941592576 0.49906130135059357 40
1764941644182 0.4988047927618027 45
1764941696352 0.4987575337290764 50
1764941748140 0.4985315725207329 55
1764941799720 0.4984195828437805 60
1764941851555 0.4974532574415207 65
1764941903337 0.4967062622308731 70
1764941954862 0.4958514869213104 75
1764942006750 0.4962780550122261 80
1764942058799 0.4964605048298836 85
1764942110731 0.4960666671395302 90
1764942162391 0.49838951230049133 95
1764942214025 0.49772171676158905 100
1764942265812 0.5001938119530678 105
1764942317762 0.5038788467645645 110
1764942369541 0.4825285002589226 115
1764942421471 0.5002203062176704 120
1764942473094 0.5012063831090927 125
1764942524699 0.48334506154060364 130
1764942603227 0.4920042157173157 135
1764942655253 0.5007618367671967 140
1764942707921 0.49938131123781204 145
1764942760624 0.48447126150131226 150
1764942813648 0.4923154413700104 155
1764942866086 0.4845164269208908 160
1764942917648 0.47445230185985565 165
1764942969016 0.4825618490576744 170
1764943020949 0.5011667981743813 175
1764943072707 0.48383011668920517 180
1764943125221 0.49212151765823364 185
1764943176732 0.4939269721508026 190
1764943228004 0.49232184141874313 195
1764943280562 0.4953395798802376 200
1764943332543 0.46624160557985306 205
1764943384089 0.4977618604898453 210
1764943435835 0.5078817903995514 215
1764943487575 0.48514870554208755 220
1764943539109 0.5028067752718925 225
1764943590984 0.4816395789384842 230
1764943642770 0.4954066574573517 235
1764943694924 0.48004376888275146 240
1764943746900 0.4894208759069443 245
1764943798768 0.5090944394469261 250
1764943850252 0.4862786754965782 255
1764943902197 0.4986456111073494 260
1764943981016 0.47232282906770706 265
1764944033700 0.5055771991610527 270
1764944086095 0.4924944341182709 275
1764944138614 0.48553770035505295 280
1764944190968 0.4804351180791855 285
1764944243809 0.5001796931028366 290
1764944295406 0.481060191988945 295
1764944347602 0.4801011234521866 300
1764944399528 0.5088627636432648 305
1764944450868 0.5003622025251389 310
1764944502295 0.48228511959314346 315
1764944554290 0.509228028357029 320
1764944605697 0.4900438115000725 325
1764944657024 0.48116257041692734 330
1764944708507 0.4856797382235527 335
1764944760550 0.4977794513106346 340
1764944812458 0.5103408768773079 345
1764944864641 0.4841022714972496 350
1764944916009 0.4784216061234474 355
1764944967772 0.4939294829964638 360
1764945019985 0.5004823505878448 365
1764945071304 0.47831112891435623 370
1764945122953 0.4883791506290436 375
1764945174754 0.4851716086268425 380
1764945226605 0.4995727241039276 385
1764945278722 0.4766526520252228 390
1764945356606 0.4606925919651985 395
1764945409565 0.4771081432700157 400
1764945462872 0.4952491596341133 405
1764945515433 0.4961715042591095 410
1764945568612 0.4880380779504776 415
1764945621008 0.4903058260679245 420
1764945672552 0.4953717738389969 425
1764945723917 0.49721403419971466 430
1764945775532 0.5068983733654022 435
1764945827012 0.4686616510152817 440
1764945878397 0.49713610857725143 445
1764945930155 0.49211326986551285 450
1764945982239 0.4815085306763649 455
1764946033831 0.4657634049654007 460
1764946085107 0.4792487248778343 465
1764946137366 0.487321138381958 470
1764946188807 0.4815569519996643 475
1764946240366 0.47747962176799774 480
1764946292752 0.4960765540599823 485
1764946344622 0.4962213784456253 490
1764946396630 0.47778064012527466 495
1764946448188 0.4963785782456398 500
1764946499953 0.501250609755516 505
1764946551983 0.459515817463398 510
1764946603764 0.49722523987293243 515
1764946654950 0.4835914075374603 520
1764946732700 0.4955310970544815 525
1764946785445 0.48436567932367325 530
1764946838166 0.476906955242157 535
1764946891197 0.4602019786834717 540
1764946943645 0.4725591763854027 545
