1764941238999 0.4999345988035202 5
1764941289239 0.49992816150188446 10
1764941339815 0.4999629631638527 15
1764941390241 0.4998519569635391 20
1764941440642 0.49976876378059387 25
1764941491095 0.49959050863981247 30
1764941541539 0.499355286359787 35
1764941592576 0.49911438673734665 40
1764941644182 0.49908022582530975 45
1764941696352 0.4985794425010681 50
1764941748140 0.49871906638145447 55
1764941799720 0.4987475648522377 60
1764941851555 0.49813809245824814 65
1764941903337 0.49768274277448654 70
1764941954862 0.4969388470053673 75
1764942006750 0.49679097533226013 80
1764942058799 0.4992206543684006 85
1764942110731 0.4997670277953148 90
1764942162391 0.5003559589385986 95
1764942214025 0.49984635412693024 100
1764942265812 0.5092319250106812 105
1764942317762 0.5082415640354156 110
1764942369541 0.49009445309638977 115
1764942421471 0.5071164518594742 120
1764942473094 0.5183500200510025 125
1764942524699 0.5004455298185349 130
1764942603227 0.500423364341259 135
1764942655253 0.5086165815591812 140
1764942707921 0.5107683092355728 145
1764942760624 0.49579639732837677 150
1764942813648 0.5013339221477509 155
1764942866086 0.5124794542789459 160
1764942917648 0.5010872483253479 165
1764942969016 0.4955994561314583 170
1764943020949 0.5240821987390518 175
1764943072707 0.5015585273504257 180
1764943125221 0.5047689452767372 185
1764943176732 0.5008374154567719 190
1764943228004 0.5113609582185745 195
1764943280562 0.519564688205719 200
1764943332543 0.509533055126667 205
1764943384089 0.514763355255127 210
1764943435835 0.5263394117355347 215
1764943487575 0.5142884403467178 220
1764943539109 0.5032398775219917 225
1764943590984 0.5035131275653839 230
1764943642770 0.519027516245842 235
1764943694924 0.5135644823312759 240
1764943746900 0.4968878924846649 245
1764943798768 0.5230293869972229 250
1764943850252 0.5207562446594238 255
1764943902197 0.5098413079977036 260
1764943981016 0.5073294043540955 265
1764944033700 0.5259107053279877 270
1764944086095 0.5112755745649338 275
1764944138614 0.5026404187083244 280
1764944190968 0.501642495393753 285
1764944243809 0.5194330140948296 290
1764944295406 0.4993958845734596 295
1764944347602 0.5036907196044922 300
1764944399528 0.5408007353544235 305
1764944450868 0.5142691060900688 310
1764944502295 0.5109131336212158 315
1764944554290 0.5142284035682678 320
1764944605697 0.5206847637891769 325
1764944657024 0.5235722661018372 330
1764944708507 0.49764491617679596 335
1764944760550 0.5203431397676468 340
1764944812458 0.5417966544628143 345
1764944864641 0.5122707486152649 350
1764944916009 0.5024395659565926 355
1764944967772 0.51522596180439 360
1764945019985 0.5209239721298218 365
1764945071304 0.5082907229661942 370
1764945122953 0.5051780790090561 375
1764945174754 0.5226621925830841 380
1764945226605 0.543545588850975 385
1764945278722 0.5161934643983841 390
1764945356606 0.5100206583738327 395
1764945409565 0.49964942783117294 400
1764945462872 0.5313582047820091 405
1764945515433 0.5137877613306046 410
1764945568612 0.5031663253903389 415
1764945621008 0.5219238996505737 420
1764945672552 0.527614176273346 425
1764945723917 0.5265736132860184 430
1764945775532 0.5300515741109848 435
1764945827012 0.5068734139204025 440
1764945878397 0.5317071229219437 445
1764945930155 0.51336919516325 450
1764945982239 0.5099470391869545 455
1764946033831 0.5115896686911583 460
1764946085107 0.5172680765390396 465
1764946137366 0.5247262269258499 470
1764946188807 0.5062815994024277 475
1764946240366 0.5048008859157562 480
1764946292752 0.5435498952865601 485
1764946344622 0.5247807949781418 490
1764946396630 0.5055179819464684 495
1764946448188 0.5230763554573059 500
1764946499953 0.5165365114808083 505
1764946551983 0.505885973572731 510
1764946603764 0.5200800895690918 515
1764946654950 0.5020554885268211 520
1764946732700 0.5078886672854424 525
1764946785445 0.515902653336525 530
1764946838166 0.5155578330159187 535
1764946891197 0.4863002151250839 540
1764946943645 0.4900607243180275 545
