1764941238999 3.7362552873787536e-07 5
1764941289239 4.7324632390655097e-07 10
1764941339815 2.004724386495127e-07 15
1764941390241 5.562730436281527e-07 20
1764941440642 1.2975581853424956e-06 25
1764941491095 1.712349785520928e-06 30
1764941541539 3.1284179158319603e-06 35
1764941592576 4.828672217627172e-06 40
1764941644182 6.255275138755678e-06 45
1764941696352 7.711078751526657e-06 50
1764941748140 1.2080261967639672e-05 55
1764941799720 2.1227360321063315e-05 60
1764941851555 3.8134838177938946e-05 65
1764941903337 6.994941395532805e-05 70
1764941954862 0.00011670348430925515 75
1764942006750 0.00018951262973132543 80
1764942058799 0.00030411088664550334 85
1764942110731 0.0005137823754921556 90
1764942162391 0.0007522005471400917 95
1764942214025 0.001032876258250326 100
1764942265812 0.0012575110304169357 105
1764942317762 0.0016510617861058563 110
1764942369541 0.0017931828333530575 115
1764942421471 0.0019989145803265274 120
1764942473094 0.001900194853078574 125
1764942524699 0.0020293404813855886 130
1764942603227 0.0023110199254006147 135
1764942655253 0.0023908686125651 140
1764942707921 0.002350409922655672 145
1764942760624 0.0023735345457680523 150
1764942813648 0.0023429604480043054 155
1764942866086 0.0020592145738191903 160
1764942917648 0.0024081586161628366 165
1764942969016 0.0024125836207531393 170
1764943020949 0.002467320009600371 175
1764943072707 0.0025355818797834218 180
1764943125221 0.002451953652780503 185
1764943176732 0.0022801606683060527 190
1764943228004 0.002693823480512947 195
1764943280562 0.0025712481001392007 200
1764943332543 0.0025087823159992695 205
1764943384089 0.0023107591550797224 210
1764943435835 0.0021871390054002404 215
1764943487575 0.002287221548613161 220
1764943539109 0.0027399066602811217 225
1764943590984 0.0026995488442480564 230
1764943642770 0.003253624774515629 235
1764943694924 0.0033765422413125634 240
1764943746900 0.0032205324969254434 245
1764943798768 0.003056539688259363 250
1764943850252 0.002712750749196857 255
1764943902197 0.0030059352866373956 260
1764943981016 0.0027776280767284334 265
1764944033700 0.0031212293542921543 270
1764944086095 0.003170331474393606 275
1764944138614 0.0031288564787246287 280
1764944190968 0.0031276099616661668 285
1764944243809 0.0031026548240333796 290
1764944295406 0.0032217908883467317 295
1764944347602 0.0033434380893595517 300
1764944399528 0.0031595949549227953 305
1764944450868 0.003237974946387112 310
1764944502295 0.003478619153611362 315
1764944554290 0.002987376181408763 320
1764944605697 0.002997269795741886 325
1764944657024 0.0029576029628515244 330
1764944708507 0.0034096009912900627 335
1764944760550 0.003467054106295109 340
1764944812458 0.0032391983550041914 345
1764944864641 0.003490279952529818 350
1764944916009 0.0031515805749222636 355
1764944967772 0.002978675183840096 360
1764945019985 0.0029030829900875688 365
1764945071304 0.0028683769633062184 370
1764945122953 0.0035084421397186816 375
1764945174754 0.0033769114525057375 380
1764945226605 0.003801116719841957 385
1764945278722 0.004614569479599595 390
1764945356606 0.004813640262000263 395
1764945409565 0.004011575423646718 400
1764945462872 0.003883057157509029 405
1764945515433 0.0035746805951930583 410
1764945568612 0.0034572360455058515 415
1764945621008 0.0034612228046171367 420
1764945672552 0.0035613810177892447 425
1764945723917 0.0032233964884653687 430
1764945775532 0.002914089767728001 435
1764945827012 0.0028967814287170768 440
1764945878397 0.0027959789731539786 445
1764945930155 0.003182749846018851 450
1764945982239 0.003477545571513474 455
1764946033831 0.0036876528756693006 460
1764946085107 0.0033214761642739177 465
1764946137366 0.003562818223144859 470
1764946188807 0.003923111886251718 475
1764946240366 0.00444956443971023 480
1764946292752 0.004070940951351076 485
1764946344622 0.004054106597322971 490
1764946396630 0.004306323826313019 495
1764946448188 0.004348788992501795 500
1764946499953 0.00465311884181574 505
1764946551983 0.003809356421697885 510
1764946603764 0.0035324838827364147 515
1764946654950 0.003593055997043848 520
1764946732700 0.0032544240821152925 525
1764946785445 0.003076030348893255 530
1764946838166 0.0033650880795903504 535
1764946891197 0.0037263521808199584 540
1764946943645 0.0038770305109210312 545
