1764941238999 0.0 5
1764941289239 0.0 10
1764941339815 0.0003573099772135417 15
1764941390241 -0.07578976949055989 20
1764941440642 -0.1316203276316325 25
1764941491095 -0.13088178634643555 30
1764941541539 -0.18342208862304688 35
1764941592576 -0.20528554916381836 40
1764941644182 -0.2156534194946289 45
1764941696352 -0.2678387959798177 50
1764941748140 -0.28655735651652015 55
1764941799720 -0.29066276550292974 60
1764941851555 -0.315914789835612 65
1764941903337 -0.31044260660807294 70
1764941954862 -0.3429425557454427 75
1764942006750 -0.352026621500651 80
1764942058799 -0.31815210978190106 85
1764942110731 -0.33832931518554693 90
1764942162391 -0.36369959513346356 95
1764942214025 -0.31842613220214844 100
1764942265812 -0.29562822977701825 105
1764942317762 -0.31330331166585285 110
1764942369541 -0.28153975804646814 115
1764942421471 -0.3237059911092122 120
1764942473094 -0.27693939208984375 125
1764942524699 -0.31095822652180993 130
1764942603227 -0.2919416427612305 135
1764942655253 -0.3327178955078125 140
1764942707921 -0.2465496063232422 145
1764942760624 -0.2802534898122152 150
1764942813648 -0.26432545979817706 155
1764942866086 -0.19718869527180988 160
1764942917648 -0.2932550112406413 165
1764942969016 -0.2883745829264323 170
1764943020949 -0.22116545836130777 175
1764943072707 -0.331512451171875 180
1764943125221 -0.26273934046427405 185
1764943176732 -0.19313240051269528 190
1764943228004 -0.2903734842936198 195
1764943280562 -0.29587602615356445 200
1764943332543 -0.2765275637308756 205
1764943384089 -0.22636683781941733 210
1764943435835 -0.1725000540415446 215
1764943487575 -0.22132047017415363 220
1764943539109 -0.21616490681966147 225
1764943590984 -0.22422822316487628 230
1764943642770 -0.22038904825846353 235
1764943694924 -0.2853374481201172 240
1764943746900 -0.2563966115315755 245
1764943798768 -0.1938014030456543 250
1764943850252 -0.2620811462402344 255
1764943902197 -0.2797902425130208 260
1764943981016 -0.2706826527913412 265
1764944033700 -0.24325625101725262 270
1764944086095 -0.2586247126261393 275
1764944138614 -0.2783565521240234 280
1764944190968 -0.27628453572591144 285
1764944243809 -0.19714800516764322 290
1764944295406 -0.2330799102783203 295
1764944347602 -0.2742926279703776 300
1764944399528 -0.2281812032063802 305
1764944450868 -0.2524890899658203 310
1764944502295 -0.24577204386393228 315
1764944554290 -0.18694146474202475 320
1764944605697 -0.24204778671264646 325
1764944657024 -0.18639628092447919 330
1764944708507 -0.25364430745442706 335
1764944760550 -0.15661430358886722 340
1764944812458 -0.08290386199951172 345
1764944864641 -0.17934735616048175 350
1764944916009 -0.16507371266682944 355
1764944967772 -0.13717142740885419 360
1764945019985 -0.10314305623372395 365
1764945071304 -0.12496646245320639 370
1764945122953 -0.2153587341308594 375
1764945174754 -0.10554122924804688 380
1764945226605 -0.22882811228434244 385
1764945278722 -0.28153689702351886 390
1764945356606 -0.24959210554758707 395
1764945409565 -0.3088900248209635 400
1764945462872 -0.2020258903503418 405
1764945515433 -0.18337138493855795 410
1764945568612 -0.1658357779184977 415
1764945621008 -0.20667203267415363 420
1764945672552 -0.2111686070760091 425
1764945723917 -0.11862818400065105 430
1764945775532 -0.13847923278808594 435
1764945827012 -0.2827491760253906 440
1764945878397 -0.1877924601236979 445
1764945930155 -0.2297383149464925 450
1764945982239 -0.19988727569580078 455
1764946033831 -0.24895254770914713 460
1764946085107 -0.23960145314534506 465
1764946137366 -0.25211135546366376 470
1764946188807 -0.21072991689046225 475
1764946240366 -0.23226022720336914 480
1764946292752 -0.21684642632802326 485
1764946344622 -0.17871475219726562 490
1764946396630 -0.27969678739706677 495
1764946448188 -0.2111911773681641 500
1764946499953 -0.24151070912679037 505
1764946551983 -0.27557373046875 510
1764946603764 -0.10982187589009601 515
1764946654950 -0.21622167030970255 520
1764946732700 -0.1408246358235677 525
1764946785445 -0.16493860880533856 530
1764946838166 -0.20530637105305988 535
1764946891197 -0.27191925048828125 540
1764946943645 -0.22639083862304688 545
