1764941238999 0.0 5
1764941289239 0.0 10
1764941339815 -0.0001808802286783854 15
1764941390241 -0.06592194239298503 20
1764941440642 -0.13764381408691406 25
1764941491095 -0.1320605675379435 30
1764941541539 -0.1804065704345703 35
1764941592576 -0.22253211339314777 40
1764941644182 -0.2352043141921361 45
1764941696352 -0.257717768351237 50
1764941748140 -0.28185514609018963 55
1764941799720 -0.29960306485493976 60
1764941851555 -0.3211530049641927 65
1764941903337 -0.3260688781738281 70
1764941954862 -0.3394174575805664 75
1764942006750 -0.3486331303914388 80
1764942058799 -0.32841428120930993 85
1764942110731 -0.3558266957600911 90
1764942162391 -0.3844928741455078 95
1764942214025 -0.32867685953776044 100
1764942265812 -0.2979583740234375 105
1764942317762 -0.2525496482849121 110
1764942369541 -0.3231571118036906 115
1764942421471 -0.28238217035929364 120
1764942473094 -0.22521050771077475 125
1764942524699 -0.24556732177734375 130
1764942603227 -0.3460076649983724 135
1764942655253 -0.26139259338378906 140
1764942707921 -0.2627232869466146 145
1764942760624 -0.28970972696940106 150
1764942813648 -0.16532103220621744 155
1764942866086 -0.16910807291666669 160
1764942917648 -0.2579067548116048 165
1764942969016 -0.22618436813354495 170
1764943020949 -0.21777598063151044 175
1764943072707 -0.2431003252665202 180
1764943125221 -0.230530579884847 185
1764943176732 -0.186798095703125 190
1764943228004 -0.23871358235677081 195
1764943280562 -0.18636385599772134 200
1764943332543 -0.2167949676513672 205
1764943384089 -0.16535158952077228 210
1764943435835 -0.1852989196777344 215
1764943487575 -0.15326563517252603 220
1764943539109 -0.1329015096028646 225
1764943590984 -0.22649065653483072 230
1764943642770 -0.20556831359863278 235
1764943694924 -0.21817986170450845 240
1764943746900 -0.18579928080240884 245
1764943798768 -0.2151659329732259 250
1764943850252 -0.18624607721964517 255
1764943902197 -0.1915435791015625 260
1764943981016 -0.17018636067708334 265
1764944033700 -0.20659351348876953 270
1764944086095 -0.18634668986002603 275
1764944138614 -0.24979114532470703 280
1764944190968 -0.18225479125976562 285
1764944243809 -0.1722888946533203 290
1764944295406 -0.16944336891174316 295
1764944347602 -0.22318204243977866 300
1764944399528 -0.11161629358927411 305
1764944450868 -0.1817003885904948 310
1764944502295 -0.22051366170247394 315
1764944554290 -0.12904723485310873 320
1764944605697 -0.09244608879089355 325
1764944657024 -0.08603159586588542 330
1764944708507 -0.1269648869832357 335
1764944760550 -0.11417929331461589 340
1764944812458 -0.03232765197753906 345
1764944864641 -0.13510704040527344 350
1764944916009 -0.11782817045847574 355
1764944967772 -0.09318033854166667 360
1764945019985 -0.08719253540039062 365
1764945071304 0.02126725514729818 370
1764945122953 -0.10793654123942058 375
1764945174754 -0.06883780161539714 380
1764945226605 -0.1458749771118164 385
1764945278722 -0.19777266184488934 390
1764945356606 -0.1327640215555827 395
1764945409565 -0.15838559468587238 400
1764945462872 -0.1187426249186198 405
1764945515433 -0.09966029723485312 410
1764945568612 -0.09380563100179036 415
1764945621008 -0.09734598795572916 420
1764945672552 -0.10182889302571614 425
1764945723917 -0.08423391977945964 430
1764945775532 -0.10231542587280273 435
1764945827012 -0.11788177490234375 440
1764945878397 -0.04288355509440104 445
1764945930155 -0.1272093653678894 450
1764945982239 -0.1291014353434245 455
1764946033831 -0.11179391543070474 460
1764946085107 -0.03556060791015625 465
1764946137366 -0.06500593821207681 470
1764946188807 -0.12664286295572919 475
1764946240366 -0.12430826822916667 480
1764946292752 -0.050137837727864586 485
1764946344622 -0.08639399210611978 490
1764946396630 -0.19901212056477866 495
1764946448188 -0.04394404093424479 500
1764946499953 -0.15980045000712076 505
1764946551983 -0.19802792867024738 510
1764946603764 -0.10922400156656902 515
1764946654950 -0.08740107218424478 520
1764946732700 -0.02189763387044271 525
1764946785445 -0.08123109738032022 530
1764946838166 -0.05415840943654378 535
1764946891197 -0.1764850616455078 540
1764946943645 -0.19870503743489584 545
