1764941238999 4.064918321944333e-07 5
1764941289239 4.302980372017373e-07 10
1764941339815 3.422847143497165e-07 15
1764941390241 4.95982554582497e-07 20
1764941440642 1.2608433905825223e-06 25
1764941491095 1.7637474059029046e-06 30
1764941541539 3.157427840960736e-06 35
1764941592576 4.637812025976018e-06 40
1764941644182 6.470777634604019e-06 45
1764941696352 7.440343210873834e-06 50
1764941748140 1.2275615972612286e-05 55
1764941799720 2.1046757865406107e-05 60
1764941851555 3.7451898606377654e-05 65
1764941903337 6.942368054296821e-05 70
1764941954862 0.0001094216713681817 75
1764942006750 0.00019052322386414744 80
1764942058799 0.0003132461351924576 85
1764942110731 0.0005136416875757277 90
1764942162391 0.000733370310626924 95
1764942214025 0.0010404107597423717 100
1764942265812 0.0012625655508600175 105
1764942317762 0.00167739563039504 110
1764942369541 0.0018495612603146583 115
1764942421471 0.001888241124106571 120
1764942473094 0.0018364487623330206 125
1764942524699 0.001982817775569856 130
1764942603227 0.002212664287071675 135
1764942655253 0.0024383526761084795 140
1764942707921 0.002429765649139881 145
1764942760624 0.0023534089559689164 150
1764942813648 0.002266686351504177 155
1764942866086 0.0020846684637945145 160
1764942917648 0.0024638536269776523 165
1764942969016 0.002273909922223538 170
1764943020949 0.002597332058940083 175
1764943072707 0.0023167520412243903 180
1764943125221 0.0026153679937124252 185
1764943176732 0.00229546579066664 190
1764943228004 0.002455709036439657 195
1764943280562 0.002340807463042438 200
1764943332543 0.0024134970735758543 205
1764943384089 0.0023031614255160093 210
1764943435835 0.00224353710655123 215
1764943487575 0.0022304868907667696 220
1764943539109 0.002716491580940783 225
1764943590984 0.002835773688275367 230
1764943642770 0.003547956293914467 235
1764943694924 0.0032624315936118364 240
1764943746900 0.002983857993967831 245
1764943798768 0.002844564733095467 250
1764943850252 0.0026295396964997053 255
1764943902197 0.002920420956797898 260
1764943981016 0.0026899742078967392 265
1764944033700 0.003036363865248859 270
1764944086095 0.0030752909369766712 275
1764944138614 0.00311776134185493 280
1764944190968 0.0029980437830090523 285
1764944243809 0.0028679766110144556 290
1764944295406 0.0029830793500877917 295
1764944347602 0.003246238804422319 300
1764944399528 0.002948019711766392 305
1764944450868 0.0030892020440660417 310
1764944502295 0.0031473678536713123 315
1764944554290 0.002935414668172598 320
1764944605697 0.0027795276255346835 325
1764944657024 0.0028895853320136666 330
1764944708507 0.0032329203095287085 335
1764944760550 0.0033594953711144626 340
1764944812458 0.0033540413132868707 345
1764944864641 0.0034101162455044687 350
1764944916009 0.0029946044669486582 355
1764944967772 0.0027575469575822353 360
1764945019985 0.002873022051062435 365
1764945071304 0.0029013723833486438 370
1764945122953 0.0032405180390924215 375
1764945174754 0.0032966716098599136 380
1764945226605 0.003699672350194305 385
1764945278722 0.004196897731162608 390
1764945356606 0.004351304494775832 395
1764945409565 0.003930940001737326 400
1764945462872 0.0033742301166057587 405
1764945515433 0.0032625438761897385 410
1764945568612 0.0036335824406705797 415
1764945621008 0.0032935922499746084 420
1764945672552 0.0034860119922086596 425
1764945723917 0.002867767121642828 430
1764945775532 0.002833890379406512 435
1764945827012 0.0026804987573996186 440
1764945878397 0.002734490029979497 445
1764945930155 0.00340285780839622 450
1764945982239 0.00305728247622028 455
1764946033831 0.003054381988476962 460
1764946085107 0.003186733811162412 465
1764946137366 0.0035251627559773624 470
1764946188807 0.0038303376641124487 475
1764946240366 0.004305970971472561 480
1764946292752 0.0038094050833024085 485
1764946344622 0.004220065311528742 490
1764946396630 0.004089125141035765 495
1764946448188 0.0039196599973365664 500
1764946499953 0.004268101882189512 505
1764946551983 0.00343810161575675 510
1764946603764 0.0034791020443663 515
1764946654950 0.0031598243513144553 520
1764946732700 0.002887705632019788 525
1764946785445 0.003122169349808246 530
1764946838166 0.0030122571042738855 535
1764946891197 0.0033388964366167784 540
1764946943645 0.0037242748076096177 545
