1764941238999 0.0 5
1764941289239 0.0 10
1764941339815 4.5625 15
1764941390241 11.65625 20
1764941440642 3.33984375 25
1764941491095 4.4140625 30
1764941541539 4.6875 35
1764941592576 4.390625 40
1764941644182 4.2421875 45
1764941696352 4.01953125 50
1764941748140 3.99609375 55
1764941799720 3.9453125 60
1764941851555 3.91796875 65
1764941903337 3.9140625 70
1764941954862 3.83203125 75
1764942006750 3.75390625 80
1764942058799 3.80859375 85
1764942110731 3.765625 90
1764942162391 3.58203125 95
1764942214025 3.5859375 100
1764942265812 3.74609375 105
1764942317762 3.84765625 110
1764942369541 3.75390625 115
1764942421471 3.640625 120
1764942473094 3.80078125 125
1764942524699 3.71875 130
1764942603227 3.77734375 135
1764942655253 3.80078125 140
1764942707921 3.78515625 145
1764942760624 3.81640625 150
1764942813648 3.83203125 155
1764942866086 3.7421875 160
1764942917648 3.79296875 165
1764942969016 3.83203125 170
1764943020949 3.7734375 175
1764943072707 3.859375 180
1764943125221 3.87890625 185
1764943176732 3.76171875 190
1764943228004 3.734375 195
1764943280562 3.7421875 200
1764943332543 3.796875 205
1764943384089 3.91796875 210
1764943435835 3.80859375 215
1764943487575 3.8203125 220
1764943539109 3.7578125 225
1764943590984 3.71875 230
1764943642770 3.82421875 235
1764943694924 3.890625 240
1764943746900 3.75 245
1764943798768 3.8046875 250
1764943850252 3.73046875 255
1764943902197 3.7578125 260
1764943981016 3.75390625 265
1764944033700 3.86328125 270
1764944086095 3.7734375 275
1764944138614 3.7890625 280
1764944190968 3.71875 285
1764944243809 3.83203125 290
1764944295406 3.8515625 295
1764944347602 3.9453125 300
1764944399528 3.95703125 305
1764944450868 3.6875 310
1764944502295 3.9140625 315
1764944554290 3.8203125 320
1764944605697 3.75 325
1764944657024 3.78515625 330
1764944708507 3.83984375 335
1764944760550 3.88671875 340
1764944812458 3.734375 345
1764944864641 3.98828125 350
1764944916009 3.7734375 355
1764944967772 3.87890625 360
1764945019985 3.765625 365
1764945071304 3.72265625 370
1764945122953 3.890625 375
1764945174754 3.82421875 380
1764945226605 3.87890625 385
1764945278722 3.81640625 390
1764945356606 3.90625 395
1764945409565 3.80078125 400
1764945462872 3.859375 405
1764945515433 3.87109375 410
1764945568612 3.7734375 415
1764945621008 3.90625 420
1764945672552 3.73828125 425
1764945723917 3.92578125 430
1764945775532 3.81640625 435
1764945827012 3.84375 440
1764945878397 3.8671875 445
1764945930155 3.93359375 450
1764945982239 3.8984375 455
1764946033831 3.83203125 460
1764946085107 3.8359375 465
1764946137366 3.82421875 470
1764946188807 3.83203125 475
1764946240366 3.91015625 480
1764946292752 3.8203125 485
1764946344622 3.90234375 490
1764946396630 3.91796875 495
1764946448188 3.875 500
1764946499953 3.9375 505
1764946551983 3.90625 510
1764946603764 3.921875 515
1764946654950 3.85546875 520
1764946732700 3.80859375 525
1764946785445 3.90625 530
1764946838166 3.796875 535
1764946891197 4.01171875 540
1764946943645 3.8515625 545
