1764941238999 0.0 5
1764941289239 0.0 10
1764941339815 2.253800630569458e-07 15
1764941390241 0.0002410411834716797 20
1764941440642 0.0006732940673828125 25
1764941491095 0.0008449554443359375 30
1764941541539 0.001293182373046875 35
1764941592576 0.00173187255859375 40
1764941644182 0.00209808349609375 45
1764941696352 0.0023040771484375 50
1764941748140 0.002956390380859375 55
1764941799720 0.003910064697265625 60
1764941851555 0.00527191162109375 65
1764941903337 0.007110595703125 70
1764941954862 0.0085906982421875 75
1764942006750 0.0110321044921875 80
1764942058799 0.0139923095703125 85
1764942110731 0.017974853515625 90
1764942162391 0.021697998046875 95
1764942214025 0.026275634765625 100
1764942265812 0.03021240234375 105
1764942317762 0.0330810546875 110
1764942369541 0.0347900390625 115
1764942421471 0.0350341796875 120
1764942473094 0.03533935546875 125
1764942524699 0.0367431640625 130
1764942603227 0.03741455078125 135
1764942655253 0.03802490234375 140
1764942707921 0.0386962890625 145
1764942760624 0.03814697265625 150
1764942813648 0.03973388671875 155
1764942866086 0.0391845703125 160
1764942917648 0.0396728515625 165
1764942969016 0.03851318359375 170
1764943020949 0.04022216796875 175
1764943072707 0.03863525390625 180
1764943125221 0.039794921875 185
1764943176732 0.0386962890625 190
1764943228004 0.0391845703125 195
1764943280562 0.03961181640625 200
1764943332543 0.03851318359375 205
1764943384089 0.03851318359375 210
1764943435835 0.038330078125 215
1764943487575 0.03857421875 220
1764943539109 0.042236328125 225
1764943590984 0.0435791015625 230
1764943642770 0.04583740234375 235
1764943694924 0.04443359375 240
1764943746900 0.0426025390625 245
1764943798768 0.04248046875 250
1764943850252 0.04083251953125 255
1764943902197 0.04144287109375 260
1764943981016 0.041015625 265
1764944033700 0.04150390625 270
1764944086095 0.04193115234375 275
1764944138614 0.04156494140625 280
1764944190968 0.04241943359375 285
1764944243809 0.04278564453125 290
1764944295406 0.0418701171875 295
1764944347602 0.04302978515625 300
1764944399528 0.0421142578125 305
1764944450868 0.04351806640625 310
1764944502295 0.0428466796875 315
1764944554290 0.04132080078125 320
1764944605697 0.04034423828125 325
1764944657024 0.04156494140625 330
1764944708507 0.042724609375 335
1764944760550 0.0433349609375 340
1764944812458 0.04351806640625 345
1764944864641 0.0433349609375 350
1764944916009 0.04150390625 355
1764944967772 0.039794921875 360
1764945019985 0.04119873046875 365
1764945071304 0.04058837890625 370
1764945122953 0.04266357421875 375
1764945174754 0.04351806640625 380
1764945226605 0.0457763671875 385
1764945278722 0.0472412109375 390
1764945356606 0.04608154296875 395
1764945409565 0.046142578125 400
1764945462872 0.04364013671875 405
1764945515433 0.043701171875 410
1764945568612 0.042236328125 415
1764945621008 0.04132080078125 420
1764945672552 0.04193115234375 425
1764945723917 0.0394287109375 430
1764945775532 0.03875732421875 435
1764945827012 0.037353515625 440
1764945878397 0.03759765625 445
1764945930155 0.03948974609375 450
1764945982239 0.03924560546875 455
1764946033831 0.0399169921875 460
1764946085107 0.04071044921875 465
1764946137366 0.0406494140625 470
1764946188807 0.04248046875 475
1764946240366 0.04296875 480
1764946292752 0.04290771484375 485
1764946344622 0.0435791015625 490
1764946396630 0.04290771484375 495
1764946448188 0.0435791015625 500
1764946499953 0.04217529296875 505
1764946551983 0.0413818359375 510
1764946603764 0.03955078125 515
1764946654950 0.038818359375 520
1764946732700 0.03790283203125 525
1764946785445 0.0384521484375 530
1764946838166 0.0382080078125 535
1764946891197 0.03900146484375 540
1764946943645 0.0404052734375 545
