1764573606749 0.212890625 5
1764573656082 0.21549479166666666 10
1764573705427 0.16764322916666666 15
1764573754619 0.1533203125 20
1764573803881 0.17805989583333331 25
1764573853070 0.162109375 30
1764573902166 0.13606770833333331 35
1764573951437 0.1640625 40
1764574000701 0.15462239583333331 45
1764574049790 0.17154947916666666 50
1764574098846 0.18131510416666666 55
1764574147920 0.17220052083333331 60
1764574196988 0.1728515625 65
1764574245981 0.1708984375 70
1764574294950 0.16243489583333331 75
1764574344102 0.1748046875 80
1764574393157 0.17643229166666666 85
1764574442339 0.2041015625 90
1764574491463 0.1552734375 95
1764574540540 0.17252604166666666 100
1764574589693 0.1650390625 105
1764574638880 0.1826171875 110
1764574688063 0.18196614583333331 115
1764574737290 0.14192708333333331 120
1764574786468 0.16341145833333331 125
1764574835664 0.18294270833333331 130
1764574884887 0.1826171875 135
1764574934080 0.17122395833333331 140
1764574983317 0.2080078125 145
1764575032615 0.20052083333333331 150
1764575081810 0.17513020833333331 155
1764575130969 0.16015625 160
1764575180120 0.19075520833333331 165
1764575229301 0.259765625 170
1764575278549 0.19303385416666666 175
1764575327714 0.17838541666666666 180
1764575376808 0.173828125 185
1764575425949 0.18196614583333331 190
1764575475115 0.1962890625 195
1764575524171 0.16536458333333331 200
1764575573302 0.2001953125 205
1764575622335 0.16341145833333331 210
1764575671406 0.15983072916666666 215
1764575720698 0.18359375 220
1764575769790 0.177734375 225
1764575818924 0.1962890625 230
1764575868081 0.173828125 235
1764575917284 0.21321614583333331 240
1764575966348 0.18326822916666666 245
1764576015451 0.15397135416666666 250
