1764171083726 20.125 1
1764171093223 18.625 2
1764171102249 20.125 3
1764171111240 19.375 4
1764171120277 20.625 5
1764171129356 20.625 6
1764171138443 18.0 7
1764171147558 20.75 8
1764171156609 19.375 9
1764171165712 19.5 10
1764171174816 18.75 11
1764171183856 20.5 12
1764171192937 20.375 13
1764171202029 18.625 14
1764171211126 19.25 15
1764171220213 18.75 16
1764171229302 20.375 17
1764171238360 18.375 18
1764171247398 19.5 19
1764171256441 18.375 20
1764171265482 20.0 21
1764171274516 19.625 22
1764171283525 21.0 23
1764171292594 20.0 24
1764171301636 21.0 25
1764171310693 19.375 26
1764171319706 19.375 27
1764171328736 19.0 28
1764171337792 18.875 29
1764171346802 19.375 30
1764171355814 19.25 31
1764171364809 20.375 32
1764171373854 20.75 33
1764171382844 18.125 34
1764171391861 19.125 35
1764171401128 18.5 36
1764171410155 21.375 37
1764171419156 20.875 38
1764171428200 21.125 39
1764171437241 20.125 40
1764171446312 19.25 41
1764171455328 20.0 42
1764171464492 19.625 43
1764171473541 19.625 44
1764171482590 19.75 45
1764171491622 21.25 46
1764171500610 20.75 47
1764171509609 21.125 48
1764171518639 19.375 49
1764171527630 20.25 50
1764171536644 21.75 51
1764171545714 20.375 52
1764171554729 21.0 53
1764171563759 20.75 54
1764171572775 22.625 55
1764171581829 21.5 56
1764171590900 21.25 57
1764171599883 22.375 58
1764171608940 21.75 59
1764171617993 20.25 60
1764171627020 22.25 61
1764171636095 20.5 62
1764171645152 22.0 63
1764171654249 22.625 64
1764171663241 23.5 65
1764171672258 20.125 66
1764171681305 23.125 67
1764171690366 23.625 68
1764171699420 24.5 69
1764171708423 26.0 70
1764171717430 26.125 71
1764171726442 22.375 72
1764171735479 23.125 73
1764171744480 27.125 74
1764171753498 26.25 75
1764171762511 26.0 76
1764171771539 24.375 77
1764171780543 25.5 78
1764171789595 27.875 79
1764171798647 28.625 80
1764171807704 26.125 81
1764171816728 28.625 82
1764171825808 31.375 83
1764171834941 31.0 84
1764171843938 31.5 85
1764171852987 35.0 86
