1764171083726 0.024844720496894408 1
1764171093223 0.026845637583892617 2
1764171102249 0.024844720496894408 3
1764171111240 0.025806451612903226 4
1764171120277 0.024242424242424242 5
1764171129356 0.024242424242424242 6
1764171138443 0.027777777777777776 7
1764171147558 0.024096385542168676 8
1764171156609 0.025806451612903226 9
1764171165712 0.02564102564102564 10
1764171174816 0.02666666666666667 11
1764171183856 0.024390243902439025 12
1764171192937 0.024539877300613498 13
1764171202029 0.026845637583892617 14
1764171211126 0.025974025974025976 15
1764171220213 0.02666666666666667 16
1764171229302 0.024539877300613498 17
1764171238360 0.027210884353741496 18
1764171247398 0.02564102564102564 19
1764171256441 0.027210884353741496 20
1764171265482 0.025 21
1764171274516 0.025477707006369428 22
1764171283525 0.023809523809523808 23
1764171292594 0.025 24
1764171301636 0.023809523809523808 25
1764171310693 0.025806451612903226 26
1764171319706 0.025806451612903226 27
1764171328736 0.02631578947368421 28
1764171337792 0.026490066225165563 29
1764171346802 0.025806451612903226 30
1764171355814 0.025974025974025976 31
1764171364809 0.024539877300613498 32
1764171373854 0.024096385542168676 33
1764171382844 0.027586206896551724 34
1764171391861 0.026143790849673203 35
1764171401128 0.02702702702702703 36
1764171410155 0.023391812865497075 37
1764171419156 0.023952095808383235 38
1764171428200 0.023668639053254437 39
1764171437241 0.024844720496894408 40
1764171446312 0.025974025974025976 41
1764171455328 0.025 42
1764171464492 0.025477707006369428 43
1764171473541 0.025477707006369428 44
1764171482590 0.02531645569620253 45
1764171491622 0.023529411764705882 46
1764171500610 0.024096385542168676 47
1764171509609 0.023668639053254437 48
1764171518639 0.025806451612903226 49
1764171527630 0.024691358024691357 50
1764171536644 0.022988505747126436 51
1764171545714 0.024539877300613498 52
1764171554729 0.023809523809523808 53
1764171563759 0.024096385542168676 54
1764171572775 0.022099447513812154 55
1764171581829 0.023255813953488372 56
1764171590900 0.023529411764705882 57
1764171599883 0.0223463687150838 58
1764171608940 0.022988505747126436 59
1764171617993 0.024691358024691357 60
1764171627020 0.02247191011235955 61
1764171636095 0.024390243902439025 62
1764171645152 0.022727272727272728 63
1764171654249 0.022099447513812154 64
1764171663241 0.02127659574468085 65
1764171672258 0.024844720496894408 66
1764171681305 0.021621621621621623 67
1764171690366 0.021164021164021163 68
1764171699420 0.02040816326530612 69
1764171708423 0.019230769230769232 70
1764171717430 0.019138755980861243 71
1764171726442 0.0223463687150838 72
1764171735479 0.021621621621621623 73
1764171744480 0.018433179723502304 74
1764171753498 0.01904761904761905 75
1764171762511 0.019230769230769232 76
1764171771539 0.020512820512820513 77
1764171780543 0.0196078431372549 78
1764171789595 0.017937219730941704 79
1764171798647 0.017467248908296942 80
1764171807704 0.019138755980861243 81
1764171816728 0.017467248908296942 82
1764171825808 0.01593625498007968 83
1764171834941 0.016129032258064516 84
1764171843938 0.015873015873015872 85
1764171852987 0.014285714285714285 86
