1764171083726 6.410266346153846e-08 1
1764171093223 1.2820522692307692e-07 2
1764171102249 1.9230779038461538e-07 3
1764171111240 2.5641035384615385e-07 4
1764171120277 3.205129173076923e-07 5
1764171129356 3.846154807692307e-07 6
1764171138443 4.487180442307692e-07 7
1764171147558 5.128206076923076e-07 8
1764171156609 5.769231711538461e-07 9
1764171165712 6.410257346153845e-07 10
1764171174816 7.051282980769231e-07 11
1764171183856 7.692308615384616e-07 12
1764171192937 8.33333425e-07 13
1764171202029 8.974359884615385e-07 14
1764171211126 9.615385519230768e-07 15
1764171220213 1.0256411153846154e-06 16
1764171229302 1.0897436788461537e-06 17
1764171238360 1.1538462423076922e-06 18
1764171247398 1.2179488057692306e-06 19
1764171256441 1.282051369230769e-06 20
1764171265482 1.3461539326923072e-06 21
1764171274516 1.4102564961538456e-06 22
1764171283525 1.474359059615384e-06 23
1764171292594 1.5384616230769224e-06 24
1764171301636 1.6025641865384608e-06 25
1764171310693 1.6666667499999993e-06 26
1764171319706 1.7307693134615379e-06 27
1764171328736 1.7948718769230762e-06 28
1764171337792 1.8589744403846147e-06 29
1764171346802 1.923077003846153e-06 30
1764171355814 1.9871795673076914e-06 31
1764171364809 2.0512821307692295e-06 32
1764171373854 2.115384694230768e-06 33
1764171382844 2.1794872576923066e-06 34
1764171391861 2.243589821153845e-06 35
1764171401128 2.3076923846153833e-06 36
1764171410155 2.371794948076922e-06 37
1764171419156 2.4358975115384603e-06 38
1764171428200 2.500000074999999e-06 39
1764171437241 2.5641026384615374e-06 40
1764171446312 2.628205201923076e-06 41
1764171455328 2.6923077653846145e-06 42
1764171464492 2.7564103288461526e-06 43
1764171473541 2.820512892307691e-06 44
1764171482590 2.8846154557692297e-06 45
1764171491622 2.9487180192307683e-06 46
1764171500610 3.0128205826923072e-06 47
1764171509609 3.0769231461538458e-06 48
1764171518639 3.1410257096153843e-06 49
1764171527630 3.2051282730769224e-06 50
1764171536644 3.269230836538461e-06 51
1764171545714 3.333333399999999e-06 52
1764171554729 3.3974359634615376e-06 53
1764171563759 3.461538526923076e-06 54
1764171572775 3.525641090384615e-06 55
1764171581829 3.5897436538461537e-06 56
1764171590900 3.653846217307692e-06 57
1764171599883 3.7179487807692308e-06 58
1764171608940 3.7820513442307693e-06 59
1764171617993 3.8461539076923074e-06 60
1764171627020 3.9102564711538456e-06 61
1764171636095 3.974359034615384e-06 62
1764171645152 4.038461598076923e-06 63
1764171654249 4.102564161538461e-06 64
1764171663241 4.166666725e-06 65
1764171672258 4.230769288461539e-06 66
1764171681305 4.294871851923078e-06 67
1764171690366 4.358974415384616e-06 68
1764171699420 4.423076978846155e-06 69
1764171708423 4.487179542307693e-06 70
1764171717430 4.551282105769231e-06 71
1764171726442 4.615384669230769e-06 72
1764171735479 4.679487232692307e-06 73
1764171744480 4.743589796153846e-06 74
1764171753498 4.807692359615385e-06 75
1764171762511 4.871794923076923e-06 76
1764171771539 4.935897486538461e-06 77
1764171780543 5.00000005e-06 78
1764171789595 5.0641026134615385e-06 79
1764171798647 5.128205176923077e-06 80
1764171807704 5.192307740384616e-06 81
1764171816728 5.256410303846154e-06 82
1764171825808 5.320512867307692e-06 83
1764171834941 5.38461543076923e-06 84
1764171843938 5.448717994230768e-06 85
1764171852987 5.512820557692307e-06 86
