1764171083726 1.2401657104492188 1
1764171093223 0.9985852837562561 2
1764171102249 1.160681501030922 3
1764171111240 1.1075078547000885 4
1764171120277 1.2323506772518158 5
1764171129356 1.1570164859294891 6
1764171138443 1.1038962602615356 7
1764171147558 1.0371520072221756 8
1764171156609 1.0501130372285843 9
1764171165712 1.0341838747262955 10
1764171174816 1.1183596849441528 11
1764171183856 1.0107821971178055 12
1764171192937 1.0493268221616745 13
1764171202029 0.9902108758687973 14
1764171211126 0.98574298620224 15
1764171220213 1.0424150824546814 16
1764171229302 1.158048763871193 17
1764171238360 1.1176370084285736 18
1764171247398 1.0494946390390396 19
1764171256441 1.0831668674945831 20
1764171265482 1.1242127865552902 21
1764171274516 1.2425213158130646 22
1764171283525 1.1457347869873047 23
1764171292594 1.1103368401527405 24
1764171301636 1.1539127230644226 25
1764171310693 1.035974845290184 26
1764171319706 1.0022940039634705 27
1764171328736 1.0078856348991394 28
1764171337792 1.1302594989538193 29
1764171346802 1.1550565659999847 30
1764171355814 1.0820674002170563 31
1764171364809 1.1137075126171112 32
1764171373854 1.0761996805667877 33
1764171382844 1.0762952715158463 34
1764171391861 0.9771995693445206 35
1764171401128 1.0545195937156677 36
1764171410155 1.1856197714805603 37
1764171419156 1.0811833143234253 38
1764171428200 1.0615883320569992 39
1764171437241 1.1422449052333832 40
1764171446312 0.9742074906826019 41
1764171455328 1.154222309589386 42
1764171464492 1.0693131387233734 43
1764171473541 1.0988528579473495 44
1764171482590 1.0512422919273376 45
1764171491622 1.2235355973243713 46
1764171500610 1.0800611227750778 47
1764171509609 1.00914965569973 48
1764171518639 1.021571323275566 49
1764171527630 1.109026312828064 50
1764171536644 1.0583433508872986 51
1764171545714 1.0674413740634918 52
1764171554729 1.0657088607549667 53
1764171563759 1.2039722800254822 54
1764171572775 1.1433278322219849 55
1764171581829 1.0453249663114548 56
1764171590900 1.0883678495883942 57
1764171599883 1.1950210630893707 58
1764171608940 1.0721309781074524 59
1764171617993 1.082099586725235 60
1764171627020 1.1343442648649216 61
1764171636095 1.1023377031087875 62
1764171645152 1.0787529945373535 63
1764171654249 1.150258183479309 64
1764171663241 1.1888462603092194 65
1764171672258 1.0954802930355072 66
1764171681305 1.1602845042943954 67
1764171690366 1.1883260309696198 68
1764171699420 1.1114210188388824 69
1764171708423 1.2683030664920807 70
1764171717430 1.2029238641262054 71
1764171726442 1.1263024061918259 72
1764171735479 1.145026534795761 73
1764171744480 1.3087773621082306 74
1764171753498 1.249317854642868 75
1764171762511 1.2428361475467682 76
1764171771539 1.1047661900520325 77
1764171780543 1.2328003346920013 78
1764171789595 1.2873773574829102 79
1764171798647 1.2854508757591248 80
1764171807704 1.1805760562419891 81
1764171816728 1.3009030222892761 82
1764171825808 1.2011744379997253 83
1764171834941 1.2927463054656982 84
1764171843938 1.266707867383957 85
1764171852987 1.433372050523758 86
