1764171083726 1.169921875 1
1764171093223 1.119140625 2
1764171102249 1.244140625 3
1764171111240 1.23046875 4
1764171120277 1.181640625 5
1764171129356 1.251953125 6
1764171138443 1.23828125 7
1764171147558 1.197265625 8
1764171156609 1.177734375 9
1764171165712 1.203125 10
1764171174816 1.279296875 11
1764171183856 1.197265625 12
1764171192937 1.208984375 13
1764171202029 1.173828125 14
1764171211126 1.21875 15
1764171220213 1.20703125 16
1764171229302 1.212890625 17
1764171238360 1.27734375 18
1764171247398 1.142578125 19
1764171256441 1.203125 20
1764171265482 1.16796875 21
1764171274516 1.232421875 22
1764171283525 1.21484375 23
1764171292594 1.2265625 24
1764171301636 1.15234375 25
1764171310693 1.1796875 26
1764171319706 1.154296875 27
1764171328736 1.16796875 28
1764171337792 1.212890625 29
1764171346802 1.2109375 30
1764171355814 1.2734375 31
1764171364809 1.224609375 32
1764171373854 1.146484375 33
1764171382844 1.205078125 34
1764171391861 1.09765625 35
1764171401128 1.2421875 36
1764171410155 1.18359375 37
1764171419156 1.162109375 38
1764171428200 1.18359375 39
1764171437241 1.18359375 40
1764171446312 1.216796875 41
1764171455328 1.216796875 42
1764171464492 1.1015625 43
1764171473541 1.21484375 44
1764171482590 1.146484375 45
1764171491622 1.265625 46
1764171500610 1.111328125 47
1764171509609 1.1953125 48
1764171518639 1.103515625 49
1764171527630 1.138671875 50
1764171536644 1.060546875 51
1764171545714 1.1484375 52
1764171554729 1.1015625 53
1764171563759 1.1796875 54
1764171572775 1.142578125 55
1764171581829 1.14453125 56
1764171590900 1.18359375 57
1764171599883 1.150390625 58
1764171608940 1.142578125 59
1764171617993 1.25 60
1764171627020 1.15234375 61
1764171636095 1.11328125 62
1764171645152 1.107421875 63
1764171654249 1.189453125 64
1764171663241 1.12890625 65
1764171672258 1.130859375 66
1764171681305 1.16796875 67
1764171690366 1.166015625 68
1764171699420 1.1328125 69
1764171708423 1.21875 70
1764171717430 1.119140625 71
1764171726442 1.095703125 72
1764171735479 1.107421875 73
1764171744480 1.16796875 74
1764171753498 1.080078125 75
1764171762511 1.125 76
1764171771539 1.091796875 77
1764171780543 1.15234375 78
1764171789595 1.171875 79
1764171798647 1.109375 80
1764171807704 1.08203125 81
1764171816728 1.1796875 82
1764171825808 1.107421875 83
1764171834941 1.087890625 84
1764171843938 1.154296875 85
1764171852987 1.126953125 86
