1764909900518 0.5000592321157455 5
1764909948181 0.5038892775774002 10
1764909995925 0.5096565335988998 15
1764910043622 0.5231604278087616 20
1764910091450 0.5552077442407608 25
1764910139275 0.614559605717659 30
1764910187027 0.6641701459884644 35
1764910234229 0.6271857619285583 40
1764910282023 0.5976346731185913 45
1764910329707 0.6100573688745499 50
1764910377151 0.6340074986219406 55
1764910425001 0.6259783953428268 60
1764910472432 0.6147673726081848 65
1764910520109 0.6205436140298843 70
1764910568018 0.6106649339199066 75
1764910615396 0.6153814196586609 80
1764910663095 0.5793239176273346 85
1764910711051 0.6241835504770279 90
1764910758681 0.6158113032579422 95
1764910806405 0.6099101006984711 100
1764910854334 0.5949120074510574 105
1764910902013 0.5556310266256332 110
1764910949657 0.5980326533317566 115
1764910997254 0.6004218459129333 120
1764911044917 0.6099556088447571 125
1764911092908 0.5478144735097885 130
1764911140711 0.5491659045219421 135
1764911188048 0.5872838050127029 140
1764911235656 0.567962184548378 145
1764911283334 0.5646713972091675 150
1764911331093 0.584489107131958 155
1764911378534 0.5398604944348335 160
1764911425941 0.5618187487125397 165
1764911473514 0.5620562732219696 170
1764911521093 0.5451616942882538 175
1764911568888 0.5554779022932053 180
1764911616549 0.4796905666589737 185
1764911664196 0.446933813393116 190
1764911711968 0.5871318280696869 195
1764911759582 0.6085190623998642 200
1764911807108 0.5590307414531708 205
1764911854876 0.5871929973363876 210
1764911902377 0.5737765282392502 215
1764911949805 0.5535807013511658 220
1764911997207 0.5216280147433281 225
1764912044850 0.5357569009065628 230
1764912092335 0.5607150793075562 235
1764912139968 0.5795302391052246 240
1764912187353 0.5320943295955658 245
1764912234855 0.5549004524946213 250
1764912281804 0.5545424371957779 255
1764912329281 0.494865283370018 260
1764912376804 0.546057254076004 265
1764912424263 0.5902309864759445 270
1764912471905 0.5536110252141953 275
1764912519561 0.5177553743124008 280
1764912567133 0.5785075277090073 285
1764912614746 0.5430857390165329 290
1764912662283 0.4810449704527855 295
1764912709784 0.5774560421705246 300
1764912757122 0.4962884932756424 305
1764912804798 0.5676002949476242 310
1764912852192 0.5371276438236237 315
1764912899476 0.5328260362148285 320
1764912947360 0.5535436421632767 325
1764912995027 0.5385021418333054 330
1764913042542 0.5657480508089066 335
1764913090352 0.6141702830791473 340
1764913137841 0.4933691546320915 345
1764913185530 0.5682956129312515 350
1764913233408 0.5519393086433411 355
1764913280744 0.49781032651662827 360
1764913328575 0.5356904566287994 365
1764913376094 0.5904020220041275 370
1764913423611 0.5544204711914062 375
1764913471338 0.557839497923851 380
1764913518779 0.5466805249452591 385
1764913566325 0.5497088730335236 390
1764913614054 0.5408633053302765 395
1764913661324 0.5327833294868469 400
1764913709220 0.527023658156395 405
1764913757061 0.4818459749221802 410
1764913804292 0.5155504792928696 415
1764913873162 0.6032544523477554 420
1764913921177 0.5367894023656845 425
1764913969413 0.609278529882431 430
1764914017701 0.49644404649734497 435
1764914066166 0.4895700663328171 440
1764914114320 0.5186775475740433 445
1764914161874 0.5833964049816132 450
1764914209242 0.5603750348091125 455
1764914256884 0.5661678314208984 460
1764914304311 0.5319353640079498 465
1764914351779 0.536580041050911 470
1764914399500 0.5221299380064011 475
1764914447206 0.5606750696897507 480
1764914494849 0.5679981857538223 485
1764914542473 0.5025083273649216 490
1764914590104 0.5340010523796082 495
1764914637828 0.5620234608650208 500
1764914685150 0.5265841633081436 505
1764914732683 0.5173311233520508 510
1764914780286 0.542329266667366 515
1764914827600 0.5219898968935013 520
1764914875025 0.5708341896533966 525
1764914922690 0.5514209270477295 530
1764914970750 0.4567511975765228 535
1764915018707 0.5681511461734772 540
1764915065990 0.5306210219860077 545
1764915113181 0.5857063382863998 550
1764915160761 0.49609432369470596 555
1764915208376 0.545761451125145 560
1764915256074 0.5330432653427124 565
1764915303918 0.5458932965993881 570
1764915351444 0.48964348435401917 575
1764915399082 0.5354121550917625 580
1764915447183 0.5675646215677261 585
1764915495098 0.49225790053606033 590
1764915542670 0.5777295976877213 595
1764915589805 0.5519182682037354 600
1764915637736 0.5471186637878418 605
1764915685409 0.5337304919958115 610
1764915733023 0.5287128835916519 615
1764915780491 0.5423172935843468 620
1764915828099 0.4759545400738716 625
1764915875354 0.5922945290803909 630
1764915922682 0.5498358905315399 635
1764915970520 0.5429064482450485 640
1764916018033 0.48025257140398026 645
1764916065325 0.5025713890790939 650
1764916112703 0.5390621423721313 655
1764916160260 0.4761401265859604 660
1764916207882 0.5498572587966919 665
1764916255159 0.5595667660236359 670
1764916302588 0.5294069945812225 675
1764916349914 0.5329980999231339 680
1764916397551 0.5096727907657623 685
1764916444908 0.4817904680967331 690
1764916492219 0.552561566233635 695
1764916539212 0.46560973674058914 700
1764916586534 0.5582015514373779 705
1764916634201 0.4667526036500931 710
1764916681510 0.530285581946373 715
1764916728951 0.5406849086284637 720
1764916776287 0.5507315844297409 725
1764916823917 0.5068103149533272 730
1764916870838 0.5171452462673187 735
1764916918438 0.49857097864151 740
1764916965966 0.4988246411085129 745
1764917013485 0.5123599171638489 750
1764917060984 0.5135367289185524 755
1764917108656 0.5431264936923981 760
1764917156090 0.46907036006450653 765
1764917203951 0.5166253224015236 770
1764917251298 0.5576682984828949 775
1764917298900 0.5325482487678528 780
1764917346309 0.5069631338119507 785
1764917393877 0.5121029168367386 790
1764917441442 0.5215666145086288 795
1764917488999 0.5834168344736099 800
1764917536308 0.5737253129482269 805
1764917583677 0.4900658503174782 810
1764917631312 0.5507680922746658 815
1764917678685 0.5044583454728127 820
1764917726061 0.5545751750469208 825
1764917773769 0.5186883956193924 830
1764917842611 0.5234534293413162 835
1764917890445 0.5068831965327263 840
1764917938480 0.49345991015434265 845
1764917986871 0.5311874747276306 850
1764918035122 0.4773769676685333 855
1764918083348 0.5704349130392075 860
1764918130666 0.5285876542329788 865
1764918177913 0.5225370824337006 870
1764918225016 0.4767834469676018 875
1764918272513 0.537228986620903 880
1764918320303 0.5058098882436752 885
1764918367811 0.5145506486296654 890
1764918415157 0.5490872412919998 895
1764918463060 0.4959868937730789 900
1764918510785 0.5107414498925209 905
1764918558341 0.4976460635662079 910
1764918605619 0.4936525747179985 915
1764918653217 0.5313899889588356 920
1764918700641 0.5459606200456619 925
1764918748266 0.50419532507658 930
1764918795750 0.46869781613349915 935
1764918842943 0.5208939462900162 940
1764918890505 0.5619887858629227 945
1764918937910 0.5802927762269974 950
1764918985133 0.49635712057352066 955
1764919032858 0.577103391289711 960
1764919080458 0.49274076521396637 965
1764919128037 0.5427962094545364 970
1764919175444 0.5375674366950989 975
1764919222988 0.5076672658324242 980
1764919270518 0.5499326437711716 985
1764919317929 0.5084777474403381 990
1764919365650 0.5362648814916611 995
1764919413125 0.515134297311306 1000
1764919460895 0.5319603383541107 1005
1764919508151 0.4784703701734543 1010
1764919555736 0.5456764698028564 1015
1764919603220 0.5121945142745972 1020
1764919650846 0.5067739710211754 1025
1764919698101 0.48975270241498947 1030
1764919745288 0.5092329531908035 1035
1764919792493 0.5427318215370178 1040
1764919840054 0.5486253798007965 1045
1764919887266 0.5418982431292534 1050
1764919934651 0.5065169110894203 1055
1764919982171 0.4658851847052574 1060
1764920029668 0.5172679275274277 1065
1764920077272 0.5351084023714066 1070
1764920124769 0.5044700279831886 1075
1764920172030 0.5007926225662231 1080
1764920219581 0.5412629619240761 1085
1764920267142 0.4892307296395302 1090
1764920314348 0.5498045086860657 1095
