1764909900518 0.0 5
1764909948181 3.378093242645264e-05 10
1764909995925 0.0017452239990234375 15
1764910043622 0.00308990478515625 20
1764910091450 0.007415771484375 25
1764910139275 0.016265869140625 30
1764910187027 0.0235595703125 35
1764910234229 0.0189208984375 40
1764910282023 0.017730712890625 45
1764910329707 0.01861572265625 50
1764910377151 0.02069091796875 55
1764910425001 0.01995849609375 60
1764910472432 0.023284912109375 65
1764910520109 0.02557373046875 70
1764910568018 0.0286865234375 75
1764910615396 0.029205322265625 80
1764910663095 0.03302001953125 85
1764910711051 0.033050537109375 90
1764910758681 0.025787353515625 95
1764910806405 0.0281982421875 100
1764910854334 0.031219482421875 105
1764910902013 0.02471923828125 110
1764910949657 0.02923583984375 115
1764910997254 0.028594970703125 120
1764911044917 0.02569580078125 125
1764911092908 0.0355224609375 130
1764911140711 0.027435302734375 135
1764911188048 0.026519775390625 140
1764911235656 0.02984619140625 145
1764911283334 0.02606201171875 150
1764911331093 0.0260009765625 155
1764911378534 0.0284423828125 160
1764911425941 0.02557373046875 165
1764911473514 0.022003173828125 170
1764911521093 0.024078369140625 175
1764911568888 0.02740478515625 180
1764911616549 0.031219482421875 185
1764911664196 0.0352783203125 190
1764911711968 0.02252197265625 195
1764911759582 0.01947021484375 200
1764911807108 0.022064208984375 205
1764911854876 0.02374267578125 210
1764911902377 0.02435302734375 215
1764911949805 0.02667236328125 220
1764911997207 0.026702880859375 225
1764912044850 0.028717041015625 230
1764912092335 0.0269775390625 235
1764912139968 0.0264892578125 240
1764912187353 0.027252197265625 245
1764912234855 0.027740478515625 250
1764912281804 0.033935546875 255
1764912329281 0.029998779296875 260
1764912376804 0.02752685546875 265
1764912424263 0.022125244140625 270
1764912471905 0.025177001953125 275
1764912519561 0.0245361328125 280
1764912567133 0.024017333984375 285
1764912614746 0.031005859375 290
1764912662283 0.028594970703125 295
1764912709784 0.028594970703125 300
1764912757122 0.029327392578125 305
1764912804798 0.0272216796875 310
1764912852192 0.024383544921875 315
1764912899476 0.026763916015625 320
1764912947360 0.0264892578125 325
1764912995027 0.0289306640625 330
1764913042542 0.0234375 335
1764913090352 0.024627685546875 340
1764913137841 0.031829833984375 345
1764913185530 0.0244140625 350
1764913233408 0.022003173828125 355
1764913280744 0.03118896484375 360
1764913328575 0.0283203125 365
1764913376094 0.024932861328125 370
1764913423611 0.021697998046875 375
1764913471338 0.027740478515625 380
1764913518779 0.026092529296875 385
1764913566325 0.02374267578125 390
1764913614054 0.02777099609375 395
1764913661324 0.027923583984375 400
1764913709220 0.02679443359375 405
1764913757061 0.0284423828125 410
1764913804292 0.0277099609375 415
1764913873162 0.023712158203125 420
1764913921177 0.02667236328125 425
1764913969413 0.024322509765625 430
1764914017701 0.02386474609375 435
1764914066166 0.0301513671875 440
1764914114320 0.022003173828125 445
1764914161874 0.021484375 450
1764914209242 0.025177001953125 455
1764914256884 0.025665283203125 460
1764914304311 0.024383544921875 465
1764914351779 0.025909423828125 470
1764914399500 0.025421142578125 475
1764914447206 0.02410888671875 480
1764914494849 0.02593994140625 485
1764914542473 0.030609130859375 490
1764914590104 0.028106689453125 495
1764914637828 0.02069091796875 500
1764914685150 0.029754638671875 505
1764914732683 0.025787353515625 510
1764914780286 0.0245361328125 515
1764914827600 0.028106689453125 520
1764914875025 0.026397705078125 525
1764914922690 0.021697998046875 530
1764914970750 0.03387451171875 535
1764915018707 0.026275634765625 540
1764915065990 0.0240478515625 545
1764915113181 0.02117919921875 550
1764915160761 0.0302734375 555
1764915208376 0.02996826171875 560
1764915256074 0.026947021484375 565
1764915303918 0.02996826171875 570
1764915351444 0.027252197265625 575
1764915399082 0.0242919921875 580
1764915447183 0.025115966796875 585
1764915495098 0.02703857421875 590
1764915542670 0.0267333984375 595
1764915589805 0.02032470703125 600
1764915637736 0.02264404296875 605
1764915685409 0.02825927734375 610
1764915733023 0.025543212890625 615
1764915780491 0.023345947265625 620
1764915828099 0.030059814453125 625
1764915875354 0.0230712890625 630
1764915922682 0.023162841796875 635
1764915970520 0.027740478515625 640
1764916018033 0.031829833984375 645
1764916065325 0.028594970703125 650
1764916112703 0.028289794921875 655
1764916160260 0.028961181640625 660
1764916207882 0.025390625 665
1764916255159 0.023529052734375 670
1764916302588 0.0286865234375 675
1764916349914 0.024383544921875 680
1764916397551 0.02691650390625 685
1764916444908 0.0283203125 690
1764916492219 0.028350830078125 695
1764916539212 0.033599853515625 700
1764916586534 0.02740478515625 705
1764916634201 0.027557373046875 710
1764916681510 0.026702880859375 715
1764916728951 0.02874755859375 720
1764916776287 0.02850341796875 725
1764916823917 0.029266357421875 730
1764916870838 0.0299072265625 735
1764916918438 0.027801513671875 740
1764916965966 0.027374267578125 745
1764917013485 0.026123046875 750
1764917060984 0.03057861328125 755
1764917108656 0.029998779296875 760
1764917156090 0.028778076171875 765
1764917203951 0.026885986328125 770
1764917251298 0.026031494140625 775
1764917298900 0.023101806640625 780
1764917346309 0.02679443359375 785
1764917393877 0.03009033203125 790
1764917441442 0.026947021484375 795
1764917488999 0.02099609375 800
1764917536308 0.02166748046875 805
1764917583677 0.029571533203125 810
1764917631312 0.02728271484375 815
1764917678685 0.03009033203125 820
1764917726061 0.0235595703125 825
1764917773769 0.02545166015625 830
1764917842611 0.0279541015625 835
1764917890445 0.030029296875 840
1764917938480 0.0262451171875 845
1764917986871 0.027069091796875 850
1764918035122 0.029510498046875 855
1764918083348 0.0303955078125 860
1764918130666 0.021728515625 865
1764918177913 0.023651123046875 870
1764918225016 0.03143310546875 875
1764918272513 0.024932861328125 880
1764918320303 0.025665283203125 885
1764918367811 0.02587890625 890
1764918415157 0.02581787109375 895
1764918463060 0.025390625 900
1764918510785 0.028076171875 905
1764918558341 0.026824951171875 910
1764918605619 0.025909423828125 915
1764918653217 0.0244140625 920
1764918700641 0.024810791015625 925
1764918748266 0.027557373046875 930
1764918795750 0.03143310546875 935
1764918842943 0.026702880859375 940
1764918890505 0.02166748046875 945
1764918937910 0.02197265625 950
1764918985133 0.026885986328125 955
1764919032858 0.02581787109375 960
1764919080458 0.026092529296875 965
1764919128037 0.02655029296875 970
1764919175444 0.029022216796875 975
1764919222988 0.026153564453125 980
1764919270518 0.02410888671875 985
1764919317929 0.02825927734375 990
1764919365650 0.02630615234375 995
1764919413125 0.02783203125 1000
1764919460895 0.02691650390625 1005
1764919508151 0.028289794921875 1010
1764919555736 0.02728271484375 1015
1764919603220 0.02734375 1020
1764919650846 0.0274658203125 1025
1764919698101 0.02764892578125 1030
1764919745288 0.028564453125 1035
1764919792493 0.02642822265625 1040
1764919840054 0.025115966796875 1045
1764919887266 0.024078369140625 1050
1764919934651 0.02984619140625 1055
1764919982171 0.028656005859375 1060
1764920029668 0.02838134765625 1065
1764920077272 0.023712158203125 1070
1764920124769 0.02703857421875 1075
1764920172030 0.03021240234375 1080
1764920219581 0.0269775390625 1085
1764920267142 0.02337646484375 1090
1764920314348 0.0263671875 1095
