1764909900518 0.0 5
1764909948181 38.53125 10
1764909995925 3.00390625 15
1764910043622 3.8359375 20
1764910091450 3.875 25
1764910139275 3.90625 30
1764910187027 3.79296875 35
1764910234229 3.59375 40
1764910282023 3.5546875 45
1764910329707 3.83203125 50
1764910377151 3.78515625 55
1764910425001 3.66015625 60
1764910472432 3.71484375 65
1764910520109 3.953125 70
1764910568018 4.04296875 75
1764910615396 3.93359375 80
1764910663095 3.953125 85
1764910711051 3.875 90
1764910758681 3.93359375 95
1764910806405 4.0625 100
1764910854334 4.02734375 105
1764910902013 4.078125 110
1764910949657 3.984375 115
1764910997254 3.75 120
1764911044917 4.05078125 125
1764911092908 4.140625 130
1764911140711 3.9609375 135
1764911188048 4.04296875 140
1764911235656 4.1640625 145
1764911283334 4.10546875 150
1764911331093 4.09375 155
1764911378534 4.16796875 160
1764911425941 3.98046875 165
1764911473514 4.046875 170
1764911521093 4.21875 175
1764911568888 3.87109375 180
1764911616549 4.0546875 185
1764911664196 4.15234375 190
1764911711968 4.1484375 195
1764911759582 4.1640625 200
1764911807108 4.6640625 205
1764911854876 4.46875 210
1764911902377 4.5546875 215
1764911949805 4.28125 220
1764911997207 4.359375 225
1764912044850 4.11328125 230
1764912092335 4.07421875 235
1764912139968 4.265625 240
1764912187353 4.3671875 245
1764912234855 4.4375 250
1764912281804 4.12890625 255
1764912329281 4.421875 260
1764912376804 4.203125 265
1764912424263 4.2265625 270
1764912471905 4.2578125 275
1764912519561 4.2890625 280
1764912567133 4.328125 285
1764912614746 4.46875 290
1764912662283 4.3671875 295
1764912709784 4.203125 300
1764912757122 4.2890625 305
1764912804798 4.28125 310
1764912852192 4.3671875 315
1764912899476 4.375 320
1764912947360 4.25390625 325
1764912995027 4.34375 330
1764913042542 4.5234375 335
1764913090352 4.3671875 340
1764913137841 4.609375 345
1764913185530 4.6328125 350
1764913233408 4.3515625 355
1764913280744 4.3671875 360
1764913328575 4.5546875 365
1764913376094 4.71875 370
1764913423611 4.3671875 375
1764913471338 4.4296875 380
1764913518779 4.3515625 385
1764913566325 4.546875 390
1764913614054 4.484375 395
1764913661324 4.3984375 400
1764913709220 4.34375 405
1764913757061 4.515625 410
1764913804292 4.640625 415
1764913873162 4.640625 420
1764913921177 4.390625 425
1764913969413 4.59375 430
1764914017701 4.25 435
1764914066166 4.546875 440
1764914114320 4.734375 445
1764914161874 4.5078125 450
1764914209242 4.34375 455
1764914256884 4.3515625 460
1764914304311 4.46875 465
1764914351779 4.609375 470
1764914399500 4.7578125 475
1764914447206 4.36328125 480
1764914494849 4.390625 485
1764914542473 4.42578125 490
1764914590104 4.6875 495
1764914637828 4.3515625 500
1764914685150 4.40625 505
1764914732683 4.578125 510
1764914780286 4.5859375 515
1764914827600 4.5390625 520
1764914875025 4.5078125 525
1764914922690 4.4140625 530
1764914970750 4.3671875 535
1764915018707 4.4140625 540
1764915065990 4.546875 545
1764915113181 4.17578125 550
1764915160761 4.24609375 555
1764915208376 4.4375 560
1764915256074 4.46875 565
1764915303918 4.4375 570
1764915351444 4.5859375 575
1764915399082 4.6796875 580
1764915447183 4.375 585
1764915495098 4.3828125 590
1764915542670 4.328125 595
1764915589805 4.421875 600
1764915637736 4.4140625 605
1764915685409 4.3671875 610
1764915733023 4.35546875 615
1764915780491 4.59375 620
1764915828099 4.43359375 625
1764915875354 4.3671875 630
1764915922682 4.9375 635
1764915970520 4.34375 640
1764916018033 4.515625 645
1764916065325 4.421875 650
1764916112703 4.453125 655
1764916160260 4.6171875 660
1764916207882 4.44921875 665
1764916255159 4.5 670
1764916302588 4.640625 675
1764916349914 4.78125 680
1764916397551 4.96875 685
1764916444908 4.375 690
1764916492219 4.4765625 695
1764916539212 4.3515625 700
1764916586534 4.3515625 705
1764916634201 4.3671875 710
1764916681510 4.33203125 715
1764916728951 4.3984375 720
1764916776287 4.5859375 725
1764916823917 4.4609375 730
1764916870838 4.28125 735
1764916918438 4.5390625 740
1764916965966 4.4453125 745
1764917013485 4.3203125 750
1764917060984 4.390625 755
1764917108656 4.3515625 760
1764917156090 4.3515625 765
1764917203951 4.5546875 770
1764917251298 4.5 775
1764917298900 4.7734375 780
1764917346309 4.5546875 785
1764917393877 4.484375 790
1764917441442 4.53125 795
1764917488999 4.3046875 800
1764917536308 4.2109375 805
1764917583677 4.453125 810
1764917631312 4.3984375 815
1764917678685 4.78125 820
1764917726061 4.4296875 825
1764917773769 4.546875 830
1764917842611 4.5625 835
1764917890445 4.453125 840
1764917938480 4.703125 845
1764917986871 4.8125 850
1764918035122 4.5859375 855
1764918083348 4.6640625 860
1764918130666 4.609375 865
1764918177913 4.6328125 870
1764918225016 4.703125 875
1764918272513 4.59375 880
1764918320303 4.6875 885
1764918367811 4.734375 890
1764918415157 4.78125 895
1764918463060 4.8125 900
1764918510785 4.875 905
1764918558341 4.5703125 910
1764918605619 4.7421875 915
1764918653217 4.71875 920
1764918700641 5.015625 925
1764918748266 4.5546875 930
1764918795750 4.6015625 935
1764918842943 4.7265625 940
1764918890505 4.828125 945
1764918937910 4.375 950
1764918985133 4.5546875 955
1764919032858 4.609375 960
1764919080458 4.7734375 965
1764919128037 4.59375 970
1764919175444 4.5390625 975
1764919222988 4.5078125 980
1764919270518 4.6484375 985
1764919317929 4.5703125 990
1764919365650 4.546875 995
1764919413125 4.7734375 1000
1764919460895 4.703125 1005
1764919508151 4.8125 1010
1764919555736 4.515625 1015
1764919603220 5.09375 1020
1764919650846 5.0234375 1025
1764919698101 4.8671875 1030
1764919745288 4.5234375 1035
1764919792493 4.4375 1040
1764919840054 4.5859375 1045
1764919887266 4.5546875 1050
1764919934651 4.734375 1055
1764919982171 4.765625 1060
1764920029668 4.65625 1065
1764920077272 5.2109375 1070
1764920124769 4.6796875 1075
1764920172030 4.8046875 1080
1764920219581 4.4296875 1085
1764920267142 4.625 1090
1764920314348 4.890625 1095
