1764909900518 0.0 5
1764909948181 0.0038550694783528643 10
1764909995925 0.003951452780460964 15
1764910043622 -0.06225426991780599 20
1764910091450 -0.013606687386830648 25
1764910139275 -0.030493895212809246 30
1764910187027 -0.165037473042806 35
1764910234229 -0.2899312327305476 40
1764910282023 -0.36725711822509766 45
1764910329707 -0.4234209458033244 50
1764910377151 -0.44580332438151044 55
1764910425001 -0.49065526326497394 60
1764910472432 -0.549600020698879 65
1764910520109 -0.5802078247070312 70
1764910568018 -0.4303115208943685 75
1764910615396 -0.4983221689860027 80
1764910663095 -0.5901133219401041 85
1764910711051 -0.4419781366984049 90
1764910758681 -0.4841826756795248 95
1764910806405 -0.5360819498697917 100
1764910854334 -0.5746421813964845 105
1764910902013 -0.6309013366699219 110
1764910949657 -0.5665760040283203 115
1764910997254 -0.5655606587727864 120
1764911044917 -0.5496368408203125 125
1764911092908 -0.5453948974609375 130
1764911140711 -0.4729226430257161 135
1764911188048 -0.3405224283536275 140
1764911235656 -0.5567830403645833 145
1764911283334 -0.49962252378463745 150
1764911331093 -0.3994995752970377 155
1764911378534 -0.43825658162434894 160
1764911425941 -0.43748982747395837 165
1764911473514 -0.5588569641113282 170
1764911521093 -0.5982004801432291 175
1764911568888 -0.4510300954182942 180
1764911616549 -0.60894775390625 185
1764911664196 -0.6675338745117188 190
1764911711968 -0.3047119776407877 195
1764911759582 -0.3159545262654622 200
1764911807108 -0.5868301391601562 205
1764911854876 -0.5463097890218099 210
1764911902377 -0.48560873667399096 215
1764911949805 -0.4973640441894531 220
1764911997207 -0.4918708801269531 225
1764912044850 -0.4975535074869792 230
1764912092335 -0.3693428039550781 235
1764912139968 -0.4620005289713542 240
1764912187353 -0.4139060974121094 245
1764912234855 -0.3650156656901042 250
1764912281804 -0.2587016423543294 255
1764912329281 -0.34264373779296875 260
1764912376804 -0.47186851501464844 265
1764912424263 -0.3732512394587199 270
1764912471905 -0.4009259541829427 275
1764912519561 -0.5517635345458984 280
1764912567133 -0.3755410512288412 285
1764912614746 -0.5759620666503906 290
1764912662283 -0.6189219156901041 295
1764912709784 -0.38989432652791345 300
1764912757122 -0.41500600179036456 305
1764912804798 -0.21440124511718747 310
1764912852192 -0.41589609781901044 315
1764912899476 -0.515745480855306 320
1764912947360 -0.3988304138183594 325
1764912995027 -0.4013773600260417 330
1764913042542 -0.29973856608072913 335
1764913090352 -0.28296216328938806 340
1764913137841 -0.49948628743489576 345
1764913185530 -0.5250790913899739 350
1764913233408 -0.4704108635584513 355
1764913280744 -0.5462150573730469 360
1764913328575 -0.41094716389973956 365
1764913376094 -0.10829591751098633 370
1764913423611 -0.2725304166475932 375
1764913471338 -0.4755700429280598 380
1764913518779 -0.5921045939127604 385
1764913566325 -0.6060994466145834 390
1764913614054 -0.3718821207682292 395
1764913661324 -0.39139302571614587 400
1764913709220 -0.4812711079915365 405
1764913757061 -0.5171101888020834 410
1764913804292 -0.37982265154520667 415
1764913873162 -0.3585497538248698 420
1764913921177 -0.40446472167968744 425
1764913969413 -0.4456100463867187 430
1764914017701 -0.6034495035807291 435
1764914066166 -0.6847712198893229 440
1764914114320 -0.5373522440592448 445
1764914161874 -0.2583732604980469 450
1764914209242 -0.31639575958251953 455
1764914256884 -0.3887977600097656 460
1764914304311 -0.48483912150065106 465
1764914351779 -0.4878727595011393 470
1764914399500 -0.46978505452473956 475
1764914447206 -0.4124584197998047 480
1764914494849 -0.44542932510375977 485
1764914542473 -0.4521026611328125 490
1764914590104 -0.25469334920247394 495
1764914637828 -0.2742894490559896 500
1764914685150 -0.4168078104654948 505
1764914732683 -0.4802093505859375 510
1764914780286 -0.37464141845703125 515
1764914827600 -0.47110621134440106 520
1764914875025 -0.4362860520680745 525
1764914922690 -0.45384470621744794 530
1764914970750 -0.6110305786132812 535
1764915018707 -0.3731842041015625 540
1764915065990 -0.31308110555013025 545
1764915113181 -0.24848906199137372 550
1764915160761 -0.5191192626953126 555
1764915208376 -0.5313369433085123 560
1764915256074 -0.5461044311523438 565
1764915303918 -0.31859397888183594 570
1764915351444 -0.44907633463541674 575
1764915399082 -0.34464708964029944 580
1764915447183 -0.5133529504140218 585
1764915495098 -0.6671778361002605 590
1764915542670 -0.35838317871093756 595
1764915589805 -0.2382850646972656 600
1764915637736 -0.3847039540608724 605
1764915685409 -0.4192803700764974 610
1764915733023 -0.5488917032877604 615
1764915780491 -0.3477873007456461 620
1764915828099 -0.3649330139160157 625
1764915875354 -0.23710695902506512 630
1764915922682 -0.37344805399576825 635
1764915970520 -0.5619379679361979 640
1764916018033 -0.5193627675374349 645
1764916065325 -0.5206756591796875 650
1764916112703 -0.4376665751139323 655
1764916160260 -0.33984871146579587 660
1764916207882 -0.2962474822998047 665
1764916255159 -0.2462902069091797 670
1764916302588 -0.29748853047688806 675
1764916349914 -0.4557164510091146 680
1764916397551 -0.5386759440104167 685
1764916444908 -0.5752201080322266 690
1764916492219 -0.3211809794108073 695
1764916539212 -0.17888641357421875 700
1764916586534 -0.19257609049479166 705
1764916634201 -0.5967127482096354 710
1764916681510 -0.5363235473632812 715
1764916728951 -0.4251778920491536 720
1764916776287 -0.3035634358723958 725
1764916823917 -0.3357632954915365 730
1764916870838 -0.45879618326822913 735
1764916918438 -0.5269750754038492 740
1764916965966 -0.48067220052083337 745
1764917013485 -0.4140075047810873 750
1764917060984 -0.31992197036743164 755
1764917108656 -0.22639083862304688 760
1764917156090 -0.5424766540527344 765
1764917203951 -0.4421132405598958 770
1764917251298 -0.3692448933919271 775
1764917298900 -0.36372852325439453 780
1764917346309 -0.4788945515950521 785
1764917393877 -0.5081392923990886 790
1764917441442 -0.49960454305013025 795
1764917488999 -0.30121421813964844 800
1764917536308 -0.337469736735026 805
1764917583677 -0.5023091634114584 810
1764917631312 -0.3841832478841146 815
1764917678685 -0.386511484781901 820
1764917726061 -0.28352419535319007 825
1764917773769 -0.36428531010945636 830
1764917842611 -0.3478037516276042 835
1764917890445 -0.4146652221679688 840
1764917938480 -0.3561592102050781 845
1764917986871 -0.4045155843098958 850
1764918035122 -0.4951260884602865 855
1764918083348 -0.3351116180419922 860
1764918130666 -0.37718645731608075 865
1764918177913 -0.4024880727132161 870
1764918225016 -0.5096645355224609 875
1764918272513 -0.36853790283203125 880
1764918320303 -0.46557108561197913 885
1764918367811 -0.4273567199707032 890
1764918415157 -0.29009342193603516 895
1764918463060 -0.46894462903340656 900
1764918510785 -0.44809977213541674 905
1764918558341 -0.5666656494140625 910
1764918605619 -0.49158477783203125 915
1764918653217 -0.3171870121057483 920
1764918700641 -0.46866162618001306 925
1764918748266 -0.3979085286458333 930
1764918795750 -0.40402523676554364 935
1764918842943 -0.3603401184082032 940
1764918890505 -0.16797709465026855 945
1764918937910 -0.3138783772786458 950
1764918985133 -0.5623003641764324 955
1764919032858 -0.5460408528645833 960
1764919080458 -0.4773089090983073 965
1764919128037 -0.40500640869140625 970
1764919175444 -0.31805165608723956 975
1764919222988 -0.42092132568359375 980
1764919270518 -0.38818422953287757 985
1764919317929 -0.4007568359375 990
1764919365650 -0.43347358703613276 995
1764919413125 -0.46226946512858075 1000
1764919460895 -0.3516637484232584 1005
1764919508151 -0.49218114217122394 1010
1764919555736 -0.3445694049199422 1015
1764919603220 -0.37354278564453125 1020
1764919650846 -0.3535286585489909 1025
1764919698101 -0.4767888387044271 1030
1764919745288 -0.33997090657552087 1035
1764919792493 -0.2685076395670573 1040
1764919840054 -0.22265005111694336 1045
1764919887266 -0.28614403307437897 1050
1764919934651 -0.3656400044759115 1055
1764919982171 -0.3812109629313151 1060
1764920029668 -0.3689994812011719 1065
1764920077272 -0.3751710255940755 1070
1764920124769 -0.3956489562988281 1075
1764920172030 -0.4460357030232748 1080
1764920219581 -0.4573240280151367 1085
1764920267142 -0.5436339378356934 1090
1764920314348 -0.2990455627441406 1095
