1764909900518 2.6510252482125907e-07 5
1764909948181 7.733563904821494e-07 10
1764909995925 4.624752705240098e-06 15
1764910043622 1.1803095958384802e-05 20
1764910091450 7.029469634289853e-05 25
1764910139275 0.00030293501913547516 30
1764910187027 0.0007282501610461622 35
1764910234229 0.0005412249156506732 40
1764910282023 0.0005822011444251984 45
1764910329707 0.0006894139223732054 50
1764910377151 0.000920576901989989 55
1764910425001 0.0009341995319118723 60
1764910472432 0.0014396308979485184 65
1764910520109 0.0019844702328555286 70
1764910568018 0.0018243753293063492 75
1764910615396 0.002207139856182039 80
1764910663095 0.004166607046499848 85
1764910711051 0.0025824946351349354 90
1764910758681 0.001686438190517947 95
1764910806405 0.0025584373506717384 100
1764910854334 0.004572498728521168 105
1764910902013 0.003007871622685343 110
1764910949657 0.0030219569453038275 115
1764910997254 0.003217922116164118 120
1764911044917 0.00322104140650481 125
1764911092908 0.006380740203894675 130
1764911140711 0.003828256274573505 135
1764911188048 0.003242452396079898 140
1764911235656 0.004709984932560474 145
1764911283334 0.003436444792896509 150
1764911331093 0.0031842546886764467 155
1764911378534 0.00551853992510587 160
1764911425941 0.004234027350321412 165
1764911473514 0.0029777154559269547 170
1764911521093 0.0045750284334644675 175
1764911568888 0.0046351091004908085 180
1764911616549 0.00693931826390326 185
1764911664196 0.01302093151025474 190
1764911711968 0.0019031973206438124 195
1764911759582 0.001320792332990095 200
1764911807108 0.004848001524806023 205
1764911854876 0.00399998330976814 210
1764911902377 0.004233713902067393 215
1764911949805 0.004696796298958361 220
1764911997207 0.004949452355504036 225
1764912044850 0.007258117897436023 230
1764912092335 0.004214344022329897 235
1764912139968 0.0057439254596829414 240
1764912187353 0.007021647063083947 245
1764912234855 0.0049870305228978395 250
1764912281804 0.006900949752889574 255
1764912329281 0.005610820837318897 260
1764912376804 0.006013318197801709 265
1764912424263 0.0023381976934615523 270
1764912471905 0.004125413368456066 275
1764912519561 0.005057742935605347 280
1764912567133 0.002938491466920823 285
1764912614746 0.006827085395343602 290
1764912662283 0.007263747276738286 295
1764912709784 0.005275250994600356 300
1764912757122 0.005640629446133971 305
1764912804798 0.005422846181318164 310
1764912852192 0.004761450225487351 315
1764912899476 0.005593767506070435 320
1764912947360 0.006967201246879995 325
1764912995027 0.005063240532763302 330
1764913042542 0.003086960641667247 335
1764913090352 0.002252677397336811 340
1764913137841 0.006723235943354666 345
1764913185530 0.005028444225899875 350
1764913233408 0.00274556374642998 355
1764913280744 0.007380125229246914 360
1764913328575 0.0048673758283257484 365
1764913376094 0.0038199532427825034 370
1764913423611 0.002713931171456352 375
1764913471338 0.005727655137889087 380
1764913518779 0.006422807113267481 385
1764913566325 0.004781550378538668 390
1764913614054 0.004596330341883004 395
1764913661324 0.004870276607107371 400
1764913709220 0.004274741164408624 405
1764913757061 0.005477231810800731 410
1764913804292 0.005457869847305119 415
1764913873162 0.0035178986145183444 420
1764913921177 0.004469510167837143 425
1764913969413 0.0034266816219314933 430
1764914017701 0.004844642011448741 435
1764914066166 0.013279919978231192 440
1764914114320 0.004985234001651406 445
1764914161874 0.003671626909635961 450
1764914209242 0.005608053645119071 455
1764914256884 0.0047521390952169895 460
1764914304311 0.005722893867641687 465
1764914351779 0.0072489973390474916 470
1764914399500 0.006254370440728962 475
1764914447206 0.004319768224377185 480
1764914494849 0.0052645273972302675 485
1764914542473 0.007071401108987629 490
1764914590104 0.005246952758170664 495
1764914637828 0.002067219786113128 500
1764914685150 0.008678070502355695 505
1764914732683 0.005355825298465788 510
1764914780286 0.00429196679033339 515
1764914827600 0.0066846986301243305 520
1764914875025 0.005544619169086218 525
1764914922690 0.0021538277505896986 530
1764914970750 0.011937500443309546 535
1764915018707 0.00543485744856298 540
1764915065990 0.003721719025634229 545
1764915113181 0.003556827607098967 550
1764915160761 0.008679580176249146 555
1764915208376 0.005493108183145523 560
1764915256074 0.004811095772311091 565
1764915303918 0.00854888849426061 570
1764915351444 0.004312459845095873 575
1764915399082 0.004269712022505701 580
1764915447183 0.004955743905156851 585
1764915495098 0.008423750987276435 590
1764915542670 0.006562228314578533 595
1764915589805 0.0031685801222920418 600
1764915637736 0.0034684391575865448 605
1764915685409 0.006643944885581732 610
1764915733023 0.006117819109931588 615
1764915780491 0.003451437980402261 620
1764915828099 0.007240021135658026 625
1764915875354 0.002689249929971993 630
1764915922682 0.0036629262031055987 635
1764915970520 0.006407504202798009 640
1764916018033 0.010162197751924396 645
1764916065325 0.00680483051110059 650
1764916112703 0.005436694016680121 655
1764916160260 0.004987570398952812 660
1764916207882 0.003899030270986259 665
1764916255159 0.003661219379864633 670
1764916302588 0.0066599438432604074 675
1764916349914 0.005074089742265642 680
1764916397551 0.0064362643752247095 685
1764916444908 0.0074781113071367145 690
1764916492219 0.006868176977150142 695
1764916539212 0.006478250026702881 700
1764916586534 0.005543376959394664 705
1764916634201 0.008001044625416398 710
1764916681510 0.007508648792281747 715
1764916728951 0.006450276589021087 720
1764916776287 0.0050876670284196734 725
1764916823917 0.004040942527353764 730
1764916870838 0.005552664631977677 735
1764916918438 0.006606856128200889 740
1764916965966 0.0072946129366755486 745
1764917013485 0.005758783081546426 750
1764917060984 0.0055868508061394095 755
1764917108656 0.007769958465360105 760
1764917156090 0.006469944724813104 765
1764917203951 0.005547645501792431 770
1764917251298 0.005714906146749854 775
1764917298900 0.003978252876549959 780
1764917346309 0.006191587075591087 785
1764917393877 0.008317781961522996 790
1764917441442 0.007429790799506009 795
1764917488999 0.0028968709520995617 800
1764917536308 0.0029203725862316787 805
1764917583677 0.00836128881201148 810
1764917631312 0.004813068255316466 815
1764917678685 0.006486269528977573 820
1764917726061 0.0033014508080668747 825
1764917773769 0.004195758199784905 830
1764917842611 0.006051339441910386 835
1764917890445 0.008118647732771933 840
1764917938480 0.004324974026530981 845
1764917986871 0.005791338509880006 850
1764918035122 0.00904909719247371 855
1764918083348 0.00826115533709526 860
1764918130666 0.0030217678868211806 865
1764918177913 0.004608122922945768 870
1764918225016 0.009072841727174819 875
1764918272513 0.005667108576744795 880
1764918320303 0.007355597103014588 885
1764918367811 0.005729230586439371 890
1764918415157 0.005858251475729048 895
1764918463060 0.0058800807455554605 900
1764918510785 0.0070911516668275 905
1764918558341 0.00838908611331135 910
1764918605619 0.007233903976157308 915
1764918653217 0.004910587042104453 920
1764918700641 0.005791708710603416 925
1764918748266 0.007391253719106317 930
1764918795750 0.01053901866544038 935
1764918842943 0.0063298651948571205 940
1764918890505 0.0030424611759372056 945
1764918937910 0.0034673443296924233 950
1764918985133 0.009706964250653982 955
1764919032858 0.005477203871123493 960
1764919080458 0.006462963006924838 965
1764919128037 0.005598631803877652 970
1764919175444 0.0062860106118023396 975
1764919222988 0.005069072649348527 980
1764919270518 0.004109793168026954 985
1764919317929 0.006509364233352244 990
1764919365650 0.0050166628789156675 995
1764919413125 0.006998710799962282 1000
1764919460895 0.006072035175748169 1005
1764919508151 0.007251089671626687 1010
1764919555736 0.00504508416634053 1015
1764919603220 0.006047747330740094 1020
1764919650846 0.007099431473761797 1025
1764919698101 0.006714316317811608 1030
1764919745288 0.005803679581731558 1035
1764919792493 0.00548735074698925 1040
1764919840054 0.004993625683709979 1045
1764919887266 0.004701152443885803 1050
1764919934651 0.0066429536091163754 1055
1764919982171 0.007413321174681187 1060
1764920029668 0.0054476947989314795 1065
1764920077272 0.003712682402692735 1070
1764920124769 0.004126055573578924 1075
1764920172030 0.006801160692702979 1080
1764920219581 0.008063124609179795 1085
1764920267142 0.00527239590883255 1090
1764920314348 0.0053198254317976534 1095
