1764909900518 0.0 5
1764909948181 -0.008034865061442057 10
1764909995925 0.0023752848307291665 15
1764910043622 -0.017872790495554607 20
1764910091450 -0.01126543680826823 25
1764910139275 0.01029658317565918 30
1764910187027 -0.09717814127604166 35
1764910234229 -0.28194618225097656 40
1764910282023 -0.40756670633951825 45
1764910329707 -0.4180227915445964 50
1764910377151 -0.41482003529866535 55
1764910425001 -0.49240748087565106 60
1764910472432 -0.5630798339843749 65
1764910520109 -0.5464933315912882 70
1764910568018 -0.49143711725870765 75
1764910615396 -0.47818756103515625 80
1764910663095 -0.4964930216471354 85
1764910711051 -0.4608020782470703 90
1764910758681 -0.4432770411173502 95
1764910806405 -0.5351053873697916 100
1764910854334 -0.5848426818847656 105
1764910902013 -0.588629404703776 110
1764910949657 -0.464752197265625 115
1764910997254 -0.5641632080078126 120
1764911044917 -0.44292958577473956 125
1764911092908 -0.386962890625 130
1764911140711 -0.3378151257832845 135
1764911188048 -0.23607126871744794 140
1764911235656 -0.3664538065592448 145
1764911283334 -0.3398145039876302 150
1764911331093 -0.21527020136515299 155
1764911378534 -0.286020278930664 160
1764911425941 -0.30892817179361975 165
1764911473514 -0.30053265889485675 170
1764911521093 -0.4691480000813802 175
1764911568888 -0.15935405095418295 180
1764911616549 -0.5008735656738281 185
1764911664196 -0.625 190
1764911711968 -0.0746905008951823 195
1764911759582 -0.12691402435302734 200
1764911807108 -0.5068767070770264 205
1764911854876 -0.46061229705810547 210
1764911902377 -0.3016745249430338 215
1764911949805 -0.31840833028157556 220
1764911997207 -0.33261585235595703 225
1764912044850 -0.3199035326639811 230
1764912092335 -0.16023190816243488 235
1764912139968 -0.17628351847330728 240
1764912187353 -0.268624464670817 245
1764912234855 -0.10180465380350749 250
1764912281804 -0.11581802368164062 255
1764912329281 -0.22577754656473792 260
1764912376804 -0.2983233133951823 265
1764912424263 -0.22684097290039062 270
1764912471905 -0.3438606262207031 275
1764912519561 -0.4282245635986328 280
1764912567133 -0.20634841918945312 285
1764912614746 -0.29057725270589196 290
1764912662283 -0.42473347981770826 295
1764912709784 -0.22834014892578122 300
1764912757122 -0.24825255076090494 305
1764912804798 -0.05560016632080078 310
1764912852192 -0.22660398483276364 315
1764912899476 -0.38444391886393225 320
1764912947360 -0.2592061360677083 325
1764912995027 -0.22715314229329428 330
1764913042542 -0.031678835550944 335
1764913090352 -0.17960866292317706 340
1764913137841 -0.35462188720703125 345
1764913185530 -0.4851522445678711 350
1764913233408 -0.31893646717071533 355
1764913280744 -0.3547252019246419 360
1764913328575 -0.1214141845703125 365
1764913376094 -0.08227761586507162 370
1764913423611 -0.12815348307291666 375
1764913471338 -0.32643636067708337 380
1764913518779 -0.39266204833984375 385
1764913566325 -0.4068285624186198 390
1764913614054 -0.12795003255208334 395
1764913661324 -0.2081585725148519 400
1764913709220 -0.23448435465494794 405
1764913757061 -0.38825480143229163 410
1764913804292 -0.20853281021118164 415
1764913873162 -0.2453606923421224 420
1764913921177 -0.21348698933919272 425
1764913969413 -0.16605631510416666 430
1764914017701 -0.38522911071777344 435
1764914066166 -0.5217860539754231 440
1764914114320 -0.30067380269368493 445
1764914161874 -0.11235968271891277 450
1764914209242 -0.10805511474609375 455
1764914256884 -0.1723746657371521 460
1764914304311 -0.3397026062011719 465
1764914351779 -0.3813807169596354 470
1764914399500 -0.21223958333333331 475
1764914447206 -0.1275196075439453 480
1764914494849 -0.2823931376139323 485
1764914542473 -0.20128313700358072 490
1764914590104 -0.15924580891927081 495
1764914637828 0.04338685671488444 500
1764914685150 -0.22848018010457358 505
1764914732683 -0.2825668652852376 510
1764914780286 -0.2690849304199219 515
1764914827600 -0.19289271036783856 520
1764914875025 -0.2910728454589844 525
1764914922690 -0.1309234301249186 530
1764914970750 -0.43693574269612634 535
1764915018707 -0.1926905314127604 540
1764915065990 -0.14367357889811197 545
1764915113181 -0.13717524210611978 550
1764915160761 -0.310754140218099 555
1764915208376 -0.2009935975074768 560
1764915256074 -0.20974795023600257 565
1764915303918 -0.17059961954752603 570
1764915351444 -6.135304768880223e-05 575
1764915399082 -0.08576607704162598 580
1764915447183 -0.2478961944580078 585
1764915495098 -0.3522453308105469 590
1764915542670 -0.08892440795898438 595
1764915589805 0.05104072888692221 600
1764915637736 -0.18617375691731772 605
1764915685409 -0.24710718790690106 610
1764915733023 -0.3663339614868164 615
1764915780491 -0.19529660542805993 620
1764915828099 -0.21961593627929688 625
1764915875354 -0.032240867614746094 630
1764915922682 -0.24137115478515625 635
1764915970520 -0.24315182367960614 640
1764916018033 -0.3895823160807292 645
1764916065325 -0.3352003892262777 650
1764916112703 -0.11694714426994324 655
1764916160260 -0.17238744099934894 660
1764916207882 -0.04269154866536458 665
1764916255159 -0.08240127563476562 670
1764916302588 -0.17650922139485678 675
1764916349914 -0.25551859537760413 680
1764916397551 -0.17564264933268228 685
1764916444908 -0.3676934242248535 690
1764916492219 -0.06102307637532552 695
1764916539212 0.06482442220052083 700
1764916586534 -0.00010172526041667129 705
1764916634201 -0.38912073771158856 710
1764916681510 -0.44252904256184894 715
1764916728951 -0.14614741007486978 720
1764916776287 -0.096649169921875 725
1764916823917 -0.03830242156982422 730
1764916870838 -0.12246449788411458 735
1764916918438 -0.378564198811849 740
1764916965966 -0.21121851603190103 745
1764917013485 -0.06747996807098389 750
1764917060984 0.023660977681477863 755
1764917108656 0.0070724487304687535 760
1764917156090 -0.26651763916015625 765
1764917203951 -0.31866248448689777 770
1764917251298 -0.13760248819986978 775
1764917298900 -0.08572578430175781 780
1764917346309 -0.16151758035024005 785
1764917393877 -0.3264300028483073 790
1764917441442 -0.2673025131225586 795
1764917488999 -0.19427871704101562 800
1764917536308 0.05489412943522135 805
1764917583677 -0.2548713684082031 810
1764917631312 -0.11345291137695312 815
1764917678685 -0.057195345560709626 820
1764917726061 -0.011015733083089188 825
1764917773769 -0.1453878084818522 830
1764917842611 -0.10994414488474527 835
1764917890445 -0.026569247245788578 840
1764917938480 -0.0832077662150065 845
1764917986871 -0.1156005859375 850
1764918035122 -0.12295325597127278 855
1764918083348 -0.0646036465962728 860
1764918130666 -0.06121925512949626 865
1764918177913 -0.022696495056152344 870
1764918225016 -0.23252105712890625 875
1764918272513 -0.1985623041788737 880
1764918320303 -0.1581891377766927 885
1764918367811 -0.1481145222981771 890
1764918415157 0.014938354492187503 895
1764918463060 -0.0991808573404948 900
1764918510785 -0.2575490872065226 905
1764918558341 -0.3033285140991211 910
1764918605619 -0.30061086018880206 915
1764918653217 -0.12865499655405682 920
1764918700641 -0.20657857259114584 925
1764918748266 -0.09799321492513022 930
1764918795750 -0.15304819742838544 935
1764918842943 -0.17310460408528644 940
1764918890505 -0.05755758285522461 945
1764918937910 -0.09880320231119792 950
1764918985133 -0.40677452087402344 955
1764919032858 -0.3574568430582682 960
1764919080458 -0.35625966389973956 965
1764919128037 -0.14481306076049805 970
1764919175444 -0.23434829711914062 975
1764919222988 -0.15126482645670572 980
1764919270518 -0.06328837076822916 985
1764919317929 -0.12017695109049478 990
1764919365650 -0.10035355885823566 995
1764919413125 -0.1234881083170573 1000
1764919460895 -0.21217473347981772 1005
1764919508151 -0.24107742309570312 1010
1764919555736 -0.040067195892333984 1015
1764919603220 -0.104827880859375 1020
1764919650846 -0.07818603515625001 1025
1764919698101 -0.16812515258789062 1030
1764919745288 -0.10338274637858072 1035
1764919792493 0.016272226969401046 1040
1764919840054 0.02011458079020182 1045
1764919887266 -0.08161354064941406 1050
1764919934651 -0.09534136454264323 1055
1764919982171 -0.20140457153320312 1060
1764920029668 -0.20871543884277344 1065
1764920077272 -0.00914764404296875 1070
1764920124769 -0.07201639811197917 1075
1764920172030 -0.26075490315755206 1080
1764920219581 -0.30246734619140625 1085
1764920267142 -0.29752858479817706 1090
1764920314348 -0.24383544921875 1095
