1764171083726 28.74781894683838 1
1764171093223 28.74781894683838 2
1764171102249 28.74781894683838 3
1764171111240 28.74781894683838 4
1764171120277 28.74781894683838 5
1764171129356 28.74781894683838 6
1764171138443 28.74781894683838 7
1764171147558 28.74781894683838 8
1764171156609 28.74781894683838 9
1764171165712 28.74781894683838 10
1764171174816 28.74781894683838 11
1764171183856 28.74781894683838 12
1764171192937 28.74781894683838 13
1764171202029 28.74781894683838 14
1764171211126 28.74781894683838 15
1764171220213 28.74781894683838 16
1764171229302 28.74781894683838 17
1764171238360 28.74781894683838 18
1764171247398 28.74781894683838 19
1764171256441 28.74781894683838 20
1764171265482 28.74781894683838 21
1764171274516 28.74781894683838 22
1764171283525 28.74781894683838 23
1764171292594 28.74781894683838 24
1764171301636 28.74781894683838 25
1764171310693 28.74781894683838 26
1764171319706 28.74781894683838 27
1764171328736 28.74781894683838 28
1764171337792 28.74781894683838 29
1764171346802 28.74781894683838 30
1764171355814 28.74781894683838 31
1764171364809 28.74781894683838 32
1764171373854 28.74781894683838 33
1764171382844 28.74781894683838 34
1764171391861 28.74781894683838 35
1764171401128 28.74781894683838 36
1764171410155 28.74781894683838 37
1764171419156 28.74781894683838 38
1764171428200 28.74781894683838 39
1764171437241 28.74781894683838 40
1764171446312 28.74781894683838 41
1764171455328 28.74781894683838 42
1764171464492 28.74781894683838 43
1764171473541 28.74781894683838 44
1764171482590 28.74781894683838 45
1764171491622 28.74781894683838 46
1764171500610 28.74781894683838 47
1764171509609 28.74781894683838 48
1764171518639 28.74781894683838 49
1764171527630 28.74781894683838 50
1764171536644 28.74781894683838 51
1764171545714 28.74781894683838 52
1764171554729 28.74781894683838 53
1764171563759 28.74781894683838 54
1764171572775 28.74781894683838 55
1764171581829 28.74781894683838 56
1764171590900 28.74781894683838 57
1764171599883 28.74781894683838 58
1764171608940 28.74781894683838 59
1764171617993 28.74781894683838 60
1764171627020 28.74781894683838 61
1764171636095 28.74781894683838 62
1764171645152 28.74781894683838 63
1764171654249 28.74781894683838 64
1764171663241 28.74781894683838 65
1764171672258 28.74781894683838 66
1764171681305 28.74781894683838 67
1764171690366 28.74781894683838 68
1764171699420 28.74781894683838 69
1764171708423 28.74781894683838 70
1764171717430 28.74781894683838 71
1764171726442 28.74781894683838 72
1764171735479 28.74781894683838 73
1764171744480 28.74781894683838 74
1764171753498 28.74781894683838 75
1764171762511 28.74781894683838 76
1764171771539 28.74781894683838 77
1764171780543 28.74781894683838 78
1764171789595 28.74781894683838 79
1764171798647 28.74781894683838 80
1764171807704 28.74781894683838 81
1764171816728 28.74781894683838 82
1764171825808 28.74781894683838 83
1764171834941 28.74781894683838 84
1764171843938 28.74781894683838 85
1764171852987 28.74781894683838 86
