1764171083726 98.0 1
1764171093223 99.0 2
1764171102249 99.0 3
1764171111240 99.0 4
1764171120277 99.0 5
1764171129356 99.0 6
1764171138443 99.0 7
1764171147558 99.0 8
1764171156609 99.0 9
1764171165712 99.0 10
1764171174816 99.0 11
1764171183856 99.0 12
1764171192937 99.0 13
1764171202029 99.0 14
1764171211126 99.0 15
1764171220213 99.0 16
1764171229302 99.0 17
1764171238360 99.0 18
1764171247398 99.0 19
1764171256441 99.0 20
1764171265482 99.0 21
1764171274516 99.0 22
1764171283525 99.0 23
1764171292594 99.0 24
1764171301636 99.0 25
1764171310693 99.0 26
1764171319706 99.0 27
1764171328736 99.0 28
1764171337792 99.0 29
1764171346802 99.0 30
1764171355814 99.0 31
1764171364809 99.0 32
1764171373854 99.0 33
1764171382844 99.0 34
1764171391861 99.0 35
1764171401128 99.0 36
1764171410155 99.0 37
1764171419156 99.0 38
1764171428200 99.0 39
1764171437241 99.0 40
1764171446312 99.0 41
1764171455328 99.0 42
1764171464492 99.0 43
1764171473541 99.0 44
1764171482590 99.0 45
1764171491622 99.0 46
1764171500610 99.0 47
1764171509609 99.0 48
1764171518639 99.0 49
1764171527630 99.0 50
1764171536644 99.0 51
1764171545714 99.0 52
1764171554729 99.0 53
1764171563759 99.0 54
1764171572775 99.0 55
1764171581829 99.0 56
1764171590900 99.0 57
1764171599883 99.0 58
1764171608940 99.0 59
1764171617993 99.0 60
1764171627020 99.0 61
1764171636095 99.0 62
1764171645152 99.0 63
1764171654249 99.0 64
1764171663241 99.0 65
1764171672258 99.0 66
1764171681305 99.0 67
1764171690366 99.0 68
1764171699420 99.0 69
1764171708423 99.0 70
1764171717430 99.0 71
1764171726442 99.0 72
1764171735479 99.0 73
1764171744480 99.0 74
1764171753498 99.0 75
1764171762511 99.0 76
1764171771539 99.0 77
1764171780543 99.0 78
1764171789595 99.0 79
1764171798647 99.0 80
1764171807704 99.0 81
1764171816728 99.0 82
1764171825808 96.0 83
1764171834941 99.0 84
1764171843938 99.0 85
1764171852987 99.0 86
