1764145947302 3.8271546363830566 1
1764145957081 3.8271546363830566 2
1764145966892 3.8271546363830566 3
1764145976663 3.8271546363830566 4
1764145986516 3.8271546363830566 5
1764145996381 3.8271546363830566 6
1764146006220 3.8271546363830566 7
1764146016086 3.8271546363830566 8
1764146025943 3.8271546363830566 9
1764146035830 3.8271546363830566 10
1764146045672 3.8271546363830566 11
1764146055559 3.8271546363830566 12
1764146065403 3.8271546363830566 13
1764146075270 3.8271546363830566 14
1764146085120 3.8271546363830566 15
1764146095002 3.8271546363830566 16
1764146104833 3.8271546363830566 17
1764146114646 3.8271546363830566 18
1764146124490 3.8271546363830566 19
1764146134317 3.8271546363830566 20
1764146144131 3.8271546363830566 21
1764146153974 3.8271546363830566 22
1764146163798 3.8271546363830566 23
1764146173630 3.8271546363830566 24
1764146183436 3.8271546363830566 25
1764146193284 3.8271546363830566 26
1764146203107 3.8271546363830566 27
1764146212894 3.8271546363830566 28
1764146222740 3.8271546363830566 29
1764146232559 3.8271546363830566 30
1764146242378 3.8271546363830566 31
1764146252171 3.8271546363830566 32
1764146261978 3.8271546363830566 33
1764146271790 3.8271546363830566 34
1764146281597 3.8271546363830566 35
1764146291396 3.8271546363830566 36
1764146301267 3.8271546363830566 37
1764146311063 3.8271546363830566 38
1764146320852 3.8271546363830566 39
1764146378137 3.827155113220215 40
1764146388005 3.827155113220215 41
1764146397781 3.827155113220215 42
1764146407610 3.827155113220215 43
1764146417397 3.827155113220215 44
1764146427202 3.827155113220215 45
1764146437004 3.827155113220215 46
1764146446836 3.827155113220215 47
1764146456653 3.827155113220215 48
1764146466480 3.827155113220215 49
1764146476260 3.827155113220215 50
1764146486073 3.827155113220215 51
1764146495890 3.827155113220215 52
1764146505692 3.827155113220215 53
1764146515502 3.827155113220215 54
1764146525291 3.827155113220215 55
1764146535102 3.827155113220215 56
1764146544952 3.827155113220215 57
1764146555206 3.827155113220215 58
1764146565025 3.827155113220215 59
1764146574871 3.827155113220215 60
1764146584677 3.827155113220215 61
1764146594523 3.827155113220215 62
1764146604351 3.827155113220215 63
1764146614153 3.827155113220215 64
1764146623939 3.827155113220215 65
1764146633725 3.827155113220215 66
1764146643544 3.827155113220215 67
1764146653398 3.827155113220215 68
1764146663175 3.827155113220215 69
1764146672990 3.827155113220215 70
1764146682788 3.827155113220215 71
1764146692569 3.827155113220215 72
1764146702369 3.827155113220215 73
1764146712143 3.827155113220215 74
1764146721909 3.827155113220215 75
1764146731709 3.827155113220215 76
1764146741474 3.827155113220215 77
1764146751247 3.827155113220215 78
1764146810481 3.827155113220215 79
1764146820303 3.827155113220215 80
1764146830547 3.827155113220215 81
1764146840319 3.827155113220215 82
1764146850118 3.827155113220215 83
1764146859936 3.827155113220215 84
1764146869763 3.827155113220215 85
1764146879572 3.827155113220215 86
1764146890459 3.827155113220215 87
1764146900251 3.827155113220215 88
1764146910047 3.827155113220215 89
1764146919888 3.827155113220215 90
1764146929699 3.827155113220215 91
1764146939521 3.827155113220215 92
1764146949345 3.827155113220215 93
1764146959168 3.827155113220215 94
1764146969002 3.827155113220215 95
1764146978809 3.827155113220215 96
1764146988627 3.827155113220215 97
1764146998455 3.827155113220215 98
1764147008236 3.827155113220215 99
1764147018106 3.827155113220215 100
1764147027889 3.827155113220215 101
1764147037686 3.827155113220215 102
1764147047474 3.827155113220215 103
1764147057248 3.827155113220215 104
1764147067122 3.827155113220215 105
1764147076942 3.827155113220215 106
1764147086780 3.827155113220215 107
1764147096599 3.827155113220215 108
1764147106465 3.827155113220215 109
1764147116260 3.827155113220215 110
1764147126086 3.827155113220215 111
1764147135869 3.827155113220215 112
1764147145678 3.827155113220215 113
1764147155486 3.827155113220215 114
1764147165315 3.827155113220215 115
1764147175190 3.827155113220215 116
1764147184960 3.827155113220215 117
1764147223199 3.827155113220215 118
1764147232957 3.827155113220215 119
1764147242737 3.827155113220215 120
1764147252552 3.827155113220215 121
1764147262346 3.827155113220215 122
1764147272621 3.827155113220215 123
1764147282430 3.827155113220215 124
1764147292216 3.827155113220215 125
1764147302026 3.827155113220215 126
1764147311875 3.827155113220215 127
1764147321649 3.827155113220215 128
1764147331441 3.827155113220215 129
1764147341294 3.827155113220215 130
1764147351098 3.827155113220215 131
1764147360910 3.827155113220215 132
1764147370685 3.827155113220215 133
1764147380463 3.827155113220215 134
1764147390244 3.827155113220215 135
1764147400026 3.827155113220215 136
1764147409764 3.827155113220215 137
1764147419574 3.827155113220215 138
1764147429347 3.827155113220215 139
1764147439135 3.827155113220215 140
1764147448919 3.827155113220215 141
1764147458719 3.827155113220215 142
1764147468506 3.827155113220215 143
1764147478333 3.827155113220215 144
1764147488184 3.827155113220215 145
1764147497966 3.827155113220215 146
1764147507758 3.827155113220215 147
1764147517554 3.827155113220215 148
1764147527360 3.827155113220215 149
1764147537188 3.827155113220215 150
1764147547015 3.827155113220215 151
1764147556790 3.827155113220215 152
1764147566623 3.827155113220215 153
1764147576438 3.827155113220215 154
1764147586206 3.827155113220215 155
1764147595998 3.827155113220215 156
1764147631763 3.827155113220215 157
1764147641591 3.827155113220215 158
1764147651431 3.827155113220215 159
1764147661204 3.827155113220215 160
1764147670996 3.827155113220215 161
1764147680789 3.827155113220215 162
1764147690574 3.827155113220215 163
1764147700354 3.827155113220215 164
1764147710161 3.827155113220215 165
1764147719941 3.827155113220215 166
1764147729713 3.827155113220215 167
1764147739507 3.827155113220215 168
1764147749262 3.827155113220215 169
1764147759097 3.827155113220215 170
1764147768872 3.827155113220215 171
1764147778638 3.827155113220215 172
1764147788425 3.827155113220215 173
1764147798194 3.827155113220215 174
1764147808054 3.827155113220215 175
1764147817846 3.827155113220215 176
1764147827660 3.827155113220215 177
1764147837426 3.827155113220215 178
1764147847206 3.827155113220215 179
1764147857035 3.827155113220215 180
1764147866824 3.827155113220215 181
1764147876643 3.827155113220215 182
1764147886439 3.827155113220215 183
1764147896276 3.827155113220215 184
1764147906079 3.827155113220215 185
1764147915877 3.827155113220215 186
1764147925693 3.827155113220215 187
1764147935489 3.827155113220215 188
1764147945311 3.827155113220215 189
1764147955089 3.827155113220215 190
1764147964890 3.827155113220215 191
1764147974666 3.827155113220215 192
1764147984531 3.827155113220215 193
1764147994300 3.827155113220215 194
1764148004088 3.827155113220215 195
1764148039748 3.827155113220215 196
1764148049545 3.827155113220215 197
1764148059398 3.827155113220215 198
1764148069196 3.827155113220215 199
1764148078970 3.827155113220215 200
1764148088755 3.827155113220215 201
1764148098561 3.827155113220215 202
1764148108354 3.827155113220215 203
1764148118161 3.827155113220215 204
1764148127944 3.827155113220215 205
1764148137728 3.827155113220215 206
1764148147517 3.827155113220215 207
1764148157299 3.827155113220215 208
1764148167114 3.827155113220215 209
1764148176885 3.827155113220215 210
1764148186703 3.827155113220215 211
1764148196498 3.827155113220215 212
1764148206272 3.827155113220215 213
1764148216124 3.827155113220215 214
1764148225938 3.827155113220215 215
1764148235740 3.827155113220215 216
1764148245540 3.827155113220215 217
1764148255337 3.827155113220215 218
1764148265120 3.827155113220215 219
1764148274922 3.827155113220215 220
1764148284710 3.827155113220215 221
1764148294483 3.827155113220215 222
1764148304305 3.827155113220215 223
1764148314123 3.827155113220215 224
1764148323902 3.827155113220215 225
1764148333771 3.827155113220215 226
1764148343557 3.827155113220215 227
1764148353332 3.827155113220215 228
1764148363114 3.827155113220215 229
1764148372912 3.827155113220215 230
1764148382684 3.827155113220215 231
1764148392483 3.827155113220215 232
1764148402262 3.827155113220215 233
1764148412042 3.827155113220215 234
1764148447834 3.827155113220215 235
1764148457625 3.827155113220215 236
1764148467419 3.827155113220215 237
1764148477224 3.827155113220215 238
1764148487027 3.827155113220215 239
1764148496839 3.827155113220215 240
1764148506615 3.827155113220215 241
1764148516402 3.827155113220215 242
1764148526289 3.827155113220215 243
1764148536095 3.827155113220215 244
1764148545867 3.827155113220215 245
1764148555662 3.827155113220215 246
1764148565461 3.827155113220215 247
1764148575238 3.827155113220215 248
1764148585048 3.827155113220215 249
1764148594843 3.827155113220215 250
1764148604627 3.827155113220215 251
1764148614431 3.827155113220215 252
1764148624226 3.827155113220215 253
1764148634015 3.827155113220215 254
1764148643804 3.827155113220215 255
1764148653611 3.827155113220215 256
1764148663408 3.827155113220215 257
1764148673230 3.827155113220215 258
1764148682989 3.827155113220215 259
1764148692827 3.827155113220215 260
1764148702614 3.827155113220215 261
1764148712387 3.827155113220215 262
1764148722183 3.827155113220215 263
1764148731982 3.827155113220215 264
1764148741760 3.827155113220215 265
1764148751498 3.827155113220215 266
1764148761302 3.827155113220215 267
1764148771070 3.827155113220215 268
1764148780882 3.827155113220215 269
1764148790687 3.827155113220215 270
1764148800491 3.827155113220215 271
1764148810280 3.827155113220215 272
1764148820049 3.827155113220215 273
1764148855792 3.827155113220215 274
1764148865597 3.827155113220215 275
1764148875413 3.827155113220215 276
1764148885232 3.827155113220215 277
1764148895060 3.827155113220215 278
1764148904883 3.827155113220215 279
1764148914671 3.827155113220215 280
1764148924461 3.827155113220215 281
1764148934274 3.827155113220215 282
1764148944078 3.827155113220215 283
1764148953881 3.827155113220215 284
1764148963646 3.827155113220215 285
1764148973425 3.827155113220215 286
1764148983221 3.827155113220215 287
1764148993022 3.827155113220215 288
1764149002816 3.827155113220215 289
1764149012600 3.827155113220215 290
1764149022396 3.827155113220215 291
1764149032237 3.827155113220215 292
1764149042038 3.827155113220215 293
1764149051844 3.827155113220215 294
1764149061607 3.827155113220215 295
1764149071374 3.827155113220215 296
1764149081174 3.827155113220215 297
1764149090961 3.827155113220215 298
1764149100714 3.827155113220215 299
1764149110503 3.827155113220215 300
1764149120278 3.827155113220215 301
1764149130093 3.827155113220215 302
1764149139880 3.827155113220215 303
1764149149671 3.827155113220215 304
1764149159460 3.827155113220215 305
1764149169257 3.827155113220215 306
1764149179050 3.827155113220215 307
1764149188873 3.827155113220215 308
1764149198650 3.827155113220215 309
1764149208429 3.827155113220215 310
1764149218252 3.827155113220215 311
1764149228037 3.827155113220215 312
1764149263729 3.827155113220215 313
1764149273549 3.827155113220215 314
1764149283352 3.827155113220215 315
1764149293123 3.827155113220215 316
1764149302924 3.827155113220215 317
1764149312718 3.827155113220215 318
1764149322539 3.827155113220215 319
1764149332340 3.827155113220215 320
1764149342240 3.827155113220215 321
1764149352026 3.827155113220215 322
1764149361892 3.827155113220215 323
1764149371700 3.827155113220215 324
1764149381554 3.827155113220215 325
1764149391333 3.827155113220215 326
1764149401175 3.827155113220215 327
1764149410968 3.827155113220215 328
1764149420753 3.827155113220215 329
1764149430549 3.827155113220215 330
1764149440378 3.827155113220215 331
1764149450199 3.827155113220215 332
1764149460067 3.827155113220215 333
1764149469862 3.827155113220215 334
1764149479634 3.827155113220215 335
1764149489526 3.827155113220215 336
1764149499334 3.827155113220215 337
1764149509122 3.827155113220215 338
1764149518900 3.827155113220215 339
1764149528707 3.827155113220215 340
1764149538503 3.827155113220215 341
1764149548339 3.827155113220215 342
1764149558145 3.827155113220215 343
1764149567996 3.827155113220215 344
1764149577786 3.827155113220215 345
1764149587606 3.827155113220215 346
1764149597412 3.827155113220215 347
1764149607227 3.827155113220215 348
1764149617016 3.827155113220215 349
1764149626831 3.827155113220215 350
1764149636640 3.827155113220215 351
1764149672276 3.827155113220215 352
1764149682072 3.827155113220215 353
1764149691852 3.827155113220215 354
1764149701623 3.827155113220215 355
1764149711430 3.827155113220215 356
1764149721291 3.827155113220215 357
1764149731099 3.827155113220215 358
1764149740866 3.827155113220215 359
1764149750646 3.827155113220215 360
1764149760474 3.827155113220215 361
1764149770237 3.827155113220215 362
1764149780002 3.827155113220215 363
1764149789799 3.827155113220215 364
1764149799593 3.827155113220215 365
1764149809394 3.827155113220215 366
1764149819220 3.827155113220215 367
1764149829015 3.827155113220215 368
1764149838795 3.827155113220215 369
1764149848591 3.827155113220215 370
1764149858390 3.827155113220215 371
1764149868160 3.827155113220215 372
1764149877941 3.827155113220215 373
1764149887736 3.827155113220215 374
1764149897505 3.827155113220215 375
1764149907349 3.827155113220215 376
1764149917126 3.827155113220215 377
1764149926910 3.827155113220215 378
1764149936703 3.827155113220215 379
1764149946509 3.827155113220215 380
1764149956373 3.827155113220215 381
1764149966179 3.827155113220215 382
1764149975946 3.827155113220215 383
1764149985733 3.827155113220215 384
1764149995530 3.827155113220215 385
1764150005318 3.827155113220215 386
1764150015139 3.827155113220215 387
1764150024959 3.827155113220215 388
1764150034738 3.827155113220215 389
1764150044515 3.827155113220215 390
