1764145947302 99.0 1
1764145957081 99.0 2
1764145966892 99.0 3
1764145976663 99.0 4
1764145986516 99.0 5
1764145996381 99.0 6
1764146006220 99.0 7
1764146016086 99.0 8
1764146025943 99.0 9
1764146035830 99.0 10
1764146045672 99.0 11
1764146055559 99.0 12
1764146065403 99.0 13
1764146075270 99.0 14
1764146085120 99.0 15
1764146095002 99.0 16
1764146104833 100.0 17
1764146114646 99.0 18
1764146124490 99.0 19
1764146134317 99.0 20
1764146144131 99.0 21
1764146153974 99.0 22
1764146163798 99.0 23
1764146173630 99.0 24
1764146183436 99.0 25
1764146193284 99.0 26
1764146203107 99.0 27
1764146212894 99.0 28
1764146222740 99.0 29
1764146232559 99.0 30
1764146242378 99.0 31
1764146252171 99.0 32
1764146261978 99.0 33
1764146271790 99.0 34
1764146281597 99.0 35
1764146291396 99.0 36
1764146301267 99.0 37
1764146311063 99.0 38
1764146320852 99.0 39
1764146378137 99.0 40
1764146388005 99.0 41
1764146397781 100.0 42
1764146407610 99.0 43
1764146417397 99.0 44
1764146427202 99.0 45
1764146437004 99.0 46
1764146446836 99.0 47
1764146456653 99.0 48
1764146466480 100.0 49
1764146476260 99.0 50
1764146486073 100.0 51
1764146495890 99.0 52
1764146505692 99.0 53
1764146515502 99.0 54
1764146525291 99.0 55
1764146535102 99.0 56
1764146544952 99.0 57
1764146555206 99.0 58
1764146565025 100.0 59
1764146574871 99.0 60
1764146584677 99.0 61
1764146594523 99.0 62
1764146604351 99.0 63
1764146614153 99.0 64
1764146623939 99.0 65
1764146633725 99.0 66
1764146643544 99.0 67
1764146653398 99.0 68
1764146663175 99.0 69
1764146672990 99.0 70
1764146682788 99.0 71
1764146692569 99.0 72
1764146702369 99.0 73
1764146712143 99.0 74
1764146721909 99.0 75
1764146731709 99.0 76
1764146741474 99.0 77
1764146751247 99.0 78
1764146810481 99.0 79
1764146820303 99.0 80
1764146830547 99.0 81
1764146840319 99.0 82
1764146850118 99.0 83
1764146859936 99.0 84
1764146869763 99.0 85
1764146879572 99.0 86
1764146890459 99.0 87
1764146900251 99.0 88
1764146910047 99.0 89
1764146919888 100.0 90
1764146929699 100.0 91
1764146939521 99.0 92
1764146949345 99.0 93
1764146959168 99.0 94
1764146969002 99.0 95
1764146978809 99.0 96
1764146988627 99.0 97
1764146998455 99.0 98
1764147008236 99.0 99
1764147018106 99.0 100
1764147027889 99.0 101
1764147037686 99.0 102
1764147047474 99.0 103
1764147057248 99.0 104
1764147067122 99.0 105
1764147076942 99.0 106
1764147086780 100.0 107
1764147096599 99.0 108
1764147106465 99.0 109
1764147116260 100.0 110
1764147126086 100.0 111
1764147135869 99.0 112
1764147145678 99.0 113
1764147155486 99.0 114
1764147165315 99.0 115
1764147175190 98.0 116
1764147184960 99.0 117
1764147223199 99.0 118
1764147232957 99.0 119
1764147242737 99.0 120
1764147252552 99.0 121
1764147262346 100.0 122
1764147272621 99.0 123
1764147282430 99.0 124
1764147292216 99.0 125
1764147302026 99.0 126
1764147311875 99.0 127
1764147321649 99.0 128
1764147331441 99.0 129
1764147341294 99.0 130
1764147351098 99.0 131
1764147360910 99.0 132
1764147370685 99.0 133
1764147380463 99.0 134
1764147390244 99.0 135
1764147400026 99.0 136
1764147409764 99.0 137
1764147419574 99.0 138
1764147429347 99.0 139
1764147439135 99.0 140
1764147448919 99.0 141
1764147458719 99.0 142
1764147468506 99.0 143
1764147478333 99.0 144
1764147488184 98.0 145
1764147497966 99.0 146
1764147507758 99.0 147
1764147517554 99.0 148
1764147527360 99.0 149
1764147537188 99.0 150
1764147547015 99.0 151
1764147556790 99.0 152
1764147566623 99.0 153
1764147576438 99.0 154
1764147586206 99.0 155
1764147595998 99.0 156
1764147631763 99.0 157
1764147641591 99.0 158
1764147651431 99.0 159
1764147661204 99.0 160
1764147670996 99.0 161
1764147680789 99.0 162
1764147690574 99.0 163
1764147700354 99.0 164
1764147710161 99.0 165
1764147719941 99.0 166
1764147729713 99.0 167
1764147739507 99.0 168
1764147749262 99.0 169
1764147759097 99.0 170
1764147768872 99.0 171
1764147778638 99.0 172
1764147788425 99.0 173
1764147798194 99.0 174
1764147808054 99.0 175
1764147817846 99.0 176
1764147827660 99.0 177
1764147837426 99.0 178
1764147847206 99.0 179
1764147857035 99.0 180
1764147866824 99.0 181
1764147876643 99.0 182
1764147886439 99.0 183
1764147896276 99.0 184
1764147906079 99.0 185
1764147915877 99.0 186
1764147925693 99.0 187
1764147935489 99.0 188
1764147945311 99.0 189
1764147955089 99.0 190
1764147964890 99.0 191
1764147974666 99.0 192
1764147984531 99.0 193
1764147994300 99.0 194
1764148004088 99.0 195
1764148039748 99.0 196
1764148049545 99.0 197
1764148059398 98.0 198
1764148069196 99.0 199
1764148078970 99.0 200
1764148088755 99.0 201
1764148098561 99.0 202
1764148108354 99.0 203
1764148118161 99.0 204
1764148127944 99.0 205
1764148137728 99.0 206
1764148147517 100.0 207
1764148157299 99.0 208
1764148167114 99.0 209
1764148176885 99.0 210
1764148186703 99.0 211
1764148196498 99.0 212
1764148206272 99.0 213
1764148216124 99.0 214
1764148225938 99.0 215
1764148235740 99.0 216
1764148245540 99.0 217
1764148255337 99.0 218
1764148265120 99.0 219
1764148274922 99.0 220
1764148284710 99.0 221
1764148294483 99.0 222
1764148304305 99.0 223
1764148314123 99.0 224
1764148323902 99.0 225
1764148333771 96.0 226
1764148343557 99.0 227
1764148353332 99.0 228
1764148363114 99.0 229
1764148372912 99.0 230
1764148382684 99.0 231
1764148392483 99.0 232
1764148402262 99.0 233
1764148412042 99.0 234
1764148447834 99.0 235
1764148457625 99.0 236
1764148467419 99.0 237
1764148477224 99.0 238
1764148487027 99.0 239
1764148496839 99.0 240
1764148506615 99.0 241
1764148516402 99.0 242
1764148526289 99.0 243
1764148536095 99.0 244
1764148545867 99.0 245
1764148555662 99.0 246
1764148565461 99.0 247
1764148575238 100.0 248
1764148585048 99.0 249
1764148594843 100.0 250
1764148604627 99.0 251
1764148614431 99.0 252
1764148624226 99.0 253
1764148634015 99.0 254
1764148643804 99.0 255
1764148653611 99.0 256
1764148663408 99.0 257
1764148673230 99.0 258
1764148682989 99.0 259
1764148692827 99.0 260
1764148702614 99.0 261
1764148712387 99.0 262
1764148722183 99.0 263
1764148731982 99.0 264
1764148741760 99.0 265
1764148751498 99.0 266
1764148761302 99.0 267
1764148771070 99.0 268
1764148780882 99.0 269
1764148790687 99.0 270
1764148800491 99.0 271
1764148810280 99.0 272
1764148820049 99.0 273
1764148855792 99.0 274
1764148865597 99.0 275
1764148875413 99.0 276
1764148885232 99.0 277
1764148895060 99.0 278
1764148904883 99.0 279
1764148914671 99.0 280
1764148924461 99.0 281
1764148934274 99.0 282
1764148944078 99.0 283
1764148953881 99.0 284
1764148963646 99.0 285
1764148973425 99.0 286
1764148983221 99.0 287
1764148993022 99.0 288
1764149002816 99.0 289
1764149012600 99.0 290
1764149022396 99.0 291
1764149032237 100.0 292
1764149042038 99.0 293
1764149051844 99.0 294
1764149061607 99.0 295
1764149071374 99.0 296
1764149081174 99.0 297
1764149090961 99.0 298
1764149100714 99.0 299
1764149110503 99.0 300
1764149120278 99.0 301
1764149130093 99.0 302
1764149139880 99.0 303
1764149149671 99.0 304
1764149159460 99.0 305
1764149169257 99.0 306
1764149179050 99.0 307
1764149188873 99.0 308
1764149198650 99.0 309
1764149208429 99.0 310
1764149218252 99.0 311
1764149228037 99.0 312
1764149263729 99.0 313
1764149273549 99.0 314
1764149283352 99.0 315
1764149293123 99.0 316
1764149302924 99.0 317
1764149312718 99.0 318
1764149322539 99.0 319
1764149332340 99.0 320
1764149342240 99.0 321
1764149352026 99.0 322
1764149361892 99.0 323
1764149371700 99.0 324
1764149381554 94.0 325
1764149391333 99.0 326
1764149401175 99.0 327
1764149410968 99.0 328
1764149420753 99.0 329
1764149430549 99.0 330
1764149440378 96.0 331
1764149450199 99.0 332
1764149460067 99.0 333
1764149469862 99.0 334
1764149479634 99.0 335
1764149489526 99.0 336
1764149499334 99.0 337
1764149509122 99.0 338
1764149518900 99.0 339
1764149528707 99.0 340
1764149538503 99.0 341
1764149548339 99.0 342
1764149558145 99.0 343
1764149567996 99.0 344
1764149577786 99.0 345
1764149587606 99.0 346
1764149597412 99.0 347
1764149607227 99.0 348
1764149617016 99.0 349
1764149626831 99.0 350
1764149636640 99.0 351
1764149672276 99.0 352
1764149682072 99.0 353
1764149691852 99.0 354
1764149701623 99.0 355
1764149711430 99.0 356
1764149721291 99.0 357
1764149731099 99.0 358
1764149740866 99.0 359
1764149750646 99.0 360
1764149760474 99.0 361
1764149770237 99.0 362
1764149780002 99.0 363
1764149789799 99.0 364
1764149799593 99.0 365
1764149809394 99.0 366
1764149819220 99.0 367
1764149829015 99.0 368
1764149838795 99.0 369
1764149848591 99.0 370
1764149858390 99.0 371
1764149868160 99.0 372
1764149877941 99.0 373
1764149887736 99.0 374
1764149897505 99.0 375
1764149907349 95.0 376
1764149917126 99.0 377
1764149926910 99.0 378
1764149936703 99.0 379
1764149946509 99.0 380
1764149956373 96.0 381
1764149966179 100.0 382
1764149975946 99.0 383
1764149985733 99.0 384
1764149995530 99.0 385
1764150005318 99.0 386
1764150015139 99.0 387
1764150024959 97.0 388
1764150034738 99.0 389
1764150044515 99.0 390
