1764163805167 0.02950832387432456 1
1764163814327 0.0221887300722301 2
1764163823452 0.02085189032368362 3
1764163832604 0.029572878498584032 4
1764163841835 0.023536598309874535 5
1764163851064 0.023663426283746958 6
1764163860279 0.021425057668238878 7
1764163869496 0.021923831664025784 8
1764163878708 0.021933652460575104 9
1764163887905 0.025044788606464863 10
1764163897219 0.02676059235818684 11
1764163906408 0.02655354840680957 12
1764163915676 0.026171265169978142 13
1764163924841 0.024375466164201498 14
1764163934038 0.029354598838835955 15
1764163943250 0.022051840787753463 16
1764163952640 0.018610299099236727 17
1764163962051 0.01844205625820905 18
1764163971220 0.02769278548657894 19
1764163980406 0.023305936250835657 20
1764163989574 0.022098172456026077 21
1764163998987 0.02678580302745104 22
1764164008144 0.02916067186743021 23
1764164017344 0.021742141107097268 24
1764164026501 0.021982818376272917 25
1764164035629 0.018837942276149988 26
1764164044828 0.02339592669159174 27
1764164053995 0.020554236602038145 28
1764164063186 0.023522987496107817 29
1764164072355 0.017558463849127293 30
1764164081503 0.02281036414206028 31
1764164090683 0.017789689591154456 32
1764164099874 0.016652970341965556 33
1764164109078 0.019654528005048633 34
1764164118230 0.021510315127670765 35
1764164127352 0.02376544801518321 36
1764164136517 0.021890027448534966 37
1764164145684 0.01687946869060397 38
1764164154815 0.023567884229123592 39
1764164163970 0.018134175334125757 40
1764164173172 0.023831855040043592 41
1764164182305 0.021276759449392557 42
1764164191407 0.021180782932788134 43
1764164200556 0.020999444648623466 44
1764164209697 0.017507475800812244 45
1764164218875 0.022818123223260045 46
1764164228000 0.016289728693664074 47
1764164237140 0.015981150791049004 48
1764164246268 0.020232137525454164 49
1764164255436 0.019791312981396914 50
1764164264575 0.014914602506905794 51
1764164273721 0.013260773848742247 52
1764164282854 0.016370504396036267 53
1764164291999 0.014926443807780743 54
1764164301158 0.020443995017558336 55
1764164310358 0.0135189990978688 56
1764164319575 0.021686852909624577 57
1764164328708 0.016677215229719877 58
1764164337852 0.02005027048289776 59
1764164347007 0.01626658020541072 60
1764164356140 0.020317624788731337 61
1764164365296 0.008468174724839628 62
1764164374455 0.01375959743745625 63
1764164383643 0.010382060892879963 64
1764164392754 0.014520501485094428 65
1764164401910 0.013045653351582587 66
1764164411060 0.014651964651420712 67
1764164420205 0.01426777383312583 68
1764164429399 0.008533363172318786 69
1764164438532 0.009748004260472953 70
1764164447696 0.009631975612137467 71
1764164456864 0.006341389089357108 72
1764164466072 0.009466802584938705 73
1764164475240 0.009804629895370454 74
1764164484414 0.003982129157520831 75
1764164493557 0.006988166278460994 76
1764164502798 0.005551238544285297 77
1764164511927 0.005618670198600739 78
1764164521056 0.00254934883560054 79
1764164530213 0.0026786573289427906 80
1764164539399 0.004779289636644535 81
1764164548546 0.002566857438068837 82
1764164557665 -0.0009724391275085509 83
1764164566836 -0.0032073967449832708 84
1764164576007 -0.005215587996644899 85
1764164585166 -0.00023621716536581516 86
1764164594313 -0.003052619897061959 87
1764164603448 -0.008336483151651919 88
1764164612593 -0.00599134765798226 89
1764164621733 -0.007701787049882114 90
1764164630935 -0.00876838795375079 91
1764164640054 -0.013899750774726272 92
1764164649215 -0.014546811813488603 93
1764164658403 -0.017146837199106812 94
1764164667518 -0.028290380723774433 95
1764164676670 -0.02059187600389123 96
1764164685828 -0.022664311341941357 97
1764164694968 -0.028599008917808533 98
1764164704088 -0.02909542340785265 99
1764164713279 -0.022294050082564354 100
1764164722438 -0.0361210354603827 101
1764164731592 -0.0474512642249465 102
1764164740707 -0.04423337010666728 103
1764164749872 -0.04985657101497054 104
1764164758993 -0.06392566952854395 105
1764164768087 -0.06385841872543097 106
1764164777221 -0.08416473865509033 107
1764164786382 -0.06683091260492802 108
1764164795487 -0.07325131725519896 109
1764164804643 -0.06970454100519419 110
1764164813787 -0.08369532227516174 111
1764164822954 -0.10724258050322533 112
1764164832111 -0.08022275846451521 113
1764164841302 -0.10026330128312111 114
1764164850433 -0.10927896201610565 115
1764164859577 -0.11033260636031628 116
1764164868752 -0.13807719200849533 117
1764164877909 -0.11249690689146519 118
1764164887075 -0.14450230821967125 119
