1764163805167 -20.078125 1
1764163814327 -18.09375 2
1764163823452 -20.1875 3
1764163832604 -19.875 4
1764163841835 -18.65625 5
1764163851064 -17.59375 6
1764163860279 -19.40625 7
1764163869496 -18.125 8
1764163878708 -19.25 9
1764163887905 -16.84375 10
1764163897219 -16.640625 11
1764163906408 -19.1875 12
1764163915676 -17.359375 13
1764163924841 -18.5 14
1764163934038 -20.46875 15
1764163943250 -18.6875 16
1764163952640 -18.96875 17
1764163962051 -17.625 18
1764163971220 -18.59375 19
1764163980406 -18.4375 20
1764163989574 -20.3125 21
1764163998987 -19.59375 22
1764164008144 -16.03125 23
1764164017344 -19.84375 24
1764164026501 -18.96875 25
1764164035629 -20.5 26
1764164044828 -17.0625 27
1764164053995 -19.59375 28
1764164063186 -16.34375 29
1764164072355 -17.75 30
1764164081503 -18.40625 31
1764164090683 -19.5625 32
1764164099874 -18.890625 33
1764164109078 -20.8125 34
1764164118230 -16.015625 35
1764164127352 -18.328125 36
1764164136517 -17.8125 37
1764164145684 -21.15625 38
1764164154815 -21.5 39
1764164163970 -19.28125 40
1764164173172 -18.109375 41
1764164182305 -19.59375 42
1764164191407 -18.359375 43
1764164200556 -20.8125 44
1764164209697 -17.6875 45
1764164218875 -19.46875 46
1764164228000 -18.46875 47
1764164237140 -20.84375 48
1764164246268 -18.15625 49
1764164255436 -18.28125 50
1764164264575 -23.75 51
1764164273721 -22.375 52
1764164282854 -20.4375 53
1764164291999 -19.84375 54
1764164301158 -21.09375 55
1764164310358 -23.0 56
1764164319575 -22.125 57
1764164328708 -22.4375 58
1764164337852 -23.53125 59
1764164347007 -24.125 60
1764164356140 -24.96875 61
1764164365296 -23.90625 62
1764164374455 -25.71875 63
1764164383643 -25.96875 64
1764164392754 -27.46875 65
1764164401910 -26.125 66
1764164411060 -24.0 67
1764164420205 -27.875 68
1764164429399 -27.0 69
1764164438532 -26.875 70
1764164447696 -28.65625 71
1764164456864 -29.1875 72
1764164466072 -26.78125 73
1764164475240 -28.46875 74
1764164484414 -30.3125 75
1764164493557 -32.75 76
1764164502798 -28.78125 77
1764164511927 -31.375 78
1764164521056 -29.78125 79
1764164530213 -31.96875 80
1764164539399 -31.59375 81
1764164548546 -33.3125 82
1764164557665 -33.625 83
1764164566836 -37.375 84
1764164576007 -36.0 85
1764164585166 -34.875 86
1764164594313 -34.3125 87
1764164603448 -37.6875 88
1764164612593 -36.9375 89
1764164621733 -34.125 90
1764164630935 -36.3125 91
1764164640054 -40.125 92
1764164649215 -37.375 93
1764164658403 -39.625 94
1764164667518 -43.25 95
1764164676670 -41.3125 96
1764164685828 -42.0 97
1764164694968 -44.625 98
1764164704088 -46.4375 99
1764164713279 -46.625 100
1764164722438 -46.875 101
1764164731592 -47.0 102
1764164740707 -52.1875 103
1764164749872 -50.5 104
1764164758993 -53.625 105
1764164768087 -53.5 106
1764164777221 -54.75 107
1764164786382 -57.6875 108
1764164795487 -57.3125 109
1764164804643 -60.875 110
1764164813787 -57.8125 111
1764164822954 -61.3125 112
1764164832111 -62.8125 113
1764164841302 -62.0625 114
1764164850433 -67.0 115
1764164859577 -68.25 116
1764164868752 -71.5 117
1764164877909 -74.5 118
1764164887075 -74.25 119
