1764163805167 2.7639092803001404 1
1764163814327 2.7466925382614136 2
1764163823452 2.9243850111961365 3
1764163832604 2.868457555770874 4
1764163841835 2.7618576288223267 5
1764163851064 2.7379066944122314 6
1764163860279 2.7651062607765198 7
1764163869496 2.658377945423126 8
1764163878708 2.6832476258277893 9
1764163887905 2.66205894947052 10
1764163897219 2.6008012294769287 11
1764163906408 2.681970775127411 12
1764163915676 2.6701890230178833 13
1764163924841 2.6907408833503723 14
1764163934038 2.8910036087036133 15
1764163943250 2.65171355009079 16
1764163952640 3.0280421376228333 17
1764163962051 2.835584282875061 18
1764163971220 2.6917730569839478 19
1764163980406 2.885741949081421 20
1764163989574 2.684273838996887 21
1764163998987 2.7088818550109863 22
1764164008144 2.607121229171753 23
1764164017344 2.806802809238434 24
1764164026501 2.5445072650909424 25
1764164035629 2.8216251730918884 26
1764164044828 2.7683120369911194 27
1764164053995 2.790990173816681 28
1764164063186 2.8562580943107605 29
1764164072355 2.8265169262886047 30
1764164081503 2.708734929561615 31
1764164090683 2.812278985977173 32
1764164099874 2.9418705701828003 33
1764164109078 2.7740904092788696 34
1764164118230 2.857338070869446 35
1764164127352 2.8478342294692993 36
1764164136517 3.0891448259353638 37
1764164145684 2.9699365496635437 38
1764164154815 2.823132634162903 39
1764164163970 2.808717727661133 40
1764164173172 2.8634944558143616 41
1764164182305 2.8243494629859924 42
1764164191407 2.804784655570984 43
1764164200556 3.0781261324882507 44
1764164209697 2.794817268848419 45
1764164218875 2.9183382987976074 46
1764164228000 2.742337167263031 47
1764164237140 3.0880818367004395 48
1764164246268 2.943821370601654 49
1764164255436 2.8573350310325623 50
1764164264575 3.0339017510414124 51
1764164273721 3.1024901270866394 52
1764164282854 3.014604866504669 53
1764164291999 3.03802752494812 54
1764164301158 3.293676435947418 55
1764164310358 3.3150079250335693 56
1764164319575 3.354619562625885 57
1764164328708 3.187792181968689 58
1764164337852 3.331210970878601 59
1764164347007 3.385515332221985 60
1764164356140 3.4837421774864197 61
1764164365296 3.600574016571045 62
1764164374455 3.4600380659103394 63
1764164383643 3.5954391956329346 64
1764164392754 3.757174074649811 65
1764164401910 3.7236450910568237 66
1764164411060 3.8083285689353943 67
1764164420205 3.678701162338257 68
1764164429399 3.8414894938468933 69
1764164438532 3.8197255730628967 70
1764164447696 3.7268964648246765 71
1764164456864 3.796343147754669 72
1764164466072 3.9793896675109863 73
1764164475240 4.123791694641113 74
1764164484414 4.1321001052856445 75
1764164493557 4.070548474788666 76
1764164502798 3.8832178115844727 77
1764164511927 4.2513357400894165 78
1764164521056 4.257967114448547 79
1764164530213 4.262705564498901 80
1764164539399 4.328503489494324 81
1764164548546 4.327834129333496 82
1764164557665 4.479109168052673 83
1764164566836 4.405097723007202 84
1764164576007 4.541127920150757 85
1764164585166 4.492521166801453 86
1764164594313 4.526540756225586 87
1764164603448 4.755598545074463 88
1764164612593 4.673150062561035 89
1764164621733 4.899055600166321 90
1764164630935 4.642644286155701 91
1764164640054 4.850727677345276 92
1764164649215 4.850739121437073 93
1764164658403 5.042095899581909 94
1764164667518 5.155545115470886 95
1764164676670 5.267550468444824 96
1764164685828 5.256232142448425 97
1764164694968 5.345524311065674 98
1764164704088 5.4935184717178345 99
1764164713279 5.326637029647827 100
1764164722438 5.718957901000977 101
1764164731592 5.698449492454529 102
1764164740707 5.875655889511108 103
1764164749872 5.954542279243469 104
1764164758993 6.115434050559998 105
1764164768087 6.107348203659058 106
1764164777221 6.379633784294128 107
1764164786382 6.4172680377960205 108
1764164795487 6.453385353088379 109
1764164804643 6.513951778411865 110
1764164813787 6.502693772315979 111
1764164822954 6.9059929847717285 112
1764164832111 6.85452926158905 113
1764164841302 7.064304828643799 114
1764164850433 7.196617007255554 115
1764164859577 7.281305551528931 116
1764164868752 7.54362416267395 117
1764164877909 7.491284012794495 118
1764164887075 7.845815658569336 119
