1764060991695 0.1 1
1764061000723 0.1 2
1764061009792 0.1 3
1764061018593 0.1 4
1764061027511 0.1 5
1764061036509 0.1 6
1764061045545 0.1 7
1764061054503 0.1 8
1764061063542 0.1 9
1764061072377 0.1 10
1764061081414 0.1 11
1764061090460 0.1 12
1764061099623 0.1 13
1764061108636 0.1 14
1764061117885 0.1 15
1764061126789 0.1 16
1764061135904 0.1 17
1764061144854 0.1 18
1764061153757 0.1 19
1764061162652 0.1 20
1764061171730 0.1 21
1764061181047 0.1 22
1764061189955 0.1 23
1764061198820 0.1 24
1764061207773 0.1 25
1764061216555 0.1 26
1764061225457 0.1 27
1764061234263 0.1 28
1764061243343 0.1 29
1764061252218 0.1 30
1764061261213 0.1 31
1764061270269 0.1 32
1764061279188 0.1 33
1764061288129 0.1 34
1764061297045 0.1 35
1764061306064 0.1 36
1764061315033 0.1 37
1764061324074 0.1 38
1764061332992 0.1 39
1764061341923 0.1 40
1764061350871 0.1 41
1764061359719 0.1 42
1764061368540 0.1 43
1764061377325 0.1 44
1764061386294 0.1 45
1764061395063 0.1 46
1764061404094 0.1 47
1764061412855 0.1 48
1764061421662 0.1 49
1764061430821 0.1 50
1764061439595 0.1 51
1764061448421 0.1 52
1764061457495 0.1 53
1764061466408 0.1 54
1764061475309 0.1 55
1764061484189 0.1 56
1764061492992 0.1 57
1764061501793 0.1 58
1764061510732 0.1 59
1764061519604 0.1 60
1764061528720 0.1 61
1764061537643 0.1 62
1764061546574 0.1 63
1764061555587 0.1 64
1764061564372 0.1 65
1764061573191 0.1 66
1764061582106 0.1 67
1764061590995 0.1 68
1764061599919 0.1 69
1764061608848 0.1 70
1764061617676 0.1 71
1764061626739 0.1 72
1764061635652 0.1 73
1764061644714 0.1 74
1764061653739 0.1 75
1764061662688 0.1 76
1764061671527 0.1 77
1764061680547 0.1 78
1764061689458 0.1 79
1764061698497 0.1 80
1764061707456 0.1 81
1764061716296 0.1 82
1764061725175 0.1 83
1764061734036 0.1 84
1764061743124 0.1 85
1764061751963 0.1 86
1764061760845 0.1 87
1764061769695 0.1 88
1764061778670 0.1 89
1764061787498 0.1 90
1764061796385 0.1 91
1764061805253 0.1 92
1764061814213 0.1 93
1764061823156 0.1 94
1764061832136 0.1 95
1764061840970 0.1 96
1764061850014 0.1 97
1764061858787 0.1 98
1764061867738 0.1 99
1764061876765 0.1 100
1764061885801 0.1 101
1764061894652 0.1 102
1764061903627 0.1 103
1764061912655 0.1 104
1764061921528 0.1 105
1764061930499 0.1 106
1764061939435 0.1 107
1764061948492 0.1 108
1764061957459 0.1 109
1764061966384 0.1 110
1764061975396 0.1 111
1764061984229 0.1 112
1764061993245 0.1 113
1764062002082 0.1 114
1764062010953 0.1 115
1764062019879 0.1 116
1764062029103 0.1 117
1764062037964 0.1 118
1764062046667 0.1 119
1764062055524 0.1 120
1764062064340 0.1 121
1764062073192 0.1 122
1764062082035 0.1 123
1764062090888 0.1 124
1764062099857 0.1 125
1764062108737 0.1 126
1764062117652 0.1 127
