1764060991695 0.003278688524590164 1
1764061000723 0.0034934497816593887 2
1764061009792 0.0034934497816593887 3
1764061018593 0.003827751196172249 4
1764061027511 0.0037558685446009393 5
1764061036509 0.0037735849056603774 6
1764061045545 0.004624277456647399 7
1764061054503 0.0049382716049382715 8
1764061063542 0.005333333333333334 9
1764061072377 0.005555555555555556 10
1764061081414 0.007960199004975126 11
1764061090460 0.008791208791208791 12
1764061099623 0.008333333333333333 13
1764061108636 0.009523809523809525 14
1764061117885 0.01038961038961039 15
1764061126789 0.010596026490066225 16
1764061135904 0.010256410256410256 17
1764061144854 0.011428571428571429 18
1764061153757 0.013008130081300813 19
1764061162652 0.012403100775193798 20
1764061171730 0.014479638009049774 21
1764061181047 0.015384615384615385 22
1764061189955 0.016580310880829015 23
1764061198820 0.01592039800995025 24
1764061207773 0.017486338797814208 25
1764061216555 0.01893491124260355 26
1764061225457 0.0217687074829932 27
1764061234263 0.023357664233576644 28
1764061243343 0.02677824267782427 29
1764061252218 0.02591093117408907 30
1764061261213 0.029767441860465118 31
1764061270269 0.034408602150537634 32
1764061279188 0.02644628099173554 33
1764061288129 0.029223744292237445 34
1764061297045 0.034594594594594595 35
1764061306064 0.03855421686746988 36
1764061315033 0.037209302325581395 37
1764061324074 0.03975155279503106 38
1764061332992 0.04295302013422819 39
1764061341923 0.04 40
1764061350871 0.04923076923076923 41
1764061359719 0.032 42
1764061368540 0.034594594594594595 43
1764061377325 0.04295302013422819 44
1764061386294 0.04295302013422819 45
1764061395063 0.037209302325581395 46
1764061404094 0.044755244755244755 47
1764061412855 0.0540084388185654 48
1764061421662 0.05245901639344262 49
1764061430821 0.047058823529411764 50
1764061439595 0.06153846153846154 51
1764061448421 0.050793650793650794 52
1764061457495 0.05245901639344262 53
1764061466408 0.059813084112149535 54
1764061475309 0.05059288537549407 55
1764061484189 0.0579185520361991 56
1764061492992 0.05844748858447489 57
1764061501793 0.06066350710900474 58
1764061510732 0.059534883720930236 59
1764061519604 0.0579185520361991 60
1764061528720 0.07272727272727274 61
1764061537643 0.07032967032967033 62
1764061546574 0.07485380116959064 63
1764061555587 0.06918918918918919 64
1764061564372 0.07231638418079096 65
1764061573191 0.08258064516129032 66
1764061582106 0.0810126582278481 67
1764061590995 0.07757575757575758 68
1764061599919 0.0757396449704142 69
1764061608848 0.07901234567901234 70
1764061617676 0.08152866242038218 71
1764061626739 0.07529411764705883 72
1764061635652 0.06037735849056604 73
1764061644714 0.08827586206896552 74
1764061653739 0.07485380116959064 75
1764061662688 0.08050314465408806 76
1764061671527 0.08152866242038218 77
1764061680547 0.07032967032967033 78
1764061689458 0.07272727272727274 79
1764061698497 0.08951048951048951 80
1764061707456 0.07901234567901234 81
1764061716296 0.07398843930635839 82
1764061725175 0.07314285714285715 83
1764061734036 0.0761904761904762 84
1764061743124 0.08590604026845639 85
1764061751963 0.10448979591836735 86
1764061760845 0.09142857142857143 87
1764061769695 0.08648648648648649 88
1764061778670 0.09142857142857143 89
1764061787498 0.08 90
1764061796385 0.08951048951048951 91
1764061805253 0.09481481481481482 92
1764061814213 0.1080168776371308 93
1764061823156 0.11962616822429907 94
1764061832136 0.11179039301310044 95
1764061840970 0.10199203187250996 96
1764061850014 0.1080168776371308 97
1764061858787 0.09481481481481482 98
1764061867738 0.12487804878048782 99
1764061876765 0.1142857142857143 100
1764061885801 0.0927536231884058 101
1764061894652 0.10158730158730159 102
1764061903627 0.11034482758620691 103
1764061912655 0.10118577075098814 104
1764061921528 0.11636363636363636 105
1764061930499 0.11636363636363636 106
1764061939435 0.11689497716894978 107
1764061948492 0.127363184079602 108
1764061957459 0.09411764705882353 109
1764061966384 0.1 110
1764061975396 0.1094017094017094 111
1764061984229 0.10666666666666667 112
1764061993245 0.12367149758454107 113
1764062002082 0.11689497716894978 114
1764062010953 0.04740740740740741 115
1764062019879 0.10039215686274511 116
1764062029103 0.12487804878048782 117
1764062037964 0.09770992366412214 118
1764062046667 0.09411764705882353 119
1764062055524 0.12610837438423647 120
1764062064340 0.11034482758620691 121
1764062073192 0.1306122448979592 122
1764062082035 0.12018779342723006 123
1764062090888 0.10199203187250996 124
1764062099857 0.12864321608040202 125
1764062108737 0.13264248704663212 126
1764062117652 0.1158371040723982 127
