1764060991695 6.521742065217392e-07 1
1764061000723 1.3043481130434783e-06 2
1764061009792 1.9565220195652176e-06 3
1764061018593 2.608695926086957e-06 4
1764061027511 3.2608698326086963e-06 5
1764061036509 3.9130437391304355e-06 6
1764061045545 4.565217645652174e-06 7
1764061054503 5.217391552173913e-06 8
1764061063542 5.869565458695652e-06 9
1764061072377 6.521739365217391e-06 10
1764061081414 7.17391327173913e-06 11
1764061090460 7.826087178260868e-06 12
1764061099623 8.478261084782607e-06 13
1764061108636 9.130434991304347e-06 14
1764061117885 9.782608897826086e-06 15
1764061126789 1.0434782804347826e-05 16
1764061135904 1.1086956710869565e-05 17
1764061144854 1.1739130617391305e-05 18
1764061153757 1.2391304523913046e-05 19
1764061162652 1.3043478430434788e-05 20
1764061171730 1.3695652336956525e-05 21
1764061181047 1.4347826243478267e-05 22
1764061189955 1.5000000150000008e-05 23
1764061198820 1.5652174056521747e-05 24
1764061207773 1.6304347963043485e-05 25
1764061216555 1.6956521869565227e-05 26
1764061225457 1.7608695776086964e-05 27
1764061234263 1.8260869682608706e-05 28
1764061243343 1.8913043589130444e-05 29
1764061252218 1.956521749565218e-05 30
1764061261213 2.0217391402173923e-05 31
1764061270269 2.0869565308695664e-05 32
1764061279188 2.1521739215217405e-05 33
1764061288129 2.2173913121739143e-05 34
1764061297045 2.2826087028260884e-05 35
1764061306064 2.3478260934782626e-05 36
1764061315033 2.4130434841304367e-05 37
1764061324074 2.4782608747826105e-05 38
1764061332992 2.5434782654347846e-05 39
1764061341923 2.6086956560869584e-05 40
1764061350871 2.6739130467391325e-05 41
1764061359719 2.7391304373913066e-05 42
1764061368540 2.8043478280434804e-05 43
1764061377325 2.8695652186956542e-05 44
1764061386294 2.9347826093478283e-05 45
1764061395063 3e-05 46
1764061404094 2.9999973195454608e-05 47
1764061412855 2.999989278193339e-05 48
1764061421662 2.9999758759781214e-05 49
1764061430821 2.9999571129572867e-05 50
1764061439595 2.9999329892113046e-05 51
1764061448421 2.999903504843635e-05 52
1764061457495 2.9998686599807286e-05 53
1764061466408 2.999828454772025e-05 54
1764061475309 2.9997828893899537e-05 55
1764061484189 2.9997319640299324e-05 56
1764061492992 2.9996756789103656e-05 57
1764061501793 2.9996140342726453e-05 58
1764061510732 2.9995470303811486e-05 59
1764061519604 2.999474667523236e-05 60
1764061528720 2.999396946009253e-05 61
1764061537643 2.9993138661725255e-05 62
1764061546574 2.9992254283693606e-05 63
1764061555587 2.9991316329790434e-05 64
1764061564372 2.9990324804038374e-05 65
1764061573191 2.9989279710689805e-05 66
1764061582106 2.998818105422685e-05 67
1764061590995 2.9987028839361342e-05 68
1764061599919 2.9985823071034825e-05 69
1764061608848 2.9984563754418503e-05 70
1764061617676 2.9983250894913244e-05 71
1764061626739 2.998188449814954e-05 72
1764061635652 2.9980464569987505e-05 73
1764061644714 2.9978991116516813e-05 74
1764061653739 2.997746414405671e-05 75
1764061662688 2.9975883659155966e-05 76
1764061671527 2.9974249668592842e-05 77
1764061680547 2.9972562179375084e-05 78
1764061689458 2.997082119873987e-05 79
1764061698497 2.996902673415379e-05 80
1764061707456 2.9967178793312817e-05 81
1764061716296 2.9965277384142265e-05 82
1764061725175 2.9963322514796754e-05 83
1764061734036 2.9961314193660194e-05 84
1764061743124 2.995925242934572e-05 85
1764061751963 2.995713723069568e-05 86
1764061760845 2.995496860678158e-05 87
1764061769695 2.9952746566904062e-05 88
1764061778670 2.9950471120592848e-05 89
1764061787498 2.9948142277606704e-05 90
1764061796385 2.9945760047933406e-05 91
1764061805253 2.994332444178968e-05 92
1764061814213 2.9940835469621184e-05 93
1764061823156 2.9938293142102433e-05 94
1764061832136 2.9935697470136788e-05 95
1764061840970 2.9933048464856368e-05 96
1764061850014 2.9930346137622037e-05 97
1764061858787 2.9927590500023343e-05 98
1764061867738 2.9924781563878462e-05 99
1764061876765 2.9921919341234152e-05 100
1764061885801 2.991900384436571e-05 101
1764061894652 2.99160350857769e-05 102
1764061903627 2.9913013078199927e-05 103
1764061912655 2.990993783459535e-05 104
1764061921528 2.9906809368152057e-05 105
1764061930499 2.990362769228718e-05 106
1764061939435 2.9900392820646062e-05 107
1764061948492 2.9897104767102185e-05 108
1764061957459 2.9893763545757118e-05 109
1764061966384 2.989036917094044e-05 110
1764061975396 2.9886921657209704e-05 111
1764061984229 2.9883421019350356e-05 112
1764061993245 2.9879867272375677e-05 113
1764062002082 2.9876260431526716e-05 114
1764062010953 2.9872600512272234e-05 115
1764062019879 2.9868887530308625e-05 116
1764062029103 2.986512150155985e-05 117
1764062037964 2.986130244217739e-05 118
1764062046667 2.9857430368540137e-05 119
1764062055524 2.985350529725437e-05 120
1764062064340 2.9849527245153642e-05 121
1764062073192 2.9845496229298734e-05 122
1764062082035 2.9841412266977576e-05 123
1764062090888 2.983727537570517e-05 124
1764062099857 2.983308557322351e-05 125
1764062108737 2.982884287750152e-05 126
1764062117652 2.9824547306734968e-05 127
