1764060991695 0.267822265625 1
1764061000723 0.207763671875 2
1764061009792 0.249267578125 3
1764061018593 0.251953125 4
1764061027511 0.25048828125 5
1764061036509 0.260009765625 6
1764061045545 0.21875 7
1764061054503 0.20751953125 8
1764061063542 0.22900390625 9
1764061072377 0.1368408203125 10
1764061081414 0.187255859375 11
1764061090460 0.114990234375 12
1764061099623 0.089111328125 13
1764061108636 0.096923828125 14
1764061117885 0.1204833984375 15
1764061126789 0.094482421875 16
1764061135904 0.09326171875 17
1764061144854 0.0916748046875 18
1764061153757 0.1043701171875 19
1764061162652 0.0859375 20
1764061171730 0.1015625 21
1764061181047 0.109130859375 22
1764061189955 0.1131591796875 23
1764061198820 0.1260986328125 24
1764061207773 0.1234130859375 25
1764061216555 0.149658203125 26
1764061225457 0.163330078125 27
1764061234263 0.194580078125 28
1764061243343 0.2255859375 29
1764061252218 0.26611328125 30
1764061261213 0.29248046875 31
1764061270269 0.333984375 32
1764061279188 0.4208984375 33
1764061288129 0.43017578125 34
1764061297045 0.494140625 35
1764061306064 0.49267578125 36
1764061315033 0.5625 37
1764061324074 0.6337890625 38
1764061332992 0.6943359375 39
1764061341923 0.7099609375 40
1764061350871 0.72265625 41
1764061359719 0.7880859375 42
1764061368540 0.7705078125 43
1764061377325 0.783203125 44
1764061386294 0.8095703125 45
1764061395063 0.8359375 46
1764061404094 0.8017578125 47
1764061412855 0.833984375 48
1764061421662 0.76953125 49
1764061430821 0.7822265625 50
1764061439595 0.798828125 51
1764061448421 0.876953125 52
1764061457495 0.810546875 53
1764061466408 0.8515625 54
1764061475309 0.9462890625 55
1764061484189 0.8408203125 56
1764061492992 0.9013671875 57
1764061501793 0.8798828125 58
1764061510732 0.806640625 59
1764061519604 0.8212890625 60
1764061528720 0.7578125 61
1764061537643 0.830078125 62
1764061546574 0.8505859375 63
1764061555587 0.8349609375 64
1764061564372 0.83203125 65
1764061573191 0.8544921875 66
1764061582106 0.802734375 67
1764061590995 0.849609375 68
1764061599919 0.83203125 69
1764061608848 0.8515625 70
1764061617676 0.845703125 71
1764061626739 0.841796875 72
1764061635652 0.869140625 73
1764061644714 0.8203125 74
1764061653739 0.8017578125 75
1764061662688 0.7724609375 76
1764061671527 0.8369140625 77
1764061680547 0.869140625 78
1764061689458 0.82421875 79
1764061698497 0.7802734375 80
1764061707456 0.7744140625 81
1764061716296 0.837890625 82
1764061725175 0.798828125 83
1764061734036 0.8642578125 84
1764061743124 0.83203125 85
1764061751963 0.7978515625 86
1764061760845 0.8525390625 87
1764061769695 0.8427734375 88
1764061778670 0.830078125 89
1764061787498 0.8388671875 90
1764061796385 0.806640625 91
1764061805253 0.8544921875 92
1764061814213 0.87890625 93
1764061823156 0.783203125 94
1764061832136 0.85546875 95
1764061840970 0.8388671875 96
1764061850014 0.763671875 97
1764061858787 0.810546875 98
1764061867738 0.7978515625 99
1764061876765 0.80078125 100
1764061885801 0.8212890625 101
1764061894652 0.7861328125 102
1764061903627 0.765625 103
1764061912655 0.8330078125 104
1764061921528 0.80859375 105
1764061930499 0.8076171875 106
1764061939435 0.8671875 107
1764061948492 0.7880859375 108
1764061957459 0.814453125 109
1764061966384 0.8564453125 110
1764061975396 0.8125 111
1764061984229 0.8203125 112
1764061993245 0.798828125 113
1764062002082 0.771484375 114
1764062010953 0.76171875 115
1764062019879 0.818359375 116
1764062029103 0.80859375 117
1764062037964 0.7958984375 118
1764062046667 0.8251953125 119
1764062055524 0.810546875 120
1764062064340 0.9111328125 121
1764062073192 0.791015625 122
1764062082035 0.7265625 123
1764062090888 0.7958984375 124
1764062099857 0.7548828125 125
1764062108737 0.716796875 126
1764062117652 0.8056640625 127
