1764904824663 2.4038466298076923e-06 5
1764904872196 4.807692759615385e-06 10
1764904920029 7.211538889423077e-06 15
1764904967909 9.615385019230767e-06 20
1764905015631 1.2019231149038456e-05 25
1764905063338 1.4423077278846148e-05 30
1764905111129 1.682692340865384e-05 35
1764905158279 1.9230769538461532e-05 40
1764905206043 2.1634615668269224e-05 45
1764905253720 2.4038461798076923e-05 50
1764905301065 2.644230792788462e-05 55
1764905348626 2.8846154057692314e-05 60
1764905396313 3.12500001875e-05 65
1764905443873 3.3653846317307695e-05 70
1764905491940 3.6057692447115384e-05 75
1764905539462 3.846153857692307e-05 80
1764905587080 4.0865384706730755e-05 85
1764905634748 4.326923083653844e-05 90
