1764904824663 0.1741303615272045 5
1764904872196 0.1739148497581482 10
1764904920029 0.17342667654156685 15
1764904967909 0.1739838719367981 20
1764905015631 0.16543103754520416 25
1764905063338 0.12650930508971214 30
1764905111129 0.11381388828158379 35
1764905158279 0.12359651178121567 40
1764905206043 0.12663330137729645 45
1764905253720 0.121462881565094 50
1764905301065 0.12327089533209801 55
1764905348626 0.12715383246541023 60
1764905396313 0.13091560453176498 65
1764905443873 0.12432625703513622 70
1764905491940 0.12829439155757427 75
1764905539462 0.12679804116487503 80
1764905587080 0.1238903533667326 85
1764905634748 0.13044960796833038 90
