1764152047712 0.0 1
1764152054215 1.255884285455977e-12 2
1764152060703 2.734363079071045e-06 3
1764152067218 1.3563781976699829e-05 4
1764152073734 2.0252540707588196e-05 5
1764152080256 7.647275924682617e-05 6
1764152086803 0.00011539459228515625 7
1764152093362 0.00028686970472335815 8
1764152099962 0.0003502368927001953 9
1764152106532 0.00047278404235839844 10
1764152113078 0.0009315013885498047 11
1764152119629 0.001753091812133789 12
1764152126191 0.0022090673446655273 13
1764152132754 0.0064563751220703125 14
1764152139301 0.00579833984375 15
1764152145870 0.010289669036865234 16
1764152152433 0.010526657104492188 17
1764152158983 0.02501678466796875 18
1764152165547 0.026622772216796875 19
1764152172106 0.044368743896484375 20
1764152178672 0.0551910400390625 21
1764152185218 0.09686279296875 22
1764152191752 0.137908935546875 23
1764152198298 0.177337646484375 24
1764152204830 0.19818878173828125 25
1764152211374 0.3592529296875 26
1764152217922 0.3009185791015625 27
1764152224461 0.3824920654296875 28
1764152231014 0.3472633361816406 29
1764152237543 0.397705078125 30
1764152244078 0.42626953125 31
1764152250601 0.26953125 32
1764152257121 0.2734375 33
1764152263743 0.2861328125 34
1764152270270 0.3828125 35
1764152276800 0.223388671875 36
1764152283326 0.33538818359375 37
1764152289839 0.2230224609375 38
1764152296366 0.3519744873046875 39
1764152302959 0.286529541015625 40
1764152309483 0.2696533203125 41
1764152315999 0.354248046875 42
1764152322517 0.38067626953125 43
1764152329037 0.36456298828125 44
1764152335561 0.3689422607421875 45
1764152342076 0.323486328125 46
1764152348611 0.24072265625 47
1764152355116 0.3662109375 48
1764152361615 0.4423828125 49
1764152368139 0.36767578125 50
1764152374661 0.3359375 51
1764152381180 0.43701171875 52
1764152387680 0.45166015625 53
1764152422751 0.5615234375 54
1764152429236 0.4156494140625 55
1764152435755 0.474700927734375 56
1764152442277 0.557952880859375 57
1764152448815 0.4515380859375 58
1764152455339 0.41015625 59
1764152461856 0.385986328125 60
1764152468376 0.41943359375 61
1764152474882 0.41064453125 62
1764152481399 0.3642578125 63
1764152487919 0.3310546875 64
1764152494438 0.283203125 65
1764152500963 0.3056640625 66
1764152507452 0.43701171875 67
1764152514038 0.3125 68
1764152520547 0.31903076171875 69
1764152527058 0.369659423828125 70
1764152533608 0.3118896484375 71
1764152540115 0.362152099609375 72
1764152546629 0.46832275390625 73
1764152553157 0.458740234375 74
1764152559679 0.41741943359375 75
1764152566249 0.46875 76
1764152572760 0.5203990936279297 77
1764152579275 0.471923828125 78
1764152585779 0.427734375 79
1764152592296 0.464874267578125 80
1764152598815 0.4638671875 81
1764152605336 0.3975830078125 82
1764152611856 0.39605712890625 83
1764152618378 0.330322265625 84
1764152624903 0.4515380859375 85
1764152631436 0.2685546875 86
1764152637956 0.40283203125 87
1764152644480 0.31689453125 88
1764152651045 0.4396820068359375 89
1764152657545 0.342742919921875 90
1764152664057 0.43017578125 91
1764152670575 0.4141845703125 92
1764152677099 0.4471435546875 93
1764152683615 0.366668701171875 94
1764152690138 0.523681640625 95
1764152696659 0.497344970703125 96
1764152703180 0.5771484375 97
1764152709684 0.425384521484375 98
1764152716194 0.42578125 99
1764152722697 0.49658203125 100
1764152729220 0.5296630859375 101
1764152735736 0.480224609375 102
1764152742254 0.4736328125 103
1764152748778 0.51318359375 104
1764152755274 0.4326171875 105
1764152761778 0.40350341796875 106
1764152768280 0.41595458984375 107
1764152805142 0.4268798828125 108
1764152811633 0.4033203125 109
1764152818134 0.41998291015625 110
1764152824639 0.3696327209472656 111
1764152831144 0.40247344970703125 112
1764152837655 0.39945220947265625 113
1764152844176 0.36676025390625 114
1764152850697 0.3896484375 115
1764152857221 0.4091796875 116
1764152863762 0.4189453125 117
1764152870314 0.302734375 118
1764152876837 0.46728515625 119
1764152883360 0.46630859375 120
1764152889879 0.5322265625 121
1764152896397 0.572998046875 122
1764152902915 0.6236572265625 123
1764152909418 0.5833740234375 124
1764152915937 0.64892578125 125
1764152922457 0.572998046875 126
1764152928983 0.607421875 127
1764152935502 0.64599609375 128
1764152942018 0.4912109375 129
1764152948516 0.40625 130
1764152955037 0.625 131
1764152961559 0.462890625 132
1764152968080 0.4375 133
1764152974598 0.6162109375 134
1764152981131 0.470703125 135
1764152987636 0.53125 136
1764152994161 0.52734375 137
1764153000744 0.571929931640625 138
1764153007256 0.5482177734375 139
1764153013780 0.704620361328125 140
1764153020302 0.57861328125 141
1764153026859 0.6796875 142
1764153033382 0.55224609375 143
1764153039902 0.6939697265625 144
1764153046416 0.534088134765625 145
1764153052946 0.72802734375 146
1764153059483 0.5869293212890625 147
1764153066000 0.728302001953125 148
1764153072519 0.6162109375 149
1764153079034 0.38134765625 150
1764153085562 0.53515625 151
1764153092078 0.47412109375 152
1764153098599 0.42340087890625 153
1764153105119 0.394134521484375 154
1764153111633 0.4306640625 155
1764153118158 0.3349609375 156
1764153124685 0.357421875 157
1764153131189 0.4052734375 158
1764153137716 0.4482421875 159
1764153144235 0.49462890625 160
1764153180653 0.388671875 161
1764153187140 0.408203125 162
1764153193617 0.52734375 163
1764153200143 0.472412109375 164
1764153206659 0.5493545532226562 165
1764153213177 0.6339111328125 166
1764153219702 0.4957275390625 167
1764153226216 0.4764404296875 168
1764153232718 0.507476806640625 169
1764153239244 0.5281829833984375 170
1764153245763 0.656982421875 171
1764153252312 0.45440673828125 172
1764153258840 0.53839111328125 173
1764153265358 0.64971923828125 174
1764153271873 0.50274658203125 175
1764153278398 0.6796875 176
1764153284924 0.578857421875 177
1764153291441 0.45361328125 178
1764153298018 0.55859375 179
1764153304546 0.6572265625 180
1764153311058 0.607421875 181
1764153317604 0.71484375 182
1764153324121 0.740234375 183
1764153330640 0.572265625 184
1764153337162 0.6171875 185
1764153343679 0.470703125 186
1764153350199 0.62890625 187
1764153356717 0.619140625 188
1764153363238 0.6728515625 189
1764153369764 0.5244140625 190
1764153376323 0.6646728515625 191
1764153382870 0.6275634765625 192
1764153389384 0.5283203125 193
1764153395904 0.598388671875 194
1764153402403 0.5693359375 195
1764153408918 0.60595703125 196
1764153415438 0.69384765625 197
1764153421980 0.630859375 198
1764153428500 0.74365234375 199
1764153435001 0.7431640625 200
1764153441521 0.6622314453125 201
1764153448064 0.5277862548828125 202
1764153454578 0.48828125 203
1764153461078 0.480712890625 204
1764153467602 0.580078125 205
1764153474118 0.515625 206
1764153480635 0.4619140625 207
1764153487156 0.513671875 208
1764153493680 0.41015625 209
1764153500197 0.4296875 210
1764153506721 0.46484375 211
1764153513244 0.609375 212
1764153519778 0.6640625 213
1764153526300 0.66357421875 214
1764153541858 0.707275390625 215
1764153548352 0.516357421875 216
1764153554842 0.763427734375 217
1764153561351 0.7027587890625 218
1764153567884 0.64080810546875 219
1764153574379 0.663330078125 220
1764153580889 0.69781494140625 221
1764153587404 0.7056884765625 222
1764153593937 0.5635986328125 223
1764153600480 0.6741943359375 224
1764153606973 0.597564697265625 225
1764153613480 0.8187255859375 226
1764153620001 0.7451553344726562 227
1764153626516 0.65850830078125 228
1764153633038 0.7849578857421875 229
1764153639557 0.6436767578125 230
1764153646076 0.6767578125 231
1764153652590 0.791015625 232
1764153659100 0.544921875 233
1764153665611 0.59130859375 234
1764153672119 0.59814453125 235
1764153678635 0.53076171875 236
1764153685160 0.64453125 237
1764153691678 0.720703125 238
1764153698180 0.64990234375 239
1764153704697 0.669189453125 240
1764153711219 0.5087890625 241
1764153717736 0.5615234375 242
1764153724258 0.6171875 243
1764153730759 0.326171875 244
1764153737282 0.53125 245
1764153743802 0.50390625 246
1764153750322 0.41796875 247
1764153756817 0.55859375 248
1764153763337 0.474609375 249
1764153769848 0.50390625 250
1764153776359 0.638671875 251
1764153782865 0.548828125 252
1764153789378 0.564453125 253
1764153795903 0.68359375 254
1764153802416 0.646484375 255
1764153808933 0.78515625 256
1764153815459 0.697265625 257
1764153821980 0.779296875 258
1764153828571 0.740234375 259
1764153835078 0.71875 260
1764153841591 0.734375 261
1764153848122 0.53125 262
1764153854635 0.69140625 263
1764153861159 0.53466796875 264
1764153867679 0.6429443359375 265
1764153874199 0.4404296875 266
1764153880784 0.708984375 267
1764153917038 0.603485107421875 268
1764153923542 0.44970703125 269
1764153930037 0.5567626953125 270
1764153936540 0.605712890625 271
1764153943040 0.61968994140625 272
1764153949564 0.728515625 273
1764153956101 0.7197265625 274
1764153962621 0.8536376953125 275
1764153969137 0.771270751953125 276
1764153975657 0.9556884765625 277
1764153982156 0.7359504699707031 278
1764153988678 0.67919921875 279
1764153995195 0.7587890625 280
1764154001718 0.66259765625 281
1764154008241 0.7431640625 282
1764154014765 0.62890625 283
1764154021279 0.65283203125 284
1764154027804 0.58984375 285
1764154034344 0.48779296875 286
1764154040919 0.63623046875 287
1764154047442 0.5377197265625 288
1764154053956 0.6458740234375 289
1764154060552 0.5230712890625 290
1764154067078 0.5639724731445312 291
1764154073630 0.690673828125 292
1764154080138 0.524810791015625 293
1764154086652 0.5911865234375 294
1764154093183 0.5985107421875 295
1764154099701 0.734375 296
1764154106207 0.79400634765625 297
1764154112727 0.66925048828125 298
1764154119291 0.8980712890625 299
1764154125800 0.91668701171875 300
1764154132318 0.9791259765625 301
1764154138839 0.8291015625 302
1764154145366 0.97705078125 303
1764154151887 0.8359375 304
1764154158385 0.9139404296875 305
1764154164902 0.794189453125 306
1764154171422 0.66998291015625 307
1764154177923 0.732818603515625 308
1764154184440 0.6878662109375 309
1764154190964 0.608154296875 310
1764154197481 0.61181640625 311
1764154204003 0.5615234375 312
1764154210520 0.6083984375 313
1764154217046 0.64453125 314
1764154223563 0.623046875 315
1764154230084 0.642578125 316
1764154236602 0.82421875 317
1764154243102 0.66015625 318
1764154249601 0.77734375 319
1764154256099 0.6875 320
1764154262622 0.76953125 321
1764154277621 0.7578125 322
1764154284122 0.87109375 323
1764154290623 0.6845703125 324
1764154297139 0.791748046875 325
1764154303663 0.866943359375 326
1764154310185 0.6826896667480469 327
1764154316689 0.7430419921875 328
1764154323202 0.79632568359375 329
1764154329725 0.7148051261901855 330
1764154336225 0.7794189453125 331
1764154342726 0.7447509765625 332
1764154349244 0.916748046875 333
1764154355765 0.70697021484375 334
1764154362306 0.83734130859375 335
1764154368849 0.639892578125 336
1764154375367 0.9720458984375 337
1764154382023 0.8565673828125 338
1764154388543 0.741058349609375 339
1764154395095 0.7481689453125 340
1764154401604 0.684417724609375 341
1764154408128 0.79638671875 342
1764154414648 0.7412109375 343
1764154421172 0.57861328125 344
1764154427686 0.733306884765625 345
1764154434289 0.6972999572753906 346
1764154440804 0.8447723388671875 347
1764154448554 0.6845703125 348
1764154455041 0.8173828125 349
1764154461564 0.7607421875 350
1764154468085 0.8046875 351
1764154474591 0.6630859375 352
1764154481160 0.806640625 353
1764154487689 0.78515625 354
1764154494205 0.728515625 355
1764154500726 0.693359375 356
1764154507255 0.689453125 357
1764154513785 0.73046875 358
1764154520304 0.849609375 359
1764154526833 0.7880859375 360
1764154533509 0.8251953125 361
1764154540020 0.771484375 362
1764154546511 0.858154296875 363
1764154553027 0.82794189453125 364
1764154559546 0.78192138671875 365
1764154566063 0.73248291015625 366
1764154572590 0.8509521484375 367
1764154579105 0.81103515625 368
1764154585792 0.75726318359375 369
1764154592389 0.908294677734375 370
1764154599814 0.774169921875 371
1764154606337 0.76171875 372
1764154612845 0.7734375 373
1764154619386 0.9814453125 374
1764154633384 0.7470703125 375
1764154639889 0.9013671875 376
1764154646406 0.9765625 377
1764154652927 0.8505859375 378
1764154659446 0.80322265625 379
1764154665940 0.8250732421875 380
1764154672464 0.76129150390625 381
1764154678984 0.717864990234375 382
1764154685503 0.73828125 383
1764154692019 0.627960205078125 384
1764154698527 0.6717529296875 385
1764154705048 0.7391700744628906 386
1764154711562 0.8182373046875 387
1764154718079 0.70654296875 388
1764154724659 0.68408203125 389
1764154731169 0.764404296875 390
1764154737688 0.80780029296875 391
1764154744230 0.840576171875 392
1764154750745 0.693603515625 393
1764154757246 1.118377685546875 394
1764154763769 0.7119140625 395
1764154770289 0.97705078125 396
1764154776804 0.8203125 397
1764154783323 0.7666015625 398
1764154789846 1.01953125 399
1764154796364 0.83203125 400
1764154802891 0.9560546875 401
1764154809404 0.810546875 402
1764154815926 0.876953125 403
1764154822444 0.84375 404
1764154828965 0.6962890625 405
1764154835473 0.924072265625 406
1764154841977 0.724609375 407
1764154848483 0.8095703125 408
1764154855004 0.71435546875 409
1764154861504 0.748046875 410
1764154868008 0.69873046875 411
1764154874508 0.69970703125 412
1764154881006 0.75390625 413
1764154887567 0.689453125 414
1764154894082 0.83154296875 415
1764154900613 0.83642578125 416
1764154907145 1.039306640625 417
1764154913667 0.778076171875 418
1764154920187 1.017822265625 419
1764154926682 1.1114501953125 420
1764154933182 0.74365234375 421
1764154939688 0.9736328125 422
1764154946205 0.72265625 423
1764154952709 0.8896484375 424
1764154959210 0.9150390625 425
1764154965725 0.744140625 426
1764154972241 0.80908203125 427
1764154978767 0.759765625 428
1764155014808 0.6536369323730469 429
1764155021289 0.8590087890625 430
1764155027787 0.625152587890625 431
1764155034270 0.760040283203125 432
1764155040758 0.7039794921875 433
1764155047287 0.6820068359375 434
1764155053781 0.9013671875 435
1764155060287 0.84326171875 436
1764155066811 0.914306640625 437
1764155073308 0.9423828125 438
1764155079832 1.04638671875 439
1764155086348 0.77294921875 440
1764155092865 0.880859375 441
1764155099385 0.85302734375 442
1764155105912 0.90478515625 443
1764155112428 0.805908203125 444
1764155118946 1.056640625 445
1764155125467 1.0 446
1764155131988 0.928955078125 447
1764155138518 0.7918701171875 448
1764155145028 0.8974609375 449
1764155151546 1.017578125 450
1764155158056 0.88067626953125 451
1764155164567 0.928466796875 452
1764155171090 0.89453125 453
1764155177614 0.9453125 454
1764155184130 0.9241943359375 455
1764155190652 1.05517578125 456
1764155197192 1.08203125 457
1764155203711 0.90673828125 458
1764155210209 1.0087890625 459
1764155216730 1.0615234375 460
1764155223275 1.1328125 461
1764155229786 0.9521484375 462
1764155236367 0.9970703125 463
1764155242889 0.97265625 464
1764155249439 0.8984375 465
1764155255968 0.83984375 466
1764155262489 0.775390625 467
1764155269004 0.9775390625 468
1764155275528 0.828125 469
1764155282111 0.7001953125 470
1764155288628 0.88330078125 471
1764155295144 0.91552734375 472
1764155301664 0.797607421875 473
1764155308154 0.754150390625 474
1764155314702 0.83599853515625 475
1764155321186 0.735107421875 476
1764155327690 0.80615234375 477
1764155334187 0.8242340087890625 478
1764155340703 0.90771484375 479
1764155347206 0.86083984375 480
1764155353725 0.773681640625 481
1764155368746 1.003662109375 482
1764155375266 1.066650390625 483
1764155381772 1.229736328125 484
1764155388288 1.037109375 485
1764155394789 0.8427734375 486
1764155401295 1.21728515625 487
1764155407791 1.24951171875 488
1764155414306 1.02301025390625 489
1764155420805 1.02679443359375 490
1764155427307 0.96563720703125 491
1764155433827 0.9251708984375 492
1764155440343 0.836669921875 493
1764155446862 0.820556640625 494
1764155453396 0.786895751953125 495
1764155459906 0.760772705078125 496
1764155466404 0.866455078125 497
1764155472908 0.777587890625 498
1764155479424 0.70751953125 499
1764155485946 0.66015625 500
1764155492464 0.7216796875 501
1764155498982 1.0236091613769531 502
1764155505509 0.771728515625 503
1764155512015 0.694580078125 504
1764155518529 0.75927734375 505
1764155525050 0.7783203125 506
1764155531587 0.9652099609375 507
1764155538097 1.12493896484375 508
1764155544609 0.9853515625 509
1764155551128 0.90582275390625 510
1764155557621 1.1136474609375 511
1764155564148 1.1009521484375 512
1764155570659 1.1187744140625 513
1764155577188 0.9903564453125 514
1764155583705 1.334716796875 515
1764155590234 1.1529541015625 516
1764155596751 1.1546630859375 517
1764155603259 1.04638671875 518
1764155609789 1.17236328125 519
1764155616305 0.8125 520
1764155622827 0.8485107421875 521
1764155629332 0.911865234375 522
1764155635843 0.86590576171875 523
1764155642354 0.839111328125 524
1764155648892 1.043701171875 525
1764155655462 0.9493408203125 526
1764155661970 0.912353515625 527
1764155668488 0.95703125 528
1764155675010 0.94873046875 529
1764155681555 0.937744140625 530
1764155688112 0.92742919921875 531
1764155694629 0.99127197265625 532
1764155701151 0.9765625 533
1764155707681 1.2119140625 534
1764155714184 0.915771484375 535
1764155728248 0.9370880126953125 536
1764155734763 0.83978271484375 537
1764155741294 0.98760986328125 538
1764155747791 0.923583984375 539
1764155754308 1.02880859375 540
1764155760807 0.9384765625 541
1764155767306 1.072265625 542
1764155773814 1.0546875 543
1764155780329 0.998046875 544
1764155786850 1.169921875 545
1764155793371 1.06640625 546
1764155799890 1.0625 547
1764155806397 1.0732421875 548
1764155812931 1.2890625 549
1764155819449 0.986328125 550
1764155825962 1.212646484375 551
1764155832488 1.0078125 552
1764155839007 1.106689453125 553
1764155845513 1.11328125 554
1764155852039 1.093017578125 555
1764155858604 0.812744140625 556
1764155868162 1.02294921875 557
1764155878195 1.0101318359375 558
1764155884685 0.818359375 559
1764155891194 0.962646484375 560
1764155897715 0.968505859375 561
1764155904242 0.80419921875 562
1764155913396 0.9033203125 563
1764155925565 1.083251953125 564
1764155937753 1.01513671875 565
1764155948963 0.9482421875 566
1764155955438 1.015625 567
1764155961926 1.138671875 568
1764155969393 1.09930419921875 569
1764155981543 1.05975341796875 570
1764155993682 1.2808837890625 571
1764156005837 1.1240234375 572
1764156013052 1.06597900390625 573
1764156019575 1.2103271484375 574
1764156026086 1.092529296875 575
1764156038134 1.1759033203125 576
1764156050310 1.4300537109375 577
1764156062488 1.1051025390625 578
1764156070730 1.06488037109375 579
1764156077256 1.0714111328125 580
1764156086819 0.97515869140625 581
1764156096883 1.11126708984375 582
1764156103363 1.108551025390625 583
1764156109885 1.04248046875 584
1764156116418 0.92828369140625 585
1764156124422 0.99755859375 586
1764156133805 1.11767578125 587
1764156143202 1.12646484375 588
1764156163037 1.15673828125 589
1764156172450 0.953125 590
1764156180269 1.14990234375 591
1764156186794 1.09765625 592
1764156193332 0.98681640625 593
1764156202309 1.052001953125 594
1764156211685 1.01104736328125 595
1764156221110 1.02197265625 596
1764156230572 1.137298583984375 597
1764156240057 1.204833984375 598
1764156249506 0.89251708984375 599
1764156256472 1.17584228515625 600
1764156262987 1.0400390625 601
1764156269798 1.2353515625 602
1764156279278 1.1414642333984375 603
1764156288687 1.0938720703125 604
1764156298103 1.1865234375 605
1764156307580 1.1016845703125 606
1764156317015 1.2060546875 607
1764156326429 1.32373046875 608
1764156332948 1.30126953125 609
1764156339793 1.296875 610
1764156350343 1.216064453125 611
1764156359046 1.4091796875 612
1764156365570 1.38671875 613
1764156372091 1.24273681640625 614
1764156378647 1.38494873046875 615
1764156388268 1.3900146484375 616
1764156399654 1.115234375 617
1764156410938 1.1982421875 618
1764156422342 1.1942138671875 619
1764156431849 0.981201171875 620
1764156438373 1.091796875 621
1764156444891 1.090087890625 622
1764156454397 1.069091796875 623
1764156465840 0.93408203125 624
1764156477165 0.98046875 625
1764156488612 0.995849609375 626
1764156498395 1.17755126953125 627
1764156504914 1.26953125 628
1764156511433 1.07373046875 629
1764156520771 1.113922119140625 630
1764156532213 1.0199203491210938 631
1764156543514 1.06207275390625 632
1764156554922 1.11572265625 633
1764156564891 1.06982421875 634
1764156571434 1.2333984375 635
1764156579348 1.16162109375 636
1764156589983 1.07379150390625 637
1764156597635 1.11376953125 638
1764156604174 1.00732421875 639
1764156610716 0.9447021484375 640
1764156617272 0.998046875 641
1764156627820 1.067626953125 642
1764156650619 1.11328125 643
1764156657145 0.95068359375 644
1764156663685 1.08984375 645
1764156672230 1.3076171875 646
1764156683704 1.12744140625 647
1764156695155 1.00732421875 648
1764156703057 1.067626953125 649
1764156709591 0.99658203125 650
1764156716115 1.1552734375 651
1764156726966 1.2177734375 652
1764156738436 1.2138671875 653
1764156749153 1.1279296875 654
1764156755672 1.195556640625 655
1764156762190 1.17236328125 656
1764156768713 1.0888671875 657
1764156775230 1.17333984375 658
1764156781748 1.349609375 659
1764156788271 1.22900390625 660
1764156794815 1.423828125 661
1764156801358 1.0849609375 662
1764156807947 1.46484375 663
1764156814508 0.97119140625 664
1764156821086 1.19189453125 665
1764156827618 1.036376953125 666
1764156834135 1.01123046875 667
1764156840675 1.1591796875 668
1764156847219 1.0517578125 669
1764156853734 1.1220703125 670
1764156860269 0.95654296875 671
1764156866818 1.14892578125 672
1764156873353 1.056640625 673
1764156879893 1.2041015625 674
1764156886482 1.217041015625 675
1764156892990 1.081787109375 676
1764156899513 1.154266357421875 677
1764156906026 1.12890625 678
1764156912553 1.1142578125 679
1764156919148 1.023193359375 680
1764156925678 1.12701416015625 681
1764156932187 1.16650390625 682
1764156938687 1.08447265625 683
1764156945215 1.511962890625 684
1764156951735 1.34033203125 685
1764156958248 1.09619140625 686
1764156964771 1.417236328125 687
1764156971291 1.237548828125 688
1764156977814 1.298828125 689
1764156984328 1.2138671875 690
1764156990848 1.2958984375 691
1764156998467 1.322265625 692
1764157009083 1.13818359375 693
1764157017015 1.275390625 694
1764157023529 1.3291015625 695
1764157037537 1.3056640625 696
1764157044055 1.2978515625 697
1764157050654 1.150390625 698
1764157057172 1.3916015625 699
1764157063697 1.3037109375 700
1764157070232 1.16845703125 701
1764157076748 1.33447265625 702
1764157083274 0.939208984375 703
1764157089816 1.16845703125 704
1764157096343 1.09375 705
1764157102872 1.16748046875 706
1764157113167 0.99609375 707
1764157125019 1.16064453125 708
1764157136825 0.9398193359375 709
1764157148708 1.2109375 710
1764157160495 1.2327880859375 711
1764157172298 1.12939453125 712
1764157184098 1.06884765625 713
1764157195877 1.1748046875 714
1764157207692 1.2509765625 715
1764157219520 1.409912109375 716
1764157231432 1.3720703125 717
1764157243290 1.15576171875 718
1764157255104 1.203125 719
1764157266891 1.0831298828125 720
1764157278647 1.6123046875 721
1764157290496 1.4990234375 722
1764157302327 1.28240966796875 723
1764157314109 1.237548828125 724
1764157326004 1.129852294921875 725
1764157337826 1.154541015625 726
1764157349618 1.552734375 727
1764157361462 1.5009765625 728
1764157373296 1.133056640625 729
1764157385082 1.32958984375 730
1764157396924 1.415283203125 731
1764157408802 1.1044921875 732
1764157420646 1.39599609375 733
1764157432452 1.70703125 734
1764157444265 1.0721435546875 735
1764157456118 1.19580078125 736
1764157467955 1.4853515625 737
1764157479854 1.06982421875 738
1764157491727 1.24267578125 739
1764157503533 1.24951171875 740
1764157515376 1.233154296875 741
1764157527224 1.2122802734375 742
1764157539070 1.21826171875 743
1764157550967 1.30224609375 744
1764157562773 1.10302734375 745
1764157574649 1.39697265625 746
1764157586513 1.249267578125 747
1764157598307 1.2276611328125 748
1764157610215 1.371917724609375 749
1764157634893 1.093017578125 750
1764157646683 1.213623046875 751
1764157658538 1.171722412109375 752
1764157670370 1.1859130859375 753
1764157682173 1.29400634765625 754
1764157694010 1.234130859375 755
1764157705802 1.38037109375 756
1764157717619 1.06884765625 757
1764157729442 1.13427734375 758
1764157741259 1.259033203125 759
1764157753052 1.3818359375 760
1764157764894 1.5849609375 761
1764157776707 1.2431640625 762
1764157788541 1.10693359375 763
1764157800364 1.19384765625 764
1764157812177 1.17138671875 765
1764157824022 1.33154296875 766
1764157835340 1.4345703125 767
1764157846943 1.126708984375 768
1764157858767 1.3310546875 769
1764157870579 1.138671875 770
1764157882401 1.18017578125 771
1764157894287 1.4052734375 772
1764157906118 1.3251953125 773
1764157918005 1.003662109375 774
1764157929883 1.4345703125 775
1764157941730 1.35498046875 776
1764157953508 1.419921875 777
1764157965340 1.08349609375 778
1764157977187 1.119384765625 779
1764157989049 1.13134765625 780
1764158000845 1.0078125 781
1764158012658 1.3466796875 782
1764158024509 1.2294921875 783
1764158036334 1.0576171875 784
1764158048173 0.9814453125 785
1764158060027 1.484375 786
1764158071843 1.1962890625 787
1764158083697 1.51708984375 788
1764158095535 1.35382080078125 789
1764158107326 1.40283203125 790
1764158119125 1.3239593505859375 791
1764158130977 1.22021484375 792
1764158142782 1.40771484375 793
1764158154582 1.42724609375 794
1764158166430 1.24267578125 795
1764158178208 1.2978515625 796
1764158189997 1.46533203125 797
1764158205037 1.298828125 798
1764158223229 1.31396484375 799
1764158241479 1.3741455078125 800
1764158259692 1.40673828125 801
1764158277868 1.26953125 802
1764158315359 1.27490234375 803
1764158333601 1.2958984375 804
1764158351841 1.39404296875 805
1764158370060 1.3828125 806
1764158388262 1.33544921875 807
1764158406538 1.3154296875 808
1764158424823 1.3173828125 809
1764158443055 1.072265625 810
1764158461250 1.2578125 811
1764158479544 1.4072265625 812
1764158497772 1.258056640625 813
1764158516036 1.25927734375 814
1764158534353 1.4130859375 815
1764158552620 1.42236328125 816
1764158570831 1.3056640625 817
1764158589056 1.32373046875 818
1764158607308 1.07958984375 819
1764158625607 1.33203125 820
1764158643948 1.25 821
1764158662228 1.08477783203125 822
1764158680469 1.25 823
1764158698745 1.16912841796875 824
1764158717006 1.4775390625 825
1764158735284 1.4296875 826
1764158752966 1.195068359375 827
1764158771239 1.351318359375 828
1764158789457 1.3828125 829
1764158807695 1.2829132080078125 830
1764158825946 1.19482421875 831
1764158844213 1.31982421875 832
