1764152047712 0.0 1
1764152054215 -2.8776980798284058e-12 2
1764152060703 5.446374416351318e-06 3
1764152067218 8.579343557357788e-06 4
1764152073734 -5.835667252540588e-06 5
1764152080256 -5.9604644775390625e-06 6
1764152086803 3.933906555175781e-05 7
1764152093362 -6.204098463058472e-05 8
1764152099962 1.9788742065429688e-05 9
1764152106532 7.200241088867188e-05 10
1764152113078 -0.0004150867462158203 11
1764152119629 -0.001636505126953125 12
1764152126191 -0.002071380615234375 13
1764152132754 -0.005859375 14
1764152139301 -0.00438690185546875 15
1764152145870 -0.0088348388671875 16
1764152152433 -0.0105743408203125 17
1764152158983 -0.01702880859375 18
1764152165547 -0.0174407958984375 19
1764152172106 -0.016765594482421875 20
1764152178672 -0.0273895263671875 21
1764152185218 -0.02587890625 22
1764152191752 -0.035491943359375 23
1764152198298 0.000152587890625 24
1764152204830 0.03496551513671875 25
1764152211374 -0.0770263671875 26
1764152217922 -0.0982818603515625 27
1764152224461 -0.0719451904296875 28
1764152231014 0.017238616943359375 29
1764152237543 0.226318359375 30
1764152244078 0.54736328125 31
1764152250601 0.748046875 32
1764152257121 0.91796875 33
1764152263743 0.76171875 34
1764152270270 0.4521484375 35
1764152276800 0.149658203125 36
1764152283326 -0.07586669921875 37
1764152289839 -0.166748046875 38
1764152296366 -0.37109375 39
1764152302959 -0.376708984375 40
1764152309483 -0.3701171875 41
1764152315999 -0.35205078125 42
1764152322517 -0.26806640625 43
1764152329037 -0.08233642578125 44
1764152335561 0.0456085205078125 45
1764152342076 0.240966796875 46
1764152348611 0.3759765625 47
1764152355116 0.4990234375 48
1764152361615 0.529296875 49
1764152368139 0.47900390625 50
1764152374661 0.6123046875 51
1764152381180 0.49658203125 52
1764152387680 0.54833984375 53
1764152422751 0.4208984375 54
1764152429236 0.2156982421875 55
1764152435755 0.177642822265625 56
1764152442277 0.117828369140625 57
1764152448815 0.1182861328125 58
1764152455339 0.228515625 59
1764152461856 0.403076171875 60
1764152468376 0.53466796875 61
1764152474882 0.59716796875 62
1764152481399 0.7978515625 63
1764152487919 0.8427734375 64
1764152494438 0.876953125 65
1764152500963 0.7666015625 66
1764152507452 0.44677734375 67
1764152514038 0.439453125 68
1764152520547 0.13702392578125 69
1764152527058 -0.065704345703125 70
1764152533608 -0.306640625 71
1764152540115 -0.54638671875 72
1764152546629 -0.6572265625 73
1764152553157 -0.548828125 74
1764152559679 -0.416015625 75
1764152566249 -0.252685546875 76
1764152572760 -0.2568359375 77
1764152579275 -0.230224609375 78
1764152585779 -0.19775390625 79
1764152592296 -0.028350830078125 80
1764152598815 -0.11376953125 81
1764152605336 -0.126708984375 82
1764152611856 -0.13238525390625 83
1764152618378 0.032470703125 84
1764152624903 0.1002197265625 85
1764152631436 0.423828125 86
1764152637956 0.35791015625 87
1764152644480 0.30078125 88
1764152651045 0.1120758056640625 89
1764152657545 -0.024383544921875 90
1764152664057 -0.27447509765625 91
1764152670575 -0.4375 92
1764152677099 -0.51123046875 93
1764152683615 -0.4228515625 94
1764152690138 -0.44775390625 95
1764152696659 -0.5126953125 96
1764152703180 -0.353515625 97
1764152709684 -0.121185302734375 98
1764152716194 0.01513671875 99
1764152722697 0.26123046875 100
1764152729220 0.3990478515625 101
1764152735736 0.322509765625 102
1764152742254 0.3974609375 103
1764152748778 0.44873046875 104
1764152755274 0.3935546875 105
1764152761778 0.20147705078125 106
1764152768280 0.21295166015625 107
1764152805142 0.0413818359375 108
1764152811633 0.0263671875 109
1764152818134 -0.12261962890625 110
1764152824639 -0.06641006469726562 111
1764152831144 -0.08997344970703125 112
1764152837655 -0.01468658447265625 113
1764152844176 0.16644287109375 114
1764152850697 0.34765625 115
1764152857221 0.521484375 116
1764152863762 0.6474609375 117
1764152870314 0.669921875 118
1764152876837 0.49951171875 119
1764152883360 0.38037109375 120
1764152889879 0.28515625 121
1764152896397 0.276611328125 122
1764152902915 0.0980224609375 123
1764152909418 0.1568603515625 124
1764152915937 0.015625 125
1764152922457 0.194580078125 126
1764152928983 0.275390625 127
1764152935502 0.39892578125 128
1764152942018 0.720703125 129
1764152948516 0.939453125 130
1764152955037 1.263671875 131
1764152961559 1.390625 132
1764152968080 1.47265625 133
1764152974598 1.1025390625 134
1764152981131 1.078125 135
1764152987636 0.734375 136
1764152994161 0.453125 137
1764153000744 0.185882568359375 138
1764153007256 -0.1195068359375 139
1764153013780 -0.58251953125 140
1764153020302 -0.9462890625 141
1764153026859 -1.0576171875 142
1764153033382 -0.9189453125 143
1764153039902 -0.791015625 144
1764153046416 -0.5029296875 145
1764153052946 -0.3525390625 146
1764153059483 0.0043792724609375 147
1764153066000 0.158416748046875 148
1764153072519 0.5380859375 149
1764153079034 0.51416015625 150
1764153085562 0.5322265625 151
1764153092078 0.15771484375 152
1764153098599 -0.07769775390625 153
1764153105119 -0.357666015625 154
1764153111633 -0.7099609375 155
1764153118158 -0.7568359375 156
1764153124685 -0.880859375 157
1764153131189 -1.125 158
1764153137716 -1.0185546875 159
1764153144235 -1.134765625 160
1764153180653 -1.1162109375 161
1764153187140 -1.080078125 162
1764153193617 -0.9111328125 163
1764153200143 -0.8427734375 164
1764153206659 -0.5458984375 165
1764153213177 -0.640625 166
1764153219702 -0.270751953125 167
1764153226216 -0.36962890625 168
1764153232718 -0.296875 169
1764153239244 -0.1194915771484375 170
1764153245763 -0.29052734375 171
1764153252312 -0.06719970703125 172
1764153258840 -0.01934814453125 173
1764153265358 0.03680419921875 174
1764153271873 0.11981201171875 175
1764153278398 0.1328125 176
1764153284924 0.252197265625 177
1764153291441 0.44189453125 178
1764153298018 0.79296875 179
1764153304546 0.7587890625 180
1764153311058 1.041015625 181
1764153317604 1.28125 182
1764153324121 1.32421875 183
1764153330640 1.662109375 184
1764153337162 1.69140625 185
1764153343679 1.681640625 186
1764153350199 1.4296875 187
1764153356717 1.244140625 188
1764153363238 1.0244140625 189
1764153369764 0.8076171875 190
1764153376323 0.1820068359375 191
1764153382870 -0.1383056640625 192
1764153389384 -0.41455078125 193
1764153395904 -0.791015625 194
1764153402403 -1.0712890625 195
1764153408918 -1.173828125 196
1764153415438 -1.306640625 197
1764153421980 -1.294921875 198
1764153428500 -1.1611328125 199
1764153435001 -1.0146484375 200
1764153441521 -0.7177734375 201
1764153448064 -0.31005859375 202
1764153454578 -0.134521484375 203
1764153461078 0.284912109375 204
1764153467602 0.48828125 205
1764153474118 0.640625 206
1764153480635 0.6259765625 207
1764153487156 0.73046875 208
1764153493680 0.7734375 209
1764153500197 0.88671875 210
1764153506721 0.8671875 211
1764153513244 0.720703125 212
1764153519778 0.529296875 213
1764153526300 0.44775390625 214
1764153541858 0.296630859375 215
1764153548352 0.071044921875 216
1764153554842 -0.312744140625 217
1764153561351 -0.6708984375 218
1764153567884 -0.8525390625 219
1764153574379 -0.83203125 220
1764153580889 -0.8056640625 221
1764153587404 -0.7236328125 222
1764153593937 -0.56591796875 223
1764153600480 -0.5849609375 224
1764153606973 -0.462890625 225
1764153613480 -0.2757568359375 226
1764153620001 -0.17581939697265625 227
1764153626516 0.08123779296875 228
1764153633038 -0.0754852294921875 229
1764153639557 0.1912841796875 230
1764153646076 0.2919921875 231
1764153652590 0.259765625 232
1764153659100 0.4375 233
1764153665611 0.33447265625 234
1764153672119 0.45068359375 235
1764153678635 0.44091796875 236
1764153685160 0.552734375 237
1764153691678 0.490234375 238
1764153698180 0.53759765625 239
1764153704697 0.364013671875 240
1764153711219 0.603515625 241
1764153717736 0.6513671875 242
1764153724258 0.873046875 243
1764153730759 1.10546875 244
1764153737282 1.357421875 245
1764153743802 1.5 246
1764153750322 1.7109375 247
1764153756817 1.6484375 248
1764153763337 1.787109375 249
1764153769848 1.9140625 250
1764153776359 1.818359375 251
1764153782865 2.095703125 252
1764153789378 2.115234375 253
1764153795903 2.03515625 254
1764153802416 2.013671875 255
1764153808933 1.82421875 256
1764153815459 1.849609375 257
1764153821980 1.802734375 258
1764153828571 1.841796875 259
1764153835078 1.71484375 260
1764153841591 1.58203125 261
1764153848122 1.42578125 262
1764153854635 1.119140625 263
1764153861159 0.73095703125 264
1764153867679 0.2613525390625 265
1764153874199 -0.240234375 266
1764153880784 -0.623046875 267
1764153917038 -0.6142578125 268
1764153923542 -0.7197265625 269
1764153930037 -0.8134765625 270
1764153936540 -0.822265625 271
1764153943040 -0.6337890625 272
1764153949564 -0.73779296875 273
1764153956101 -0.453125 274
1764153962621 -0.3907470703125 275
1764153969137 -0.051544189453125 276
1764153975657 0.0921630859375 277
1764153982156 0.2816276550292969 278
1764153988678 0.52001953125 279
1764153995195 0.6416015625 280
1764154001718 0.70654296875 281
1764154008241 0.5537109375 282
1764154014765 0.65625 283
1764154021279 0.41064453125 284
1764154027804 0.21875 285
1764154034344 0.1259765625 286
1764154040919 -0.2607421875 287
1764154047442 -0.1937255859375 288
1764154053956 -0.2679443359375 289
1764154060552 -0.2266845703125 290
1764154067078 -0.30859375 291
1764154073630 -0.292724609375 292
1764154080138 0.003021240234375 293
1764154086652 0.1197509765625 294
1764154093183 0.1260986328125 295
1764154099701 0.01953125 296
1764154106207 -0.01470947265625 297
1764154112727 0.07196044921875 298
1764154119291 -0.0982666015625 299
1764154125800 -0.23504638671875 300
1764154132318 -0.1627197265625 301
1764154138839 -0.32861328125 302
1764154145366 -0.4384765625 303
1764154151887 -0.30078125 304
1764154158385 -0.3001708984375 305
1764154164902 -0.186279296875 306
1764154171422 -0.16900634765625 307
1764154177923 -0.026763916015625 308
1764154184440 0.1851806640625 309
1764154190964 0.440673828125 310
1764154197481 0.54248046875 311
1764154204003 0.6962890625 312
1764154210520 0.7900390625 313
1764154217046 1.087890625 314
1764154223563 1.361328125 315
1764154230084 1.359375 316
1764154236602 1.259765625 317
1764154243102 1.494140625 318
1764154249601 1.5703125 319
1764154256099 1.4453125 320
1764154262622 1.224609375 321
1764154277621 1.05078125 322
1764154284122 0.677734375 323
1764154290623 0.4677734375 324
1764154297139 0.302978515625 325
1764154303663 0.025634765625 326
1764154310185 -7.2479248046875e-05 327
1764154316689 0.0440673828125 328
1764154323202 -0.18939208984375 329
1764154329725 -0.11519575119018555 330
1764154336225 -0.46826171875 331
1764154342726 -0.41259765625 332
1764154349244 -0.6875 333
1764154355765 -0.6513671875 334
1764154362306 -0.7744140625 335
1764154368849 -0.830078125 336
1764154375367 -0.9091796875 337
1764154382023 -0.9306640625 338
1764154388543 -0.9013671875 339
1764154395095 -0.8671875 340
1764154401604 -0.5498046875 341
1764154408128 -0.5458984375 342
1764154414648 -0.34814453125 343
1764154421172 -0.238037109375 344
1764154427686 -0.120513916015625 345
1764154434289 -0.031284332275390625 346
1764154440804 0.1737823486328125 347
1764154448554 0.6201171875 348
1764154455041 0.5751953125 349
1764154461564 0.6943359375 350
1764154468085 0.720703125 351
1764154474591 0.8974609375 352
1764154481160 1.212890625 353
1764154487689 1.189453125 354
1764154494205 1.478515625 355
1764154500726 1.572265625 356
1764154507255 1.712890625 357
1764154513785 1.3984375 358
1764154520304 1.10546875 359
1764154526833 1.0048828125 360
1764154533509 0.8427734375 361
1764154540020 0.8359375 362
1764154546511 0.389892578125 363
1764154553027 0.37615966796875 364
1764154559546 0.14190673828125 365
1764154566063 -0.00592041015625 366
1764154572590 -0.0423583984375 367
1764154579105 0.05322265625 368
1764154585792 0.00347900390625 369
1764154592389 0.177642822265625 370
1764154599814 0.407470703125 371
1764154606337 0.666015625 372
1764154612845 0.705078125 373
1764154619386 0.6806640625 374
1764154633384 0.8740234375 375
1764154639889 0.8759765625 376
1764154646406 0.658203125 377
1764154652927 0.4658203125 378
1764154659446 0.60693359375 379
1764154665940 0.3741455078125 380
1764154672464 0.13714599609375 381
1764154678984 0.097564697265625 382
1764154685503 -0.14501953125 383
1764154692019 -0.108428955078125 384
1764154698527 -0.0858154296875 385
1764154705048 -0.10147476196289062 386
1764154711562 -0.3055419921875 387
1764154718079 -0.328125 388
1764154724659 -0.20458984375 389
1764154731169 -0.150146484375 390
1764154737688 -0.16278076171875 391
1764154744230 -0.124267578125 392
1764154750745 0.199951171875 393
1764154757246 0.147247314453125 394
1764154763769 0.6513671875 395
1764154770289 0.56982421875 396
1764154776804 1.029296875 397
1764154783323 1.1435546875 398
1764154789846 1.16796875 399
1764154796364 1.228515625 400
1764154802891 1.0263671875 401
1764154809404 0.93359375 402
1764154815926 0.64453125 403
1764154822444 0.609375 404
1764154828965 0.6025390625 405
1764154835473 0.466552734375 406
1764154841977 0.546875 407
1764154848483 0.5478515625 408
1764154855004 0.66064453125 409
1764154861504 0.57421875 410
1764154868008 0.48486328125 411
1764154874508 0.55224609375 412
1764154881006 0.390625 413
1764154887567 0.544921875 414
1764154894082 0.51416015625 415
1764154900613 0.44677734375 416
1764154907145 0.265380859375 417
1764154913667 0.354736328125 418
1764154920187 0.281005859375 419
1764154926682 0.3533935546875 420
1764154933182 0.42822265625 421
1764154939688 0.5380859375 422
1764154946205 0.75390625 423
1764154952709 0.5146484375 424
1764154959210 0.5693359375 425
1764154965725 0.513671875 426
1764154972241 0.35302734375 427
1764154978767 0.2734375 428
1764155014808 0.18523025512695312 429
1764155021289 -0.0142822265625 430
1764155027787 0.042327880859375 431
1764155034270 -0.136016845703125 432
1764155040758 -0.1419677734375 433
1764155047287 -0.1419677734375 434
1764155053781 -0.37255859375 435
1764155060287 -0.3564453125 436
1764155066811 -0.387939453125 437
1764155073308 -0.50048828125 438
1764155079832 -0.6064453125 439
1764155086348 -0.42236328125 440
1764155092865 -0.5966796875 441
1764155099385 -0.46923828125 442
1764155105912 -0.50390625 443
1764155112428 -0.392333984375 444
1764155118946 -0.578125 445
1764155125467 -0.3720703125 446
1764155131988 -0.337158203125 447
1764155138518 -0.1365966796875 448
1764155145028 -0.37255859375 449
1764155151546 -0.2666015625 450
1764155158056 -0.23565673828125 451
1764155164567 -0.207763671875 452
1764155171090 -0.4384765625 453
1764155177614 -0.3056640625 454
1764155184130 -0.1156005859375 455
1764155190652 -0.2626953125 456
1764155197192 0.12109375 457
1764155203711 0.35693359375 458
1764155210209 0.6259765625 459
1764155216730 0.8447265625 460
1764155223275 0.861328125 461
1764155229786 0.9365234375 462
1764155236367 1.0771484375 463
1764155242889 1.30859375 464
1764155249439 1.44140625 465
1764155255968 1.4140625 466
1764155262489 1.224609375 467
1764155269004 0.9912109375 468
1764155275528 1.0 469
1764155282111 0.8759765625 470
1764155288628 0.53662109375 471
1764155295144 0.44189453125 472
1764155301664 0.450439453125 473
1764155308154 0.243896484375 474
1764155314702 0.08880615234375 475
1764155321186 0.090087890625 476
1764155327690 0.10693359375 477
1764155334187 0.1865081787109375 478
1764155340703 0.47314453125 479
1764155347206 0.31298828125 480
1764155353725 0.338623046875 481
1764155368746 0.168212890625 482
1764155375266 0.032958984375 483
1764155381772 -0.254150390625 484
1764155388288 -0.177734375 485
1764155394789 -0.3564453125 486
1764155401295 -0.7880859375 487
1764155407791 -0.76953125 488
1764155414306 -0.83984375 489
1764155420805 -0.966796875 490
1764155427307 -0.7373046875 491
1764155433827 -0.654296875 492
1764155440343 -0.322509765625 493
1764155446862 -0.191162109375 494
1764155453396 -0.042755126953125 495
1764155459906 0.151336669921875 496
1764155466404 0.247802734375 497
1764155472908 0.404052734375 498
1764155479424 0.53466796875 499
1764155485946 0.59765625 500
1764155492464 0.4833984375 501
1764155498982 0.13557052612304688 502
1764155505509 0.341552734375 503
1764155512015 0.351318359375 504
1764155518529 0.39306640625 505
1764155525050 0.435546875 506
1764155531587 0.2515869140625 507
1764155538097 0.01080322265625 508
1764155544609 0.015625 509
1764155551128 -0.04644775390625 510
1764155557621 -0.0589599609375 511
1764155564148 -0.0609130859375 512
1764155570659 -0.2515869140625 513
1764155577188 -0.2384033203125 514
1764155583705 -0.406982421875 515
1764155590234 -0.0650634765625 516
1764155596751 -0.2669677734375 517
1764155603259 -0.32177734375 518
1764155609789 -0.35205078125 519
1764155616305 -0.48046875 520
1764155622827 -0.63916015625 521
1764155629332 -0.701171875 522
1764155635843 -0.8564453125 523
1764155642354 -0.947265625 524
1764155648892 -1.166015625 525
1764155655462 -1.150390625 526
1764155661970 -1.169921875 527
1764155668488 -1.265625 528
1764155675010 -1.1875 529
1764155681555 -1.0986328125 530
1764155688112 -1.150390625 531
1764155694629 -0.861328125 532
1764155701151 -0.5400390625 533
1764155707681 -0.57470703125 534
1764155714184 -0.233154296875 535
1764155728248 -0.0728302001953125 536
1764155734763 0.25885009765625 537
1764155741294 0.15496826171875 538
1764155747791 0.459228515625 539
1764155754308 0.57861328125 540
1764155760807 0.8798828125 541
1764155767306 0.93359375 542
1764155773814 0.923828125 543
1764155780329 1.185546875 544
1764155786850 1.205078125 545
1764155793371 1.20703125 546
1764155799890 1.22265625 547
1764155806397 1.0869140625 548
1764155812931 0.74609375 549
1764155819449 0.919921875 550
1764155825962 0.572509765625 551
1764155832488 0.61328125 552
1764155839007 0.444091796875 553
1764155845513 0.31640625 554
1764155852039 0.256591796875 555
1764155858604 0.470458984375 556
1764155868162 0.34619140625 557
1764155878195 0.2808837890625 558
1764155884685 0.4189453125 559
1764155891194 0.339111328125 560
1764155897715 0.429931640625 561
1764155904242 0.49072265625 562
1764155913396 0.3330078125 563
1764155925565 0.303466796875 564
1764155937753 0.39306640625 565
1764155948963 0.3447265625 566
1764155955438 0.388671875 567
1764155961926 0.32421875 568
1764155969393 0.36944580078125 569
1764155981543 0.34844970703125 570
1764155993682 -0.0484619140625 571
1764156005837 0.0986328125 572
1764156013052 0.03363037109375 573
1764156019575 0.0416259765625 574
1764156026086 -0.078857421875 575
1764156038134 -0.2100830078125 576
1764156050310 -0.0745849609375 577
1764156062488 0.1527099609375 578
1764156070730 0.12847900390625 579
1764156077256 0.0301513671875 580
1764156086819 -0.05133056640625 581
1764156096883 -0.08294677734375 582
1764156103363 -0.131988525390625 583
1764156109885 -0.25146484375 584
1764156116418 -0.32623291015625 585
1764156124422 -0.39404296875 586
1764156133805 -0.63232421875 587
1764156143202 -0.7373046875 588
1764156163037 -0.65576171875 589
1764156172450 -0.486328125 590
1764156180269 -0.767578125 591
1764156186794 -0.579345703125 592
1764156193332 -0.48583984375 593
1764156202309 -0.391845703125 594
1764156211685 -0.21221923828125 595
1764156221110 -0.18212890625 596
1764156230572 -0.286712646484375 597
1764156240057 -0.170654296875 598
1764156249506 0.19439697265625 599
1764156256472 -0.03521728515625 600
1764156262987 0.015625 601
1764156269798 -0.1748046875 602
1764156279278 -0.0447845458984375 603
1764156288687 -0.1319580078125 604
1764156298103 -0.3046875 605
1764156307580 -0.2979736328125 606
1764156317015 -0.431640625 607
1764156326429 -0.61376953125 608
1764156332948 -0.609375 609
1764156339793 -0.79638671875 610
1764156350343 -0.501220703125 611
1764156359046 -0.70166015625 612
1764156365570 -0.240234375 613
1764156372091 -0.24468994140625 614
1764156378647 -0.23553466796875 615
1764156388268 -0.1810302734375 616
1764156399654 -0.015625 617
1764156410938 0.11328125 618
1764156422342 0.1358642578125 619
1764156431849 0.272705078125 620
1764156438373 0.4296875 621
1764156444891 0.339599609375 622
1764156454397 0.413330078125 623
1764156465840 0.45263671875 624
1764156477165 0.5703125 625
1764156488612 0.361572265625 626
1764156498395 0.01385498046875 627
1764156504914 0.052734375 628
1764156511433 -0.02685546875 629
1764156520771 -0.024078369140625 630
1764156532213 -0.18105316162109375 631
1764156543514 -0.14703369140625 632
1764156554922 -0.40087890625 633
1764156564891 -0.35595703125 634
1764156571434 -0.5927734375 635
1764156579348 -0.6533203125 636
1764156589983 -0.7431640625 637
1764156597635 -0.60595703125 638
1764156604174 -0.6640625 639
1764156610716 -0.64892578125 640
1764156617272 -0.640625 641
1764156627820 -0.62060546875 642
1764156650619 -0.62890625 643
1764156657145 -0.52880859375 644
1764156663685 -0.56201171875 645
1764156672230 -0.6884765625 646
1764156683704 -0.61962890625 647
1764156695155 -0.482421875 648
1764156703057 -0.461669921875 649
1764156709591 -0.3779296875 650
1764156716115 -0.48046875 651
1764156726966 -0.5703125 652
1764156738436 -0.55078125 653
1764156749153 -0.5244140625 654
1764156755672 -0.334228515625 655
1764156762190 -0.43408203125 656
1764156768713 -0.3671875 657
1764156775230 -0.35107421875 658
1764156781748 -0.69970703125 659
1764156788271 -0.59033203125 660
1764156794815 -0.5966796875 661
1764156801358 -0.474609375 662
1764156807947 -0.806640625 663
1764156814508 -0.50732421875 664
1764156821086 -0.7978515625 665
1764156827618 -0.6943359375 666
1764156834135 -0.49658203125 667
1764156840675 -0.53173828125 668
1764156847219 -0.46875 669
1764156853734 -0.51416015625 670
1764156860269 -0.58984375 671
1764156866818 -0.6123046875 672
1764156873353 -0.486328125 673
1764156879893 -0.4736328125 674
1764156886482 -0.337158203125 675
1764156892990 -0.305419921875 676
1764156899513 -0.292938232421875 677
1764156906026 -0.3193359375 678
1764156912553 -0.28125 679
1764156919148 -0.390869140625 680
1764156925678 -0.21588134765625 681
1764156932187 -0.25341796875 682
1764156938687 -0.22802734375 683
1764156945215 -0.518798828125 684
1764156951735 -0.31005859375 685
1764156958248 -0.330078125 686
1764156964771 -0.478759765625 687
1764156971291 -0.419189453125 688
1764156977814 -0.53125 689
1764156984328 -0.505859375 690
1764156990848 -0.6474609375 691
1764156998467 -0.66796875 692
1764157009083 -0.36962890625 693
1764157017015 -0.4599609375 694
1764157023529 -0.60107421875 695
1764157037537 -0.5732421875 696
1764157044055 -0.4951171875 697
1764157050654 -0.572509765625 698
1764157057172 -0.666015625 699
1764157063697 -0.4765625 700
1764157070232 -0.49462890625 701
1764157076748 -0.53076171875 702
1764157083274 -0.328857421875 703
1764157089816 -0.51123046875 704
1764157096343 -0.4375 705
1764157102872 -0.64306640625 706
1764157113167 -0.5419921875 707
1764157125019 -0.51611328125 708
1764157136825 -0.490478515625 709
1764157148708 -0.595703125 710
1764157160495 -0.5413818359375 711
1764157172298 -0.47119140625 712
1764157184098 -0.30810546875 713
1764157195877 -0.439453125 714
1764157207692 -0.20703125 715
1764157219520 -0.321044921875 716
1764157231432 -0.3603515625 717
1764157243290 -0.29150390625 718
1764157255104 -0.328125 719
1764157266891 -0.0567626953125 720
1764157278647 -0.62890625 721
1764157290496 -0.400390625 722
1764157302327 -0.20623779296875 723
1764157314109 -0.253173828125 724
1764157326004 -0.243133544921875 725
1764157337826 -0.077392578125 726
1764157349618 -0.53125 727
1764157361462 -0.4677734375 728
1764157373296 -0.262939453125 729
1764157385082 -0.47509765625 730
1764157396924 -0.509033203125 731
1764157408802 -0.2158203125 732
1764157420646 -0.55419921875 733
1764157432452 -0.7529296875 734
1764157444265 -0.3980712890625 735
1764157456118 -0.447265625 736
1764157467955 -0.8828125 737
1764157479854 -0.470703125 738
1764157491727 -0.66796875 739
1764157503533 -0.65087890625 740
1764157515376 -0.69189453125 741
1764157527224 -0.6395263671875 742
1764157539070 -0.72314453125 743
1764157550967 -0.8427734375 744
1764157562773 -0.7275390625 745
1764157574649 -0.9609375 746
1764157586513 -0.87890625 747
1764157598307 -1.0361328125 748
1764157610215 -0.970703125 749
1764157634893 -0.8896484375 750
1764157646683 -1.08203125 751
1764157658538 -1.0361328125 752
1764157670370 -0.9169921875 753
1764157682173 -1.0673828125 754
1764157694010 -0.9755859375 755
1764157705802 -0.994140625 756
1764157717619 -0.7314453125 757
1764157729442 -0.85546875 758
1764157741259 -0.86328125 759
1764157753052 -0.94921875 760
1764157764894 -1.0546875 761
1764157776707 -0.796875 762
1764157788541 -0.638671875 763
1764157800364 -0.63671875 764
1764157812177 -0.68798828125 765
1764157824022 -0.642578125 766
1764157835340 -0.6787109375 767
1764157846943 -0.60205078125 768
1764157858767 -0.70166015625 769
1764157870579 -0.60400390625 770
1764157882401 -0.73046875 771
1764157894287 -0.77734375 772
1764157906118 -0.607421875 773
1764157918005 -0.6435546875 774
1764157929883 -0.783203125 775
1764157941730 -0.62255859375 776
1764157953508 -0.6416015625 777
1764157965340 -0.45458984375 778
1764157977187 -0.522705078125 779
1764157989049 -0.7509765625 780
1764158000845 -0.6494140625 781
1764158012658 -0.755859375 782
1764158024509 -0.736328125 783
1764158036334 -0.62255859375 784
1764158048173 -0.52001953125 785
1764158060027 -0.9833984375 786
1764158071843 -0.75 787
1764158083697 -1.1123046875 788
1764158095535 -0.9453125 789
1764158107326 -0.93115234375 790
1764158119125 -0.998046875 791
1764158130977 -0.783203125 792
1764158142782 -1.0712890625 793
1764158154582 -0.923828125 794
1764158166430 -0.76171875 795
1764158178208 -0.7060546875 796
1764158189997 -0.83984375 797
1764158205037 -0.73486328125 798
1764158223229 -0.65966796875 799
1764158241479 -0.7139892578125 800
1764158259692 -0.70947265625 801
1764158277868 -0.4892578125 802
1764158315359 -0.67431640625 803
1764158333601 -0.5712890625 804
1764158351841 -0.70751953125 805
1764158370060 -0.6455078125 806
1764158388262 -0.66357421875 807
1764158406538 -0.5517578125 808
1764158424823 -0.767578125 809
1764158443055 -0.478515625 810
1764158461250 -0.4912109375 811
1764158479544 -0.55859375 812
1764158497772 -0.540283203125 813
1764158516036 -0.36669921875 814
1764158534353 -0.5947265625 815
1764158552620 -0.63720703125 816
1764158570831 -0.4873046875 817
1764158589056 -0.59326171875 818
1764158607308 -0.29736328125 819
1764158625607 -0.423828125 820
1764158643948 -0.48046875 821
1764158662228 -0.34161376953125 822
1764158680469 -0.5107421875 823
1764158698745 -0.36248779296875 824
1764158717006 -0.5048828125 825
1764158735284 -0.5419921875 826
1764158752966 -0.370849609375 827
1764158771239 -0.418701171875 828
1764158789457 -0.4677734375 829
1764158807695 -0.3512725830078125 830
1764158825946 -0.44482421875 831
1764158844213 -0.47998046875 832
