1764145947302 0.02659197337925434 1
1764145957081 0.020428240299224854 2
1764145966892 0.022271784022450447 3
1764145976663 0.026554659008979797 4
1764145986516 0.02484709583222866 5
1764145996381 0.024774696677923203 6
1764146006220 0.03574720025062561 7
1764146016086 0.026865048334002495 8
1764146025943 0.037339918315410614 9
1764146035830 0.051860444247722626 10
1764146045672 0.04534455016255379 11
1764146055559 0.14021210372447968 12
1764146065403 0.14402952790260315 13
1764146075270 0.11290696263313293 14
1764146085120 0.24662287533283234 15
1764146095002 0.3564174175262451 16
1764146104833 0.27195146679878235 17
1764146114646 0.45689094066619873 18
1764146124490 0.3607999384403229 19
1764146134317 0.20851857960224152 20
1764146144131 0.4891190826892853 21
1764146153974 0.36583787202835083 22
1764146163798 0.19546829164028168 23
1764146173630 0.2495175004005432 24
1764146183436 0.25362101197242737 25
1764146193284 0.30357155203819275 26
1764146203107 0.5548866987228394 27
1764146212894 0.5481548309326172 28
1764146222740 0.6156973838806152 29
1764146232559 0.2371571660041809 30
1764146242378 0.30292409658432007 31
1764146252171 0.36686450242996216 32
1764146261978 0.20618242025375366 33
1764146271790 0.41680631041526794 34
1764146281597 0.20545342564582825 35
1764146291396 0.4107304811477661 36
1764146301267 0.3923910856246948 37
1764146311063 0.20247042179107666 38
1764146320852 0.49027177691459656 39
1764146378137 0.21148036420345306 40
1764146388005 0.31063947081565857 41
1764146397781 0.6616355776786804 42
1764146407610 1.0 43
1764146417397 1.0 44
1764146427202 0.18954366445541382 45
1764146437004 0.7798997163772583 46
1764146446836 0.33569639921188354 47
1764146456653 0.989406943321228 48
1764146466480 0.3374229967594147 49
1764146476260 0.5340489149093628 50
1764146486073 0.6975151300430298 51
1764146495890 0.929642915725708 52
1764146505692 0.681138813495636 53
1764146515502 0.34448686242103577 54
1764146525291 0.20433463156223297 55
1764146535102 0.6867625117301941 56
1764146544952 0.5393977165222168 57
1764146555206 0.2887251377105713 58
1764146565025 0.4624786078929901 59
1764146574871 0.19546382129192352 60
1764146584677 0.1918848603963852 61
1764146594523 0.6577416062355042 62
1764146604351 0.6181411147117615 63
1764146614153 0.5661946535110474 64
1764146623939 0.292938232421875 65
1764146633725 0.4940457046031952 66
1764146643544 1.0 67
1764146653398 0.4017597734928131 68
1764146663175 0.6126253604888916 69
1764146672990 0.5685703158378601 70
1764146682788 0.42442870140075684 71
1764146692569 0.2514464259147644 72
1764146702369 0.40367358922958374 73
1764146712143 0.5741492509841919 74
1764146721909 0.8487688899040222 75
1764146731709 0.6474294662475586 76
1764146741474 0.3318796455860138 77
1764146751247 0.34362876415252686 78
1764146810481 0.6012544631958008 79
1764146820303 0.42529404163360596 80
1764146830547 0.8925930261611938 81
1764146840319 0.3472616970539093 82
1764146850118 0.47215256094932556 83
1764146859936 0.47667405009269714 84
1764146869763 0.8509460687637329 85
1764146879572 0.27827563881874084 86
1764146890459 0.3802470862865448 87
1764146900251 0.5934966206550598 88
1764146910047 0.30925223231315613 89
1764146919888 1.0 90
1764146929699 1.0 91
1764146939521 0.2461874634027481 92
1764146949345 1.0 93
1764146959168 0.31325072050094604 94
1764146969002 0.8478968143463135 95
1764146978809 0.4679725766181946 96
1764146988627 0.17543525993824005 97
1764146998455 0.2997220754623413 98
1764147008236 0.19568775594234467 99
1764147018106 0.2410404235124588 100
1764147027889 0.49934929609298706 101
1764147037686 0.3819403648376465 102
1764147047474 0.5794197916984558 103
1764147057248 0.7733299732208252 104
1764147067122 0.5089115500450134 105
1764147076942 0.30016517639160156 106
1764147086780 0.4203248620033264 107
1764147096599 0.4631664752960205 108
1764147106465 0.44859689474105835 109
1764147116260 0.7234530448913574 110
1764147126086 0.646391749382019 111
1764147135869 0.30508366227149963 112
1764147145678 0.3591095507144928 113
1764147155486 0.8389604091644287 114
1764147165315 0.4136863350868225 115
1764147175190 0.2996957302093506 116
1764147184960 0.21285170316696167 117
1764147223199 0.30637362599372864 118
1764147232957 0.7706181406974792 119
1764147242737 0.3113716244697571 120
1764147252552 0.21929983794689178 121
1764147262346 0.28934329748153687 122
1764147272621 0.2885407507419586 123
1764147282430 0.36625930666923523 124
1764147292216 0.37694835662841797 125
1764147302026 0.5984671711921692 126
1764147311875 0.2945239841938019 127
1764147321649 0.5798187255859375 128
1764147331441 0.2971186637878418 129
1764147341294 0.5406566262245178 130
1764147351098 0.3267843723297119 131
1764147360910 0.3935021162033081 132
1764147370685 0.6500688791275024 133
1764147380463 0.40517136454582214 134
1764147390244 0.49641910195350647 135
1764147400026 0.6780140399932861 136
1764147409764 0.39767149090766907 137
1764147419574 0.2572322487831116 138
1764147429347 0.2451300323009491 139
1764147439135 0.22398535907268524 140
1764147448919 0.5001029372215271 141
1764147458719 0.3133656680583954 142
1764147468506 0.23847320675849915 143
1764147478333 0.38141006231307983 144
1764147488184 0.22000493109226227 145
1764147497966 0.2032192200422287 146
1764147507758 0.2876201570034027 147
1764147517554 0.4926801323890686 148
1764147527360 0.47082051634788513 149
1764147537188 0.32941609621047974 150
1764147547015 0.2374034970998764 151
1764147556790 0.5960137248039246 152
1764147566623 0.3862384557723999 153
1764147576438 0.4003164768218994 154
1764147586206 0.45963284373283386 155
1764147595998 0.323876291513443 156
1764147631763 0.3372107744216919 157
1764147641591 1.0 158
1764147651431 0.5020195245742798 159
1764147661204 0.5574628710746765 160
1764147670996 0.34712085127830505 161
1764147680789 0.2763586640357971 162
1764147690574 0.26700329780578613 163
1764147700354 0.47226783633232117 164
1764147710161 0.7395874261856079 165
1764147719941 0.24514660239219666 166
1764147729713 0.4953837990760803 167
1764147739507 0.2886165976524353 168
1764147749262 0.49709826707839966 169
1764147759097 0.43751510977745056 170
1764147768872 0.4453856348991394 171
1764147778638 0.20522800087928772 172
1764147788425 0.34176021814346313 173
1764147798194 0.48009738326072693 174
1764147808054 0.24479347467422485 175
1764147817846 0.48244038224220276 176
1764147827660 0.21811224520206451 177
1764147837426 0.4229590892791748 178
1764147847206 0.8494494557380676 179
1764147857035 0.18591906130313873 180
1764147866824 0.21488985419273376 181
1764147876643 0.44208312034606934 182
1764147886439 0.27946022152900696 183
1764147896276 0.3160502016544342 184
1764147906079 0.3208748400211334 185
1764147915877 0.2824234664440155 186
1764147925693 0.7992246747016907 187
1764147935489 0.2989482879638672 188
1764147945311 0.44183850288391113 189
1764147955089 0.44694221019744873 190
1764147964890 0.1984146237373352 191
1764147974666 0.5309062004089355 192
1764147984531 0.4477037489414215 193
1764147994300 0.486770361661911 194
1764148004088 0.33266720175743103 195
1764148039748 0.5931984782218933 196
1764148049545 0.2508229911327362 197
1764148059398 0.30926623940467834 198
1764148069196 0.453377902507782 199
1764148078970 0.4102473258972168 200
1764148088755 0.5522327423095703 201
1764148098561 0.26163387298583984 202
1764148108354 0.2635463774204254 203
1764148118161 0.38755977153778076 204
1764148127944 0.256072461605072 205
1764148137728 0.44323745369911194 206
1764148147517 0.31890690326690674 207
1764148157299 0.5139366984367371 208
1764148167114 0.42997267842292786 209
1764148176885 0.23873744904994965 210
1764148186703 0.49521303176879883 211
1764148196498 0.3823697865009308 212
1764148206272 0.43348047137260437 213
1764148216124 0.6810041666030884 214
1764148225938 0.2593941390514374 215
1764148235740 0.4076247811317444 216
1764148245540 0.290865033864975 217
1764148255337 0.2320195734500885 218
1764148265120 0.5083664059638977 219
1764148274922 0.3656621277332306 220
1764148284710 0.4291384220123291 221
1764148294483 0.3973122239112854 222
1764148304305 0.3964632451534271 223
1764148314123 0.3253410756587982 224
1764148323902 0.3650502562522888 225
1764148333771 0.3170124292373657 226
1764148343557 0.32317981123924255 227
1764148353332 0.2711232006549835 228
1764148363114 0.3089918792247772 229
1764148372912 0.5743880271911621 230
1764148382684 0.32710233330726624 231
1764148392483 0.41179293394088745 232
1764148402262 0.4183267652988434 233
1764148412042 0.2583228349685669 234
1764148447834 0.4859142303466797 235
1764148457625 0.23659846186637878 236
1764148467419 0.22220617532730103 237
1764148477224 0.5886475443840027 238
1764148487027 0.33557677268981934 239
1764148496839 0.307413250207901 240
1764148506615 0.2918189764022827 241
1764148516402 0.21781548857688904 242
1764148526289 0.251309871673584 243
1764148536095 0.3072417676448822 244
1764148545867 0.409011572599411 245
1764148555662 0.31589335203170776 246
1764148565461 0.330668181180954 247
1764148575238 0.4457704722881317 248
1764148585048 0.5490297675132751 249
1764148594843 0.3334220349788666 250
1764148604627 0.33413878083229065 251
1764148614431 0.2966316342353821 252
1764148624226 0.4586329758167267 253
1764148634015 0.3717365264892578 254
1764148643804 0.29067304730415344 255
1764148653611 0.3070197105407715 256
1764148663408 0.4534795880317688 257
1764148673230 0.2999435067176819 258
1764148682989 0.5086531043052673 259
1764148692827 0.5251529812812805 260
1764148702614 0.3210451304912567 261
1764148712387 0.23293352127075195 262
1764148722183 0.2337014228105545 263
1764148731982 0.31959080696105957 264
1764148741760 0.29052266478538513 265
1764148751498 0.25129249691963196 266
1764148761302 0.38229048252105713 267
1764148771070 0.4608100354671478 268
1764148780882 0.31642428040504456 269
1764148790687 0.25063323974609375 270
1764148800491 0.4134749174118042 271
1764148810280 0.424919456243515 272
1764148820049 0.5044525861740112 273
1764148855792 0.21443897485733032 274
1764148865597 0.2639676332473755 275
1764148875413 0.3268030881881714 276
1764148885232 0.22211337089538574 277
1764148895060 0.455247700214386 278
1764148904883 0.36222341656684875 279
1764148914671 0.3125709593296051 280
1764148924461 0.2608007788658142 281
1764148934274 0.30050069093704224 282
1764148944078 0.3456888198852539 283
1764148953881 0.2698002755641937 284
1764148963646 0.37959617376327515 285
1764148973425 0.42466434836387634 286
1764148983221 0.5610162019729614 287
1764148993022 0.2874045670032501 288
1764149002816 0.8449238538742065 289
1764149012600 0.24298523366451263 290
1764149022396 0.23330889642238617 291
1764149032237 0.2546635866165161 292
1764149042038 0.3698559105396271 293
1764149051844 0.3591175079345703 294
1764149061607 0.28980833292007446 295
1764149071374 0.2897147238254547 296
1764149081174 0.3640435039997101 297
1764149090961 0.31354010105133057 298
1764149100714 0.6891158819198608 299
1764149110503 0.35763290524482727 300
1764149120278 0.3742057681083679 301
1764149130093 0.36035779118537903 302
1764149139880 0.22666454315185547 303
1764149149671 0.3000514805316925 304
1764149159460 0.27699196338653564 305
1764149169257 0.5574045777320862 306
1764149179050 0.23184725642204285 307
1764149188873 0.3037814795970917 308
1764149198650 0.5873519778251648 309
1764149208429 0.42836156487464905 310
1764149218252 0.2566578686237335 311
1764149228037 0.5643994808197021 312
1764149263729 0.28504255414009094 313
1764149273549 0.24870720505714417 314
1764149283352 0.2639601528644562 315
1764149293123 0.5567593574523926 316
1764149302924 0.27825111150741577 317
1764149312718 0.6096944808959961 318
1764149322539 0.2657674252986908 319
1764149332340 0.503639280796051 320
1764149342240 0.298451691865921 321
1764149352026 0.41069117188453674 322
1764149361892 0.2764040529727936 323
1764149371700 0.41736724972724915 324
1764149381554 0.3751358687877655 325
1764149391333 0.2912639379501343 326
1764149401175 0.5404655337333679 327
1764149410968 0.3929119408130646 328
1764149420753 0.45444363355636597 329
1764149430549 0.31503456830978394 330
1764149440378 0.2623946964740753 331
1764149450199 0.528876006603241 332
1764149460067 0.29206788539886475 333
1764149469862 0.34505152702331543 334
1764149479634 0.3182821273803711 335
1764149489526 0.3661488890647888 336
1764149499334 0.32542771100997925 337
1764149509122 0.5800226330757141 338
1764149518900 0.31997862458229065 339
1764149528707 0.4215148091316223 340
1764149538503 0.3277236521244049 341
1764149548339 0.2781977951526642 342
1764149558145 0.5403568744659424 343
1764149567996 0.2879648506641388 344
1764149577786 0.30951493978500366 345
1764149587606 0.30266472697257996 346
1764149597412 0.6148910522460938 347
1764149607227 0.5120507478713989 348
1764149617016 0.24611453711986542 349
1764149626831 0.4290831983089447 350
1764149636640 0.41609707474708557 351
1764149672276 0.2558501958847046 352
1764149682072 0.3549758493900299 353
1764149691852 0.22242458164691925 354
1764149701623 0.28389972448349 355
1764149711430 0.2705880105495453 356
1764149721291 0.2532614469528198 357
1764149731099 0.36258938908576965 358
1764149740866 0.3890150189399719 359
1764149750646 0.2627193033695221 360
1764149760474 0.2640950679779053 361
1764149770237 0.4036790430545807 362
1764149780002 0.4751453995704651 363
1764149789799 0.23299217224121094 364
1764149799593 0.29626670479774475 365
1764149809394 0.4429927170276642 366
1764149819220 0.3286646604537964 367
1764149829015 0.2529352009296417 368
1764149838795 0.2809147834777832 369
1764149848591 0.4030086100101471 370
1764149858390 0.45100319385528564 371
1764149868160 0.3249543011188507 372
1764149877941 0.2493060827255249 373
1764149887736 0.3528975248336792 374
1764149897505 0.45860856771469116 375
1764149907349 0.26423120498657227 376
1764149917126 0.39039212465286255 377
1764149926910 0.31031206250190735 378
1764149936703 0.6471713185310364 379
1764149946509 0.31051376461982727 380
1764149956373 0.5793617963790894 381
1764149966179 0.2856406569480896 382
1764149975946 0.42028167843818665 383
1764149985733 0.34085726737976074 384
1764149995530 0.2641254961490631 385
1764150005318 0.3347337543964386 386
1764150015139 0.4717276096343994 387
1764150024959 0.29785287380218506 388
1764150034738 0.23919154703617096 389
1764150044515 0.613985538482666 390
