1764145947302 2.631579421052632e-05 1
1764145957081 5.263158342105263e-05 2
1764145966892 7.894737263157894e-05 3
1764145976663 0.00010526316184210525 4
1764145986516 0.00013157895105263157 5
1764145996381 0.00015789474026315788 6
1764146006220 0.0001842105294736842 7
1764146016086 0.0002105263186842105 8
1764146025943 0.0002368421078947368 9
1764146035830 0.00026315789710526315 10
1764146045672 0.00028947368631578946 11
1764146055559 0.0003157894755263158 12
1764146065403 0.0003421052647368421 13
1764146075270 0.0003684210539473684 14
1764146085120 0.0003947368431578947 15
1764146095002 0.00042105263236842097 16
1764146104833 0.00044736842157894733 17
1764146114646 0.00047368421078947364 18
1764146124490 0.0005 19
1764146134317 0.000499991263301007 20
1764146144131 0.000499965053827129 21
1764146153974 0.0004999213734476255 22
1764146163798 0.000499860225277781 23
1764146173630 0.0004997816136786823 24
1764146183436 0.0004996855442569081 25
1764146193284 0.0004995720238641287 26
1764146203107 0.0004994410605966176 27
1764146212894 0.0004992926637946738 28
1764146222740 0.0004991268440419562 29
1764146232559 0.0004989436131647283 30
1764146242378 0.0004987429842310144 31
1764146252171 0.0004985249715496688 32
1764146261978 0.0004982895906693539 33
1764146271790 0.0004980368583774322 34
1764146281597 0.0004977667926987687 35
1764146291396 0.0004974794128944453 36
1764146301267 0.0004971747394603874 37
1764146311063 0.0004968527941259017 38
1764146320852 0.0004965135998521269 39
1764146378137 0.0004961571808303959 40
1764146388005 0.0004957835624805103 41
1764146397781 0.0004953927714489276 42
1764146407610 0.0004949848356068612 43
1764146417397 0.0004945597840482919 44
1764146427202 0.0004941176470878933 45
1764146437004 0.0004936584562588699 46
1764146446836 0.0004931822443107077 47
1764146456653 0.0004926890452068391 48
1764146466480 0.00049217889412222 49
1764146476260 0.0004916518274408215 50
1764146486073 0.0004911078827530353 51
1764146495890 0.0004905470988529919 52
1764146505692 0.0004899695157357943 53
1764146515502 0.0004893751745946658 54
1764146525291 0.0004887641178180117 55
1764146535102 0.0004881363889863962 56
1764146544952 0.0004874920328694346 57
1764146555206 0.00048683109542259974 58
1764146565025 0.00048615362378394487 59
1764146574871 0.0004854596662707417 60
1764146584677 0.00048474927237603446 61
1764146594523 0.00048402249276510977 62
1764146604351 0.0004832793792718835 63
1764146614153 0.00048251998489520407 64
1764146623939 0.0004817443637950719 65
1764146633725 0.0004809525712887776 66
1764146643544 0.0004801446638469563 67
1764146653398 0.00047932069908956 68
1764146663175 0.00047848073578174845 69
1764146672990 0.00047762483382969784 70
1764146682788 0.00047675305427632845 71
1764146692569 0.00047586545929695085 72
1764146702369 0.0004749621121948315 73
1764146712143 0.0004740430773966785 74
1764146721909 0.000473108420448046 75
1764146731709 0.00047215820800865986 76
1764146741474 0.0004711925078476635 77
1764146751247 0.0004702113888387846 78
1764146810481 0.00046921492095542246 79
1764146820303 0.00046820317526565864 80
1764146830547 0.00046717622392718737 81
1764146840319 0.0004661341401821695 82
1764146850118 0.00046507699835200933 83
1764146859936 0.0004640048738320535 84
1764146869763 0.0004629178430862139 85
1764146879572 0.0004618159836415143 86
1764146890459 0.0004606993740825614 87
1764146900251 0.0004595680940459397 88
1764146910047 0.0004584222242145321 89
1764146919888 0.00045726184631176555 90
1764146929699 0.00045608704309578257 91
1764146939521 0.00045489789835353886 92
1764146949345 0.0004536944968948277 93
1764146959168 0.00045247692454623113 94
1764146969002 0.00045124526814499917 95
1764146978809 0.0004499996155328561 96
1764146988627 0.00044874005554973597 97
1764146998455 0.0004474666780274467 98
1764147008236 0.00044617957378326233 99
1764147018106 0.0004448788346134472 100
1764147027889 0.0004435645532867082 101
1764147037686 0.0004422368235375787 102
1764147047474 0.0004408957400597335 103
1764147057248 0.0004395413984992353 104
1764147067122 0.00043817389544771303 105
1764147076942 0.00043679332843547293 106
1764147086780 0.0004353997959245431 107
1764147096599 0.00043399339730165076 108
1764147106465 0.0004325742328711342 109
1764147116260 0.0004311424038477888 110
1764147126086 0.00042969801234964876 111
1764147135869 0.0004282411613907039 112
1764147145678 0.0004267719548735527 113
1764147155486 0.00042529049758199177 114
1764147165315 0.0004237968951735431 115
1764147175190 0.000422291254171918 116
1764147184960 0.00042077368195942046 117
1764147223199 0.00041924428676928815 118
1764147232957 0.00041770317767797347 119
1764147242737 0.00041615046459736417 120
1764147252552 0.0004145862582669444 121
1764147262346 0.00041301067024589677 122
1764147272621 0.00041142381290514593 123
1764147282430 0.00040982579941934447 124
1764147292216 0.000408216743758801 125
1764147302026 0.00040659676068135206 126
1764147311875 0.0004049659657241774 127
1764147321649 0.00040332447519556 128
1764147331441 0.0004016724061665907 129
1764147341294 0.0004000098764628193 130
1764147351098 0.00039833700465585043 131
1764147360910 0.00039665391005488774 132
1764147370685 0.0003949607126982242 133
1764147380463 0.00039325753334468145 134
1764147390244 0.00039154449346499696 135
1764147400026 0.00038982171523316094 136
1764147409764 0.0003880893215177027 137
1764147419574 0.0003863474358729277 138
1764147429347 0.0003845961825301059 139
1764147439135 0.00038283568638861125 140
1764147448919 0.00038106607300701417 141
1764147458719 0.00037928746859412635 142
1764147468506 0.00037750000000000007 143
1764147478333 0.0003757037947068807 144
1764147488184 0.00037389898082011496 145
1764147497966 0.0003720856870590144 146
1764147507758 0.0003702640427476752 147
1764147517554 0.00036843417780575466 148
1764147527360 0.00036659622273920546 149
1764147537188 0.00036475030863096763 150
1764147547015 0.0003628965671316205 151
1764147556790 0.00036103513044999234 152
1764147566623 0.000359166131343732 153
1764147576438 0.00035728970310984053 154
1764147586206 0.000355405979575164 155
1764147595998 0.0003535150950868494 156
1764147631763 0.0003516171845027631 157
1764147641591 0.0003497123831818721 158
1764147651431 0.0003478008269745911 159
1764147661204 0.00034588265221309315 160
1764147670996 0.00034395799570158627 161
1764147680789 0.00034202699470655713 162
1764147690574 0.0003400897869469809 163
1764147700354 0.00033814651058449905 164
1764147710161 0.0003361973042135657 165
1764147719941 0.00033424230685156326 166
1764147729713 0.00033228165792888745 167
1764147739507 0.0003303154972790035 168
1764147749262 0.00032834396512847257 169
1764147759097 0.0003263672020869516 170
1764147768872 0.00032438534913716444 171
1764147778638 0.000322398547624847 172
1764147788425 0.00032040693924866704 173
1764147798194 0.00031841066605011744 174
1764147808054 0.0003164098704033864 175
1764147817846 0.0003144046950052029 176
1764147827660 0.00031239528286465995 177
1764147837426 0.0003103817772930149 178
1764147847206 0.0003083643218934684 179
1764147857035 0.0003063430605509232 180
1764147866824 0.0003043181374217215 181
1764147876643 0.0003022896969233643 182
1764147886439 0.0003002578837242112 183
1764147896276 0.00029822284273316294 184
1764147906079 0.0002961847190893262 185
1764147915877 0.0002941436581516624 186
1764147925693 0.00029209980548862115 187
1764147935489 0.00029005330686775736 188
1764147945311 0.0002880043082453359 189
1764147955089 0.00028595295575592163 190
1764147964890 0.00028389939570195726 191
1764147974666 0.000281843774543329 192
1764147984531 0.00027978623888692085 193
1764147994300 0.00027772693547615905 194
1764148004088 0.000275666011180546 195
1764148039748 0.00027360361298518526 196
1764148049545 0.00027153988798029943 197
1764148059398 0.00026947498335073885 198
1764148069196 0.00026740904636548456 199
1764148078970 0.00026534222436714553 200
1764148088755 0.0002632746647614497 201
1764148098561 0.00026120651500673105 202
1764148108354 0.0002591379226034131 203
1764148118161 0.00025706903508348913 204
1764148127944 0.000255 205
1764148137728 0.0002529309649165108 206
1764148147517 0.00025086207739658683 207
1764148157299 0.00024879348499326894 208
1764148167114 0.0002467253352385503 209
1764148176885 0.00024465777563285445 210
1764148186703 0.00024259095363451542 211
1764148196498 0.00024052501664926119 212
1764148206272 0.00023846011201970053 213
1764148216124 0.0002363963870148147 214
1764148225938 0.00023433398881945403 215
1764148235740 0.00023227306452384093 216
1764148245540 0.00023021376111307906 217
1764148255337 0.00022815622545667097 218
1764148265120 0.00022610060429804267 219
1764148274922 0.0002240470442440783 220
1764148284710 0.00022199569175466403 221
1764148294483 0.0002199466931322425 222
1764148304305 0.0002179001945113787 223
1764148314123 0.00021585634184833737 224
1764148323902 0.00021381528091067367 225
1764148333771 0.0002117771572668369 226
1764148343557 0.00020974211627578854 227
1764148353332 0.00020771030307663538 228
1764148363114 0.00020568186257827816 229
1764148372912 0.00020365693944907648 230
1764148382684 0.0002016356781065313 231
1764148392483 0.0001996182227069849 232
1764148402262 0.00019760471713533981 233
1764148412042 0.0001955953049947969 234
1764148447834 0.00019359012959661346 235
1764148457625 0.0001915893339498824 236
1764148467419 0.00018959306075133284 237
1764148477224 0.00018760145237515282 238
1764148487027 0.00018561465086283549 239
1764148496839 0.0001836327979130483 240
1764148506615 0.00018165603487152733 241
1764148516402 0.00017968450272099645 242
1764148526289 0.00017771834207111237 243
1764148536095 0.00017575769314843664 244
1764148545867 0.00017380269578643422 245
1764148555662 0.0001718534894155009 246
1764148565461 0.00016991021305301902 247
1764148575238 0.0001679730052934428 248
1764148585048 0.00016604200429841368 249
1764148594843 0.00016411734778690689 250
1764148604627 0.00016219917302540883 251
1764148614431 0.00016028761681812786 252
1764148624226 0.00015838281549723695 253
1764148634015 0.00015648490491315057 254
1764148643804 0.00015459402042483606 255
1764148653611 0.00015271029689015953 256
1764148663408 0.00015083386865626802 257
1764148673230 0.00014896486955000773 258
1764148682989 0.0001471034328683796 259
1764148692827 0.0001452496913690323 260
1764148702614 0.00014340377726079458 261
1764148712387 0.00014156582219424535 262
1764148722183 0.00013973595725232484 263
1764148731982 0.00013791431294098565 264
1764148741760 0.00013610101917988513 265
1764148751498 0.00013429620529311937 266
1764148761302 0.0001325 267
1764148771070 0.0001307125314058737 268
1764148780882 0.00012893392699298595 269
1764148790687 0.00012716431361138876 270
1764148800491 0.00012540381746989414 271
1764148810280 0.00012365256412707231 272
1764148820049 0.00012191067848229737 273
1764148855792 0.00012017828476683908 274
1764148865597 0.00011845550653500306 275
1764148875413 0.0001167424666553186 276
1764148885232 0.00011503928730177588 277
1764148895060 0.00011334608994511236 278
1764148904883 0.00011166299534414962 279
1764148914671 0.00010999012353718078 280
1764148924461 0.00010832759383340925 281
1764148934274 0.00010667552480444001 282
1764148944078 0.00010503403427582253 283
1764148953881 0.00010340323931864788 284
1764148963646 0.00010178325624119894 285
1764148973425 0.00010017420058065549 286
1764148983221 9.857618709485401e-05 287
1764148993022 9.698932975410322e-05 288
1764149002816 9.541374173305555e-05 289
1764149012600 9.384953540263573e-05 290
1764149022396 9.229682232202635e-05 291
1764149032237 9.07557132307117e-05 292
1764149042038 8.922631804057938e-05 293
1764149051844 8.770874582808184e-05 294
1764149061607 8.620310482645675e-05 295
1764149071374 8.470950241800801e-05 296
1764149081174 8.322804512644709e-05 297
1764149090961 8.175883860929584e-05 298
1764149100714 8.030198765035102e-05 299
1764149110503 7.8857596152211e-05 300
1764149120278 7.742576712886562e-05 301
1764149130093 7.600660269834891e-05 302
1764149139880 7.46002040754566e-05 303
1764149149671 7.32066715645268e-05 304
1764149159460 7.182610455228675e-05 305
1764149169257 7.045860150076442e-05 306
1764149179050 6.910425994026622e-05 307
1764149188873 6.776317646242105e-05 308
1764149198650 6.643544671329157e-05 309
1764149208429 6.512116538655259e-05 310
1764149218252 6.38204262167375e-05 311
1764149228037 6.253332197255323e-05 312
1764149263729 6.12599444502638e-05 313
1764149273549 6.0000384467143785e-05 314
1764149283352 5.875473185500073e-05 315
1764149293123 5.7523075453768726e-05 316
1764149302924 5.630550310517219e-05 317
1764149312718 5.5102101646461005e-05 318
1764149322539 5.39129569042173e-05 319
1764149332340 5.2738153688234315e-05 320
1764149342240 5.15777757854678e-05 321
1764149352026 5.043190595406021e-05 322
1764149361892 4.9300625917438484e-05 323
1764149371700 4.818401635848551e-05 324
1764149381554 4.708215691378599e-05 325
1764149391333 4.599512616794635e-05 326
1764149401175 4.492300164799047e-05 327
1764149410968 4.386585981783033e-05 328
1764149420753 4.282377607281251e-05 329
1764149430549 4.179682473434119e-05 330
1764149440378 4.0785079044577385e-05 331
1764149450199 3.9788611161215344e-05 332
1764149460067 3.880749215233633e-05 333
1764149469862 3.7841791991340015e-05 334
1764149479634 3.689157955195389e-05 335
1764149489526 3.5956922603321377e-05 336
1764149499334 3.503788780516833e-05 337
1764149509122 3.4134540703048974e-05 338
1764149518900 3.3246945723671304e-05 339
1764149528707 3.237516617030191e-05 340
1764149538503 3.151926421825134e-05 341
1764149548339 3.067930091043982e-05 342
1764149558145 2.9855336153043523e-05 343
1764149567996 2.904742871122219e-05 344
1764149577786 2.8255636204927946e-05 345
1764149587606 2.7480015104795806e-05 346
1764149597412 2.672062072811626e-05 347
1764149607227 2.5977507234890028e-05 348
1764149617016 2.5250727623965353e-05 349
1764149626831 2.4540333729258057e-05 350
1764149636640 2.3846376216054866e-05 351
1764149672276 2.3168904577400017e-05 352
1764149682072 2.25079671305651e-05 353
1764149691852 2.1863611013603466e-05 354
1764149701623 2.123588218198806e-05 355
1764149711430 2.0624825405333977e-05 356
1764149721291 2.0030484264205497e-05 357
1764149731099 1.9452901147007976e-05 358
1764149740866 1.8892117246964505e-05 359
1764149750646 1.8348172559178302e-05 360
1764149760474 1.7821105877779987e-05 361
1764149770237 1.7310954793160915e-05 362
1764149780002 1.6817755689292323e-05 363
1764149789799 1.6341543741130187e-05 364
1764149799593 1.5882352912106773e-05 365
1764149809394 1.5440215951708187e-05 366
1764149819220 1.5015164393138861e-05 367
1764149829015 1.4607228551072434e-05 368
1764149838795 1.4216437519489819e-05 369
1764149848591 1.3842819169604152e-05 370
1764149858390 1.3486400147873105e-05 371
1764149868160 1.3147205874098335e-05 372
1764149877941 1.2825260539612718e-05 373
1764149887736 1.2520587105554826e-05 374
1764149897505 1.2233207301231488e-05 375
1764149907349 1.1963141622567991e-05 376
1764149917126 1.1710409330646269e-05 377
1764149926910 1.1475028450331364e-05 378
1764149936703 1.1257015768985688e-05 379
1764149946509 1.1056386835271928e-05 380
1764149956373 1.087315595804392e-05 381
1764149966179 1.070733620532636e-05 382
1764149975946 1.0558939403382675e-05 383
1764149985733 1.0427976135871503e-05 384
1764149995530 1.0314455743092077e-05 385
1764150005318 1.0218386321317807e-05 386
1764150015139 1.0139774722219091e-05 387
1764150024959 1.0078626552374523e-05 388
1764150034738 1.0034946172871098e-05 389
1764150044515 1.0008736698993092e-05 390
