1764145947302 0.69140625 1
1764145957081 0.69140625 2
1764145966892 0.69140625 3
1764145976663 0.69140625 4
1764145986516 0.69140625 5
1764145996381 0.69140625 6
1764146006220 0.69140625 7
1764146016086 0.69140625 8
1764146025943 0.6923828125 9
1764146035830 0.69140625 10
1764146045672 0.6923828125 11
1764146055559 0.69140625 12
1764146065403 0.69140625 13
1764146075270 0.69140625 14
1764146085120 0.6884765625 15
1764146095002 0.685546875 16
1764146104833 0.6845703125 17
1764146114646 0.669921875 18
1764146124490 0.689453125 19
1764146134317 0.693359375 20
1764146144131 0.6552734375 21
1764146153974 0.6328125 22
1764146163798 0.646484375 23
1764146173630 0.6396484375 24
1764146183436 0.58447265625 25
1764146193284 0.6025390625 26
1764146203107 0.6611328125 27
1764146212894 0.626953125 28
1764146222740 0.677734375 29
1764146232559 0.650390625 30
1764146242378 0.5927734375 31
1764146252171 0.66796875 32
1764146261978 0.640625 33
1764146271790 0.6875 34
1764146281597 0.642578125 35
1764146291396 0.6201171875 36
1764146301267 0.6318359375 37
1764146311063 0.623046875 38
1764146320852 0.6875 39
1764146378137 0.6611328125 40
1764146388005 0.626953125 41
1764146397781 0.56201171875 42
1764146407610 0.56640625 43
1764146417397 0.56298828125 44
1764146427202 0.6201171875 45
1764146437004 0.537109375 46
1764146446836 0.5712890625 47
1764146456653 0.609375 48
1764146466480 0.58642578125 49
1764146476260 0.6142578125 50
1764146486073 0.59912109375 51
1764146495890 0.69140625 52
1764146505692 0.53564453125 53
1764146515502 0.58203125 54
1764146525291 0.5986328125 55
1764146535102 0.6806640625 56
1764146544952 0.6064453125 57
1764146555206 0.6689453125 58
1764146565025 0.509765625 59
1764146574871 0.662109375 60
1764146584677 0.6181640625 61
1764146594523 0.7509765625 62
1764146604351 0.5546875 63
1764146614153 0.595703125 64
1764146623939 0.58740234375 65
1764146633725 0.6025390625 66
1764146643544 0.51513671875 67
1764146653398 0.6416015625 68
1764146663175 0.59814453125 69
1764146672990 0.56640625 70
1764146682788 0.603515625 71
1764146692569 0.55029296875 72
1764146702369 0.6103515625 73
1764146712143 0.544921875 74
1764146721909 0.6240234375 75
1764146731709 0.7197265625 76
1764146741474 0.6025390625 77
1764146751247 0.6552734375 78
1764146810481 0.5693359375 79
1764146820303 0.6044921875 80
1764146830547 0.517578125 81
1764146840319 0.6689453125 82
1764146850118 0.61962890625 83
1764146859936 0.52685546875 84
1764146869763 0.478515625 85
1764146879572 0.537109375 86
1764146890459 0.54296875 87
1764146900251 0.5791015625 88
1764146910047 0.576171875 89
1764146919888 0.740234375 90
1764146929699 0.7158203125 91
1764146939521 0.58935546875 92
1764146949345 0.67431640625 93
1764146959168 0.58056640625 94
1764146969002 0.6357421875 95
1764146978809 0.57421875 96
1764146988627 0.619140625 97
1764146998455 0.615234375 98
1764147008236 0.65234375 99
1764147018106 0.60302734375 100
1764147027889 0.6005859375 101
1764147037686 0.6279296875 102
1764147047474 0.603515625 103
1764147057248 0.5791015625 104
1764147067122 0.67578125 105
1764147076942 0.646484375 106
1764147086780 0.6123046875 107
1764147096599 0.5615234375 108
1764147106465 0.625 109
1764147116260 0.5859375 110
1764147126086 0.685546875 111
1764147135869 0.6181640625 112
1764147145678 0.619140625 113
1764147155486 0.7626953125 114
1764147165315 0.6455078125 115
1764147175190 0.59130859375 116
1764147184960 0.5673828125 117
1764147223199 0.53564453125 118
1764147232957 0.52099609375 119
1764147242737 0.6044921875 120
1764147252552 0.640625 121
1764147262346 0.5556640625 122
1764147272621 0.642578125 123
1764147282430 0.599609375 124
1764147292216 0.650390625 125
1764147302026 0.62890625 126
1764147311875 0.595703125 127
1764147321649 0.6279296875 128
1764147331441 0.55419921875 129
1764147341294 0.6328125 130
1764147351098 0.59326171875 131
1764147360910 0.58203125 132
1764147370685 0.5712890625 133
1764147380463 0.654296875 134
1764147390244 0.6015625 135
1764147400026 0.53759765625 136
1764147409764 0.60498046875 137
1764147419574 0.6279296875 138
1764147429347 0.58447265625 139
1764147439135 0.599609375 140
1764147448919 0.6416015625 141
1764147458719 0.5771484375 142
1764147468506 0.56591796875 143
1764147478333 0.560546875 144
1764147488184 0.57177734375 145
1764147497966 0.53759765625 146
1764147507758 0.595703125 147
1764147517554 0.541015625 148
1764147527360 0.5244140625 149
1764147537188 0.52685546875 150
1764147547015 0.56201171875 151
1764147556790 0.7197265625 152
1764147566623 0.56103515625 153
1764147576438 0.54443359375 154
1764147586206 0.6376953125 155
1764147595998 0.560546875 156
1764147631763 0.65625 157
1764147641591 0.65234375 158
1764147651431 0.51904296875 159
1764147661204 0.61572265625 160
1764147670996 0.56640625 161
1764147680789 0.5869140625 162
1764147690574 0.58935546875 163
1764147700354 0.5341796875 164
1764147710161 0.5126953125 165
1764147719941 0.6708984375 166
1764147729713 0.53125 167
1764147739507 0.54931640625 168
1764147749262 0.6953125 169
1764147759097 0.6494140625 170
1764147768872 0.5439453125 171
1764147778638 0.646484375 172
1764147788425 0.607421875 173
1764147798194 0.6826171875 174
1764147808054 0.552734375 175
1764147817846 0.681640625 176
1764147827660 0.5595703125 177
1764147837426 0.62890625 178
1764147847206 0.6640625 179
1764147857035 0.603515625 180
1764147866824 0.52685546875 181
1764147876643 0.572265625 182
1764147886439 0.6123046875 183
1764147896276 0.5703125 184
1764147906079 0.599609375 185
1764147915877 0.6171875 186
1764147925693 0.51171875 187
1764147935489 0.625 188
1764147945311 0.58984375 189
1764147955089 0.6025390625 190
1764147964890 0.6337890625 191
1764147974666 0.53076171875 192
1764147984531 0.591796875 193
1764147994300 0.552734375 194
1764148004088 0.58251953125 195
1764148039748 0.7001953125 196
1764148049545 0.55859375 197
1764148059398 0.5986328125 198
1764148069196 0.66796875 199
1764148078970 0.55859375 200
1764148088755 0.5810546875 201
1764148098561 0.578125 202
1764148108354 0.6181640625 203
1764148118161 0.5966796875 204
1764148127944 0.59033203125 205
1764148137728 0.52734375 206
1764148147517 0.599609375 207
1764148157299 0.52587890625 208
1764148167114 0.56884765625 209
1764148176885 0.5517578125 210
1764148186703 0.49462890625 211
1764148196498 0.5859375 212
1764148206272 0.63427734375 213
1764148216124 0.6513671875 214
1764148225938 0.53369140625 215
1764148235740 0.5673828125 216
1764148245540 0.525390625 217
1764148255337 0.55908203125 218
1764148265120 0.521484375 219
1764148274922 0.55908203125 220
1764148284710 0.48583984375 221
1764148294483 0.6123046875 222
1764148304305 0.53076171875 223
1764148314123 0.6923828125 224
1764148323902 0.48974609375 225
1764148333771 0.5537109375 226
1764148343557 0.5634765625 227
1764148353332 0.57568359375 228
1764148363114 0.52783203125 229
1764148372912 0.6279296875 230
1764148382684 0.607421875 231
1764148392483 0.59375 232
1764148402262 0.57568359375 233
1764148412042 0.5458984375 234
1764148447834 0.5986328125 235
1764148457625 0.52734375 236
1764148467419 0.646484375 237
1764148477224 0.54541015625 238
1764148487027 0.60546875 239
1764148496839 0.55712890625 240
1764148506615 0.6083984375 241
1764148516402 0.55859375 242
1764148526289 0.56201171875 243
1764148536095 0.60888671875 244
1764148545867 0.57568359375 245
1764148555662 0.4716796875 246
1764148565461 0.56787109375 247
1764148575238 0.5751953125 248
1764148585048 0.62890625 249
1764148594843 0.572265625 250
1764148604627 0.5693359375 251
1764148614431 0.5859375 252
1764148624226 0.56982421875 253
1764148634015 0.55810546875 254
1764148643804 0.52392578125 255
1764148653611 0.673828125 256
1764148663408 0.59521484375 257
1764148673230 0.5595703125 258
1764148682989 0.521484375 259
1764148692827 0.50634765625 260
1764148702614 0.6513671875 261
1764148712387 0.5498046875 262
1764148722183 0.62841796875 263
1764148731982 0.53564453125 264
1764148741760 0.5693359375 265
1764148751498 0.552734375 266
1764148761302 0.51708984375 267
1764148771070 0.4814453125 268
1764148780882 0.650390625 269
1764148790687 0.5673828125 270
1764148800491 0.60888671875 271
1764148810280 0.58740234375 272
1764148820049 0.54443359375 273
1764148855792 0.59130859375 274
1764148865597 0.564453125 275
1764148875413 0.48486328125 276
1764148885232 0.58349609375 277
1764148895060 0.52880859375 278
1764148904883 0.533203125 279
1764148914671 0.599609375 280
1764148924461 0.6005859375 281
1764148934274 0.5322265625 282
1764148944078 0.623046875 283
1764148953881 0.5732421875 284
1764148963646 0.5810546875 285
1764148973425 0.52587890625 286
1764148983221 0.595703125 287
1764148993022 0.5087890625 288
1764149002816 0.75390625 289
1764149012600 0.61669921875 290
1764149022396 0.6083984375 291
1764149032237 0.5859375 292
1764149042038 0.6396484375 293
1764149051844 0.5693359375 294
1764149061607 0.61962890625 295
1764149071374 0.51708984375 296
1764149081174 0.5341796875 297
1764149090961 0.5947265625 298
1764149100714 0.50048828125 299
1764149110503 0.625 300
1764149120278 0.54150390625 301
1764149130093 0.576171875 302
1764149139880 0.59912109375 303
1764149149671 0.57763671875 304
1764149159460 0.650390625 305
1764149169257 0.5517578125 306
1764149179050 0.546875 307
1764149188873 0.45068359375 308
1764149198650 0.5048828125 309
1764149208429 0.470703125 310
1764149218252 0.5302734375 311
1764149228037 0.6474609375 312
1764149263729 0.501953125 313
1764149273549 0.6103515625 314
1764149283352 0.466796875 315
1764149293123 0.49755859375 316
1764149302924 0.61767578125 317
1764149312718 0.55810546875 318
1764149322539 0.5439453125 319
1764149332340 0.52734375 320
1764149342240 0.54345703125 321
1764149352026 0.4775390625 322
1764149361892 0.513671875 323
1764149371700 0.51806640625 324
1764149381554 0.50634765625 325
1764149391333 0.478515625 326
1764149401175 0.51318359375 327
1764149410968 0.65234375 328
1764149420753 0.54052734375 329
1764149430549 0.62841796875 330
1764149440378 0.5361328125 331
1764149450199 0.59521484375 332
1764149460067 0.57275390625 333
1764149469862 0.51513671875 334
1764149479634 0.5107421875 335
1764149489526 0.587890625 336
1764149499334 0.5888671875 337
1764149509122 0.59228515625 338
1764149518900 0.52392578125 339
1764149528707 0.5751953125 340
1764149538503 0.6103515625 341
1764149548339 0.4931640625 342
1764149558145 0.603515625 343
1764149567996 0.52783203125 344
1764149577786 0.5537109375 345
1764149587606 0.5244140625 346
1764149597412 0.66748046875 347
1764149607227 0.6328125 348
1764149617016 0.6123046875 349
1764149626831 0.58349609375 350
1764149636640 0.52978515625 351
1764149672276 0.564453125 352
1764149682072 0.54248046875 353
1764149691852 0.49951171875 354
1764149701623 0.5888671875 355
1764149711430 0.59619140625 356
1764149721291 0.513671875 357
1764149731099 0.47998046875 358
1764149740866 0.630859375 359
1764149750646 0.5458984375 360
1764149760474 0.58544921875 361
1764149770237 0.53662109375 362
1764149780002 0.55859375 363
1764149789799 0.57080078125 364
1764149799593 0.60791015625 365
1764149809394 0.595703125 366
1764149819220 0.5751953125 367
1764149829015 0.5830078125 368
1764149838795 0.6298828125 369
1764149848591 0.57666015625 370
1764149858390 0.505859375 371
1764149868160 0.564453125 372
1764149877941 0.5625 373
1764149887736 0.55224609375 374
1764149897505 0.47021484375 375
1764149907349 0.61962890625 376
1764149917126 0.55859375 377
1764149926910 0.5234375 378
1764149936703 0.65234375 379
1764149946509 0.5322265625 380
1764149956373 0.43359375 381
1764149966179 0.5625 382
1764149975946 0.5625 383
1764149985733 0.580078125 384
1764149995530 0.6015625 385
1764150005318 0.6650390625 386
1764150015139 0.5732421875 387
1764150024959 0.56591796875 388
1764150034738 0.5390625 389
1764150044515 0.6669921875 390
