1764467174632 -2.2424695392450275e-05 5
1764467228608 0.0002089527746041639 10
1764467282653 -0.0017667412757873535 15
1764467336507 0.004977087179819706 20
1764467390339 0.0011348426342010498 25
1764467444217 0.00580851236979163 30
1764467498075 0.0016744534174600867 35
1764467551955 0.004609813292821285 40
1764467605901 0.011117756366729736 45
1764467659903 0.012635479370752933 50
1764467713831 0.016209512948989868 55
1764467767729 0.019288738568623898 60
1764467821631 0.016078084707260132 65
1764467875616 0.0172063410282135 70
1764467929537 0.023242751757303837 75
1764467983507 0.010027825832366943 80
1764468037435 0.01322748263676965 85
1764468091382 0.0033209820588429584 90
1764468145152 0.008388539155324226 95
1764468199074 0.02233416835467017 100
1764468252968 0.02436951796213782 105
1764468307002 0.0185373226801554 110
1764468360975 0.007485300302505493 115
1764468414924 0.016980429490407345 120
1764468468803 0.013372272253036499 125
1764468537031 0.027809947729110718 130
1764468591079 0.02264914909998572 135
1764468644956 0.02575912078221637 140
1764468698879 0.020996948083241818 145
1764468752785 0.02917879819869995 150
1764468806653 0.014001131057739258 155
1764468860614 0.02652032176653546 160
1764468914427 0.06128963828086853 165
1764468968246 0.0321519672870636 170
1764469022049 0.043518851200739506 175
1764469075979 0.03792349497477221 180
1764469129843 0.027121206124623654 185
1764469183815 0.03615663448969525 190
1764469237856 0.05049552520116174 195
1764469291811 0.040782441695531135 200
1764469345823 0.03370597958564753 205
1764469399852 0.037320226430892944 210
1764469453790 0.03567955891291297 215
1764469507800 0.0632540384928385 220
1764469561679 0.03860672314961755 225
1764469615663 0.020750810702641787 230
1764469669650 0.04280533393224084 235
1764469723606 0.06134943167368567 240
1764469777545 0.030517081419626835 245
1764469831414 0.012473324934641539 250
1764469899744 0.026324013868967655 255
1764469953737 0.0341748098532359 260
1764470007793 0.052545686562856075 265
1764470061689 0.0404619773228963 270
1764470115530 0.05020319422086078 275
1764470169430 0.08519965410232544 280
1764470223240 0.04357885320981342 285
1764470277136 0.02812349796295166 290
1764470331075 0.03586106499036146 295
1764470384978 0.027154535055160522 300
1764470438953 0.020623197158177675 305
1764470492945 0.047523538271586174 310
1764470546968 0.07782049973805749 315
1764470600980 0.05135950446128845 320
1764470654973 0.046897610028584835 325
1764470708870 0.036706507205963135 330
1764470762833 0.012696146965026855 335
1764470816839 0.009138007958730043 340
1764470870840 0.040066421031951904 345
1764470924832 0.0333000818888346 350
1764470978865 0.02405206362406409 355
1764471032778 0.05092563231786096 360
1764471086629 0.043924013773600334 365
1764471140501 0.036430468161900764 370
1764471194371 0.05620726943016052 375
1764471262373 0.05132882793744403 380
1764471316392 0.04141942660013842 385
1764471370283 0.03831346829732263 390
1764471424349 0.05251596371332806 395
1764471478268 0.04077835877736413 400
1764471532231 0.06344761451085407 405
1764471586131 0.027782360712687193 410
1764471640125 0.050772567590077644 415
1764471694077 0.05556444327036536 420
1764471747954 0.051369547843933105 425
1764471801909 0.03921431303024292 430
1764471855941 0.05058535933494568 435
1764471909833 0.04904838403066003 440
1764471963843 0.07495050628979999 445
1764472017834 0.043000489473342896 450
1764472071772 0.050000329812367794 455
1764472125781 0.05389956633249915 460
1764472179744 0.05421049396197003 465
1764472233724 0.06344407796859741 470
1764472287716 0.05258563160896301 475
1764472341605 0.0491248567899068 480
1764472395573 0.03851791222890211 485
1764472449466 0.04969525337219238 490
1764472503437 0.04683494567871094 495
1764472557372 0.025317639112472534 500
1764472625290 0.03713059425354004 505
1764472679353 0.05048348506291711 510
1764472733291 0.08603054285049433 515
1764472787188 0.06718789537747694 520
1764472841127 0.04963984092076612 525
1764472895082 0.08544162909189856 530
1764472949040 0.07264910141626996 535
1764473002989 0.035277207692464174 540
1764473056960 0.0662094851334889 545
1764473110987 0.06245465079943341 550
1764473165097 0.11024102568626398 555
1764473218997 0.05817814668019616 560
1764473272978 0.03509700298309326 565
1764473326942 0.05837546785672498 570
1764473380910 0.048427045345306396 575
1764473434914 0.07146808505058283 580
1764473488940 0.1011726558208465 585
1764473542938 0.08707800507545471 590
1764473596973 0.0695226987202962 595
1764473650987 0.05881146589914954 600
1764473704925 0.08137143651644385 605
1764473758828 0.04516702890396118 610
1764473812805 0.04620505372683209 615
1764473866634 0.03969830274581909 620
1764473920458 0.07184258103370667 625
1764473988372 0.08807972073554987 630
1764474042359 0.07299495736757916 635
1764474096455 0.06807110706965125 640
1764474150491 0.08067730069160461 645
1764474204502 0.06606034437815345 650
1764474258537 0.0976208051045736 655
1764474312547 0.07082397739092511 660
1764474366572 0.09462050596872967 665
1764474420543 0.07130637764930725 670
1764474474540 0.05884552001953125 675
1764474528520 0.09143893917401635 680
1764474582543 0.0908496081829071 685
1764474636578 0.1122191846370697 690
1764474690607 0.04212335745493573 695
1764474744596 0.09081012010574341 700
1764474798592 0.08666443824768066 705
1764474852488 0.10192568103472394 710
1764474906477 0.10367485880851746 715
1764474960464 0.06729864080746972 720
1764475014403 0.08904683589935297 725
1764475068414 0.10594178239504493 730
1764475122385 0.061564455429712894 735
1764475176316 0.06893142064412427 740
1764475230209 0.06304536263147992 745
1764475284008 0.11758438746134436 750
1764475351901 0.0994370281696319 755
1764475405789 0.07265282670656842 760
1764475459669 0.09995093941688538 765
1764475513671 0.11889451742172236 770
1764475567694 0.1099841992060343 775
1764475621651 0.14182989796002698 780
1764475675651 0.11705278356870019 785
1764475729607 0.13656044999758404 790
1764475783582 0.11369465788205457 795
1764475837623 0.08231084545453393 800
1764475891673 0.09590470790863032 805
1764475945656 0.13586001594861347 810
1764475999636 0.11051654815673828 815
1764476053649 0.08246422807375586 820
1764476107475 0.12097767988840735 825
1764476161277 0.05980911850929255 830
1764476215089 0.09223569432894385 835
1764476268866 0.10870564977327979 840
1764476322745 0.11833349863688153 845
1764476376642 0.10465694467226666 850
1764476430480 0.09966929753621417 855
1764476484313 0.11791131893793744 860
1764476538217 0.1453228890895843 865
1764476592060 0.09209172924359643 870
1764476645899 0.08943842848141986 875
1764476713779 0.08796470363934838 880
1764476767645 0.07642781734466553 885
1764476821662 0.14046779274940485 890
1764476875501 0.1530773937702179 895
1764476929400 0.11816724141438795 900
1764476983301 0.15318192044893902 905
1764477037248 0.11476093530654907 910
1764477091164 0.11236516634623206 915
1764477145018 0.11608029405275982 920
1764477198956 0.11255604028701782 925
1764477252876 0.13905937472979224 930
1764477306727 0.07003265619277949 935
1764477360563 0.06768299142519629 940
1764477414484 0.10550746321678156 945
1764477468355 0.12513474623362225 950
1764477522209 0.08364829421043396 955
1764477576060 0.1394975980122884 960
1764477629920 0.11853353182474774 965
1764477683755 0.14856071273485816 970
1764477737610 0.12093521157900489 975
1764477791587 0.09745274980862939 980
1764477845605 0.12253753344217932 985
1764477899580 0.11016324162483215 990
1764477953703 0.10150750478108722 995
1764478021671 0.1227670013904571 1000
1764478075583 0.0808722277482351 1005
1764478129446 0.11930929621060687 1010
1764478183285 0.0999812285105387 1015
1764478237212 0.1073255638281504 1020
1764478291034 0.10317822297414148 1025
1764478344882 0.12017150719960529 1030
1764478398701 0.13866928219795227 1035
1764478452538 0.1339926620324453 1040
1764478506368 0.1273150940736134 1045
1764478560232 0.130036860704422 1050
1764478614050 0.12099936604499811 1055
1764478667971 0.13621086875597638 1060
1764478721858 0.12791406114896137 1065
1764478775687 0.12359142303466797 1070
1764478829532 0.14320965607961017 1075
1764478883341 0.11197821299235028 1080
1764478937246 0.07761409878730774 1085
1764478991177 0.08416049679120374 1090
1764479045044 0.1170940101146698 1095
1764479098928 0.11575191219647724 1100
1764479152800 0.12466225028038025 1105
1764479206618 0.1204799314339956 1110
1764479260443 0.09547389547030127 1115
1764479314376 0.14288257559140527 1120
1764479368243 0.1474738319714864 1125
1764479436164 0.1142068405946095 1130
1764479490245 0.14615311225255329 1135
1764479544219 0.1336179077625274 1140
1764479598260 0.11140660444895423 1145
1764479652221 0.12325389186541241 1150
1764479706295 0.1282822092374165 1155
1764479760316 0.09497571984926861 1160
1764479814333 0.16078527768452966 1165
1764479868283 0.10755286614100135 1170
1764479922285 0.12285683552424115 1175
1764479976311 0.09778169790903724 1180
1764480030444 0.11275580525398254 1185
1764480084434 0.0860326886177063 1190
1764480138486 0.148817241191864 1195
1764480192553 0.08331131935119629 1200
1764480246508 0.10141444206237793 1205
1764480300503 0.09654825925827026 1210
1764480354562 0.1227055390675863 1215
1764480408621 0.10124301910400385 1220
1764480462438 0.1484028398990631 1225
1764480516371 0.13774999976158142 1230
1764480570382 0.10865422089894611 1235
1764480624350 0.11068720618883765 1240
1764480678383 0.05353261033693946 1245
1764480746402 0.1533625225226084 1250
