1764467174632 0.00397805885101358 5
1764467228608 0.05807046095530192 10
1764467282653 0.5077838699022929 15
1764467336507 0.6339785655339558 20
1764467390339 0.3853193422158559 25
1764467444217 0.5572750965754191 30
1764467498075 0.5164004365603129 35
1764467551955 0.48913514614105225 40
1764467605901 0.5129194855690002 45
1764467659903 0.506584068139394 50
1764467713831 0.4952918589115143 55
1764467767729 0.5452517867088318 60
1764467821631 0.5044630765914917 65
1764467875616 0.4841157297293345 70
1764467929537 0.5702540477116902 75
1764467983507 0.5728344321250916 80
1764468037435 0.54097980260849 85
1764468091382 0.46861820419629413 90
1764468145152 0.5051379998524983 95
1764468199074 0.48673517505327857 100
1764468252968 0.5263853470484415 105
1764468307002 0.505959262450536 110
1764468360975 0.4921230375766754 115
1764468414924 0.515548825263977 120
1764468468803 0.4850024084250132 125
1764468537031 0.444617360830307 130
1764468591079 0.5776433149973551 135
1764468644956 0.4639158447583516 140
1764468698879 0.4714391827583313 145
1764468752785 0.45167680581410724 150
1764468806653 0.6200324296951294 155
1764468860614 0.4702916940053304 160
1764468914427 0.43769120176633197 165
1764468968246 0.4763651887575785 170
1764469022049 0.5443946520487467 175
1764469075979 0.5731773376464844 180
1764469129843 0.41951969265937805 185
1764469183815 0.5270138382911682 190
1764469237856 0.5733548402786255 195
1764469291811 0.516617198785146 200
1764469345823 0.5000851353009541 205
1764469399852 0.47781365116437274 210
1764469453790 0.5637753804524739 215
1764469507800 0.568714420000712 220
1764469561679 0.49061495065689087 225
1764469615663 0.48092741767565406 230
1764469669650 0.5824464559555054 235
1764469723606 0.46760622660319007 240
1764469777545 0.58050004641215 245
1764469831414 0.43723060687383014 250
1764469899744 0.5767412583033243 255
1764469953737 0.46356986959775287 260
1764470007793 0.5129363536834717 265
1764470061689 0.5351720849672953 270
1764470115530 0.5412946144739786 275
1764470169430 0.6144591967264811 280
1764470223240 0.5417923132578532 285
1764470277136 0.4995084504286448 290
1764470331075 0.5264450510342915 295
1764470384978 0.4659943381945292 300
1764470438953 0.4893453220526377 305
1764470492945 0.5644053220748901 310
1764470546968 0.5818500916163126 315
1764470600980 0.47257207830746967 320
1764470654973 0.4620811939239502 325
1764470708870 0.5577957034111023 330
1764470762833 0.5319872101147969 335
1764470816839 0.48103054364522296 340
1764470870840 0.5392801562945048 345
1764470924832 0.5103382567564646 350
1764470978865 0.46800590554873145 355
1764471032778 0.5665007630983988 360
1764471086629 0.564793586730957 365
1764471140501 0.50618710120519 370
1764471194371 0.4943804244200388 375
1764471262373 0.4765109916528066 380
1764471316392 0.5564112067222595 385
1764471370283 0.507685124874115 390
1764471424349 0.4589514931042989 395
1764471478268 0.5273135900497437 400
1764471532231 0.49929704268773395 405
1764471586131 0.5041026473045349 410
1764471640125 0.5693071683247883 415
1764471694077 0.5077231129010518 420
1764471747954 0.5534246365229288 425
1764471801909 0.5148361921310425 430
1764471855941 0.5041096806526184 435
1764471909833 0.5546220342318217 440
1764471963843 0.5080916086832682 445
1764472017834 0.48331318298975623 450
1764472071772 0.5198074579238892 455
1764472125781 0.5651290615399678 460
1764472179744 0.5095862150192261 465
1764472233724 0.5259038011233012 470
1764472287716 0.5119859377543131 475
1764472341605 0.4877607921759287 480
1764472395573 0.5633413394292195 485
1764472449466 0.46850742896397907 490
1764472503437 0.5878572066624959 495
1764472557372 0.4437198340892792 500
1764472625290 0.5552784403165181 505
1764472679353 0.4914754331111908 510
1764472733291 0.5508254965146382 515
1764472787188 0.5032912095387776 520
1764472841127 0.5459969838460286 525
1764472895082 0.5471420089403788 530
1764472949040 0.5553339719772339 535
1764473002989 0.5172387758890787 540
1764473056960 0.5509547193845112 545
1764473110987 0.4866776665051778 550
1764473165097 0.6004486878712971 555
1764473218997 0.5292196869850159 560
1764473272978 0.5514626105626423 565
1764473326942 0.5303561886151631 570
1764473380910 0.4966298739115397 575
1764473434914 0.5481996138890584 580
1764473488940 0.5346460541089375 585
1764473542938 0.5081292688846588 590
1764473596973 0.5471609632174174 595
1764473650987 0.5198369522889454 600
1764473704925 0.5084217886130015 605
1764473758828 0.5625302990277607 610
1764473812805 0.49518150091171265 615
1764473866634 0.5518714189529419 620
1764473920458 0.5555434226989746 625
1764473988372 0.5286276539166768 630
1764474042359 0.5237417817115784 635
1764474096455 0.5455478032430012 640
1764474150491 0.545783519744873 645
1764474204502 0.5120037992795308 650
1764474258537 0.6209721565246582 655
1764474312547 0.500993013381958 660
1764474366572 0.548387348651886 665
1764474420543 0.5517534017562866 670
1764474474540 0.48539052406946814 675
1764474528520 0.5869559049606323 680
1764474582543 0.4911351998647054 685
1764474636578 0.5891793370246887 690
1764474690607 0.5050753355026245 695
1764474744596 0.5381061236063639 700
1764474798592 0.5380709767341614 705
1764474852488 0.583525538444519 710
1764474906477 0.530979851881663 715
1764474960464 0.5404941439628601 720
1764475014403 0.5377391179402669 725
1764475068414 0.5734398166338602 730
1764475122385 0.5008935829003651 735
1764475176316 0.5627413590749104 740
1764475230209 0.5233163833618164 745
1764475284008 0.5613450209299723 750
1764475351901 0.5449107487996419 755
1764475405789 0.5532465577125549 760
1764475459669 0.5467981497446696 765
1764475513671 0.5395420392354329 770
1764475567694 0.5496086279551188 775
1764475621651 0.5622382362683613 780
1764475675651 0.5298778414726257 785
1764475729607 0.6136208772659302 790
1764475783582 0.5332245429356892 795
1764475837623 0.5438449382781982 800
1764475891673 0.5489361484845479 805
1764475945656 0.5690544048945109 810
1764475999636 0.5370094776153564 815
1764476053649 0.5117082794507344 820
1764476107475 0.6123007337252299 825
1764476161277 0.5212520559628804 830
1764476215089 0.5373224814732869 835
1764476268866 0.586342970530192 840
1764476322745 0.5442039966583252 845
1764476376642 0.5522356033325195 850
1764476430480 0.5548590222994486 855
1764476484313 0.5364341139793396 860
1764476538217 0.5789333184560139 865
1764476592060 0.5769525766372681 870
1764476645899 0.5367861191431681 875
1764476713779 0.5290475487709045 880
1764476767645 0.544631838798523 885
1764476821662 0.5761562188466389 890
1764476875501 0.5524218082427979 895
1764476929400 0.5332632859547932 900
1764476983301 0.6018306016921997 905
1764477037248 0.5545554757118225 910
1764477091164 0.5358981092770894 915
1764477145018 0.5325605869293213 920
1764477198956 0.553872267405192 925
1764477252876 0.6055422623952229 930
1764477306727 0.5443151195844014 935
1764477360563 0.4877915481726328 940
1764477414484 0.5374891360600789 945
1764477468355 0.5636283159255981 950
1764477522209 0.5222211281458536 955
1764477576060 0.580951968828837 960
1764477629920 0.5788954496383667 965
1764477683755 0.56364373366038 970
1764477737610 0.5388454596201578 975
1764477791587 0.5602377653121948 980
1764477845605 0.5535877148310343 985
1764477899580 0.5637713074684143 990
1764477953703 0.5646963516871134 995
1764478021671 0.5613219340642293 1000
1764478075583 0.5460856556892395 1005
1764478129446 0.5523131291071574 1010
1764478183285 0.5467018087704976 1015
1764478237212 0.5308503111203511 1020
1764478291034 0.5624566674232483 1025
1764478344882 0.5616811911265055 1030
1764478398701 0.5608498454093933 1035
1764478452538 0.5836805701255798 1040
1764478506368 0.5736965735753377 1045
1764478560232 0.5504045883814493 1050
1764478614050 0.5631961425145466 1055
1764478667971 0.5616181492805481 1060
1764478721858 0.5676548878351847 1065
1764478775687 0.5876962343851725 1070
1764478829532 0.5819023648897806 1075
1764478883341 0.5547797083854675 1080
1764478937246 0.5446643034617106 1085
1764478991177 0.5534523924191792 1090
1764479045044 0.5667937795321146 1095
1764479098928 0.5491888324419657 1100
1764479152800 0.5699637333552042 1105
1764479206618 0.5902523994445801 1110
1764479260443 0.5447572867075602 1115
1764479314376 0.5861865878105164 1120
1764479368243 0.5773489276568095 1125
1764479436164 0.5476600726445515 1130
1764479490245 0.5681387583414713 1135
1764479544219 0.5606912573178608 1140
1764479598260 0.5623989899953206 1145
1764479652221 0.565477192401886 1150
1764479706295 0.5719756682713826 1155
1764479760316 0.5547032952308655 1160
1764479814333 0.57553631067276 1165
1764479868283 0.545247087876002 1170
1764479922285 0.5519585609436035 1175
1764479976311 0.5456881324450175 1180
1764480030444 0.5614681045214335 1185
1764480084434 0.5662692586580912 1190
1764480138486 0.5719576279322306 1195
1764480192553 0.5510179797808329 1200
1764480246508 0.5604116717974345 1205
1764480300503 0.5492815971374512 1210
1764480354562 0.5706356167793274 1215
1764480408621 0.5533626874287922 1220
1764480462438 0.5763696432113647 1225
1764480516371 0.5606310764948527 1230
1764480570382 0.5405705372492472 1235
1764480624350 0.56410018603007 1240
1764480678383 0.531477948029836 1245
1764480746402 0.556961437066396 1250
