1764467174632 0.004000483546406031 5
1764467228608 0.057861508180697754 10
1764467282653 0.5095506111780802 15
1764467336507 0.6290014783541361 20
1764467390339 0.38418449958165485 25
1764467444217 0.5514665842056274 30
1764467498075 0.5147259831428528 35
1764467551955 0.48452533284823096 40
1764467605901 0.5018017292022705 45
1764467659903 0.4939485887686411 50
1764467713831 0.4790823459625244 55
1764467767729 0.5259630481402079 60
1764467821631 0.48838499188423157 65
1764467875616 0.466909388701121 70
1764467929537 0.5470112959543864 75
1764467983507 0.5628066062927246 80
1764468037435 0.5277523199717203 85
1764468091382 0.46529722213745117 90
1764468145152 0.4967494606971741 95
1764468199074 0.4644010066986084 100
1764468252968 0.5020158290863037 105
1764468307002 0.4874219397703806 110
1764468360975 0.4846377372741699 115
1764468414924 0.4985683957735697 120
1764468468803 0.4716301361719767 125
1764468537031 0.4168074131011963 130
1764468591079 0.5549941658973694 135
1764468644956 0.43815672397613525 140
1764468698879 0.4504422346750895 145
1764468752785 0.4224980076154073 150
1764468806653 0.6060312986373901 155
1764468860614 0.4437713722387949 160
1764468914427 0.37640156348546344 165
1764468968246 0.4442132214705149 170
1764469022049 0.5008758008480072 175
1764469075979 0.5352538426717122 180
1764469129843 0.3923984865347544 185
1764469183815 0.49085720380147296 190
1764469237856 0.5228593150774637 195
1764469291811 0.47583475708961487 200
1764469345823 0.4663791557153066 205
1764469399852 0.4404934247334798 210
1764469453790 0.5280958215395609 215
1764469507800 0.5054603815078735 220
1764469561679 0.4520082275072733 225
1764469615663 0.46017660697301227 230
1764469669650 0.5396411220232645 235
1764469723606 0.4062567949295044 240
1764469777545 0.5499829649925232 245
1764469831414 0.4247572819391886 250
1764469899744 0.5504172444343567 255
1764469953737 0.42939505974451697 260
1764470007793 0.4603906671206156 265
1764470061689 0.494710107644399 270
1764470115530 0.49109142025311786 275
1764470169430 0.5292595426241556 280
1764470223240 0.49821346004803974 285
1764470277136 0.4713849524656931 290
1764470331075 0.49058398604393005 295
1764470384978 0.43883980313936866 300
1764470438953 0.46872212489446 305
1764470492945 0.516881783803304 310
1764470546968 0.5040295918782551 315
1764470600980 0.4212125738461812 320
1764470654973 0.41518358389536536 325
1764470708870 0.5210891962051392 330
1764470762833 0.51929106314977 335
1764470816839 0.4718925356864929 340
1764470870840 0.49921373526255286 345
1764470924832 0.47703817486763 350
1764470978865 0.44395384192466736 355
1764471032778 0.5155751307805378 360
1764471086629 0.5208695729573567 365
1764471140501 0.4697566330432892 370
1764471194371 0.4381731549898783 375
1764471262373 0.42518216371536255 380
1764471316392 0.5149917801221211 385
1764471370283 0.46937165657679236 390
1764471424349 0.40643552939097083 395
1764471478268 0.4865352312723795 400
1764471532231 0.4358494281768799 405
1764471586131 0.4763202865918477 410
1764471640125 0.5185346007347107 415
1764471694077 0.4521586696306864 420
1764471747954 0.5020550886789957 425
1764471801909 0.47562187910079956 430
1764471855941 0.45352432131767273 435
1764471909833 0.5055736502011616 440
1764471963843 0.4331411023934682 445
1764472017834 0.44031269351641333 450
1764472071772 0.46980712811152137 455
1764472125781 0.5112294952074686 460
1764472179744 0.45537572105725604 465
1764472233724 0.46245972315470374 470
1764472287716 0.4594003061453501 475
1764472341605 0.4386359353860219 480
1764472395573 0.5248234272003174 485
1764472449466 0.4188121755917867 490
1764472503437 0.5410222609837849 495
1764472557372 0.41840219497680664 500
1764472625290 0.518147846062978 505
1764472679353 0.4409919480482737 510
1764472733291 0.46479495366414386 515
1764472787188 0.43610331416130066 520
1764472841127 0.49635714292526245 525
1764472895082 0.4617003798484802 530
1764472949040 0.48268487056096393 535
1764473002989 0.48196156819661456 540
1764473056960 0.48474523425102234 545
1764473110987 0.4242230157057444 550
1764473165097 0.49020766218503314 555
1764473218997 0.4710415403048197 560
1764473272978 0.5163656075795491 565
1764473326942 0.4719807207584381 570
1764473380910 0.4482028285662333 575
1764473434914 0.4767315288384755 580
1764473488940 0.433473398288091 585
1764473542938 0.4210512638092041 590
1764473596973 0.47763826449712116 595
1764473650987 0.4610254863897959 600
1764473704925 0.4270503520965576 605
1764473758828 0.5173632701237996 610
1764473812805 0.44897644718488056 615
1764473866634 0.5121731162071228 620
1764473920458 0.48370084166526794 625
1764473988372 0.4405479331811269 630
1764474042359 0.4507468243439992 635
1764474096455 0.47747669617335 640
1764474150491 0.46510621905326843 645
1764474204502 0.4459434549013773 650
1764474258537 0.5233513514200846 655
1764474312547 0.4301690359910329 660
1764474366572 0.4537668426831563 665
1764474420543 0.48044702410697937 670
1764474474540 0.4265450040499369 675
1764474528520 0.49551696578661597 680
1764474582543 0.4002855916817983 685
1764474636578 0.476960152387619 690
1764474690607 0.4629519780476888 695
1764474744596 0.4472960035006205 700
1764474798592 0.4514065384864807 705
1764474852488 0.4815998574097951 710
1764474906477 0.4273049930731455 715
1764474960464 0.4731955031553904 720
1764475014403 0.4486922820409139 725
1764475068414 0.4674980342388153 730
1764475122385 0.4393291274706522 735
1764475176316 0.49380993843078613 740
1764475230209 0.4602710207303365 745
1764475284008 0.44376063346862793 750
1764475351901 0.44547372063000995 755
1764475405789 0.4805937310059865 760
1764475459669 0.4468472103277842 765
1764475513671 0.4206475218137105 770
1764475567694 0.4396244287490845 775
1764475621651 0.42040833830833435 780
1764475675651 0.41282505790392554 785
1764475729607 0.47706042726834613 790
1764475783582 0.41952988505363464 795
1764475837623 0.4615340928236643 800
1764475891673 0.45303144057591754 805
1764475945656 0.4331943889458974 810
1764475999636 0.42649292945861816 815
1764476053649 0.4292440513769785 820
1764476107475 0.4913230538368225 825
1764476161277 0.46144293745358783 830
1764476215089 0.445086787144343 835
1764476268866 0.47763732075691223 840
1764476322745 0.42587049802144367 845
1764476376642 0.44757865866025287 850
1764476430480 0.45518972476323444 855
1764476484313 0.41852279504140216 860
1764476538217 0.43361042936642963 865
1764476592060 0.48486084739367163 870
1764476645899 0.44734769066174823 875
1764476713779 0.44108284513155616 880
1764476767645 0.4682040214538574 885
1764476821662 0.43568842609723407 890
1764476875501 0.39934441447257996 895
1764476929400 0.4150960445404053 900
1764476983301 0.4486486812432607 905
1764477037248 0.43979454040527344 910
1764477091164 0.4235329429308573 915
1764477145018 0.41648029287656146 920
1764477198956 0.4413162271181742 925
1764477252876 0.46648288766543067 930
1764477306727 0.4742824633916219 935
1764477360563 0.4201085567474365 940
1764477414484 0.4319816728432973 945
1764477468355 0.4384935696919759 950
1764477522209 0.4385728339354197 955
1764477576060 0.44145437081654865 960
1764477629920 0.46036191781361896 965
1764477683755 0.41508302092552185 970
1764477737610 0.41791024804115295 975
1764477791587 0.46278501550356543 980
1764477845605 0.431050181388855 985
1764477899580 0.45360806584358215 990
1764477953703 0.4631888469060262 995
1764478021671 0.43855493267377216 1000
1764478075583 0.4652134279410044 1005
1764478129446 0.4330038328965505 1010
1764478183285 0.44672058025995887 1015
1764478237212 0.4235247472922007 1020
1764478291034 0.4592784444491068 1025
1764478344882 0.4415096839269002 1030
1764478398701 0.42218056321144104 1035
1764478452538 0.4496879080931345 1040
1764478506368 0.44638147950172424 1045
1764478560232 0.42036772767702735 1050
1764478614050 0.4421967764695485 1055
1764478667971 0.4254072805245717 1060
1764478721858 0.43974082668622333 1065
1764478775687 0.4641048113505045 1070
1764478829532 0.4386927088101705 1075
1764478883341 0.44280149539311725 1080
1764478937246 0.46705020467440284 1085
1764478991177 0.46929189562797546 1090
1764479045044 0.44969976941744483 1095
1764479098928 0.43343692024548847 1100
1764479152800 0.445301483074824 1105
1764479206618 0.4697724680105845 1110
1764479260443 0.4492833912372589 1115
1764479314376 0.4433040122191111 1120
1764479368243 0.42987509568532306 1125
1764479436164 0.433453232049942 1130
1764479490245 0.42198564608891803 1135
1764479544219 0.42707334955533344 1140
1764479598260 0.45099238554636634 1145
1764479652221 0.4422233005364736 1150
1764479706295 0.44369345903396606 1155
1764479760316 0.45972757538159686 1160
1764479814333 0.41475103298823035 1165
1764479868283 0.4376942217350006 1170
1764479922285 0.42910172541936237 1175
1764479976311 0.4479064345359802 1180
1764480030444 0.44871229926745093 1185
1764480084434 0.4802365700403849 1190
1764480138486 0.4231403867403666 1195
1764480192553 0.4677066604296366 1200
1764480246508 0.4589972297350565 1205
1764480300503 0.4527333378791809 1210
1764480354562 0.4479300777117411 1215
1764480408621 0.4521196683247884 1220
1764480462438 0.42796680331230164 1225
1764480516371 0.42288107673327124 1230
1764480570382 0.4319163163503011 1235
1764480624350 0.4534129798412323 1240
1764480678383 0.4779453376928965 1245
1764480746402 0.4035989145437876 1250
