1764183262819 -0.34193312376737595 1
1764183273967 -0.33929867297410965 2
1764183284720 -0.33605069667100906 3
1764183295513 -0.34032005071640015 4
1764183306300 -0.3382127806544304 5
1764183317127 -0.33908966183662415 6
1764183327974 -0.3368563652038574 7
1764183338798 -0.33820101618766785 8
1764183349595 -0.33827096223831177 9
1764183360408 -0.3413124307990074 10
1764183371209 -0.33867789804935455 11
1764183382005 -0.33914700150489807 12
1764183392792 -0.3404417410492897 13
1764183403618 -0.3423454165458679 14
1764183414396 -0.34260300546884537 15
1764183425177 -0.34040389209985733 16
1764183435976 -0.3362404704093933 17
1764183446838 -0.34240496158599854 18
1764183457615 -0.34147243201732635 19
1764183468500 -0.34464628249406815 20
1764183479246 -0.34101326018571854 21
1764183490018 -0.3348255679011345 22
1764183500768 -0.33480893075466156 23
1764183511529 -0.34679100662469864 24
1764183522279 -0.34052541851997375 25
1764183533051 -0.33776507526636124 26
1764183543802 -0.32890280336141586 27
1764183554580 -0.3435249924659729 28
1764183565310 -0.34107087552547455 29
1764183576023 -0.3396538347005844 30
1764183586763 -0.32703816145658493 31
1764183597514 -0.3368433117866516 32
1764183608254 -0.3275248855352402 33
1764183618975 -0.33292242139577866 34
1764183629710 -0.3337630480527878 35
1764183640477 -0.34160804748535156 36
1764183651227 -0.32827258855104446 37
1764183661967 -0.33379824459552765 38
1764183672691 -0.33738555014133453 39
1764183683394 -0.3341103866696358 40
1764183694136 -0.3381211683154106 41
1764183704848 -0.32749849557876587 42
1764183715575 -0.3307167589664459 43
1764183726333 -0.33243778347969055 44
1764183737075 -0.33282138407230377 45
1764183747852 -0.32992279529571533 46
1764183758567 -0.3383604884147644 47
1764183769332 -0.3352440074086189 48
1764183780037 -0.3361367955803871 49
1764183790751 -0.3386841490864754 50
1764183801509 -0.33778778463602066 51
1764183812279 -0.3375181257724762 52
1764183823019 -0.33452197164297104 53
1764183833736 -0.33682697266340256 54
1764183844447 -0.33826588094234467 55
1764183855169 -0.33429447561502457 56
1764183865909 -0.33552641421556473 57
1764183876613 -0.33108991384506226 58
1764183887428 -0.331774577498436 59
1764183898217 -0.33970925211906433 60
1764183908915 -0.33635077625513077 61
1764183919628 -0.3414325565099716 62
1764183930322 -0.33459102362394333 63
1764183941093 -0.3353108763694763 64
1764183951802 -0.3316710516810417 65
1764183962535 -0.33306074142456055 66
1764183973231 -0.3357573449611664 67
1764183984000 -0.34070123732089996 68
1764183994704 -0.3415912613272667 69
1764184005428 -0.3361659124493599 70
1764184016129 -0.34075404703617096 71
1764184026829 -0.3430326581001282 72
1764184037574 -0.34281618148088455 73
1764184048306 -0.3363839313387871 74
1764184059040 -0.3336368575692177 75
1764184069736 -0.340136356651783 76
1764184080461 -0.33438464254140854 77
1764184091184 -0.32832008600234985 78
1764184101896 -0.33340611308813095 79
1764184112649 -0.34295421093702316 80
1764184123344 -0.32904864102602005 81
1764184134129 -0.34131933003664017 82
1764184144898 -0.3432985618710518 83
1764184155617 -0.34313030540943146 84
1764184166351 -0.341470330953598 85
1764184177115 -0.3429814875125885 86
1764184187815 -0.3426107093691826 87
1764184198577 -0.3408973813056946 88
1764184209263 -0.3488686680793762 89
1764184220006 -0.3450217545032501 90
1764184230691 -0.3328174352645874 91
1764184241415 -0.33818936347961426 92
1764184252136 -0.3359532579779625 93
1764184262880 -0.34340620785951614 94
1764184273645 -0.33160874247550964 95
1764184284387 -0.3356126844882965 96
1764184295182 -0.3326619267463684 97
1764184305926 -0.3388669267296791 98
1764184316747 -0.33947601169347763 99
1764184327446 -0.3347146436572075 100
1764184338148 -0.3404907360672951 101
1764184348871 -0.3479551896452904 102
1764184359605 -0.34112448990345 103
1764184370347 -0.34596818685531616 104
1764184381060 -0.338548943400383 105
1764184391799 -0.34000618755817413 106
1764184402558 -0.33704153448343277 107
1764184413285 -0.3328970596194267 108
1764184424019 -0.33110208809375763 109
1764184434711 -0.33774931728839874 110
1764184445445 -0.3392359986901283 111
1764184456156 -0.3365691676735878 112
1764184466842 -0.33753833174705505 113
1764184477550 -0.33710672706365585 114
1764184488254 -0.3357233628630638 115
1764184498953 -0.3294973000884056 116
1764184509664 -0.3339800536632538 117
1764184520373 -0.3382539004087448 118
1764184531107 -0.3358842805027962 119
1764184541824 -0.33756817877292633 120
1764184552550 -0.34563516825437546 121
1764184563289 -0.3461409956216812 122
1764184574025 -0.3421144559979439 123
1764184584788 -0.34406378865242004 124
1764184595499 -0.33826006203889847 125
1764184606228 -0.3481134697794914 126
1764184616922 -0.33638353645801544 127
1764184627656 -0.33867277204990387 128
1764184638337 -0.33070050925016403 129
1764184649093 -0.3386060371994972 130
1764184659771 -0.33498286455869675 131
1764184670535 -0.34826309978961945 132
1764184681266 -0.3420458659529686 133
1764184692007 -0.34144508093595505 134
1764184702739 -0.35309433937072754 135
1764184713447 -0.34245961904525757 136
1764184724168 -0.3452151417732239 137
1764184735016 -0.3447997495532036 138
1764184745817 -0.3368644192814827 139
1764184756537 -0.341490738093853 140
1764184767283 -0.34089596569538116 141
1764184778013 -0.3379668816924095 142
1764184788739 -0.34281353652477264 143
1764184799435 -0.33540812134742737 144
1764184810136 -0.33799249678850174 145
1764184820833 -0.3411547914147377 146
1764184831527 -0.340529166162014 147
1764184842246 -0.3452247083187103 148
1764184853005 -0.3466123193502426 149
1764184863744 -0.3438044488430023 150
1764184874444 -0.3379625827074051 151
1764184885183 -0.34413497149944305 152
1764184895903 -0.3426123261451721 153
1764184906645 -0.3299787864089012 154
1764184917343 -0.3323129937052727 155
1764184928079 -0.34239864349365234 156
1764184938799 -0.33984120935201645 157
1764184949553 -0.3435440883040428 158
1764184960348 -0.34268905967473984 159
1764184971029 -0.3438950181007385 160
1764184981744 -0.34090138226747513 161
1764184992467 -0.34008146077394485 162
1764185003218 -0.333216167986393 163
1764185013943 -0.3390890955924988 164
1764185024666 -0.33737436681985855 165
1764185035384 -0.34082912653684616 166
1764185046118 -0.33629146963357925 167
1764185056859 -0.33997874706983566 168
1764185067522 -0.33356569707393646 169
1764185078224 -0.3435066267848015 170
1764185088915 -0.34151554852724075 171
1764185099628 -0.33895328640937805 172
1764185110361 -0.3347082808613777 173
1764185121093 -0.3379030004143715 174
1764185131790 -0.33953985571861267 175
1764185142632 -0.33622728288173676 176
1764185153370 -0.3385426476597786 177
1764185164111 -0.3393102064728737 178
1764185174825 -0.34337882697582245 179
1764185185521 -0.34215565770864487 180
1764185196245 -0.3455120846629143 181
1764185206975 -0.3458184003829956 182
1764185217673 -0.33232250064611435 183
1764185228459 -0.33631352335214615 184
1764185239188 -0.3385404422879219 185
1764185249883 -0.3371228575706482 186
1764185260616 -0.34006428718566895 187
1764185271436 -0.3450407534837723 188
1764185282151 -0.3468710631132126 189
1764185292855 -0.342885360121727 190
1764185303622 -0.3465142995119095 191
1764185314387 -0.33878662437200546 192
1764185325106 -0.33161042630672455 193
1764185335859 -0.3356516510248184 194
1764185346571 -0.3323603421449661 195
1764185388009 -0.3302968442440033 196
1764185398699 -0.33924490213394165 197
1764185409398 -0.3430427089333534 198
1764185420111 -0.3421611711382866 199
1764185430861 -0.3444438800215721 200
1764185441589 -0.3478798270225525 201
1764185452322 -0.3453674986958504 202
1764185463070 -0.3453042730689049 203
1764185473822 -0.33809949457645416 204
1764185484527 -0.3341887891292572 205
1764185495257 -0.326396144926548 206
1764185506055 -0.33013278990983963 207
1764185516797 -0.33020292967557907 208
1764185527563 -0.32960689067840576 209
1764185538364 -0.3390585035085678 210
1764185549114 -0.3455668017268181 211
1764185559837 -0.3473118841648102 212
1764185570564 -0.33963317424058914 213
1764185581310 -0.34801699966192245 214
1764185592038 -0.34714629501104355 215
1764185602883 -0.3448907509446144 216
1764185613788 -0.33910074830055237 217
1764185624541 -0.342323936522007 218
1764185635286 -0.3381076604127884 219
1764185646051 -0.3418167904019356 220
1764185656760 -0.32664234936237335 221
1764185667523 -0.3418884128332138 222
1764185678277 -0.33732298016548157 223
1764185689004 -0.34165219217538834 224
1764185699731 -0.34116094559431076 225
1764185710460 -0.35080596804618835 226
1764185721195 -0.34360552579164505 227
1764185731917 -0.34763340651988983 228
1764185742688 -0.34884995222091675 229
1764185753404 -0.34696169197559357 230
1764185764175 -0.3400482162833214 231
1764185774875 -0.3426506370306015 232
1764185785589 -0.34033115953207016 233
1764185796326 -0.3405773788690567 234
1764185807043 -0.33627384155988693 235
1764185817760 -0.3397248238325119 236
1764185828506 -0.34626349806785583 237
1764185839229 -0.33594994246959686 238
1764185849935 -0.3372526690363884 239
1764185860711 -0.34641091525554657 240
1764185871420 -0.345182903110981 241
1764185882144 -0.33593396097421646 242
1764185892933 -0.347526952624321 243
1764185903676 -0.34317053109407425 244
1764185914434 -0.3357469439506531 245
1764185925219 -0.33953308314085007 246
1764185935959 -0.3355034813284874 247
1764185946751 -0.3413030579686165 248
1764185957486 -0.3415732979774475 249
1764185968204 -0.3347012549638748 250
1764185978944 -0.33537133038043976 251
1764185989666 -0.34039701521396637 252
1764186000392 -0.33918367326259613 253
1764186011115 -0.34245647490024567 254
1764186021830 -0.33876983076334 255
1764186032588 -0.34138090908527374 256
1764186043410 -0.337379589676857 257
1764186054155 -0.3464468792080879 258
1764186064866 -0.33875422924757004 259
1764186075601 -0.33905429393053055 260
1764186086302 -0.3262064456939697 261
1764186097049 -0.33623621612787247 262
1764186107807 -0.332362100481987 263
1764186118564 -0.34241851419210434 264
1764186129293 -0.3411037474870682 265
1764186140061 -0.34005139023065567 266
1764186150817 -0.33913855254650116 267
1764186161520 -0.3482256457209587 268
1764186172261 -0.3432161211967468 269
1764186182976 -0.3427658975124359 270
1764186193696 -0.34737973660230637 271
1764186204410 -0.33675961196422577 272
1764186215137 -0.34539177268743515 273
1764186225901 -0.33289287984371185 274
1764186236611 -0.33580777049064636 275
1764186247332 -0.3285523056983948 276
1764186258049 -0.33274298161268234 277
1764186268764 -0.34382208436727524 278
1764186279501 -0.34442364424467087 279
1764186290224 -0.34641436487436295 280
1764186300965 -0.3439975678920746 281
1764186311737 -0.3455504849553108 282
1764186322422 -0.34567391872406006 283
1764186333159 -0.3403186500072479 284
1764186343920 -0.3380945697426796 285
1764186354663 -0.3370385393500328 286
1764186365379 -0.33119742572307587 287
1764186376101 -0.33178769052028656 288
1764186386798 -0.32760437577962875 289
1764186397531 -0.3359919860959053 290
1764186408255 -0.342327319085598 291
1764186419009 -0.34900451451539993 292
1764186429761 -0.34116895496845245 293
1764186440465 -0.33947471529245377 294
1764186451211 -0.33982355892658234 295
1764186461984 -0.3322122320532799 296
1764186472817 -0.3409971818327904 297
1764186483557 -0.3324716091156006 298
1764186494290 -0.3356672525405884 299
1764186505049 -0.3409179225564003 300
1764186515799 -0.3363553211092949 301
1764186526502 -0.3392307981848717 302
1764186537260 -0.34052977710962296 303
1764186548009 -0.3405442535877228 304
1764186558777 -0.34345079958438873 305
1764186569506 -0.3422611206769943 306
1764186580259 -0.34105293452739716 307
1764186591003 -0.3416895791888237 308
1764186601744 -0.33659347146749496 309
1764186612484 -0.3389635384082794 310
1764186623311 -0.3417683243751526 311
1764186634056 -0.34014009684324265 312
1764186644790 -0.3441946282982826 313
1764186655527 -0.34626149386167526 314
1764186666228 -0.34209977090358734 315
1764186676939 -0.3418666869401932 316
1764186687670 -0.3447216898202896 317
1764186698386 -0.3465605452656746 318
1764186709112 -0.34833019971847534 319
1764186719851 -0.34516196697950363 320
1764186730603 -0.3465243726968765 321
1764186741366 -0.3432997763156891 322
1764186752126 -0.3410405144095421 323
1764186762877 -0.3396524041891098 324
1764186773594 -0.33461908996105194 325
1764186784287 -0.33975163102149963 326
1764186795013 -0.34240376204252243 327
1764186805732 -0.3428584039211273 328
1764186816458 -0.35096023976802826 329
1764186827181 -0.3528110012412071 330
1764186837902 -0.35307685285806656 331
1764186848635 -0.3542039319872856 332
1764186859319 -0.351125530898571 333
1764186870159 -0.3471989184617996 334
1764186880914 -0.3441269099712372 335
1764186891674 -0.3442118614912033 336
1764186902395 -0.33734024316072464 337
1764186913158 -0.3300571069121361 338
1764186923977 -0.3411784917116165 339
1764186934718 -0.34215056151151657 340
1764186945435 -0.3384539857506752 341
1764186956206 -0.33886583149433136 342
1764186966951 -0.34903009980916977 343
1764186977711 -0.3490794152021408 344
1764186988444 -0.34737810492515564 345
1764186999182 -0.3485596850514412 346
1764187009908 -0.33915679156780243 347
1764187020642 -0.34349606931209564 348
1764187031364 -0.3453352302312851 349
1764187042094 -0.3296544477343559 350
1764187052844 -0.3410000205039978 351
1764187063575 -0.3331123888492584 352
1764187074303 -0.3370903208851814 353
1764187085044 -0.33654121309518814 354
1764187095821 -0.33899030834436417 355
1764187106554 -0.34300968796014786 356
1764187117276 -0.3459237143397331 357
1764187128029 -0.3426854908466339 358
1764187138787 -0.34811798483133316 359
1764187149543 -0.33611252903938293 360
1764187160271 -0.3396550714969635 361
1764187170994 -0.3449666053056717 362
1764187181708 -0.3435852378606796 363
1764187192424 -0.3444477617740631 364
1764187203143 -0.34547315537929535 365
1764187213905 -0.35115187615156174 366
1764187224639 -0.3475046157836914 367
1764187235344 -0.339220255613327 368
1764187246117 -0.3387601226568222 369
1764187256835 -0.34743376821279526 370
1764187267572 -0.3374631479382515 371
1764187278288 -0.3313414379954338 372
1764187289008 -0.3324815481901169 373
1764187299811 -0.3406662419438362 374
1764187310596 -0.3383703902363777 375
1764187321367 -0.3423231616616249 376
1764187332093 -0.3456587716937065 377
1764187342811 -0.34636806696653366 378
1764187353518 -0.34325845539569855 379
1764187364222 -0.3489445596933365 380
1764187374924 -0.34458499401807785 381
1764187385657 -0.3447114825248718 382
1764187396357 -0.34332849830389023 383
1764187407059 -0.33669864386320114 384
1764187417745 -0.33019424974918365 385
1764187428475 -0.33681052178144455 386
1764187439182 -0.3403821885585785 387
1764187449922 -0.33977919071912766 388
1764187460642 -0.3364804834127426 389
1764187471343 -0.3354216143488884 390
1764187512791 -0.33589596301317215 391
1764187523481 -0.34109511226415634 392
1764187534170 -0.34323498606681824 393
1764187544868 -0.3467674031853676 394
1764187555600 -0.3474995791912079 395
1764187566355 -0.3457091823220253 396
1764187577087 -0.3499007895588875 397
1764187587871 -0.34217504411935806 398
1764187598608 -0.3406599089503288 399
1764187609319 -0.3449804112315178 400
1764187620047 -0.3429225757718086 401
1764187630804 -0.35011404752731323 402
1764187641527 -0.3489941880106926 403
1764187652317 -0.3478463888168335 404
1764187663053 -0.3424307554960251 405
1764187673779 -0.3431990370154381 406
1764187684568 -0.34033019840717316 407
1764187695274 -0.34451042860746384 408
1764187705995 -0.3462802395224571 409
1764187716727 -0.34047865122556686 410
1764187727482 -0.349868044257164 411
1764187738199 -0.34654681384563446 412
1764187748980 -0.35312770307064056 413
1764187759692 -0.3480464592576027 414
1764187770531 -0.34927526116371155 415
1764187781233 -0.3401547893881798 416
1764187791944 -0.34245777875185013 417
1764187802669 -0.34005968272686005 418
1764187813391 -0.3333955854177475 419
1764187824108 -0.3321055695414543 420
1764187834810 -0.3379978984594345 421
1764187845551 -0.3461232855916023 422
1764187856288 -0.34748855233192444 423
1764187867084 -0.3511004373431206 424
1764187877829 -0.3443060591816902 425
1764187888544 -0.34112634509801865 426
1764187899246 -0.3494469150900841 427
1764187909932 -0.34614428132772446 428
1764187920651 -0.3425489291548729 429
1764187931366 -0.3410264626145363 430
1764187942076 -0.34402284026145935 431
1764187952809 -0.34179479628801346 432
1764187963529 -0.33903803676366806 433
1764187974252 -0.33777882903814316 434
1764187985005 -0.33616409450769424 435
1764187995719 -0.34137898683547974 436
1764188006387 -0.3404880464076996 437
1764188017159 -0.3426425904035568 438
1764188027883 -0.3432381749153137 439
1764188038588 -0.3410458192229271 440
1764188049302 -0.3475690633058548 441
1764188060036 -0.3486049920320511 442
1764188070749 -0.3414175659418106 443
1764188081517 -0.3456258103251457 444
1764188092253 -0.3461555689573288 445
1764188103017 -0.3454906791448593 446
1764188113725 -0.3402482643723488 447
1764188124488 -0.340163916349411 448
1764188135213 -0.34218286722898483 449
1764188145952 -0.34702353179454803 450
1764188156714 -0.34973184019327164 451
1764188167468 -0.34797754883766174 452
1764188178230 -0.34808260947465897 453
1764188189022 -0.3510674983263016 454
1764188199872 -0.35159771889448166 455
1764188210601 -0.3436056226491928 456
1764188221340 -0.3407808914780617 457
1764188232084 -0.3380509689450264 458
1764188242788 -0.34338924288749695 459
1764188253505 -0.34348858892917633 460
1764188264254 -0.34657375514507294 461
1764188274995 -0.3426911532878876 462
1764188285758 -0.3453540578484535 463
1764188296480 -0.3463830277323723 464
1764188307212 -0.3460487648844719 465
1764188317941 -0.3450634628534317 466
1764188328672 -0.3464316874742508 467
1764188339387 -0.3443225249648094 468
1764188350105 -0.3476427346467972 469
1764188360863 -0.3488512337207794 470
1764188371606 -0.3470774218440056 471
1764188382331 -0.3387538641691208 472
1764188393050 -0.3430035561323166 473
1764188403804 -0.34484508633613586 474
1764188414527 -0.3369860574603081 475
1764188425259 -0.3418187201023102 476
1764188435979 -0.34364400804042816 477
1764188446717 -0.3437839224934578 478
1764188457452 -0.3527166098356247 479
1764188468180 -0.3494163677096367 480
1764188478901 -0.34962308406829834 481
1764188489620 -0.34216364473104477 482
1764188500362 -0.34853193163871765 483
1764188511095 -0.3492066264152527 484
1764188521824 -0.34753090888261795 485
1764188532558 -0.33824293315410614 486
1764188543296 -0.3394557312130928 487
1764188554023 -0.3395783379673958 488
1764188564791 -0.343632809817791 489
1764188575560 -0.3444947153329849 490
1764188586270 -0.3456046134233475 491
1764188597148 -0.34905628859996796 492
1764188607874 -0.3479037880897522 493
1764188618647 -0.3533668965101242 494
1764188629425 -0.3494830057024956 495
1764188640157 -0.34999722987413406 496
1764188650885 -0.34495028853416443 497
1764188661696 -0.3502195253968239 498
1764188672425 -0.3398820012807846 499
1764188683188 -0.34018195420503616 500
1764188694003 -0.3405822291970253 501
1764188704689 -0.3423973619937897 502
1764188715405 -0.34471024572849274 503
1764188726218 -0.34225356578826904 504
1764188736995 -0.3464152589440346 505
1764188747737 -0.342724971473217 506
1764188758456 -0.3454996421933174 507
1764188769162 -0.34985562413930893 508
1764188779879 -0.3475301265716553 509
1764188790613 -0.35055240988731384 510
1764188801351 -0.34777001291513443 511
1764188812070 -0.34647249430418015 512
1764188822801 -0.34554678201675415 513
1764188833539 -0.34781666845083237 514
1764188844298 -0.3522428497672081 515
1764188855028 -0.3514449670910835 516
1764188865735 -0.3548871949315071 517
1764188876473 -0.35640614479780197 518
1764188887177 -0.3495107740163803 519
1764188897920 -0.3493640571832657 520
1764188908656 -0.3451896458864212 521
1764188919368 -0.3432583212852478 522
1764188930079 -0.344832219183445 523
1764188940816 -0.3444090336561203 524
1764188951502 -0.3428744897246361 525
1764188962204 -0.33944111317396164 526
1764188972922 -0.34577666223049164 527
1764188983619 -0.33115068078041077 528
1764188994307 -0.3426947519183159 529
1764189005042 -0.3458549231290817 530
1764189015756 -0.3549221232533455 531
1764189026529 -0.3505062684416771 532
1764189037267 -0.35135167092084885 533
1764189048050 -0.3493815064430237 534
1764189058808 -0.3506268411874771 535
1764189069493 -0.34387630224227905 536
1764189080297 -0.34600335359573364 537
1764189091029 -0.3418121412396431 538
1764189101765 -0.3388333022594452 539
1764189112493 -0.3429470360279083 540
1764189123211 -0.33294517546892166 541
1764189133930 -0.3409971222281456 542
1764189144676 -0.3372567594051361 543
1764189155425 -0.34583330899477005 544
1764189166166 -0.3405584767460823 545
1764189176863 -0.34539084136486053 546
1764189187575 -0.34355640411376953 547
1764189198302 -0.34621763229370117 548
1764189209038 -0.34609175473451614 549
1764189219795 -0.3457295447587967 550
1764189230495 -0.34468264132738113 551
1764189241247 -0.34144968539476395 552
1764189251996 -0.34396177530288696 553
1764189262733 -0.3347438797354698 554
1764189273444 -0.3445571959018707 555
1764189284223 -0.3444836884737015 556
1764189294980 -0.33937668800354004 557
1764189305730 -0.34366966038942337 558
1764189316456 -0.3440842032432556 559
1764189327173 -0.34216418117284775 560
1764189337895 -0.3397883176803589 561
1764189348628 -0.3414267897605896 562
1764189359342 -0.34839296340942383 563
1764189370051 -0.3441545069217682 564
1764189380788 -0.3443879932165146 565
1764189391472 -0.34503448754549026 566
1764189402173 -0.3438277617096901 567
1764189412947 -0.34327926486730576 568
1764189423687 -0.34389113634824753 569
1764189434402 -0.34510208666324615 570
1764189445137 -0.3421412631869316 571
1764189455914 -0.3458768501877785 572
1764189466610 -0.34141913801431656 573
1764189477314 -0.34800025820732117 574
1764189488131 -0.34838462620973587 575
1764189498826 -0.3414819985628128 576
1764189509563 -0.3438452482223511 577
1764189520245 -0.34041497856378555 578
1764189530983 -0.3459130525588989 579
1764189541667 -0.34171225130558014 580
1764189552408 -0.34381984174251556 581
1764189563121 -0.3400828391313553 582
1764189573841 -0.3438303768634796 583
1764189584556 -0.34521596133708954 584
1764189595251 -0.3400065451860428 585
1764189636667 -0.34661611169576645 586
1764189647353 -0.3461028188467026 587
1764189658067 -0.34328363090753555 588
1764189668787 -0.351715125143528 589
1764189679534 -0.3460845351219177 590
1764189690246 -0.34844207763671875 591
1764189700947 -0.34742245078086853 592
1764189711645 -0.3489436134696007 593
1764189722369 -0.3480433002114296 594
1764189733098 -0.35081274062395096 595
1764189743823 -0.35067546367645264 596
1764189754543 -0.35146747529506683 597
1764189765258 -0.34768202155828476 598
1764189775982 -0.34841635823249817 599
1764189786702 -0.34276752918958664 600
1764189797436 -0.34783709794282913 601
1764189808135 -0.33977754414081573 602
1764189818863 -0.3438549265265465 603
1764189829613 -0.3476688265800476 604
1764189840327 -0.3442806974053383 605
1764189851062 -0.3493811786174774 606
1764189861863 -0.3508913069963455 607
1764189872546 -0.3489483520388603 608
1764189883348 -0.34723999351263046 609
1764189894087 -0.35249848663806915 610
1764189904917 -0.35162001848220825 611
1764189915633 -0.34988202154636383 612
1764189926366 -0.34535179287195206 613
1764189937058 -0.344806507229805 614
1764189947814 -0.3462473452091217 615
1764189958544 -0.34329745918512344 616
1764189969228 -0.3517768979072571 617
1764189979984 -0.35084322839975357 618
1764189990728 -0.3534437343478203 619
1764190001424 -0.3502742275595665 620
1764190012192 -0.35434816777706146 621
1764190022906 -0.34946708381175995 622
1764190033699 -0.35027070343494415 623
1764190044423 -0.3524308204650879 624
1764190055159 -0.34503917396068573 625
1764190065868 -0.3470073863863945 626
1764190076568 -0.3466399535536766 627
1764190087237 -0.34303829818964005 628
1764190097956 -0.34482457488775253 629
1764190108712 -0.3452421501278877 630
1764190119467 -0.34457869082689285 631
1764190130203 -0.3459535464644432 632
1764190140918 -0.34786032140254974 633
1764190151616 -0.3481834754347801 634
1764190162349 -0.35071274638175964 635
1764190173080 -0.3508157804608345 636
1764190183780 -0.3469582572579384 637
1764190194478 -0.3467433601617813 638
1764190205211 -0.3488035351037979 639
1764190215963 -0.3430795297026634 640
1764190226669 -0.349780410528183 641
1764190237386 -0.34294315427541733 642
1764190248099 -0.34298934042453766 643
1764190258802 -0.34232354164123535 644
1764190269507 -0.34048031270504 645
1764190280232 -0.3376627117395401 646
1764190290951 -0.34471024572849274 647
1764190301684 -0.3470007851719856 648
1764190312505 -0.34886225312948227 649
1764190323200 -0.3534191697835922 650
1764190334023 -0.3503912463784218 651
1764190344729 -0.35228198766708374 652
1764190355471 -0.3496357873082161 653
1764190366186 -0.3477279543876648 654
1764190376968 -0.3458855450153351 655
1764190387724 -0.3467310965061188 656
1764190398532 -0.34760334342718124 657
1764190409301 -0.34468358755111694 658
1764190420071 -0.34353867173194885 659
1764190430824 -0.34573592990636826 660
1764190441578 -0.3415296748280525 661
1764190452319 -0.3439861536026001 662
1764190463073 -0.3465098515152931 663
1764190473832 -0.3489564061164856 664
1764190484548 -0.3458196148276329 665
1764190495264 -0.3461909219622612 666
1764190505982 -0.34327615052461624 667
1764190516725 -0.35330992192029953 668
1764190527423 -0.3471856042742729 669
1764190538120 -0.3519408851861954 670
1764190548845 -0.3441990092396736 671
1764190559613 -0.34781166166067123 672
1764190570336 -0.35470326244831085 673
1764190581072 -0.35154809057712555 674
1764190591783 -0.3441612049937248 675
1764190602511 -0.35124345123767853 676
1764190613224 -0.34656578302383423 677
1764190623958 -0.3510602340102196 678
1764190634692 -0.3495648428797722 679
1764190645488 -0.347766675055027 680
1764190656158 -0.34735802561044693 681
1764190666863 -0.34922315925359726 682
1764190677624 -0.34825338423252106 683
1764190688393 -0.34875716269016266 684
1764190699081 -0.3478636220097542 685
1764190709817 -0.34905602037906647 686
1764190720534 -0.35198185592889786 687
1764190731392 -0.34293846040964127 688
1764190742065 -0.3423345312476158 689
1764190752819 -0.3502448722720146 690
1764190763550 -0.341429628431797 691
1764190774280 -0.3504619672894478 692
1764190785055 -0.3486490696668625 693
1764190795784 -0.346370592713356 694
1764190806508 -0.34007614850997925 695
1764190817233 -0.34951385855674744 696
1764190828008 -0.34672634303569794 697
1764190838735 -0.34898223727941513 698
1764190849481 -0.3470847010612488 699
1764190860193 -0.3447214439511299 700
1764190870937 -0.3515428975224495 701
1764190881724 -0.35120727866888046 702
1764190892456 -0.34962474554777145 703
1764190903144 -0.34627871960401535 704
1764190913857 -0.3511597439646721 705
1764190924582 -0.3465281054377556 706
1764190935289 -0.3416137248277664 707
1764190946040 -0.34383320063352585 708
1764190956787 -0.34521298855543137 709
1764190967503 -0.34111835062503815 710
1764190978274 -0.3467411622405052 711
1764190989012 -0.3431644067168236 712
1764190999777 -0.34375229477882385 713
1764191010484 -0.3455619439482689 714
1764191021200 -0.3514033630490303 715
1764191031902 -0.34769493341445923 716
1764191042622 -0.34918537735939026 717
1764191053339 -0.35053954273462296 718
1764191064027 -0.3519804999232292 719
1764191074721 -0.35281191766262054 720
1764191085494 -0.3501370847225189 721
1764191096223 -0.3486979529261589 722
1764191106968 -0.3488883674144745 723
1764191117728 -0.3497268036007881 724
1764191128447 -0.3417406529188156 725
1764191139175 -0.3416781798005104 726
1764191149896 -0.3382318392395973 727
1764191160674 -0.34106868505477905 728
1764191171392 -0.3363761752843857 729
1764191182116 -0.34386345744132996 730
1764191192855 -0.3422277346253395 731
1764191203562 -0.3489295616745949 732
1764191214312 -0.3464268893003464 733
1764191225019 -0.34730082005262375 734
1764191235762 -0.3509647622704506 735
1764191246495 -0.35256555676460266 736
1764191257217 -0.3496597930788994 737
1764191267950 -0.3519747406244278 738
1764191278705 -0.35203761607408524 739
1764191289418 -0.35030875355005264 740
1764191300140 -0.3503744602203369 741
1764191310862 -0.34660377353429794 742
1764191321564 -0.3438645303249359 743
1764191332270 -0.34681927412748337 744
1764191342976 -0.34066060930490494 745
1764191353704 -0.3470354601740837 746
1764191364429 -0.345356322824955 747
1764191375136 -0.347976952791214 748
1764191385889 -0.34956251829862595 749
1764191396582 -0.34698808938264847 750
1764191407288 -0.34809091687202454 751
1764191418022 -0.3483112081885338 752
1764191428782 -0.35341065376996994 753
1764191439525 -0.34674809873104095 754
1764191450216 -0.35059741139411926 755
1764191460945 -0.3474174067378044 756
1764191471654 -0.3528944328427315 757
1764191482350 -0.34907280653715134 758
1764191493050 -0.3471820652484894 759
1764191503817 -0.34603971987962723 760
1764191514567 -0.3474598452448845 761
1764191525275 -0.35104282945394516 762
1764191535985 -0.34429557621479034 763
1764191546701 -0.34630076587200165 764
1764191557457 -0.3545176014304161 765
1764191568175 -0.35138026624917984 766
1764191578929 -0.34774450957775116 767
1764191589753 -0.34954334050416946 768
1764191600460 -0.34711629897356033 769
1764191611194 -0.3474331572651863 770
1764191622008 -0.34324271976947784 771
1764191632712 -0.3518097475171089 772
1764191643441 -0.3511553928256035 773
1764191654182 -0.3481104001402855 774
1764191664963 -0.34446489065885544 775
1764191675709 -0.35060250014066696 776
1764191686411 -0.3449993208050728 777
1764191697136 -0.3465803265571594 778
1764191707909 -0.34351231902837753 779
1764191718683 -0.3425879403948784 780
1764191729435 -0.3464410677552223 781
1764191753442 -0.3484344035387039 782
1764191764198 -0.35069239884614944 783
1764191774950 -0.3546361103653908 784
1764191785696 -0.352038249373436 785
1764191796449 -0.3520929887890816 786
1764191807212 -0.3535660356283188 787
1764191817907 -0.3494162783026695 788
1764191828636 -0.35272324085235596 789
1764191839363 -0.34959957003593445 790
1764191850091 -0.34967829287052155 791
1764191860794 -0.3469526395201683 792
1764191871547 -0.3496929109096527 793
1764191882251 -0.350775770843029 794
1764191892964 -0.34735797345638275 795
1764191903676 -0.3512323871254921 796
1764191914393 -0.344242624938488 797
1764191925119 -0.34957629442214966 798
1764191935838 -0.34855175763368607 799
1764191946605 -0.35086867958307266 800
1764191957304 -0.34634876996278763 801
1764191968090 -0.351200133562088 802
1764191978820 -0.3453405275940895 803
1764191989559 -0.34655289351940155 804
1764192000335 -0.34657809883356094 805
1764192011060 -0.34622952342033386 806
1764192021792 -0.3487681522965431 807
1764192032532 -0.35029812157154083 808
1764192043248 -0.34940579533576965 809
1764192053972 -0.3510883003473282 810
1764192064681 -0.34533319622278214 811
1764192075388 -0.3490976542234421 812
1764192086103 -0.3505436033010483 813
1764192096877 -0.35306135565042496 814
1764192107561 -0.35066428780555725 815
1764192118289 -0.3511820062994957 816
1764192129043 -0.34991899877786636 817
1764192139783 -0.346605122089386 818
1764192150507 -0.3472130075097084 819
1764192161212 -0.35255441069602966 820
1764192171999 -0.35194554179906845 821
1764192182715 -0.3471839651465416 822
1764192193428 -0.34865763783454895 823
1764192204209 -0.3509362190961838 824
1764192215015 -0.3535725399851799 825
1764192225748 -0.3488208055496216 826
1764192236451 -0.34454110264778137 827
1764192247190 -0.35338060557842255 828
1764192257886 -0.35047008842229843 829
1764192268602 -0.3453280106186867 830
1764192279358 -0.3462188094854355 831
1764192290084 -0.34771811962127686 832
1764192300817 -0.3457580953836441 833
1764192311564 -0.350579172372818 834
1764192322289 -0.3471849858760834 835
1764192333032 -0.3528449088335037 836
1764192343749 -0.3508860543370247 837
1764192354419 -0.3497815281152725 838
1764192365139 -0.3527519255876541 839
1764192375829 -0.3512381762266159 840
1764192386572 -0.35059382021427155 841
1764192397312 -0.35277921706438065 842
1764192408041 -0.35203786194324493 843
1764192418795 -0.35234013199806213 844
1764192429489 -0.35169048607349396 845
1764192440222 -0.3580965995788574 846
1764192451075 -0.3494122251868248 847
1764192461812 -0.34991689771413803 848
1764192472530 -0.350066214799881 849
1764192483241 -0.34713325649499893 850
1764192493987 -0.34895119071006775 851
1764192504751 -0.35218921303749084 852
1764192515450 -0.35508810728788376 853
1764192526152 -0.3497214838862419 854
1764192536926 -0.3542582839727402 855
1764192547668 -0.349834680557251 856
1764192558382 -0.3519470766186714 857
1764192569156 -0.3501477763056755 858
1764192579877 -0.3558785244822502 859
1764192590594 -0.3515344634652138 860
1764192601312 -0.34988413751125336 861
1764192612057 -0.351008765399456 862
1764192622818 -0.35132981091737747 863
1764192633520 -0.34747055172920227 864
1764192644238 -0.35310763120651245 865
1764192654977 -0.35081861168146133 866
1764192665723 -0.3490733653306961 867
1764192676470 -0.3526429310441017 868
1764192687225 -0.34657425433397293 869
1764192697908 -0.34866221249103546 870
1764192708621 -0.34971971064805984 871
1764192719375 -0.3479265570640564 872
1764192730081 -0.3491804897785187 873
1764192740805 -0.3530205264687538 874
1764192751492 -0.34681709110736847 875
1764192762208 -0.3424128368496895 876
1764192772905 -0.3481176272034645 877
1764192783660 -0.3472745195031166 878
1764192794409 -0.35476065427064896 879
1764192805146 -0.34856264293193817 880
1764192815868 -0.35193540900945663 881
1764192826618 -0.35196489840745926 882
1764192837330 -0.3500651866197586 883
1764192848192 -0.3529633805155754 884
1764192858901 -0.3505750671029091 885
1764192869648 -0.3562213256955147 886
1764192880347 -0.3509283512830734 887
1764192891044 -0.3551258370280266 888
1764192901804 -0.35486362129449844 889
1764192912519 -0.3509088456630707 890
1764192923256 -0.3585284948348999 891
1764192933987 -0.34677980095148087 892
1764192944682 -0.3457525596022606 893
1764192955435 -0.3559267893433571 894
1764192966135 -0.35244355350732803 895
1764192976856 -0.3479677513241768 896
1764192987589 -0.3522254377603531 897
1764192998304 -0.3406090661883354 898
1764193009014 -0.3509620130062103 899
1764193019743 -0.34661969542503357 900
1764193030524 -0.35044504702091217 901
1764193041254 -0.3493760824203491 902
1764193052000 -0.3513614609837532 903
1764193062766 -0.35171379894018173 904
1764193073499 -0.3516554906964302 905
1764193084186 -0.35032255202531815 906
1764193094910 -0.35069582611322403 907
1764193105643 -0.3535437360405922 908
1764193116354 -0.3498153015971184 909
1764193127077 -0.3510149046778679 910
1764193137808 -0.35167089849710464 911
1764193148533 -0.35258643329143524 912
1764193159277 -0.34768399596214294 913
1764193169967 -0.3509944975376129 914
1764193180679 -0.35483288764953613 915
1764193191448 -0.3514127880334854 916
1764193202210 -0.35228604078292847 917
1764193212904 -0.348830483853817 918
1764193223622 -0.34053806960582733 919
1764193234336 -0.35252545773983 920
1764193245142 -0.35262028872966766 921
1764193255879 -0.34799253940582275 922
1764193266593 -0.35095565021038055 923
1764193277397 -0.350008063018322 924
1764193288156 -0.3499181941151619 925
1764193298850 -0.34556877613067627 926
1764193309579 -0.35555870831012726 927
1764193320301 -0.35158030688762665 928
1764193331015 -0.34769387543201447 929
1764193341730 -0.3503770977258682 930
1764193352435 -0.34790386259555817 931
1764193363162 -0.34996112436056137 932
1764193373920 -0.35408099740743637 933
1764193384632 -0.3455166444182396 934
1764193395374 -0.3543078601360321 935
1764193406100 -0.3528628945350647 936
1764193416859 -0.35134805738925934 937
1764193427596 -0.34953222423791885 938
1764193438334 -0.34702441096305847 939
1764193449074 -0.3484194949269295 940
1764193459886 -0.3457757756114006 941
1764193470607 -0.34608354419469833 942
1764193481334 -0.3470364063978195 943
1764193492052 -0.3470568358898163 944
1764193502755 -0.34127384424209595 945
1764193513448 -0.34217124432325363 946
1764193524173 -0.3478372320532799 947
1764193534882 -0.3472893759608269 948
1764193545629 -0.3500126451253891 949
1764193556348 -0.3500784710049629 950
1764193567041 -0.34251273423433304 951
1764193577764 -0.34905165433883667 952
1764193588508 -0.3521345257759094 953
1764193599197 -0.34727152436971664 954
1764193609949 -0.3488136902451515 955
1764193620692 -0.3493264615535736 956
1764193631440 -0.3482782021164894 957
1764193642183 -0.3540213778614998 958
1764193652934 -0.35052990168333054 959
1764193663645 -0.3498098626732826 960
1764193674348 -0.35290025919675827 961
1764193685041 -0.3485390841960907 962
1764193695753 -0.34960954636335373 963
1764193706524 -0.34431543201208115 964
1764193717201 -0.34936942160129547 965
1764193727912 -0.34601716697216034 966
1764193738635 -0.3499007448554039 967
1764193749343 -0.3493681997060776 968
1764193760059 -0.3462478816509247 969
1764193770788 -0.3480624556541443 970
1764193781536 -0.3498750329017639 971
1764193792302 -0.34657490998506546 972
1764193803017 -0.34538721293210983 973
1764193813761 -0.34577108174562454 974
1764193824481 -0.3492468595504761 975
1764193835177 -0.34941719472408295 976
1764193859313 -0.3451218008995056 977
1764193870111 -0.35022566467523575 978
1764193880832 -0.3466992899775505 979
1764193891530 -0.34020330756902695 980
1764193902277 -0.35041211545467377 981
1764193913031 -0.34824391454458237 982
1764193923787 -0.3436344563961029 983
1764193934577 -0.34857648611068726 984
1764193945261 -0.34003765881061554 985
1764193955947 -0.3470865413546562 986
1764193966648 -0.3442908599972725 987
1764193977355 -0.344999797642231 988
1764193988063 -0.34545696526765823 989
1764193998805 -0.3502167835831642 990
1764194009574 -0.3494482785463333 991
1764194020299 -0.34433504194021225 992
1764194031047 -0.34593939781188965 993
1764194041848 -0.3452571853995323 994
1764194052571 -0.34615492075681686 995
1764194063285 -0.3461024686694145 996
1764194073983 -0.3413004204630852 997
1764194084691 -0.3514946177601814 998
1764194095380 -0.34886662662029266 999
1764194106086 -0.352148100733757 1000
1764194116837 -0.3509819135069847 1001
1764194127560 -0.35200294852256775 1002
1764194138409 -0.3503478616476059 1003
1764194149120 -0.34907659888267517 1004
1764194159818 -0.34890152513980865 1005
1764194170577 -0.35107584297657013 1006
1764194181380 -0.3500693514943123 1007
1764194192104 -0.35116296261548996 1008
1764194202855 -0.3476928398013115 1009
1764194213588 -0.34887561202049255 1010
1764194224304 -0.3503223657608032 1011
1764194235046 -0.34948374330997467 1012
1764194245762 -0.3520604521036148 1013
1764194256473 -0.34646908193826675 1014
1764194267241 -0.3478305861353874 1015
1764194277989 -0.3531930521130562 1016
1764194288759 -0.3441446051001549 1017
1764194299470 -0.3468167260289192 1018
1764194310227 -0.34912385046482086 1019
1764194320979 -0.34465791285037994 1020
1764194331752 -0.35032642632722855 1021
1764194342471 -0.3523329943418503 1022
1764194353227 -0.3527732416987419 1023
1764194363932 -0.3500199615955353 1024
1764194374658 -0.3501303717494011 1025
1764194385384 -0.3504232317209244 1026
1764194396084 -0.34884514659643173 1027
1764194406793 -0.3578868955373764 1028
1764194417539 -0.35203950852155685 1029
1764194428232 -0.35171425342559814 1030
1764194438976 -0.3489263951778412 1031
1764194449670 -0.35083043575286865 1032
1764194460375 -0.35017938911914825 1033
1764194471126 -0.35039833188056946 1034
1764194481823 -0.35157980769872665 1035
1764194492564 -0.35051674395799637 1036
1764194503309 -0.3545202389359474 1037
1764194514050 -0.35137292742729187 1038
1764194524799 -0.35079778730869293 1039
1764194535503 -0.35080713778734207 1040
1764194546267 -0.3470003083348274 1041
1764194556990 -0.3514346703886986 1042
1764194567752 -0.3477158099412918 1043
1764194578489 -0.3518950939178467 1044
1764194589239 -0.35461345314979553 1045
1764194600035 -0.3495777025818825 1046
1764194610747 -0.3453325927257538 1047
1764194621462 -0.34688784182071686 1048
1764194632199 -0.3494970127940178 1049
1764194642919 -0.3525363355875015 1050
1764194653619 -0.3534177988767624 1051
1764194664360 -0.3536282777786255 1052
1764194675052 -0.3492237702012062 1053
1764194685813 -0.3463701233267784 1054
1764194696520 -0.35268982499837875 1055
1764194707281 -0.35139573365449905 1056
1764194718056 -0.3442990481853485 1057
1764194728787 -0.35110073536634445 1058
1764194739526 -0.35120823979377747 1059
1764194750255 -0.35177940130233765 1060
1764194760981 -0.3482223078608513 1061
1764194771758 -0.34692805260419846 1062
1764194782511 -0.350698359310627 1063
1764194793268 -0.3517724871635437 1064
1764194803998 -0.3544764444231987 1065
1764194814699 -0.3439071848988533 1066
1764194825417 -0.3509353697299957 1067
1764194836167 -0.3528119921684265 1068
1764194846877 -0.34782014042139053 1069
1764194857688 -0.35086993873119354 1070
1764194868363 -0.34527070820331573 1071
1764194879082 -0.34997425228357315 1072
1764194889827 -0.3485680967569351 1073
1764194900558 -0.34915973246097565 1074
1764194911293 -0.35458147525787354 1075
1764194922006 -0.34956763684749603 1076
1764194932707 -0.34843818843364716 1077
1764194943438 -0.34623077511787415 1078
1764194954164 -0.3491111770272255 1079
1764194964997 -0.34406978636980057 1080
1764194975724 -0.3492281138896942 1081
1764194986415 -0.34958726167678833 1082
1764194997156 -0.3507899269461632 1083
1764195007882 -0.3467749059200287 1084
1764195018597 -0.34671109914779663 1085
1764195029345 -0.34937945008277893 1086
1764195040081 -0.3487992659211159 1087
1764195050792 -0.3495040535926819 1088
1764195061499 -0.3566964194178581 1089
1764195072286 -0.34798330813646317 1090
1764195082983 -0.3528384193778038 1091
1764195093704 -0.350903756916523 1092
1764195104464 -0.35354121029376984 1093
1764195115183 -0.3487887904047966 1094
1764195125903 -0.35189909487962723 1095
1764195136643 -0.3548925444483757 1096
1764195147419 -0.35212960094213486 1097
1764195158177 -0.35022761672735214 1098
1764195168919 -0.35092978924512863 1099
1764195179632 -0.3511713221669197 1100
1764195190330 -0.35081130266189575 1101
1764195201068 -0.34627266973257065 1102
1764195211811 -0.3510918542742729 1103
1764195222489 -0.3442850261926651 1104
1764195233211 -0.34686552733182907 1105
1764195243952 -0.3530172035098076 1106
1764195254687 -0.3423587903380394 1107
1764195265419 -0.3481440544128418 1108
1764195276164 -0.34491734206676483 1109
1764195286853 -0.3426082283258438 1110
1764195297550 -0.34525056928396225 1111
1764195308281 -0.34956175088882446 1112
1764195318996 -0.3509133383631706 1113
1764195329707 -0.3468562588095665 1114
1764195340444 -0.345269612967968 1115
1764195351207 -0.34871209412813187 1116
1764195361947 -0.34989462047815323 1117
1764195372655 -0.348091296851635 1118
1764195383356 -0.35082440823316574 1119
1764195394167 -0.3504559248685837 1120
1764195404914 -0.3503003343939781 1121
1764195415611 -0.3485177233815193 1122
1764195426338 -0.34699465334415436 1123
1764195437036 -0.350342221558094 1124
1764195447770 -0.3528996631503105 1125
1764195458527 -0.3490131124854088 1126
1764195469258 -0.3538075089454651 1127
1764195479956 -0.34632620960474014 1128
1764195490666 -0.3528691902756691 1129
1764195501366 -0.34417256712913513 1130
1764195512124 -0.345895916223526 1131
1764195522865 -0.34667886048555374 1132
1764195533629 -0.3477376624941826 1133
1764195544357 -0.3496006578207016 1134
1764195555086 -0.34946824610233307 1135
1764195565844 -0.35194844752550125 1136
1764195576665 -0.34820706397295 1137
1764195587426 -0.35230670869350433 1138
1764195598215 -0.3519825339317322 1139
1764195608920 -0.35013802349567413 1140
1764195619674 -0.3512873724102974 1141
1764195630408 -0.3499606028199196 1142
1764195641095 -0.346991665661335 1143
1764195651826 -0.3420751765370369 1144
1764195662557 -0.35487940162420273 1145
1764195673307 -0.3512074798345566 1146
1764195684011 -0.35103704780340195 1147
1764195694727 -0.3517375811934471 1148
1764195705449 -0.3525080159306526 1149
1764195716180 -0.3496135175228119 1150
1764195726899 -0.3495607003569603 1151
1764195737616 -0.3499537333846092 1152
1764195748343 -0.34973470866680145 1153
1764195759068 -0.34871379286050797 1154
1764195769812 -0.3496316075325012 1155
1764195780553 -0.34649229794740677 1156
1764195791273 -0.3514358475804329 1157
1764195802012 -0.35478487610816956 1158
1764195812751 -0.34859853237867355 1159
1764195823532 -0.34958193451166153 1160
1764195834234 -0.3504282832145691 1161
1764195844948 -0.35044096410274506 1162
1764195855645 -0.34739069640636444 1163
1764195866367 -0.3495056927204132 1164
1764195877104 -0.3503623902797699 1165
1764195887927 -0.3565533384680748 1166
1764195898651 -0.3582654744386673 1167
1764195909379 -0.3542480990290642 1168
1764195920088 -0.35191603749990463 1169
1764195930860 -0.35490912944078445 1170
1764195941589 -0.34759312123060226 1171
1764195965588 -0.3580119162797928 1172
1764195976323 -0.3513105735182762 1173
1764195987039 -0.352178193628788 1174
1764195997728 -0.35074611753225327 1175
1764196008490 -0.3530459851026535 1176
1764196019172 -0.34540142863988876 1177
1764196029926 -0.3464006185531616 1178
1764196040638 -0.3484913408756256 1179
1764196051395 -0.3500225841999054 1180
1764196062117 -0.35150861740112305 1181
1764196072819 -0.3484373986721039 1182
1764196083594 -0.35227254778146744 1183
1764196094372 -0.35208427906036377 1184
1764196105111 -0.3514493629336357 1185
1764196115861 -0.3488612249493599 1186
1764196126564 -0.3471176475286484 1187
1764196137273 -0.34703098237514496 1188
1764196147999 -0.3479269742965698 1189
1764196158769 -0.3525902330875397 1190
1764196169482 -0.3526933416724205 1191
1764196180269 -0.35400521010160446 1192
1764196190955 -0.34671664237976074 1193
1764196201691 -0.3536849468946457 1194
1764196212426 -0.35277334600687027 1195
1764196223169 -0.34793571382761 1196
1764196233908 -0.35237670689821243 1197
1764196244630 -0.34922218322753906 1198
1764196255443 -0.35148385167121887 1199
1764196266171 -0.34812895208597183 1200
1764196276937 -0.352891705930233 1201
1764196287651 -0.3521362170577049 1202
1764196298403 -0.3556787893176079 1203
1764196309196 -0.34984200447797775 1204
1764196319908 -0.3494284301996231 1205
1764196330622 -0.3505266010761261 1206
1764196341326 -0.34534940868616104 1207
1764196352097 -0.35293590277433395 1208
1764196362789 -0.3471871241927147 1209
1764196373487 -0.34830770641565323 1210
1764196384218 -0.348650798201561 1211
1764196394963 -0.34856700897216797 1212
1764196405690 -0.3501307815313339 1213
1764196416392 -0.3438565582036972 1214
1764196427131 -0.34790632128715515 1215
1764196437843 -0.34893638640642166 1216
1764196448550 -0.3496776595711708 1217
1764196459306 -0.35305897146463394 1218
1764196470080 -0.34656063467264175 1219
1764196480833 -0.35037554055452347 1220
1764196491559 -0.3543543741106987 1221
1764196502309 -0.35261255502700806 1222
1764196513042 -0.3509637713432312 1223
1764196523869 -0.352731317281723 1224
1764196534595 -0.35106009989976883 1225
1764196545312 -0.3471347689628601 1226
1764196556060 -0.3530890643596649 1227
1764196566782 -0.3497084751725197 1228
1764196577502 -0.3526569977402687 1229
1764196588263 -0.35275574773550034 1230
1764196599055 -0.35091204196214676 1231
1764196609770 -0.35124322026968 1232
1764196620490 -0.35141706466674805 1233
1764196631216 -0.3482767641544342 1234
1764196641979 -0.3500508889555931 1235
1764196652759 -0.35114245116710663 1236
1764196663545 -0.35352998226881027 1237
1764196674372 -0.3533748388290405 1238
1764196685105 -0.3498952239751816 1239
1764196695846 -0.3565080538392067 1240
1764196706577 -0.35339831560850143 1241
1764196717332 -0.35100410133600235 1242
1764196728064 -0.350216306746006 1243
1764196738807 -0.34918301552534103 1244
1764196749530 -0.34999483823776245 1245
1764196760249 -0.35249850898981094 1246
1764196770970 -0.3522554636001587 1247
1764196781682 -0.34523607045412064 1248
1764196792392 -0.3497191593050957 1249
1764196803109 -0.34667470306158066 1250
1764196813810 -0.34965862333774567 1251
1764196824506 -0.34870345890522003 1252
1764196835231 -0.35458970069885254 1253
1764196845943 -0.3479754850268364 1254
1764196856623 -0.34595445543527603 1255
1764196867333 -0.34910763800144196 1256
1764196878039 -0.35112888365983963 1257
1764196888777 -0.34795431047677994 1258
1764196899508 -0.35098931938409805 1259
1764196910230 -0.3518959581851959 1260
1764196920941 -0.35281236469745636 1261
1764196931672 -0.35538363456726074 1262
1764196942403 -0.3565085381269455 1263
1764196953143 -0.3485385477542877 1264
1764196963873 -0.3501298353075981 1265
1764196974603 -0.35120923817157745 1266
1764196985327 -0.35296912491321564 1267
1764196996075 -0.3498883694410324 1268
1764197006851 -0.35145632177591324 1269
1764197017642 -0.3514465466141701 1270
1764197028377 -0.34791650623083115 1271
1764197039122 -0.354232057929039 1272
1764197049853 -0.3591422811150551 1273
1764197060634 -0.35549119859933853 1274
1764197071377 -0.3549836203455925 1275
1764197082214 -0.3483209162950516 1276
1764197092931 -0.3524564430117607 1277
1764197103691 -0.34762946516275406 1278
1764197114430 -0.35054241865873337 1279
1764197125128 -0.34961390495300293 1280
1764197135892 -0.35506241023540497 1281
1764197146649 -0.348729744553566 1282
1764197157385 -0.3537090793251991 1283
1764197168172 -0.35078146308660507 1284
1764197178994 -0.34673965722322464 1285
1764197189738 -0.34880558401346207 1286
1764197200462 -0.3516394942998886 1287
1764197211163 -0.3470970615744591 1288
1764197221908 -0.3498613312840462 1289
1764197232608 -0.3504709005355835 1290
1764197243365 -0.3491910994052887 1291
1764197254081 -0.35142386704683304 1292
1764197264818 -0.34752053022384644 1293
1764197275575 -0.35290590673685074 1294
1764197286261 -0.34595397114753723 1295
1764197297004 -0.3490402027964592 1296
1764197307690 -0.3496208116412163 1297
1764197318384 -0.3513149619102478 1298
1764197329133 -0.3500111773610115 1299
1764197339838 -0.3513117730617523 1300
1764197350588 -0.3505488634109497 1301
1764197361280 -0.350325770676136 1302
1764197372048 -0.3511355146765709 1303
1764197382758 -0.349926196038723 1304
1764197393483 -0.3518350347876549 1305
1764197404185 -0.3517218828201294 1306
1764197414894 -0.3498028740286827 1307
1764197425618 -0.351191408932209 1308
1764197436329 -0.350790373980999 1309
1764197447055 -0.35252856463193893 1310
1764197457772 -0.35205888003110886 1311
1764197468486 -0.3551510274410248 1312
1764197479202 -0.3540346100926399 1313
1764197489952 -0.35098813474178314 1314
1764197500683 -0.34496408700942993 1315
1764197511403 -0.3521214574575424 1316
1764197522131 -0.34927739202976227 1317
1764197532969 -0.35230841487646103 1318
1764197543690 -0.35060079395771027 1319
1764197554412 -0.3522518426179886 1320
1764197565139 -0.3480270653963089 1321
1764197575891 -0.3493309020996094 1322
1764197586618 -0.3524169474840164 1323
1764197597354 -0.3499140292406082 1324
1764197608057 -0.3495776802301407 1325
1764197618841 -0.35419709980487823 1326
1764197629645 -0.3492478057742119 1327
1764197640392 -0.3519323319196701 1328
1764197651119 -0.3545113131403923 1329
1764197661854 -0.3546208292245865 1330
1764197672619 -0.3562951311469078 1331
1764197683341 -0.3485671877861023 1332
1764197694051 -0.35105615109205246 1333
1764197704756 -0.34869252145290375 1334
1764197715559 -0.3541543558239937 1335
1764197726265 -0.3529030978679657 1336
1764197737015 -0.34947826713323593 1337
1764197747760 -0.3494800552725792 1338
1764197758505 -0.35180068016052246 1339
1764197769241 -0.35152143239974976 1340
1764197779975 -0.3536734879016876 1341
1764197790665 -0.35013896971940994 1342
1764197801411 -0.35487349331378937 1343
1764197812121 -0.3478318899869919 1344
1764197822871 -0.3518560230731964 1345
1764197833619 -0.3515108525753021 1346
1764197844374 -0.349957600235939 1347
1764197855125 -0.3532174080610275 1348
1764197865878 -0.35220540314912796 1349
1764197876640 -0.3525606393814087 1350
1764197887350 -0.35007793456315994 1351
1764197898041 -0.34625235199928284 1352
1764197908749 -0.3515402302145958 1353
1764197919478 -0.35130761563777924 1354
1764197930333 -0.3496147394180298 1355
1764197941049 -0.3524637296795845 1356
1764197951797 -0.3551967218518257 1357
1764197962507 -0.34970400482416153 1358
1764197973195 -0.3462642803788185 1359
1764197983897 -0.35323332995176315 1360
1764197994612 -0.35015465319156647 1361
1764198005328 -0.35138145089149475 1362
1764198016087 -0.3518138825893402 1363
1764198026830 -0.3476642072200775 1364
1764198037526 -0.3529445007443428 1365
1764198048257 -0.3515738248825073 1366
1764198072328 -0.3542516157031059 1367
1764198083035 -0.35094109922647476 1368
1764198093831 -0.35123011469841003 1369
1764198104562 -0.35307762771844864 1370
1764198115282 -0.3513187766075134 1371
1764198125995 -0.35229600965976715 1372
1764198136772 -0.350149005651474 1373
1764198147487 -0.3515334501862526 1374
1764198158219 -0.3502335324883461 1375
1764198168922 -0.34731124341487885 1376
1764198179692 -0.35027001053094864 1377
1764198190421 -0.3519020676612854 1378
1764198201169 -0.3514934927225113 1379
1764198211906 -0.3509982004761696 1380
1764198222626 -0.34545207023620605 1381
1764198233339 -0.35264256596565247 1382
1764198244030 -0.34905411303043365 1383
1764198254819 -0.3550482466816902 1384
1764198265575 -0.35541075468063354 1385
1764198276307 -0.3522847071290016 1386
1764198287036 -0.35000772774219513 1387
1764198297759 -0.35313525795936584 1388
1764198308449 -0.35182037204504013 1389
1764198319175 -0.35374389588832855 1390
1764198329951 -0.3538435027003288 1391
1764198340719 -0.352903388440609 1392
1764198351392 -0.35112083703279495 1393
1764198362196 -0.3528537228703499 1394
1764198372884 -0.3474552184343338 1395
1764198383612 -0.35386333614587784 1396
1764198394432 -0.3511929288506508 1397
1764198405184 -0.35282062739133835 1398
1764198415925 -0.3555700108408928 1399
1764198426657 -0.35328060388565063 1400
1764198437470 -0.3498987704515457 1401
1764198448180 -0.3471749499440193 1402
1764198458924 -0.35582396388053894 1403
1764198469674 -0.35231340676546097 1404
1764198480416 -0.3534853234887123 1405
1764198491123 -0.3497097119688988 1406
1764198501876 -0.3508499264717102 1407
1764198512612 -0.35124074667692184 1408
1764198523355 -0.3535277843475342 1409
1764198534112 -0.35145701467990875 1410
1764198544839 -0.3458866700530052 1411
1764198555533 -0.349766381084919 1412
1764198566269 -0.3532427176833153 1413
1764198577031 -0.35195595771074295 1414
1764198587757 -0.3520769327878952 1415
1764198598525 -0.3530392572283745 1416
1764198609245 -0.3546871691942215 1417
1764198619970 -0.3478407487273216 1418
1764198630711 -0.35286587476730347 1419
1764198641450 -0.35144250839948654 1420
1764198652226 -0.35332416743040085 1421
1764198662979 -0.3536667451262474 1422
1764198673697 -0.3516056090593338 1423
1764198684472 -0.3459499701857567 1424
1764198695257 -0.3482893258333206 1425
1764198705969 -0.3533516675233841 1426
1764198716679 -0.34898920357227325 1427
1764198727473 -0.3518734350800514 1428
1764198738232 -0.3514474704861641 1429
1764198748938 -0.3454478904604912 1430
1764198759668 -0.3566327765583992 1431
1764198770395 -0.35599126666784286 1432
1764198781093 -0.3543216958642006 1433
1764198791930 -0.354941762983799 1434
1764198802636 -0.3473520576953888 1435
1764198813371 -0.34884772449731827 1436
1764198824095 -0.35314201563596725 1437
1764198834815 -0.35174495726823807 1438
1764198845536 -0.3497869297862053 1439
1764198856269 -0.35061196237802505 1440
1764198867015 -0.35074814409017563 1441
1764198877750 -0.35192929953336716 1442
1764198888469 -0.35139109939336777 1443
1764198899237 -0.35070089250802994 1444
1764198909990 -0.35241998732089996 1445
1764198920714 -0.3525986969470978 1446
1764198931444 -0.3529389724135399 1447
1764198942216 -0.3518730700016022 1448
1764198952954 -0.3487575575709343 1449
1764198963665 -0.3495957627892494 1450
1764198974388 -0.35203733295202255 1451
1764198985111 -0.3461068347096443 1452
1764198995820 -0.3511878177523613 1453
1764199006516 -0.3475593402981758 1454
1764199017238 -0.3493894934654236 1455
1764199027983 -0.35160692781209946 1456
1764199038676 -0.35204898566007614 1457
1764199049401 -0.3507918044924736 1458
1764199060139 -0.3561030626296997 1459
1764199070903 -0.3567635491490364 1460
1764199081622 -0.349301241338253 1461
1764199092358 -0.3551908805966377 1462
1764199103051 -0.3501757085323334 1463
1764199113770 -0.3515309914946556 1464
1764199124499 -0.35141176730394363 1465
1764199135238 -0.3488719165325165 1466
1764199145950 -0.3543050289154053 1467
1764199156738 -0.34665851294994354 1468
1764199167512 -0.35206254571676254 1469
1764199178300 -0.34782127290964127 1470
1764199189060 -0.3528541848063469 1471
1764199199835 -0.35760729759931564 1472
1764199210617 -0.342550128698349 1473
1764199221429 -0.35443975776433945 1474
1764199232208 -0.34950582683086395 1475
1764199242968 -0.3489179313182831 1476
1764199253689 -0.35051099956035614 1477
1764199264418 -0.3531823456287384 1478
1764199275163 -0.3515264317393303 1479
1764199285892 -0.35547061264514923 1480
1764199296686 -0.35541653633117676 1481
1764199307493 -0.3506055250763893 1482
1764199318249 -0.35113538801670074 1483
1764199328932 -0.3445928320288658 1484
1764199339640 -0.353376105427742 1485
1764199350356 -0.3571358025074005 1486
1764199361056 -0.3531494587659836 1487
1764199371760 -0.35292835533618927 1488
1764199382443 -0.3503899499773979 1489
1764199393187 -0.3510562404990196 1490
1764199403887 -0.3483560085296631 1491
1764199414613 -0.3526470959186554 1492
1764199425369 -0.3481975272297859 1493
1764199436123 -0.347258523106575 1494
1764199446866 -0.352247953414917 1495
1764199457556 -0.35153619199991226 1496
1764199468312 -0.3561672493815422 1497
1764199479041 -0.3543590009212494 1498
1764199489791 -0.3541778475046158 1499
1764199500515 -0.35041090846061707 1500
1764199511317 -0.35149405896663666 1501
1764199522048 -0.3464701920747757 1502
1764199532770 -0.3476608768105507 1503
1764199543464 -0.3492422178387642 1504
1764199554217 -0.3572654277086258 1505
1764199564923 -0.3518478348851204 1506
1764199575693 -0.35164114087820053 1507
1764199586419 -0.35060807317495346 1508
1764199597148 -0.3547174483537674 1509
1764199607865 -0.35188140720129013 1510
1764199618585 -0.3480551093816757 1511
1764199629320 -0.35221754759550095 1512
1764199640042 -0.3445650264620781 1513
1764199650871 -0.35196974128484726 1514
1764199661620 -0.35126563161611557 1515
1764199672361 -0.34985876828432083 1516
1764199683081 -0.3483947440981865 1517
1764199693834 -0.3499598577618599 1518
1764199704555 -0.35113589465618134 1519
1764199715292 -0.3527727872133255 1520
1764199726102 -0.3471299111843109 1521
1764199736805 -0.3505082279443741 1522
1764199747537 -0.3465658128261566 1523
1764199758271 -0.35027334094047546 1524
1764199768999 -0.3510516658425331 1525
1764199779775 -0.3531307652592659 1526
1764199790522 -0.350714772939682 1527
1764199801261 -0.35054680705070496 1528
1764199812022 -0.34880533069372177 1529
1764199822760 -0.35086696594953537 1530
1764199833482 -0.35325073450803757 1531
1764199844190 -0.34963543713092804 1532
1764199854892 -0.35550475120544434 1533
1764199865626 -0.3542276993393898 1534
1764199876396 -0.3508962243795395 1535
1764199887122 -0.34734687209129333 1536
1764199897844 -0.3476455584168434 1537
1764199908580 -0.3543638288974762 1538
1764199919319 -0.34641554206609726 1539
1764199930029 -0.3520321547985077 1540
1764199940820 -0.3507714197039604 1541
1764199951573 -0.3511069118976593 1542
1764199962353 -0.3489843085408211 1543
1764199973122 -0.3495405465364456 1544
1764199983813 -0.3505706116557121 1545
1764199994530 -0.3484679162502289 1546
1764200005249 -0.3531346991658211 1547
1764200015968 -0.3488646522164345 1548
1764200026721 -0.3524891212582588 1549
1764200037465 -0.3489898145198822 1550
1764200048283 -0.3471162021160126 1551
1764200059032 -0.3556860387325287 1552
1764200069804 -0.34631339460611343 1553
1764200080516 -0.34966642409563065 1554
1764200091236 -0.35036957263946533 1555
1764200101959 -0.3491153046488762 1556
1764200112667 -0.3517138957977295 1557
1764200123420 -0.3538959100842476 1558
1764200134149 -0.35354919731616974 1559
1764200144875 -0.3483450338244438 1560
1764200155669 -0.3545259088277817 1561
1764200166413 -0.3530411720275879 1562
