1764183262819 2.0 1
1764183273967 2.0 2
1764183284720 2.0 3
1764183295513 2.0 4
1764183306300 2.0 5
1764183317127 2.0 6
1764183327974 2.0 7
1764183338798 2.0 8
1764183349595 2.0 9
1764183360408 2.0 10
1764183371209 2.0 11
1764183382005 2.0 12
1764183392792 2.0 13
1764183403618 2.0 14
1764183414396 2.0 15
1764183425177 2.0 16
1764183435976 2.0 17
1764183446838 2.0 18
1764183457615 2.0 19
1764183468500 2.0 20
1764183479246 2.0 21
1764183490018 2.0 22
1764183500768 2.0 23
1764183511529 2.0 24
1764183522279 2.0 25
1764183533051 2.0 26
1764183543802 2.0 27
1764183554580 2.0 28
1764183565310 2.0 29
1764183576023 2.0 30
1764183586763 2.0 31
1764183597514 2.0 32
1764183608254 2.0 33
1764183618975 2.0 34
1764183629710 2.0 35
1764183640477 2.0 36
1764183651227 2.0 37
1764183661967 2.0 38
1764183672691 2.0 39
1764183683394 2.0 40
1764183694136 2.0 41
1764183704848 2.0 42
1764183715575 2.0 43
1764183726333 2.0 44
1764183737075 2.0 45
1764183747852 2.0 46
1764183758567 2.0 47
1764183769332 2.0 48
1764183780037 2.0 49
1764183790751 2.0 50
1764183801509 2.0 51
1764183812279 2.0 52
1764183823019 2.0 53
1764183833736 2.0 54
1764183844447 2.0 55
1764183855169 2.0 56
1764183865909 2.0 57
1764183876613 2.0 58
1764183887428 2.0 59
1764183898217 2.0 60
1764183908915 2.0 61
1764183919628 2.0 62
1764183930322 2.0 63
1764183941093 2.0 64
1764183951802 2.0 65
1764183962535 2.0 66
1764183973231 2.0 67
1764183984000 2.0 68
1764183994704 2.0 69
1764184005428 2.0 70
1764184016129 2.0 71
1764184026829 2.0 72
1764184037574 2.0 73
1764184048306 2.0 74
1764184059040 2.0 75
1764184069736 2.0 76
1764184080461 2.0 77
1764184091184 2.0 78
1764184101896 2.0 79
1764184112649 2.0 80
1764184123344 2.0 81
1764184134129 2.0 82
1764184144898 2.0 83
1764184155617 2.0 84
1764184166351 2.0 85
1764184177115 2.0 86
1764184187815 2.0 87
1764184198577 2.0 88
1764184209263 2.0 89
1764184220006 2.0 90
1764184230691 2.0 91
1764184241415 2.0 92
1764184252136 2.0 93
1764184262880 2.0 94
1764184273645 2.0 95
1764184284387 2.0 96
1764184295182 2.0 97
1764184305926 2.0 98
1764184316747 2.0 99
1764184327446 2.0 100
1764184338148 2.0 101
1764184348871 2.0 102
1764184359605 2.0 103
1764184370347 2.0 104
1764184381060 2.0 105
1764184391799 2.0 106
1764184402558 2.0 107
1764184413285 2.0 108
1764184424019 2.0 109
1764184434711 2.0 110
1764184445445 2.0 111
1764184456156 2.0 112
1764184466842 2.0 113
1764184477550 2.0 114
1764184488254 2.0 115
1764184498953 2.0 116
1764184509664 2.0 117
1764184520373 2.0 118
1764184531107 2.0 119
1764184541824 2.0 120
1764184552550 2.0 121
1764184563289 2.0 122
1764184574025 2.0 123
1764184584788 2.0 124
1764184595499 2.0 125
1764184606228 2.0 126
1764184616922 2.0 127
1764184627656 2.0 128
1764184638337 2.0 129
1764184649093 2.0 130
1764184659771 2.0 131
1764184670535 2.0 132
1764184681266 2.0 133
1764184692007 2.0 134
1764184702739 2.0 135
1764184713447 2.0 136
1764184724168 2.0 137
1764184735016 2.0 138
1764184745817 2.0 139
1764184756537 2.0 140
1764184767283 2.0 141
1764184778013 2.0 142
1764184788739 2.0 143
1764184799435 2.0 144
1764184810136 2.0 145
1764184820833 2.0 146
1764184831527 2.0 147
1764184842246 2.0 148
1764184853005 2.0 149
1764184863744 2.0 150
1764184874444 2.0 151
1764184885183 2.0 152
1764184895903 2.0 153
1764184906645 2.0 154
1764184917343 2.0 155
1764184928079 2.0 156
1764184938799 2.0 157
1764184949553 2.0 158
1764184960348 2.0 159
1764184971029 2.0 160
1764184981744 2.0 161
1764184992467 2.0 162
1764185003218 2.0 163
1764185013943 2.0 164
1764185024666 2.0 165
1764185035384 2.0 166
1764185046118 2.0 167
1764185056859 2.0 168
1764185067522 2.0 169
1764185078224 2.0 170
1764185088915 2.0 171
1764185099628 2.0 172
1764185110361 2.0 173
1764185121093 2.0 174
1764185131790 2.0 175
1764185142632 2.0 176
1764185153370 2.0 177
1764185164111 2.0 178
1764185174825 2.0 179
1764185185521 2.0 180
1764185196245 2.0 181
1764185206975 2.0 182
1764185217673 2.0 183
1764185228459 2.0 184
1764185239188 2.0 185
1764185249883 2.0 186
1764185260616 2.0 187
1764185271436 2.0 188
1764185282151 2.0 189
1764185292855 2.0 190
1764185303622 2.0 191
1764185314387 2.0 192
1764185325106 2.0 193
1764185335859 2.0 194
1764185346571 2.0 195
1764185388009 2.0 196
1764185398699 2.0 197
1764185409398 2.0 198
1764185420111 2.0 199
1764185430861 2.0 200
1764185441589 2.0 201
1764185452322 2.0 202
1764185463070 2.0 203
1764185473822 2.0 204
1764185484527 2.0 205
1764185495257 2.0 206
1764185506055 2.0 207
1764185516797 2.0 208
1764185527563 2.0 209
1764185538364 2.0 210
1764185549114 2.0 211
1764185559837 2.0 212
1764185570564 2.0 213
1764185581310 2.0 214
1764185592038 2.0 215
1764185602883 2.0 216
1764185613788 2.0 217
1764185624541 2.0 218
1764185635286 2.0 219
1764185646051 2.0 220
1764185656760 2.0 221
1764185667523 2.0 222
1764185678277 2.0 223
1764185689004 2.0 224
1764185699731 2.0 225
1764185710460 2.0 226
1764185721195 2.0 227
1764185731917 2.0 228
1764185742688 2.0 229
1764185753404 2.0 230
1764185764175 2.0 231
1764185774875 2.0 232
1764185785589 2.0 233
1764185796326 2.0 234
1764185807043 2.0 235
1764185817760 2.0 236
1764185828506 2.0 237
1764185839229 2.0 238
1764185849935 2.0 239
1764185860711 2.0 240
1764185871420 2.0 241
1764185882144 2.0 242
1764185892933 2.0 243
1764185903676 2.0 244
1764185914434 2.0 245
1764185925219 2.0 246
1764185935959 2.0 247
1764185946751 2.0 248
1764185957486 2.0 249
1764185968204 2.0 250
1764185978944 2.0 251
1764185989666 2.0 252
1764186000392 2.0 253
1764186011115 2.0 254
1764186021830 2.0 255
1764186032588 2.0 256
1764186043410 2.0 257
1764186054155 2.0 258
1764186064866 2.0 259
1764186075601 2.0 260
1764186086302 2.0 261
1764186097049 2.0 262
1764186107807 2.0 263
1764186118564 2.0 264
1764186129293 2.0 265
1764186140061 2.0 266
1764186150817 2.0 267
1764186161520 2.0 268
1764186172261 2.0 269
1764186182976 2.0 270
1764186193696 2.0 271
1764186204410 2.0 272
1764186215137 2.0 273
1764186225901 2.0 274
1764186236611 2.0 275
1764186247332 2.0 276
1764186258049 2.0 277
1764186268764 2.0 278
1764186279501 2.0 279
1764186290224 2.0 280
1764186300965 2.0 281
1764186311737 2.0 282
1764186322422 2.0 283
1764186333159 2.0 284
1764186343920 2.0 285
1764186354663 2.0 286
1764186365379 2.0 287
1764186376101 2.0 288
1764186386798 2.0 289
1764186397531 2.0 290
1764186408255 2.0 291
1764186419009 2.0 292
1764186429761 2.0 293
1764186440465 2.0 294
1764186451211 2.0 295
1764186461984 2.0 296
1764186472817 2.0 297
1764186483557 2.0 298
1764186494290 2.0 299
1764186505049 2.0 300
1764186515799 2.0 301
1764186526502 2.0 302
1764186537260 2.0 303
1764186548009 2.0 304
1764186558777 2.0 305
1764186569506 2.0 306
1764186580259 2.0 307
1764186591003 2.0 308
1764186601744 2.0 309
1764186612484 2.0 310
1764186623311 2.0 311
1764186634056 2.0 312
1764186644790 2.0 313
1764186655527 2.0 314
1764186666228 2.0 315
1764186676939 2.0 316
1764186687670 2.0 317
1764186698386 2.0 318
1764186709112 2.0 319
1764186719851 2.0 320
1764186730603 2.0 321
1764186741366 2.0 322
1764186752126 2.0 323
1764186762877 2.0 324
1764186773594 2.0 325
1764186784287 2.0 326
1764186795013 2.0 327
1764186805732 2.0 328
1764186816458 2.0 329
1764186827181 2.0 330
1764186837902 2.0 331
1764186848635 2.0 332
1764186859319 2.0 333
1764186870159 2.0 334
1764186880914 2.0 335
1764186891674 2.0 336
1764186902395 2.0 337
1764186913158 2.0 338
1764186923977 2.0 339
1764186934718 2.0 340
1764186945435 2.0 341
1764186956206 2.0 342
1764186966951 2.0 343
1764186977711 2.0 344
1764186988444 2.0 345
1764186999182 2.0 346
1764187009908 2.0 347
1764187020642 2.0 348
1764187031364 2.0 349
1764187042094 2.0 350
1764187052844 2.0 351
1764187063575 2.0 352
1764187074303 2.0 353
1764187085044 2.0 354
1764187095821 2.0 355
1764187106554 2.0 356
1764187117276 2.0 357
1764187128029 2.0 358
1764187138787 2.0 359
1764187149543 2.0 360
1764187160271 2.0 361
1764187170994 2.0 362
1764187181708 2.0 363
1764187192424 2.0 364
1764187203143 2.0 365
1764187213905 2.0 366
1764187224639 2.0 367
1764187235344 2.0 368
1764187246117 2.0 369
1764187256835 2.0 370
1764187267572 2.0 371
1764187278288 2.0 372
1764187289008 2.0 373
1764187299811 2.0 374
1764187310596 2.0 375
1764187321367 2.0 376
1764187332093 2.0 377
1764187342811 2.0 378
1764187353518 2.0 379
1764187364222 2.0 380
1764187374924 2.0 381
1764187385657 2.0 382
1764187396357 2.0 383
1764187407059 2.0 384
1764187417745 2.0 385
1764187428475 2.0 386
1764187439182 2.0 387
1764187449922 2.0 388
1764187460642 2.0 389
1764187471343 2.0 390
1764187512791 2.0 391
1764187523481 2.0 392
1764187534170 2.0 393
1764187544868 2.0 394
1764187555600 2.0 395
1764187566355 2.0 396
1764187577087 2.0 397
1764187587871 2.0 398
1764187598608 2.0 399
1764187609319 2.0 400
1764187620047 2.0 401
1764187630804 2.0 402
1764187641527 2.0 403
1764187652317 2.0 404
1764187663053 2.0 405
1764187673779 2.0 406
1764187684568 2.0 407
1764187695274 2.0 408
1764187705995 2.0 409
1764187716727 2.0 410
1764187727482 2.0 411
1764187738199 2.0 412
1764187748980 2.0 413
1764187759692 2.0 414
1764187770531 2.0 415
1764187781233 2.0 416
1764187791944 2.0 417
1764187802669 2.0 418
1764187813391 2.0 419
1764187824108 2.0 420
1764187834810 2.0 421
1764187845551 2.0 422
1764187856288 2.0 423
1764187867084 2.0 424
1764187877829 2.0 425
1764187888544 2.0 426
1764187899246 2.0 427
1764187909932 2.0 428
1764187920651 2.0 429
1764187931366 2.0 430
1764187942076 2.0 431
1764187952809 2.0 432
1764187963529 2.0 433
1764187974252 2.0 434
1764187985005 2.0 435
1764187995719 2.0 436
1764188006387 2.0 437
1764188017159 2.0 438
1764188027883 2.0 439
1764188038588 2.0 440
1764188049302 2.0 441
1764188060036 2.0 442
1764188070749 2.0 443
1764188081517 2.0 444
1764188092253 2.0 445
1764188103017 2.0 446
1764188113725 2.0 447
1764188124488 2.0 448
1764188135213 2.0 449
1764188145952 2.0 450
1764188156714 2.0 451
1764188167468 2.0 452
1764188178230 2.0 453
1764188189022 2.0 454
1764188199872 2.0 455
1764188210601 2.0 456
1764188221340 2.0 457
1764188232084 2.0 458
1764188242788 2.0 459
1764188253505 2.0 460
1764188264254 2.0 461
1764188274995 2.0 462
1764188285758 2.0 463
1764188296480 2.0 464
1764188307212 2.0 465
1764188317941 2.0 466
1764188328672 2.0 467
1764188339387 2.0 468
1764188350105 2.0 469
1764188360863 2.0 470
1764188371606 2.0 471
1764188382331 2.0 472
1764188393050 2.0 473
1764188403804 2.0 474
1764188414527 2.0 475
1764188425259 2.0 476
1764188435979 2.0 477
1764188446717 2.0 478
1764188457452 2.0 479
1764188468180 2.0 480
1764188478901 2.0 481
1764188489620 2.0 482
1764188500362 2.0 483
1764188511095 2.0 484
1764188521824 2.0 485
1764188532558 2.0 486
1764188543296 2.0 487
1764188554023 2.0 488
1764188564791 2.0 489
1764188575560 2.0 490
1764188586270 2.0 491
1764188597148 2.0 492
1764188607874 2.0 493
1764188618647 2.0 494
1764188629425 2.0 495
1764188640157 2.0 496
1764188650885 2.0 497
1764188661696 2.0 498
1764188672425 2.0 499
1764188683188 2.0 500
1764188694003 2.0 501
1764188704689 2.0 502
1764188715405 2.0 503
1764188726218 2.0 504
1764188736995 2.0 505
1764188747737 2.0 506
1764188758456 2.0 507
1764188769162 2.0 508
1764188779879 2.0 509
1764188790613 2.0 510
1764188801351 2.0 511
1764188812070 2.0 512
1764188822801 2.0 513
1764188833539 2.0 514
1764188844298 2.0 515
1764188855028 2.0 516
1764188865735 2.0 517
1764188876473 2.0 518
1764188887177 2.0 519
1764188897920 2.0 520
1764188908656 2.0 521
1764188919368 2.0 522
1764188930079 2.0 523
1764188940816 2.0 524
1764188951502 2.0 525
1764188962204 2.0 526
1764188972922 2.0 527
1764188983619 2.0 528
1764188994307 2.0 529
1764189005042 2.0 530
1764189015756 2.0 531
1764189026529 2.0 532
1764189037267 2.0 533
1764189048050 2.0 534
1764189058808 2.0 535
1764189069493 2.0 536
1764189080297 2.0 537
1764189091029 2.0 538
1764189101765 2.0 539
1764189112493 2.0 540
1764189123211 2.0 541
1764189133930 2.0 542
1764189144676 2.0 543
1764189155425 2.0 544
1764189166166 2.0 545
1764189176863 2.0 546
1764189187575 2.0 547
1764189198302 2.0 548
1764189209038 2.0 549
1764189219795 2.0 550
1764189230495 2.0 551
1764189241247 2.0 552
1764189251996 2.0 553
1764189262733 2.0 554
1764189273444 2.0 555
1764189284223 2.0 556
1764189294980 2.0 557
1764189305730 2.0 558
1764189316456 2.0 559
1764189327173 2.0 560
1764189337895 2.0 561
1764189348628 2.0 562
1764189359342 2.0 563
1764189370051 2.0 564
1764189380788 2.0 565
1764189391472 2.0 566
1764189402173 2.0 567
1764189412947 2.0 568
1764189423687 2.0 569
1764189434402 2.0 570
1764189445137 2.0 571
1764189455914 2.0 572
1764189466610 2.0 573
1764189477314 2.0 574
1764189488131 2.0 575
1764189498826 2.0 576
1764189509563 2.0 577
1764189520245 2.0 578
1764189530983 2.0 579
1764189541667 2.0 580
1764189552408 2.0 581
1764189563121 2.0 582
1764189573841 2.0 583
1764189584556 2.0 584
1764189595251 2.0 585
1764189636667 2.0 586
1764189647353 2.0 587
1764189658067 2.0 588
1764189668787 2.0 589
1764189679534 2.0 590
1764189690246 2.0 591
1764189700947 2.0 592
1764189711645 2.0 593
1764189722369 2.0 594
1764189733098 2.0 595
1764189743823 2.0 596
1764189754543 2.0 597
1764189765258 2.0 598
1764189775982 2.0 599
1764189786702 2.0 600
1764189797436 2.0 601
1764189808135 2.0 602
1764189818863 2.0 603
1764189829613 2.0 604
1764189840327 2.0 605
1764189851062 2.0 606
1764189861863 2.0 607
1764189872546 2.0 608
1764189883348 2.0 609
1764189894087 2.0 610
1764189904917 2.0 611
1764189915633 2.0 612
1764189926366 2.0 613
1764189937058 2.0 614
1764189947814 2.0 615
1764189958544 2.0 616
1764189969228 2.0 617
1764189979984 2.0 618
1764189990728 2.0 619
1764190001424 2.0 620
1764190012192 2.0 621
1764190022906 2.0 622
1764190033699 2.0 623
1764190044423 2.0 624
1764190055159 2.0 625
1764190065868 2.0 626
1764190076568 2.0 627
1764190087237 2.0 628
1764190097956 2.0 629
1764190108712 2.0 630
1764190119467 2.0 631
1764190130203 2.0 632
1764190140918 2.0 633
1764190151616 2.0 634
1764190162349 2.0 635
1764190173080 2.0 636
1764190183780 2.0 637
1764190194478 2.0 638
1764190205211 2.0 639
1764190215963 2.0 640
1764190226669 2.0 641
1764190237386 2.0 642
1764190248099 2.0 643
1764190258802 2.0 644
1764190269507 2.0 645
1764190280232 2.0 646
1764190290951 2.0 647
1764190301684 2.0 648
1764190312505 2.0 649
1764190323200 2.0 650
1764190334023 2.0 651
1764190344729 2.0 652
1764190355471 2.0 653
1764190366186 2.0 654
1764190376968 2.0 655
1764190387724 2.0 656
1764190398532 2.0 657
1764190409301 2.0 658
1764190420071 2.0 659
1764190430824 2.0 660
1764190441578 2.0 661
1764190452319 2.0 662
1764190463073 2.0 663
1764190473832 2.0 664
1764190484548 2.0 665
1764190495264 2.0 666
1764190505982 2.0 667
1764190516725 2.0 668
1764190527423 2.0 669
1764190538120 2.0 670
1764190548845 2.0 671
1764190559613 2.0 672
1764190570336 2.0 673
1764190581072 2.0 674
1764190591783 2.0 675
1764190602511 2.0 676
1764190613224 2.0 677
1764190623958 2.0 678
1764190634692 2.0 679
1764190645488 2.0 680
1764190656158 2.0 681
1764190666863 2.0 682
1764190677624 2.0 683
1764190688393 2.0 684
1764190699081 2.0 685
1764190709817 2.0 686
1764190720534 2.0 687
1764190731392 2.0 688
1764190742065 2.0 689
1764190752819 2.0 690
1764190763550 2.0 691
1764190774280 2.0 692
1764190785055 2.0 693
1764190795784 2.0 694
1764190806508 2.0 695
1764190817233 2.0 696
1764190828008 2.0 697
1764190838735 2.0 698
1764190849481 2.0 699
1764190860193 2.0 700
1764190870937 2.0 701
1764190881724 2.0 702
1764190892456 2.0 703
1764190903144 2.0 704
1764190913857 2.0 705
1764190924582 2.0 706
1764190935289 2.0 707
1764190946040 2.0 708
1764190956787 2.0 709
1764190967503 2.0 710
1764190978274 2.0 711
1764190989012 2.0 712
1764190999777 2.0 713
1764191010484 2.0 714
1764191021200 2.0 715
1764191031902 2.0 716
1764191042622 2.0 717
1764191053339 2.0 718
1764191064027 2.0 719
1764191074721 2.0 720
1764191085494 2.0 721
1764191096223 2.0 722
1764191106968 2.0 723
1764191117728 2.0 724
1764191128447 2.0 725
1764191139175 2.0 726
1764191149896 2.0 727
1764191160674 2.0 728
1764191171392 2.0 729
1764191182116 2.0 730
1764191192855 2.0 731
1764191203562 2.0 732
1764191214312 2.0 733
1764191225019 2.0 734
1764191235762 2.0 735
1764191246495 2.0 736
1764191257217 2.0 737
1764191267950 2.0 738
1764191278705 2.0 739
1764191289418 2.0 740
1764191300140 2.0 741
1764191310862 2.0 742
1764191321564 2.0 743
1764191332270 2.0 744
1764191342976 2.0 745
1764191353704 2.0 746
1764191364429 2.0 747
1764191375136 2.0 748
1764191385889 2.0 749
1764191396582 2.0 750
1764191407288 2.0 751
1764191418022 2.0 752
1764191428782 2.0 753
1764191439525 2.0 754
1764191450216 2.0 755
1764191460945 2.0 756
1764191471654 2.0 757
1764191482350 2.0 758
1764191493050 2.0 759
1764191503817 2.0 760
1764191514567 2.0 761
1764191525275 2.0 762
1764191535985 2.0 763
1764191546701 2.0 764
1764191557457 2.0 765
1764191568175 2.0 766
1764191578929 2.0 767
1764191589753 2.0 768
1764191600460 2.0 769
1764191611194 2.0 770
1764191622008 2.0 771
1764191632712 2.0 772
1764191643441 2.0 773
1764191654182 2.0 774
1764191664963 2.0 775
1764191675709 2.0 776
1764191686411 2.0 777
1764191697136 2.0 778
1764191707909 2.0 779
1764191718683 2.0 780
1764191729435 2.0 781
1764191753442 2.0 782
1764191764198 2.0 783
1764191774950 2.0 784
1764191785696 2.0 785
1764191796449 2.0 786
1764191807212 2.0 787
1764191817907 2.0 788
1764191828636 2.0 789
1764191839363 2.0 790
1764191850091 2.0 791
1764191860794 2.0 792
1764191871547 2.0 793
1764191882251 2.0 794
1764191892964 2.0 795
1764191903676 2.0 796
1764191914393 2.0 797
1764191925119 2.0 798
1764191935838 2.0 799
1764191946605 2.0 800
1764191957304 2.0 801
1764191968090 2.0 802
1764191978820 2.0 803
1764191989559 2.0 804
1764192000335 2.0 805
1764192011060 2.0 806
1764192021792 2.0 807
1764192032532 2.0 808
1764192043248 2.0 809
1764192053972 2.0 810
1764192064681 2.0 811
1764192075388 2.0 812
1764192086103 2.0 813
1764192096877 2.0 814
1764192107561 2.0 815
1764192118289 2.0 816
1764192129043 2.0 817
1764192139783 2.0 818
1764192150507 2.0 819
1764192161212 2.0 820
1764192171999 2.0 821
1764192182715 2.0 822
1764192193428 2.0 823
1764192204209 2.0 824
1764192215015 2.0 825
1764192225748 2.0 826
1764192236451 2.0 827
1764192247190 2.0 828
1764192257886 2.0 829
1764192268602 2.0 830
1764192279358 2.0 831
1764192290084 2.0 832
1764192300817 2.0 833
1764192311564 2.0 834
1764192322289 2.0 835
1764192333032 2.0 836
1764192343749 2.0 837
1764192354419 2.0 838
1764192365139 2.0 839
1764192375829 2.0 840
1764192386572 2.0 841
1764192397312 2.0 842
1764192408041 2.0 843
1764192418795 2.0 844
1764192429489 2.0 845
1764192440222 2.0 846
1764192451075 2.0 847
1764192461812 2.0 848
1764192472530 2.0 849
1764192483241 2.0 850
1764192493987 2.0 851
1764192504751 2.0 852
1764192515450 2.0 853
1764192526152 2.0 854
1764192536926 2.0 855
1764192547668 2.0 856
1764192558382 2.0 857
1764192569156 2.0 858
1764192579877 2.0 859
1764192590594 2.0 860
1764192601312 2.0 861
1764192612057 2.0 862
1764192622818 2.0 863
1764192633520 2.0 864
1764192644238 2.0 865
1764192654977 2.0 866
1764192665723 2.0 867
1764192676470 2.0 868
1764192687225 2.0 869
1764192697908 2.0 870
1764192708621 2.0 871
1764192719375 2.0 872
1764192730081 2.0 873
1764192740805 2.0 874
1764192751492 2.0 875
1764192762208 2.0 876
1764192772905 2.0 877
1764192783660 2.0 878
1764192794409 2.0 879
1764192805146 2.0 880
1764192815868 2.0 881
1764192826618 2.0 882
1764192837330 2.0 883
1764192848192 2.0 884
1764192858901 2.0 885
1764192869648 2.0 886
1764192880347 2.0 887
1764192891044 2.0 888
1764192901804 2.0 889
1764192912519 2.0 890
1764192923256 2.0 891
1764192933987 2.0 892
1764192944682 2.0 893
1764192955435 2.0 894
1764192966135 2.0 895
1764192976856 2.0 896
1764192987589 2.0 897
1764192998304 2.0 898
1764193009014 2.0 899
1764193019743 2.0 900
1764193030524 2.0 901
1764193041254 2.0 902
1764193052000 2.0 903
1764193062766 2.0 904
1764193073499 2.0 905
1764193084186 2.0 906
1764193094910 2.0 907
1764193105643 2.0 908
1764193116354 2.0 909
1764193127077 2.0 910
1764193137808 2.0 911
1764193148533 2.0 912
1764193159277 2.0 913
1764193169967 2.0 914
1764193180679 2.0 915
1764193191448 2.0 916
1764193202210 2.0 917
1764193212904 2.0 918
1764193223622 2.0 919
1764193234336 2.0 920
1764193245142 2.0 921
1764193255879 2.0 922
1764193266593 2.0 923
1764193277397 2.0 924
1764193288156 2.0 925
1764193298850 2.0 926
1764193309579 2.0 927
1764193320301 2.0 928
1764193331015 2.0 929
1764193341730 2.0 930
1764193352435 2.0 931
1764193363162 2.0 932
1764193373920 2.0 933
1764193384632 2.0 934
1764193395374 2.0 935
1764193406100 2.0 936
1764193416859 2.0 937
1764193427596 2.0 938
1764193438334 2.0 939
1764193449074 2.0 940
1764193459886 2.0 941
1764193470607 2.0 942
1764193481334 2.0 943
1764193492052 2.0 944
1764193502755 2.0 945
1764193513448 2.0 946
1764193524173 2.0 947
1764193534882 2.0 948
1764193545629 2.0 949
1764193556348 2.0 950
1764193567041 2.0 951
1764193577764 2.0 952
1764193588508 2.0 953
1764193599197 2.0 954
1764193609949 2.0 955
1764193620692 2.0 956
1764193631440 2.0 957
1764193642183 2.0 958
1764193652934 2.0 959
1764193663645 2.0 960
1764193674348 2.0 961
1764193685041 2.0 962
1764193695753 2.0 963
1764193706524 2.0 964
1764193717201 2.0 965
1764193727912 2.0 966
1764193738635 2.0 967
1764193749343 2.0 968
1764193760059 2.0 969
1764193770788 2.0 970
1764193781536 2.0 971
1764193792302 2.0 972
1764193803017 2.0 973
1764193813761 2.0 974
1764193824481 2.0 975
1764193835177 2.0 976
1764193859313 2.0 977
1764193870111 2.0 978
1764193880832 2.0 979
1764193891530 2.0 980
1764193902277 2.0 981
1764193913031 2.0 982
1764193923787 2.0 983
1764193934577 2.0 984
1764193945261 2.0 985
1764193955947 2.0 986
1764193966648 2.0 987
1764193977355 2.0 988
1764193988063 2.0 989
1764193998805 2.0 990
1764194009574 2.0 991
1764194020299 2.0 992
1764194031047 2.0 993
1764194041848 2.0 994
1764194052571 2.0 995
1764194063285 2.0 996
1764194073983 2.0 997
1764194084691 2.0 998
1764194095380 2.0 999
1764194106086 2.0 1000
1764194116837 2.0 1001
1764194127560 2.0 1002
1764194138409 2.0 1003
1764194149120 2.0 1004
1764194159818 2.0 1005
1764194170577 2.0 1006
1764194181380 2.0 1007
1764194192104 2.0 1008
1764194202855 2.0 1009
1764194213588 2.0 1010
1764194224304 2.0 1011
1764194235046 2.0 1012
1764194245762 2.0 1013
1764194256473 2.0 1014
1764194267241 2.0 1015
1764194277989 2.0 1016
1764194288759 2.0 1017
1764194299470 2.0 1018
1764194310227 2.0 1019
1764194320979 2.0 1020
1764194331752 2.0 1021
1764194342471 2.0 1022
1764194353227 2.0 1023
1764194363932 2.0 1024
1764194374658 2.0 1025
1764194385384 2.0 1026
1764194396084 2.0 1027
1764194406793 2.0 1028
1764194417539 2.0 1029
1764194428232 2.0 1030
1764194438976 2.0 1031
1764194449670 2.0 1032
1764194460375 2.0 1033
1764194471126 2.0 1034
1764194481823 2.0 1035
1764194492564 2.0 1036
1764194503309 2.0 1037
1764194514050 2.0 1038
1764194524799 2.0 1039
1764194535503 2.0 1040
1764194546267 2.0 1041
1764194556990 2.0 1042
1764194567752 2.0 1043
1764194578489 2.0 1044
1764194589239 2.0 1045
1764194600035 2.0 1046
1764194610747 2.0 1047
1764194621462 2.0 1048
1764194632199 2.0 1049
1764194642919 2.0 1050
1764194653619 2.0 1051
1764194664360 2.0 1052
1764194675052 2.0 1053
1764194685813 2.0 1054
1764194696520 2.0 1055
1764194707281 2.0 1056
1764194718056 2.0 1057
1764194728787 2.0 1058
1764194739526 2.0 1059
1764194750255 2.0 1060
1764194760981 2.0 1061
1764194771758 2.0 1062
1764194782511 2.0 1063
1764194793268 2.0 1064
1764194803998 2.0 1065
1764194814699 2.0 1066
1764194825417 2.0 1067
1764194836167 2.0 1068
1764194846877 2.0 1069
1764194857688 2.0 1070
1764194868363 2.0 1071
1764194879082 2.0 1072
1764194889827 2.0 1073
1764194900558 2.0 1074
1764194911293 2.0 1075
1764194922006 2.0 1076
1764194932707 2.0 1077
1764194943438 2.0 1078
1764194954164 2.0 1079
1764194964997 2.0 1080
1764194975724 2.0 1081
1764194986415 2.0 1082
1764194997156 2.0 1083
1764195007882 2.0 1084
1764195018597 2.0 1085
1764195029345 2.0 1086
1764195040081 2.0 1087
1764195050792 2.0 1088
1764195061499 2.0 1089
1764195072286 2.0 1090
1764195082983 2.0 1091
1764195093704 2.0 1092
1764195104464 2.0 1093
1764195115183 2.0 1094
1764195125903 2.0 1095
1764195136643 2.0 1096
1764195147419 2.0 1097
1764195158177 2.0 1098
1764195168919 2.0 1099
1764195179632 2.0 1100
1764195190330 2.0 1101
1764195201068 2.0 1102
1764195211811 2.0 1103
1764195222489 2.0 1104
1764195233211 2.0 1105
1764195243952 2.0 1106
1764195254687 2.0 1107
1764195265419 2.0 1108
1764195276164 2.0 1109
1764195286853 2.0 1110
1764195297550 2.0 1111
1764195308281 2.0 1112
1764195318996 2.0 1113
1764195329707 2.0 1114
1764195340444 2.0 1115
1764195351207 2.0 1116
1764195361947 2.0 1117
1764195372655 2.0 1118
1764195383356 2.0 1119
1764195394167 2.0 1120
1764195404914 2.0 1121
1764195415611 2.0 1122
1764195426338 2.0 1123
1764195437036 2.0 1124
1764195447770 2.0 1125
1764195458527 2.0 1126
1764195469258 2.0 1127
1764195479956 2.0 1128
1764195490666 2.0 1129
1764195501366 2.0 1130
1764195512124 2.0 1131
1764195522865 2.0 1132
1764195533629 2.0 1133
1764195544357 2.0 1134
1764195555086 2.0 1135
1764195565844 2.0 1136
1764195576665 2.0 1137
1764195587426 2.0 1138
1764195598215 2.0 1139
1764195608920 2.0 1140
1764195619674 2.0 1141
1764195630408 2.0 1142
1764195641095 2.0 1143
1764195651826 2.0 1144
1764195662557 2.0 1145
1764195673307 2.0 1146
1764195684011 2.0 1147
1764195694727 2.0 1148
1764195705449 2.0 1149
1764195716180 2.0 1150
1764195726899 2.0 1151
1764195737616 2.0 1152
1764195748343 2.0 1153
1764195759068 2.0 1154
1764195769812 2.0 1155
1764195780553 2.0 1156
1764195791273 2.0 1157
1764195802012 2.0 1158
1764195812751 2.0 1159
1764195823532 2.0 1160
1764195834234 2.0 1161
1764195844948 2.0 1162
1764195855645 2.0 1163
1764195866367 2.0 1164
1764195877104 2.0 1165
1764195887927 2.0 1166
1764195898651 2.0 1167
1764195909379 2.0 1168
1764195920088 2.0 1169
1764195930860 2.0 1170
1764195941589 2.0 1171
1764195965588 2.0 1172
1764195976323 2.0 1173
1764195987039 2.0 1174
1764195997728 2.0 1175
1764196008490 2.0 1176
1764196019172 2.0 1177
1764196029926 2.0 1178
1764196040638 2.0 1179
1764196051395 2.0 1180
1764196062117 2.0 1181
1764196072819 2.0 1182
1764196083594 2.0 1183
1764196094372 2.0 1184
1764196105111 2.0 1185
1764196115861 2.0 1186
1764196126564 2.0 1187
1764196137273 2.0 1188
1764196147999 2.0 1189
1764196158769 2.0 1190
1764196169482 2.0 1191
1764196180269 2.0 1192
1764196190955 2.0 1193
1764196201691 2.0 1194
1764196212426 2.0 1195
1764196223169 2.0 1196
1764196233908 2.0 1197
1764196244630 2.0 1198
1764196255443 2.0 1199
1764196266171 2.0 1200
1764196276937 2.0 1201
1764196287651 2.0 1202
1764196298403 2.0 1203
1764196309196 2.0 1204
1764196319908 2.0 1205
1764196330622 2.0 1206
1764196341326 2.0 1207
1764196352097 2.0 1208
1764196362789 2.0 1209
1764196373487 2.0 1210
1764196384218 2.0 1211
1764196394963 2.0 1212
1764196405690 2.0 1213
1764196416392 2.0 1214
1764196427131 2.0 1215
1764196437843 2.0 1216
1764196448550 2.0 1217
1764196459306 2.0 1218
1764196470080 2.0 1219
1764196480833 2.0 1220
1764196491559 2.0 1221
1764196502309 2.0 1222
1764196513042 2.0 1223
1764196523869 2.0 1224
1764196534595 2.0 1225
1764196545312 2.0 1226
1764196556060 2.0 1227
1764196566782 2.0 1228
1764196577502 2.0 1229
1764196588263 2.0 1230
1764196599055 2.0 1231
1764196609770 2.0 1232
1764196620490 2.0 1233
1764196631216 2.0 1234
1764196641979 2.0 1235
1764196652759 2.0 1236
1764196663545 2.0 1237
1764196674372 2.0 1238
1764196685105 2.0 1239
1764196695846 2.0 1240
1764196706577 2.0 1241
1764196717332 2.0 1242
1764196728064 2.0 1243
1764196738807 2.0 1244
1764196749530 2.0 1245
1764196760249 2.0 1246
1764196770970 2.0 1247
1764196781682 2.0 1248
1764196792392 2.0 1249
1764196803109 2.0 1250
1764196813810 2.0 1251
1764196824506 2.0 1252
1764196835231 2.0 1253
1764196845943 2.0 1254
1764196856623 2.0 1255
1764196867333 2.0 1256
1764196878039 2.0 1257
1764196888777 2.0 1258
1764196899508 2.0 1259
1764196910230 2.0 1260
1764196920941 2.0 1261
1764196931672 2.0 1262
1764196942403 2.0 1263
1764196953143 2.0 1264
1764196963873 2.0 1265
1764196974603 2.0 1266
1764196985327 2.0 1267
1764196996075 2.0 1268
1764197006851 2.0 1269
1764197017642 2.0 1270
1764197028377 2.0 1271
1764197039122 2.0 1272
1764197049853 2.0 1273
1764197060634 2.0 1274
1764197071377 2.0 1275
1764197082214 2.0 1276
1764197092931 2.0 1277
1764197103691 2.0 1278
1764197114430 2.0 1279
1764197125128 2.0 1280
1764197135892 2.0 1281
1764197146649 2.0 1282
1764197157385 2.0 1283
1764197168172 2.0 1284
1764197178994 2.0 1285
1764197189738 2.0 1286
1764197200462 2.0 1287
1764197211163 2.0 1288
1764197221908 2.0 1289
1764197232608 2.0 1290
1764197243365 2.0 1291
1764197254081 2.0 1292
1764197264818 2.0 1293
1764197275575 2.0 1294
1764197286261 2.0 1295
1764197297004 2.0 1296
1764197307690 2.0 1297
1764197318384 2.0 1298
1764197329133 2.0 1299
1764197339838 2.0 1300
1764197350588 2.0 1301
1764197361280 2.0 1302
1764197372048 2.0 1303
1764197382758 2.0 1304
1764197393483 2.0 1305
1764197404185 2.0 1306
1764197414894 2.0 1307
1764197425618 2.0 1308
1764197436329 2.0 1309
1764197447055 2.0 1310
1764197457772 2.0 1311
1764197468486 2.0 1312
1764197479202 2.0 1313
1764197489952 2.0 1314
1764197500683 2.0 1315
1764197511403 2.0 1316
1764197522131 2.0 1317
1764197532969 2.0 1318
1764197543690 2.0 1319
1764197554412 2.0 1320
1764197565139 2.0 1321
1764197575891 2.0 1322
1764197586618 2.0 1323
1764197597354 2.0 1324
1764197608057 2.0 1325
1764197618841 2.0 1326
1764197629645 2.0 1327
1764197640392 2.0 1328
1764197651119 2.0 1329
1764197661854 2.0 1330
1764197672619 2.0 1331
1764197683341 2.0 1332
1764197694051 2.0 1333
1764197704756 2.0 1334
1764197715559 2.0 1335
1764197726265 2.0 1336
1764197737015 2.0 1337
1764197747760 2.0 1338
1764197758505 2.0 1339
1764197769241 2.0 1340
1764197779975 2.0 1341
1764197790665 2.0 1342
1764197801411 2.0 1343
1764197812121 2.0 1344
1764197822871 2.0 1345
1764197833619 2.0 1346
1764197844374 2.0 1347
1764197855125 2.0 1348
1764197865878 2.0 1349
1764197876640 2.0 1350
1764197887350 2.0 1351
1764197898041 2.0 1352
1764197908749 2.0 1353
1764197919478 2.0 1354
1764197930333 2.0 1355
1764197941049 2.0 1356
1764197951797 2.0 1357
1764197962507 2.0 1358
1764197973195 2.0 1359
1764197983897 2.0 1360
1764197994612 2.0 1361
1764198005328 2.0 1362
1764198016087 2.0 1363
1764198026830 2.0 1364
1764198037526 2.0 1365
1764198048257 2.0 1366
1764198072328 2.0 1367
1764198083035 2.0 1368
1764198093831 2.0 1369
1764198104562 2.0 1370
1764198115282 2.0 1371
1764198125995 2.0 1372
1764198136772 2.0 1373
1764198147487 2.0 1374
1764198158219 2.0 1375
1764198168922 2.0 1376
1764198179692 2.0 1377
1764198190421 2.0 1378
1764198201169 2.0 1379
1764198211906 2.0 1380
1764198222626 2.0 1381
1764198233339 2.0 1382
1764198244030 2.0 1383
1764198254819 2.0 1384
1764198265575 2.0 1385
1764198276307 2.0 1386
1764198287036 2.0 1387
1764198297759 2.0 1388
1764198308449 2.0 1389
1764198319175 2.0 1390
1764198329951 2.0 1391
1764198340719 2.0 1392
1764198351392 2.0 1393
1764198362196 2.0 1394
1764198372884 2.0 1395
1764198383612 2.0 1396
1764198394432 2.0 1397
1764198405184 2.0 1398
1764198415925 2.0 1399
1764198426657 2.0 1400
1764198437470 2.0 1401
1764198448180 2.0 1402
1764198458924 2.0 1403
1764198469674 2.0 1404
1764198480416 2.0 1405
1764198491123 2.0 1406
1764198501876 2.0 1407
1764198512612 2.0 1408
1764198523355 2.0 1409
1764198534112 2.0 1410
1764198544839 2.0 1411
1764198555533 2.0 1412
1764198566269 2.0 1413
1764198577031 2.0 1414
1764198587757 2.0 1415
1764198598525 2.0 1416
1764198609245 2.0 1417
1764198619970 2.0 1418
1764198630711 2.0 1419
1764198641450 2.0 1420
1764198652226 2.0 1421
1764198662979 2.0 1422
1764198673697 2.0 1423
1764198684472 2.0 1424
1764198695257 2.0 1425
1764198705969 2.0 1426
1764198716679 2.0 1427
1764198727473 2.0 1428
1764198738232 2.0 1429
1764198748938 2.0 1430
1764198759668 2.0 1431
1764198770395 2.0 1432
1764198781093 2.0 1433
1764198791930 2.0 1434
1764198802636 2.0 1435
1764198813371 2.0 1436
1764198824095 2.0 1437
1764198834815 2.0 1438
1764198845536 2.0 1439
1764198856269 2.0 1440
1764198867015 2.0 1441
1764198877750 2.0 1442
1764198888469 2.0 1443
1764198899237 2.0 1444
1764198909990 2.0 1445
1764198920714 2.0 1446
1764198931444 2.0 1447
1764198942216 2.0 1448
1764198952954 2.0 1449
1764198963665 2.0 1450
1764198974388 2.0 1451
1764198985111 2.0 1452
1764198995820 2.0 1453
1764199006516 2.0 1454
1764199017238 2.0 1455
1764199027983 2.0 1456
1764199038676 2.0 1457
1764199049401 2.0 1458
1764199060139 2.0 1459
1764199070903 2.0 1460
1764199081622 2.0 1461
1764199092358 2.0 1462
1764199103051 2.0 1463
1764199113770 2.0 1464
1764199124499 2.0 1465
1764199135238 2.0 1466
1764199145950 2.0 1467
1764199156738 2.0 1468
1764199167512 2.0 1469
1764199178300 2.0 1470
1764199189060 2.0 1471
1764199199835 2.0 1472
1764199210617 2.0 1473
1764199221429 2.0 1474
1764199232208 2.0 1475
1764199242968 2.0 1476
1764199253689 2.0 1477
1764199264418 2.0 1478
1764199275163 2.0 1479
1764199285892 2.0 1480
1764199296686 2.0 1481
1764199307493 2.0 1482
1764199318249 2.0 1483
1764199328932 2.0 1484
1764199339640 2.0 1485
1764199350356 2.0 1486
1764199361056 2.0 1487
1764199371760 2.0 1488
1764199382443 2.0 1489
1764199393187 2.0 1490
1764199403887 2.0 1491
1764199414613 2.0 1492
1764199425369 2.0 1493
1764199436123 2.0 1494
1764199446866 2.0 1495
1764199457556 2.0 1496
1764199468312 2.0 1497
1764199479041 2.0 1498
1764199489791 2.0 1499
1764199500515 2.0 1500
1764199511317 2.0 1501
1764199522048 2.0 1502
1764199532770 2.0 1503
1764199543464 2.0 1504
1764199554217 2.0 1505
1764199564923 2.0 1506
1764199575693 2.0 1507
1764199586419 2.0 1508
1764199597148 2.0 1509
1764199607865 2.0 1510
1764199618585 2.0 1511
1764199629320 2.0 1512
1764199640042 2.0 1513
1764199650871 2.0 1514
1764199661620 2.0 1515
1764199672361 2.0 1516
1764199683081 2.0 1517
1764199693834 2.0 1518
1764199704555 2.0 1519
1764199715292 2.0 1520
1764199726102 2.0 1521
1764199736805 2.0 1522
1764199747537 2.0 1523
1764199758271 2.0 1524
1764199768999 2.0 1525
1764199779775 2.0 1526
1764199790522 2.0 1527
1764199801261 2.0 1528
1764199812022 2.0 1529
1764199822760 2.0 1530
1764199833482 2.0 1531
1764199844190 2.0 1532
1764199854892 2.0 1533
1764199865626 2.0 1534
1764199876396 2.0 1535
1764199887122 2.0 1536
1764199897844 2.0 1537
1764199908580 2.0 1538
1764199919319 2.0 1539
1764199930029 2.0 1540
1764199940820 2.0 1541
1764199951573 2.0 1542
1764199962353 2.0 1543
1764199973122 2.0 1544
1764199983813 2.0 1545
1764199994530 2.0 1546
1764200005249 2.0 1547
1764200015968 2.0 1548
1764200026721 2.0 1549
1764200037465 2.0 1550
1764200048283 2.0 1551
1764200059032 2.0 1552
1764200069804 2.0 1553
1764200080516 2.0 1554
1764200091236 2.0 1555
1764200101959 2.0 1556
1764200112667 2.0 1557
1764200123420 2.0 1558
1764200134149 2.0 1559
1764200144875 2.0 1560
1764200155669 2.0 1561
1764200166413 2.0 1562
