1764183262819 1.0985460579395294 1
1764183273967 1.0979041159152985 2
1764183284720 1.0963163375854492 3
1764183295513 1.0983552932739258 4
1764183306300 1.0977816879749298 5
1764183317127 1.0981124639511108 6
1764183327974 1.0972338616847992 7
1764183338798 1.0969190299510956 8
1764183349595 1.0980823636054993 9
1764183360408 1.0988316535949707 10
1764183371209 1.0971367955207825 11
1764183382005 1.0967806279659271 12
1764183392792 1.0980262756347656 13
1764183403618 1.0991275310516357 14
1764183414396 1.0991405844688416 15
1764183425177 1.0985987782478333 16
1764183435976 1.096160888671875 17
1764183446838 1.098939061164856 18
1764183457615 1.0979809165000916 19
1764183468500 1.1004231870174408 20
1764183479246 1.0985676944255829 21
1764183490018 1.0952627062797546 22
1764183500768 1.0953868627548218 23
1764183511529 1.101008027791977 24
1764183522279 1.0988398790359497 25
1764183533051 1.0968575179576874 26
1764183543802 1.0944949686527252 27
1764183554580 1.0995922684669495 28
1764183565310 1.0988639891147614 29
1764183576023 1.098259061574936 30
1764183586763 1.093563735485077 31
1764183597514 1.0969833731651306 32
1764183608254 1.0929903984069824 33
1764183618975 1.095123678445816 34
1764183629710 1.096251219511032 35
1764183640477 1.0986262261867523 36
1764183651227 1.0929457545280457 37
1764183661967 1.0959329307079315 38
1764183672691 1.097294420003891 39
1764183683394 1.096519023180008 40
1764183694136 1.098357915878296 41
1764183704848 1.092532902956009 42
1764183715575 1.0950152575969696 43
1764183726333 1.095393180847168 44
1764183737075 1.0949867367744446 45
1764183747852 1.0933947265148163 46
1764183758567 1.0980735123157501 47
1764183769332 1.0945210754871368 48
1764183780037 1.0965949296951294 49
1764183790751 1.0974325835704803 50
1764183801509 1.0965780317783356 51
1764183812279 1.097640335559845 52
1764183823019 1.0940040051937103 53
1764183833736 1.096927672624588 54
1764183844447 1.0973171889781952 55
1764183855169 1.0958079397678375 56
1764183865909 1.0970922112464905 57
1764183876613 1.0940158665180206 58
1764183887428 1.0938459932804108 59
1764183898217 1.0987720787525177 60
1764183908915 1.0960577428340912 61
1764183919628 1.0992884933948517 62
1764183930322 1.0964645445346832 63
1764183941093 1.0954687595367432 64
1764183951802 1.0953129827976227 65
1764183962535 1.0945801436901093 66
1764183973231 1.0956836938858032 67
1764183984000 1.0994277596473694 68
1764183994704 1.098875880241394 69
1764184005428 1.0962136387825012 70
1764184016129 1.097583383321762 71
1764184026829 1.0987028777599335 72
1764184037574 1.0986750721931458 73
1764184048306 1.0963436961174011 74
1764184059040 1.095029503107071 75
1764184069736 1.0979862213134766 76
1764184080461 1.0963357090950012 77
1764184091184 1.0931212902069092 78
1764184101896 1.0960301756858826 79
1764184112649 1.0999538600444794 80
1764184123344 1.0943216383457184 81
1764184134129 1.0987866520881653 82
1764184144898 1.1007581055164337 83
1764184155617 1.0992851555347443 84
1764184166351 1.097684919834137 85
1764184177115 1.098243623971939 86
1764184187815 1.0992907881736755 87
1764184198577 1.0967099964618683 88
1764184209263 1.1011710464954376 89
1764184220006 1.1007749736309052 90
1764184230691 1.094629019498825 91
1764184241415 1.097781240940094 92
1764184252136 1.0971919000148773 93
1764184262880 1.1001273095607758 94
1764184273645 1.0943307280540466 95
1764184284387 1.0960399806499481 96
1764184295182 1.0947546362876892 97
1764184305926 1.0981552302837372 98
1764184316747 1.0987395346164703 99
1764184327446 1.0949556231498718 100
1764184338148 1.0986361503601074 101
1764184348871 1.1015595495700836 102
1764184359605 1.0979011058807373 103
1764184370347 1.1009996831417084 104
1764184381060 1.0971010029315948 105
1764184391799 1.0993328094482422 106
1764184402558 1.0963759124279022 107
1764184413285 1.0966352224349976 108
1764184424019 1.094893455505371 109
1764184434711 1.0981012880802155 110
1764184445445 1.0971572697162628 111
1764184456156 1.0966625809669495 112
1764184466842 1.0970833599567413 113
1764184477550 1.097679316997528 114
1764184488254 1.0960888266563416 115
1764184498953 1.093534916639328 116
1764184509664 1.0958824157714844 117
1764184520373 1.098137617111206 118
1764184531107 1.0958005785942078 119
1764184541824 1.0963991284370422 120
1764184552550 1.1003084182739258 121
1764184563289 1.1003560423851013 122
1764184574025 1.0989361703395844 123
1764184584788 1.0990737676620483 124
1764184595499 1.096443772315979 125
1764184606228 1.1014420688152313 126
1764184616922 1.0956859290599823 127
1764184627656 1.0982131361961365 128
1764184638337 1.0935429334640503 129
1764184649093 1.0983762741088867 130
1764184659771 1.0955564379692078 131
1764184670535 1.101392775774002 132
1764184681266 1.0985751450061798 133
1764184692007 1.0966612100601196 134
1764184702739 1.104688137769699 135
1764184713447 1.0980346500873566 136
1764184724168 1.099801242351532 137
1764184735016 1.099559873342514 138
1764184745817 1.0960197150707245 139
1764184756537 1.0982241928577423 140
1764184767283 1.0989494323730469 141
1764184778013 1.0967566668987274 142
1764184788739 1.09890016913414 143
1764184799435 1.0947789251804352 144
1764184810136 1.0964686870574951 145
1764184820833 1.0984839498996735 146
1764184831527 1.097265511751175 147
1764184842246 1.100437343120575 148
1764184853005 1.1005103290081024 149
1764184863744 1.0997766554355621 150
1764184874444 1.0957280397415161 151
1764184885183 1.1007562577724457 152
1764184895903 1.09974405169487 153
1764184906645 1.09365576505661 154
1764184917343 1.094645917415619 155
1764184928079 1.0996585190296173 156
1764184938799 1.0972611904144287 157
1764184949553 1.0993720889091492 158
1764184960348 1.0979296267032623 159
1764184971029 1.0995448231697083 160
1764184981744 1.0983735620975494 161
1764184992467 1.0970233380794525 162
1764185003218 1.0945783853530884 163
1764185013943 1.0977983176708221 164
1764185024666 1.096236377954483 165
1764185035384 1.0981944799423218 166
1764185046118 1.0964537262916565 167
1764185056859 1.0985719859600067 168
1764185067522 1.0958756804466248 169
1764185078224 1.1007204353809357 170
1764185088915 1.09774512052536 171
1764185099628 1.097259283065796 172
1764185110361 1.0952756702899933 173
1764185121093 1.096932291984558 174
1764185131790 1.099307656288147 175
1764185142632 1.0963685810565948 176
1764185153370 1.0975630283355713 177
1764185164111 1.09705650806427 178
1764185174825 1.098838210105896 179
1764185185521 1.0998258888721466 180
1764185196245 1.1000470519065857 181
1764185206975 1.100863367319107 182
1764185217673 1.0943670570850372 183
1764185228459 1.0966715514659882 184
1764185239188 1.0974852442741394 185
1764185249883 1.096846491098404 186
1764185260616 1.0970491468906403 187
1764185271436 1.099588543176651 188
1764185282151 1.1012683510780334 189
1764185292855 1.0984998047351837 190
1764185303622 1.1008020043373108 191
1764185314387 1.0979674756526947 192
1764185325106 1.0959931313991547 193
1764185335859 1.097137063741684 194
1764185346571 1.0963681638240814 195
1764185388009 1.093699425458908 196
1764185398699 1.097588062286377 197
1764185409398 1.0993635952472687 198
1764185420111 1.0987833440303802 199
1764185430861 1.100417673587799 200
1764185441589 1.101306140422821 201
1764185452322 1.1006925404071808 202
1764185463070 1.1001451909542084 203
1764185473822 1.0964100062847137 204
1764185484527 1.0963689684867859 205
1764185495257 1.0910296738147736 206
1764185506055 1.0935979187488556 207
1764185516797 1.0957740545272827 208
1764185527563 1.0935623347759247 209
1764185538364 1.0977684557437897 210
1764185549114 1.100933998823166 211
1764185559837 1.1016215085983276 212
1764185570564 1.0975980162620544 213
1764185581310 1.1016011238098145 214
1764185592038 1.1013048589229584 215
1764185602883 1.099412590265274 216
1764185613788 1.0966539084911346 217
1764185624541 1.0985899567604065 218
1764185635286 1.0967889726161957 219
1764185646051 1.099971890449524 220
1764185656760 1.0925740599632263 221
1764185667523 1.0994793474674225 222
1764185678277 1.0979682207107544 223
1764185689004 1.0984965562820435 224
1764185699731 1.0983246564865112 225
1764185710460 1.1022227108478546 226
1764185721195 1.098806381225586 227
1764185731917 1.1011599600315094 228
1764185742688 1.100740909576416 229
1764185753404 1.1014687716960907 230
1764185764175 1.0976531505584717 231
1764185774875 1.0986198484897614 232
1764185785589 1.0986139178276062 233
1764185796326 1.0984038412570953 234
1764185807043 1.0949895977973938 235
1764185817760 1.0981620252132416 236
1764185828506 1.102323293685913 237
1764185839229 1.0958677530288696 238
1764185849935 1.0957601964473724 239
1764185860711 1.1017628014087677 240
1764185871420 1.1006832420825958 241
1764185882144 1.0950680673122406 242
1764185892933 1.1009335219860077 243
1764185903676 1.0988676249980927 244
1764185914434 1.0960469841957092 245
1764185925219 1.0979583263397217 246
1764185935959 1.0958107113838196 247
1764185946751 1.0992802679538727 248
1764185957486 1.0995436608791351 249
1764185968204 1.094896912574768 250
1764185978944 1.0959166586399078 251
1764185989666 1.0981843769550323 252
1764186000392 1.0976709723472595 253
1764186011115 1.1001640260219574 254
1764186021830 1.096973031759262 255
1764186032588 1.0987613201141357 256
1764186043410 1.095779925584793 257
1764186054155 1.1012227535247803 258
1764186064866 1.0978017747402191 259
1764186075601 1.0977686643600464 260
1764186086302 1.0920342206954956 261
1764186097049 1.096548855304718 262
1764186107807 1.0959062576293945 263
1764186118564 1.1010967195034027 264
1764186129293 1.1000378727912903 265
1764186140061 1.09896919131279 266
1764186150817 1.097396731376648 267
1764186161520 1.1019701659679413 268
1764186172261 1.0986202955245972 269
1764186182976 1.0976851284503937 270
1764186193696 1.1018644869327545 271
1764186204410 1.0962083637714386 272
1764186215137 1.1010188460350037 273
1764186225901 1.0951687693595886 274
1764186236611 1.096439927816391 275
1764186247332 1.093565672636032 276
1764186258049 1.0947696566581726 277
1764186268764 1.100389689207077 278
1764186279501 1.0997052490711212 279
1764186290224 1.1006309986114502 280
1764186300965 1.0982981622219086 281
1764186311737 1.100763976573944 282
1764186322422 1.101189523935318 283
1764186333159 1.0974721908569336 284
1764186343920 1.09638112783432 285
1764186354663 1.096596121788025 286
1764186365379 1.0949313342571259 287
1764186376101 1.094187080860138 288
1764186386798 1.0928291380405426 289
1764186397531 1.0961220860481262 290
1764186408255 1.0983882546424866 291
1764186419009 1.102167695760727 292
1764186429761 1.0981837511062622 293
1764186440465 1.0968983173370361 294
1764186451211 1.0973236858844757 295
1764186461984 1.093567818403244 296
1764186472817 1.0982012450695038 297
1764186483557 1.0947838425636292 298
1764186494290 1.0958054661750793 299
1764186505049 1.0988497734069824 300
1764186515799 1.0955906808376312 301
1764186526502 1.0980746746063232 302
1764186537260 1.0986153483390808 303
1764186548009 1.097531408071518 304
1764186558777 1.0993383824825287 305
1764186569506 1.0990160405635834 306
1764186580259 1.097628891468048 307
1764186591003 1.0980453193187714 308
1764186601744 1.09554123878479 309
1764186612484 1.0969410240650177 310
1764186623311 1.0991418063640594 311
1764186634056 1.0979139804840088 312
1764186644790 1.1004937291145325 313
1764186655527 1.1017664670944214 314
1764186666228 1.098690241575241 315
1764186676939 1.0986583232879639 316
1764186687670 1.0997522473335266 317
1764186698386 1.1013857126235962 318
1764186709112 1.1017181873321533 319
1764186719851 1.0995029509067535 320
1764186730603 1.1013301610946655 321
1764186741366 1.0985997915267944 322
1764186752126 1.0994428396224976 323
1764186762877 1.0985683500766754 324
1764186773594 1.0967549085617065 325
1764186784287 1.098097175359726 326
1764186795013 1.0980445444583893 327
1764186805732 1.098809391260147 328
1764186816458 1.1025113463401794 329
1764186827181 1.1029463708400726 330
1764186837902 1.1026796996593475 331
1764186848635 1.1044475436210632 332
1764186859319 1.1030527651309967 333
1764186870159 1.100095123052597 334
1764186880914 1.0999721884727478 335
1764186891674 1.1013976037502289 336
1764186902395 1.0971649289131165 337
1764186913158 1.0941455662250519 338
1764186923977 1.1005423665046692 339
1764186934718 1.0998443067073822 340
1764186945435 1.0986682772636414 341
1764186956206 1.09724560379982 342
1764186966951 1.1028735935688019 343
1764186977711 1.1032429039478302 344
1764186988444 1.1008658707141876 345
1764186999182 1.1026270389556885 346
1764187009908 1.0970730483531952 347
1764187020642 1.0993362665176392 348
1764187031364 1.1010007560253143 349
1764187042094 1.0936330258846283 350
1764187052844 1.0996219217777252 351
1764187063575 1.093903511762619 352
1764187074303 1.0968892276287079 353
1764187085044 1.0970816016197205 354
1764187095821 1.0971385538578033 355
1764187106554 1.0990655422210693 356
1764187117276 1.1013574302196503 357
1764187128029 1.1006030440330505 358
1764187138787 1.102477878332138 359
1764187149543 1.0967801809310913 360
1764187160271 1.0983514487743378 361
1764187170994 1.1004678010940552 362
1764187181708 1.0984520316123962 363
1764187192424 1.0998225212097168 364
1764187203143 1.1005618870258331 365
1764187213905 1.1035761535167694 366
1764187224639 1.101011961698532 367
1764187235344 1.0972601473331451 368
1764187246117 1.0971692502498627 369
1764187256835 1.1020824611186981 370
1764187267572 1.0966554880142212 371
1764187278288 1.0951518714427948 372
1764187289008 1.0943841934204102 373
1764187299811 1.099642813205719 374
1764187310596 1.0979278981685638 375
1764187321367 1.1000213921070099 376
1764187332093 1.1001496613025665 377
1764187342811 1.1003466844558716 378
1764187353518 1.099161833524704 379
1764187364222 1.1011822819709778 380
1764187374924 1.098777949810028 381
1764187385657 1.100482165813446 382
1764187396357 1.0980774462223053 383
1764187407059 1.0963954627513885 384
1764187417745 1.0928506255149841 385
1764187428475 1.096409648656845 386
1764187439182 1.0988163948059082 387
1764187449922 1.0985064506530762 388
1764187460642 1.0960268676280975 389
1764187471343 1.0961325764656067 390
1764187512791 1.0951127111911774 391
1764187523481 1.097918689250946 392
1764187534170 1.0991674959659576 393
1764187544868 1.0993865132331848 394
1764187555600 1.1011246740818024 395
1764187566355 1.1003923118114471 396
1764187577087 1.1021144092082977 397
1764187587871 1.0970875024795532 398
1764187598608 1.096747875213623 399
1764187609319 1.0991618633270264 400
1764187620047 1.0985600650310516 401
1764187630804 1.1030950844287872 402
1764187641527 1.1021152436733246 403
1764187652317 1.101881980895996 404
1764187663053 1.098354548215866 405
1764187673779 1.0983812510967255 406
1764187684568 1.0984306931495667 407
1764187695274 1.100922852754593 408
1764187705995 1.100792109966278 409
1764187716727 1.0974856615066528 410
1764187727482 1.1016030311584473 411
1764187738199 1.1006835103034973 412
1764187748980 1.1037939488887787 413
1764187759692 1.1013715863227844 414
1764187770531 1.103294014930725 415
1764187781233 1.0969244837760925 416
1764187791944 1.1001417934894562 417
1764187802669 1.098241925239563 418
1764187813391 1.0959812998771667 419
1764187824108 1.0951971113681793 420
1764187834810 1.097644567489624 421
1764187845551 1.1013516187667847 422
1764187856288 1.1014061570167542 423
1764187867084 1.104492336511612 424
1764187877829 1.0994300842285156 425
1764187888544 1.0981565415859222 426
1764187899246 1.1031579673290253 427
1764187909932 1.1015889346599579 428
1764187920651 1.0988296270370483 429
1764187931366 1.0982986688613892 430
1764187942076 1.0991385579109192 431
1764187952809 1.0991226136684418 432
1764187963529 1.0981063544750214 433
1764187974252 1.0985185205936432 434
1764187985005 1.0961783826351166 435
1764187995719 1.0980492532253265 436
1764188006387 1.0977786481380463 437
1764188017159 1.0993123650550842 438
1764188027883 1.0987521409988403 439
1764188038588 1.0983075499534607 440
1764188049302 1.1010879278182983 441
1764188060036 1.101367712020874 442
1764188070749 1.0984300673007965 443
1764188081517 1.1001388132572174 444
1764188092253 1.100851684808731 445
1764188103017 1.1014018654823303 446
1764188113725 1.09787979722023 447
1764188124488 1.098587453365326 448
1764188135213 1.0986759066581726 449
1764188145952 1.1006613671779633 450
1764188156714 1.1031023859977722 451
1764188167468 1.1014147102832794 452
1764188178230 1.1020642817020416 453
1764188189022 1.1039555370807648 454
1764188199872 1.1030565202236176 455
1764188210601 1.09964057803154 456
1764188221340 1.0979947447776794 457
1764188232084 1.0985824763774872 458
1764188242788 1.0984779000282288 459
1764188253505 1.1002607345581055 460
1764188264254 1.1006315052509308 461
1764188274995 1.098935067653656 462
1764188285758 1.1007966995239258 463
1764188296480 1.102240264415741 464
1764188307212 1.1010535955429077 465
1764188317941 1.1011386513710022 466
1764188328672 1.10104900598526 467
1764188339387 1.1008648872375488 468
1764188350105 1.1021989285945892 469
1764188360863 1.102254718542099 470
1764188371606 1.102179616689682 471
1764188382331 1.0975749790668488 472
1764188393050 1.1008080542087555 473
1764188403804 1.1018697321414948 474
1764188414527 1.0987661480903625 475
1764188425259 1.0989079177379608 476
1764188435979 1.1005836427211761 477
1764188446717 1.10002201795578 478
1764188457452 1.1040292084217072 479
1764188468180 1.1024321913719177 480
1764188478901 1.101568192243576 481
1764188489620 1.097729653120041 482
1764188500362 1.1015458405017853 483
1764188511095 1.1022400557994843 484
1764188521824 1.101454734802246 485
1764188532558 1.0973653495311737 486
1764188543296 1.0970838069915771 487
1764188554023 1.0979100167751312 488
1764188564791 1.1004980504512787 489
1764188575560 1.1006785929203033 490
1764188586270 1.1007469594478607 491
1764188597148 1.1028850078582764 492
1764188607874 1.1023090779781342 493
1764188618647 1.104695051908493 494
1764188629425 1.1022209823131561 495
1764188640157 1.1030419766902924 496
1764188650885 1.099741905927658 497
1764188661696 1.1025599539279938 498
1764188672425 1.0992643535137177 499
1764188683188 1.0980931222438812 500
1764188694003 1.098889321088791 501
1764188704689 1.0998268127441406 502
1764188715405 1.1014626324176788 503
1764188726218 1.0980959832668304 504
1764188736995 1.1023995876312256 505
1764188747737 1.0987978279590607 506
1764188758456 1.1024130284786224 507
1764188769162 1.1030820608139038 508
1764188779879 1.1028817892074585 509
1764188790613 1.1031429767608643 510
1764188801351 1.1016311049461365 511
1764188812070 1.1003633439540863 512
1764188822801 1.100396305322647 513
1764188833539 1.1017025709152222 514
1764188844298 1.1045438051223755 515
1764188855028 1.10512974858284 516
1764188865735 1.1049599051475525 517
1764188876473 1.1066718101501465 518
1764188887177 1.1021654903888702 519
1764188897920 1.1027747690677643 520
1764188908656 1.1003582179546356 521
1764188919368 1.0994945466518402 522
1764188930079 1.0998415052890778 523
1764188940816 1.1011455059051514 524
1764188951502 1.1001490950584412 525
1764188962204 1.0983030200004578 526
1764188972922 1.1006154716014862 527
1764188983619 1.0938910245895386 528
1764188994307 1.0993581116199493 529
1764189005042 1.1002462208271027 530
1764189015756 1.1047982573509216 531
1764189026529 1.1024271547794342 532
1764189037267 1.103040337562561 533
1764189048050 1.1016314625740051 534
1764189058808 1.102245569229126 535
1764189069493 1.0994974076747894 536
1764189080297 1.0995813608169556 537
1764189091029 1.0985070765018463 538
1764189101765 1.0973272621631622 539
1764189112493 1.1007913053035736 540
1764189123211 1.0939390659332275 541
1764189133930 1.0988006889820099 542
1764189144676 1.0951095819473267 543
1764189155425 1.101137489080429 544
1764189166166 1.097510576248169 545
1764189176863 1.0995827615261078 546
1764189187575 1.09858438372612 547
1764189198302 1.1004233956336975 548
1764189209038 1.1010369956493378 549
1764189219795 1.1001995205879211 550
1764189230495 1.0996729731559753 551
1764189241247 1.0991448163986206 552
1764189251996 1.1003808677196503 553
1764189262733 1.09502711892128 554
1764189273444 1.1008099913597107 555
1764189284223 1.100089192390442 556
1764189294980 1.0969502329826355 557
1764189305730 1.0996873080730438 558
1764189316456 1.099944680929184 559
1764189327173 1.0992741882801056 560
1764189337895 1.0959910154342651 561
1764189348628 1.0973474085330963 562
1764189359342 1.1032667756080627 563
1764189370051 1.0995742678642273 564
1764189380788 1.0993587672710419 565
1764189391472 1.1012914776802063 566
1764189402173 1.0991584956645966 567
1764189412947 1.099104881286621 568
1764189423687 1.1001470386981964 569
1764189434402 1.0997192859649658 570
1764189445137 1.0975169241428375 571
1764189455914 1.10088250041008 572
1764189466610 1.0978111326694489 573
1764189477314 1.1016712188720703 574
1764189488131 1.1027653813362122 575
1764189498826 1.0986852049827576 576
1764189509563 1.099610984325409 577
1764189520245 1.0971763134002686 578
1764189530983 1.1016274690628052 579
1764189541667 1.0986918210983276 580
1764189552408 1.1000297665596008 581
1764189563121 1.0980941951274872 582
1764189573841 1.0986159145832062 583
1764189584556 1.1000183820724487 584
1764189595251 1.0987093150615692 585
1764189636667 1.1012153327465057 586
1764189647353 1.1014035046100616 587
1764189658067 1.0995741188526154 588
1764189668787 1.1047358214855194 589
1764189679534 1.1002975404262543 590
1764189690246 1.1024815142154694 591
1764189700947 1.103300780057907 592
1764189711645 1.1027768552303314 593
1764189722369 1.1024154722690582 594
1764189733098 1.103005826473236 595
1764189743823 1.1015695631504059 596
1764189754543 1.10312882065773 597
1764189765258 1.1010126173496246 598
1764189775982 1.1021808385849 599
1764189786702 1.0995205342769623 600
1764189797436 1.1021158397197723 601
1764189808135 1.0985337793827057 602
1764189818863 1.0996791124343872 603
1764189829613 1.101187288761139 604
1764189840327 1.0988867580890656 605
1764189851062 1.1028310656547546 606
1764189861863 1.102835237979889 607
1764189872546 1.1021048724651337 608
1764189883348 1.1004182994365692 609
1764189894087 1.1040398180484772 610
1764189904917 1.1036509573459625 611
1764189915633 1.1029755473136902 612
1764189926366 1.100090503692627 613
1764189937058 1.0992293953895569 614
1764189947814 1.101060301065445 615
1764189958544 1.0988610684871674 616
1764189969228 1.1034930348396301 617
1764189979984 1.1027388274669647 618
1764189990728 1.103844165802002 619
1764190001424 1.1016931235790253 620
1764190012192 1.103684514760971 621
1764190022906 1.1000023782253265 622
1764190033699 1.1021604537963867 623
1764190044423 1.1046637892723083 624
1764190055159 1.1005125045776367 625
1764190065868 1.1011435687541962 626
1764190076568 1.1010479927062988 627
1764190087237 1.0996972918510437 628
1764190097956 1.1001993417739868 629
1764190108712 1.0996169447898865 630
1764190119467 1.100496619939804 631
1764190130203 1.0998928248882294 632
1764190140918 1.1020647287368774 633
1764190151616 1.1016426980495453 634
1764190162349 1.1030257940292358 635
1764190173080 1.1032107174396515 636
1764190183780 1.1011448800563812 637
1764190194478 1.1003080904483795 638
1764190205211 1.1025553047657013 639
1764190215963 1.1007502675056458 640
1764190226669 1.1032368540763855 641
1764190237386 1.0995862483978271 642
1764190248099 1.100459098815918 643
1764190258802 1.0996254682540894 644
1764190269507 1.0991455912590027 645
1764190280232 1.0975415110588074 646
1764190290951 1.1025750041007996 647
1764190301684 1.102064311504364 648
1764190312505 1.1028800308704376 649
1764190323200 1.1051554083824158 650
1764190334023 1.1030641198158264 651
1764190344729 1.1038831770420074 652
1764190355471 1.1025961339473724 653
1764190366186 1.1022484004497528 654
1764190376968 1.100681096315384 655
1764190387724 1.1014817357063293 656
1764190398532 1.101835161447525 657
1764190409301 1.0997411608695984 658
1764190420071 1.1002666056156158 659
1764190430824 1.1014806032180786 660
1764190441578 1.0985317528247833 661
1764190452319 1.0999503135681152 662
1764190463073 1.1011513471603394 663
1764190473832 1.1024397313594818 664
1764190484548 1.1005158424377441 665
1764190495264 1.100299060344696 666
1764190505982 1.0980426967144012 667
1764190516725 1.1043610274791718 668
1764190527423 1.100055307149887 669
1764190538120 1.1035485565662384 670
1764190548845 1.0992845594882965 671
1764190559613 1.1017388105392456 672
1764190570336 1.1049787402153015 673
1764190581072 1.104338675737381 674
1764190591783 1.0997436344623566 675
1764190602511 1.10439932346344 676
1764190613224 1.1018293797969818 677
1764190623958 1.1038138270378113 678
1764190634692 1.1020322442054749 679
1764190645488 1.1003467440605164 680
1764190656158 1.1007310450077057 681
1764190666863 1.1020202934741974 682
1764190677624 1.1023958027362823 683
1764190688393 1.1031624972820282 684
1764190699081 1.101570725440979 685
1764190709817 1.1028748154640198 686
1764190720534 1.1044092178344727 687
1764190731392 1.0990368127822876 688
1764190742065 1.0983614325523376 689
1764190752819 1.1040929853916168 690
1764190763550 1.0987582206726074 691
1764190774280 1.1035960614681244 692
1764190785055 1.1028514802455902 693
1764190795784 1.1026829183101654 694
1764190806508 1.0977759063243866 695
1764190817233 1.1046285927295685 696
1764190828008 1.1005182564258575 697
1764190838735 1.1022667586803436 698
1764190849481 1.1018633842468262 699
1764190860193 1.0991098582744598 700
1764190870937 1.103814035654068 701
1764190881724 1.1020393371582031 702
1764190892456 1.102106124162674 703
1764190903144 1.1012953221797943 704
1764190913857 1.1021239161491394 705
1764190924582 1.1011135280132294 706
1764190935289 1.098213255405426 707
1764190946040 1.1005821824073792 708
1764190956787 1.10114786028862 709
1764190967503 1.0993379056453705 710
1764190978274 1.1018860340118408 711
1764190989012 1.099843680858612 712
1764190999777 1.1000197231769562 713
1764191010484 1.100545972585678 714
1764191021200 1.1040578186511993 715
1764191031902 1.1021409332752228 716
1764191042622 1.1019244492053986 717
1764191053339 1.1038432717323303 718
1764191064027 1.1034846901893616 719
1764191074721 1.1039217114448547 720
1764191085494 1.103186458349228 721
1764191096223 1.1020530760288239 722
1764191106968 1.101613074541092 723
1764191117728 1.1031257808208466 724
1764191128447 1.0998179018497467 725
1764191139175 1.0992622673511505 726
1764191149896 1.0980309545993805 727
1764191160674 1.1000706255435944 728
1764191171392 1.095977008342743 729
1764191182116 1.1002402603626251 730
1764191192855 1.099521666765213 731
1764191203562 1.1026973128318787 732
1764191214312 1.101118564605713 733
1764191225019 1.1013834774494171 734
1764191235762 1.1030529737472534 735
1764191246495 1.1035332679748535 736
1764191257217 1.1024166941642761 737
1764191267950 1.1034204065799713 738
1764191278705 1.1043206751346588 739
1764191289418 1.1030689775943756 740
1764191300140 1.1037476360797882 741
1764191310862 1.1018380522727966 742
1764191321564 1.0994101464748383 743
1764191332270 1.1014614403247833 744
1764191342976 1.0983473360538483 745
1764191353704 1.1035163700580597 746
1764191364429 1.1012236177921295 747
1764191375136 1.101735383272171 748
1764191385889 1.1031073927879333 749
1764191396582 1.1010817885398865 750
1764191407288 1.1020232439041138 751
1764191418022 1.1009587049484253 752
1764191428782 1.104180932044983 753
1764191439525 1.1010781228542328 754
1764191450216 1.1029572486877441 755
1764191460945 1.1016443073749542 756
1764191471654 1.1049033403396606 757
1764191482350 1.1025805473327637 758
1764191493050 1.1018981039524078 759
1764191503817 1.10262992978096 760
1764191514567 1.1022918224334717 761
1764191525275 1.1038632690906525 762
1764191535985 1.0997633934020996 763
1764191546701 1.1011241674423218 764
1764191557457 1.106076717376709 765
1764191568175 1.1037976145744324 766
1764191578929 1.101379632949829 767
1764191589753 1.1025936007499695 768
1764191600460 1.101744532585144 769
1764191611194 1.101775884628296 770
1764191622008 1.100352942943573 771
1764191632712 1.104321539402008 772
1764191643441 1.1038248240947723 773
1764191654182 1.1000691950321198 774
1764191664963 1.099906325340271 775
1764191675709 1.1038553714752197 776
1764191686411 1.1003701388835907 777
1764191697136 1.100878268480301 778
1764191707909 1.0997927486896515 779
1764191718683 1.0992403626441956 780
1764191729435 1.1019464135169983 781
1764191753442 1.1017438471317291 782
1764191764198 1.103096455335617 783
1764191774950 1.1066499948501587 784
1764191785696 1.1044664680957794 785
1764191796449 1.103984385728836 786
1764191807212 1.1040680408477783 787
1764191817907 1.1025067269802094 788
1764191828636 1.104582279920578 789
1764191839363 1.1026841402053833 790
1764191850091 1.1022204756736755 791
1764191860794 1.1014500856399536 792
1764191871547 1.10175022482872 793
1764191882251 1.1037289202213287 794
1764191892964 1.1008024215698242 795
1764191903676 1.1033571362495422 796
1764191914393 1.100116789340973 797
1764191925119 1.1028721630573273 798
1764191935838 1.1016013026237488 799
1764191946605 1.1032566130161285 800
1764191957304 1.1007116734981537 801
1764191968090 1.1036375761032104 802
1764191978820 1.1011423468589783 803
1764191989559 1.1019404232501984 804
1764192000335 1.102072149515152 805
1764192011060 1.1012962758541107 806
1764192021792 1.1019371151924133 807
1764192032532 1.102171629667282 808
1764192043248 1.1030328869819641 809
1764192053972 1.1029106676578522 810
1764192064681 1.1003774106502533 811
1764192075388 1.1016810834407806 812
1764192086103 1.103363275527954 813
1764192096877 1.103611171245575 814
1764192107561 1.1026788651943207 815
1764192118289 1.1038828492164612 816
1764192129043 1.1016070544719696 817
1764192139783 1.1014250218868256 818
1764192150507 1.1009176671504974 819
1764192161212 1.1030974090099335 820
1764192171999 1.102667361497879 821
1764192182715 1.1010036170482635 822
1764192193428 1.1005546152591705 823
1764192204209 1.1032388508319855 824
1764192215015 1.1039094924926758 825
1764192225748 1.102278470993042 826
1764192236451 1.0990388989448547 827
1764192247190 1.1042462885379791 828
1764192257886 1.1035275161266327 829
1764192268602 1.0998792052268982 830
1764192279358 1.1020156145095825 831
1764192290084 1.1017054915428162 832
1764192300817 1.1013971269130707 833
1764192311564 1.1029399633407593 834
1764192322289 1.1018164455890656 835
1764192333032 1.1036444306373596 836
1764192343749 1.1032321453094482 837
1764192354419 1.1029007136821747 838
1764192365139 1.1039656400680542 839
1764192375829 1.1026625037193298 840
1764192386572 1.1037765145301819 841
1764192397312 1.1032937467098236 842
1764192408041 1.1045827567577362 843
1764192418795 1.1040050387382507 844
1764192429489 1.103296548128128 845
1764192440222 1.1072137951850891 846
1764192451075 1.1009542644023895 847
1764192461812 1.1024965047836304 848
1764192472530 1.101734310388565 849
1764192483241 1.100525975227356 850
1764192493987 1.1014578938484192 851
1764192504751 1.1043312549591064 852
1764192515450 1.105601280927658 853
1764192526152 1.102034091949463 854
1764192536926 1.1053543984889984 855
1764192547668 1.1021024584770203 856
1764192558382 1.1029862761497498 857
1764192569156 1.1024284958839417 858
1764192579877 1.1062536537647247 859
1764192590594 1.1041460931301117 860
1764192601312 1.102581948041916 861
1764192612057 1.1042197346687317 862
1764192622818 1.1033074855804443 863
1764192633520 1.1012992858886719 864
1764192644238 1.1047532260417938 865
1764192654977 1.1035558581352234 866
1764192665723 1.1025826930999756 867
1764192676470 1.1041736602783203 868
1764192687225 1.1013972461223602 869
1764192697908 1.1023383438587189 870
1764192708621 1.1025018990039825 871
1764192719375 1.1008031070232391 872
1764192730081 1.104796141386032 873
1764192740805 1.1048680245876312 874
1764192751492 1.1015461087226868 875
1764192762208 1.0987178981304169 876
1764192772905 1.1027813255786896 877
1764192783660 1.101458102464676 878
1764192794409 1.106124460697174 879
1764192805146 1.1026588678359985 880
1764192815868 1.1032382547855377 881
1764192826618 1.1043536067008972 882
1764192837330 1.1028513014316559 883
1764192848192 1.1041829288005829 884
1764192858901 1.1022450625896454 885
1764192869648 1.1060929596424103 886
1764192880347 1.103428453207016 887
1764192891044 1.106097251176834 888
1764192901804 1.1042243242263794 889
1764192912519 1.1024423837661743 890
1764192923256 1.1076185405254364 891
1764192933987 1.1005522310733795 892
1764192944682 1.1010175943374634 893
1764192955435 1.106381118297577 894
1764192966135 1.1041270196437836 895
1764192976856 1.1009590923786163 896
1764192987589 1.1039089858531952 897
1764192998304 1.0978168547153473 898
1764193009014 1.1030194759368896 899
1764193019743 1.101391762495041 900
1764193030524 1.1032236814498901 901
1764193041254 1.1020179986953735 902
1764193052000 1.1020870506763458 903
1764193062766 1.1039783954620361 904
1764193073499 1.1032086610794067 905
1764193084186 1.103891760110855 906
1764193094910 1.1044060587882996 907
1764193105643 1.10416978597641 908
1764193116354 1.1010059714317322 909
1764193127077 1.1031087636947632 910
1764193137808 1.1033950746059418 911
1764193148533 1.1038072407245636 912
1764193159277 1.1005014479160309 913
1764193169967 1.1025520861148834 914
1764193180679 1.1054280400276184 915
1764193191448 1.10361847281456 916
1764193202210 1.104174256324768 917
1764193212904 1.1028550863265991 918
1764193223622 1.0979298651218414 919
1764193234336 1.1049174964427948 920
1764193245142 1.1049100160598755 921
1764193255879 1.1020399928092957 922
1764193266593 1.1042249202728271 923
1764193277397 1.1026300191879272 924
1764193288156 1.102453738451004 925
1764193298850 1.0995109379291534 926
1764193309579 1.1045512855052948 927
1764193320301 1.1036421954631805 928
1764193331015 1.1008841395378113 929
1764193341730 1.1030617654323578 930
1764193352435 1.1014987230300903 931
1764193363162 1.1037551760673523 932
1764193373920 1.1050384640693665 933
1764193384632 1.1000466644763947 934
1764193395374 1.1051658689975739 935
1764193406100 1.103691428899765 936
1764193416859 1.1047537326812744 937
1764193427596 1.104832112789154 938
1764193438334 1.1013689041137695 939
1764193449074 1.1029375493526459 940
1764193459886 1.1008855402469635 941
1764193470607 1.1013054549694061 942
1764193481334 1.102591633796692 943
1764193492052 1.1029902398586273 944
1764193502755 1.0989760160446167 945
1764193513448 1.0995478630065918 946
1764193524173 1.1019558906555176 947
1764193534882 1.1020118296146393 948
1764193545629 1.1033063530921936 949
1764193556348 1.1027725636959076 950
1764193567041 1.0984873473644257 951
1764193577764 1.1032788157463074 952
1764193588508 1.1043643057346344 953
1764193599197 1.103529691696167 954
1764193609949 1.1025111079216003 955
1764193620692 1.1031059622764587 956
1764193631440 1.1024254262447357 957
1764193642183 1.1051948070526123 958
1764193652934 1.1035240590572357 959
1764193663645 1.1025283336639404 960
1764193674348 1.1051454842090607 961
1764193685041 1.1021732687950134 962
1764193695753 1.1041158437728882 963
1764193706524 1.0981336534023285 964
1764193717201 1.1018973588943481 965
1764193727912 1.1009364128112793 966
1764193738635 1.1043025255203247 967
1764193749343 1.1017568111419678 968
1764193760059 1.1007095873355865 969
1764193770788 1.1028182804584503 970
1764193781536 1.1036870181560516 971
1764193792302 1.1005970537662506 972
1764193803017 1.101780503988266 973
1764193813761 1.1011826694011688 974
1764193824481 1.1024372279644012 975
1764193835177 1.104542762041092 976
1764193859313 1.1015728116035461 977
1764193870111 1.1038090288639069 978
1764193880832 1.1013715267181396 979
1764193891530 1.0975883901119232 980
1764193902277 1.1028484106063843 981
1764193913031 1.1011729538440704 982
1764193923787 1.099160611629486 983
1764193934577 1.10222527384758 984
1764193945261 1.0981612801551819 985
1764193955947 1.1012559533119202 986
1764193966648 1.1007127165794373 987
1764193977355 1.1014869511127472 988
1764193988063 1.1005298495292664 989
1764193998805 1.1028594374656677 990
1764194009574 1.1036961674690247 991
1764194020299 1.1007732152938843 992
1764194031047 1.1027179062366486 993
1764194041848 1.1003896296024323 994
1764194052571 1.101684957742691 995
1764194063285 1.100278377532959 996
1764194073983 1.0990801751613617 997
1764194084691 1.1031827628612518 998
1764194095380 1.102807879447937 999
1764194106086 1.1046293675899506 1000
1764194116837 1.1015000343322754 1001
1764194127560 1.103598952293396 1002
1764194138409 1.1043197512626648 1003
1764194149120 1.102565348148346 1004
1764194159818 1.1024094820022583 1005
1764194170577 1.1032163202762604 1006
1764194181380 1.1027467548847198 1007
1764194192104 1.1035519540309906 1008
1764194202855 1.101642221212387 1009
1764194213588 1.1020920276641846 1010
1764194224304 1.1028997004032135 1011
1764194235046 1.1024678349494934 1012
1764194245762 1.1048559248447418 1013
1764194256473 1.1002845466136932 1014
1764194267241 1.1024245023727417 1015
1764194277989 1.1055895686149597 1016
1764194288759 1.1002333164215088 1017
1764194299470 1.1025011837482452 1018
1764194310227 1.102959007024765 1019
1764194320979 1.1002159416675568 1020
1764194331752 1.1043930351734161 1021
1764194342471 1.1044552028179169 1022
1764194353227 1.1049199998378754 1023
1764194363932 1.1036142706871033 1024
1764194374658 1.1022762060165405 1025
1764194385384 1.102730929851532 1026
1764194396084 1.102703481912613 1027
1764194406793 1.106940746307373 1028
1764194417539 1.1027562618255615 1029
1764194428232 1.1049340665340424 1030
1764194438976 1.1015979647636414 1031
1764194449670 1.1029806733131409 1032
1764194460375 1.1030543744564056 1033
1764194471126 1.1028403043746948 1034
1764194481823 1.1040351688861847 1035
1764194492564 1.1033584773540497 1036
1764194503309 1.1042545139789581 1037
1764194514050 1.1052182614803314 1038
1764194524799 1.1024423837661743 1039
1764194535503 1.1031720340251923 1040
1764194546267 1.1013118624687195 1041
1764194556990 1.10374516248703 1042
1764194567752 1.1010606288909912 1043
1764194578489 1.1040058732032776 1044
1764194589239 1.1053809821605682 1045
1764194600035 1.101990967988968 1046
1764194610747 1.0998803973197937 1047
1764194621462 1.1023260951042175 1048
1764194632199 1.1023688316345215 1049
1764194642919 1.1043707728385925 1050
1764194653619 1.1052770614624023 1051
1764194664360 1.1045133173465729 1052
1764194675052 1.1013143062591553 1053
1764194685813 1.1001151502132416 1054
1764194696520 1.1056307554244995 1055
1764194707281 1.1030831038951874 1056
1764194718056 1.1002139151096344 1057
1764194728787 1.1025740504264832 1058
1764194739526 1.102750152349472 1059
1764194750255 1.1045704185962677 1060
1764194760981 1.1017208099365234 1061
1764194771758 1.100989043712616 1062
1764194782511 1.1029621362686157 1063
1764194793268 1.1040881872177124 1064
1764194803998 1.1061770915985107 1065
1764194814699 1.0989589989185333 1066
1764194825417 1.1045622825622559 1067
1764194836167 1.1042129695415497 1068
1764194846877 1.1014098227024078 1069
1764194857688 1.1025169789791107 1070
1764194868363 1.1002303957939148 1071
1764194879082 1.102091759443283 1072
1764194889827 1.1024861931800842 1073
1764194900558 1.1007857620716095 1074
1764194911293 1.1052437722682953 1075
1764194922006 1.1020220518112183 1076
1764194932707 1.1026408970355988 1077
1764194943438 1.101321041584015 1078
1764194954164 1.1020969450473785 1079
1764194964997 1.099791020154953 1080
1764194975724 1.1022681891918182 1081
1764194986415 1.1034391820430756 1082
1764194997156 1.1033839583396912 1083
1764195007882 1.1015166640281677 1084
1764195018597 1.1005915999412537 1085
1764195029345 1.104002594947815 1086
1764195040081 1.1028218269348145 1087
1764195050792 1.102818101644516 1088
1764195061499 1.1062747538089752 1089
1764195072286 1.1015400886535645 1090
1764195082983 1.1032352447509766 1091
1764195093704 1.1030968725681305 1092
1764195104464 1.104350507259369 1093
1764195115183 1.1025580167770386 1094
1764195125903 1.1035867035388947 1095
1764195136643 1.1057792901992798 1096
1764195147419 1.1030552089214325 1097
1764195158177 1.1026820838451385 1098
1764195168919 1.1029475033283234 1099
1764195179632 1.1031090021133423 1100
1764195190330 1.1033096313476562 1101
1764195201068 1.1006203889846802 1102
1764195211811 1.1036455035209656 1103
1764195222489 1.0986811816692352 1104
1764195233211 1.1013258397579193 1105
1764195243952 1.1054455041885376 1106
1764195254687 1.09908789396286 1107
1764195265419 1.1014470756053925 1108
1764195276164 1.0995849967002869 1109
1764195286853 1.0990722477436066 1110
1764195297550 1.1011095345020294 1111
1764195308281 1.1026586294174194 1112
1764195318996 1.1037791073322296 1113
1764195329707 1.1023190021514893 1114
1764195340444 1.1002981662750244 1115
1764195351207 1.102828472852707 1116
1764195361947 1.1040183305740356 1117
1764195372655 1.1020799279212952 1118
1764195383356 1.1030631363391876 1119
1764195394167 1.1032302975654602 1120
1764195404914 1.103651762008667 1121
1764195415611 1.1022603809833527 1122
1764195426338 1.1012701392173767 1123
1764195437036 1.1035144627094269 1124
1764195447770 1.1046041548252106 1125
1764195458527 1.102789044380188 1126
1764195469258 1.1059485971927643 1127
1764195479956 1.1017893254756927 1128
1764195490666 1.1052395105361938 1129
1764195501366 1.0995281040668488 1130
1764195512124 1.100162833929062 1131
1764195522865 1.1015529930591583 1132
1764195533629 1.1009828746318817 1133
1764195544357 1.1031509935855865 1134
1764195555086 1.1030360460281372 1135
1764195565844 1.1039260625839233 1136
1764195576665 1.101497232913971 1137
1764195587426 1.1039195954799652 1138
1764195598215 1.104054719209671 1139
1764195608920 1.1031516790390015 1140
1764195619674 1.1040566265583038 1141
1764195630408 1.1036072075366974 1142
1764195641095 1.099981427192688 1143
1764195651826 1.098641723394394 1144
1764195662557 1.1054482161998749 1145
1764195673307 1.1035664677619934 1146
1764195684011 1.1039229929447174 1147
1764195694727 1.1044354438781738 1148
1764195705449 1.1045681834220886 1149
1764195716180 1.1019563376903534 1150
1764195726899 1.102409541606903 1151
1764195737616 1.1030942797660828 1152
1764195748343 1.1026228070259094 1153
1764195759068 1.1010367572307587 1154
1764195769812 1.1027747690677643 1155
1764195780553 1.1015507876873016 1156
1764195791273 1.1033559143543243 1157
1764195802012 1.1061705648899078 1158
1764195812751 1.1026324033737183 1159
1764195823532 1.1029362380504608 1160
1764195834234 1.1047040820121765 1161
1764195844948 1.1027307510375977 1162
1764195855645 1.1013300716876984 1163
1764195866367 1.1026223003864288 1164
1764195877104 1.1036891341209412 1165
1764195887927 1.1064472198486328 1166
1764195898651 1.106375128030777 1167
1764195909379 1.104906588792801 1168
1764195920088 1.1042827665805817 1169
1764195930860 1.1057282090187073 1170
1764195941589 1.1005286276340485 1171
1764195965588 1.107401579618454 1172
1764195976323 1.1022708117961884 1173
1764195987039 1.103213518857956 1174
1764195997728 1.1028538644313812 1175
1764196008490 1.1039692759513855 1176
1764196019172 1.1008052825927734 1177
1764196029926 1.1013764441013336 1178
1764196040638 1.1021873354911804 1179
1764196051395 1.103450983762741 1180
1764196062117 1.102903425693512 1181
1764196072819 1.1021520793437958 1182
1764196083594 1.1032507419586182 1183
1764196094372 1.1030459702014923 1184
1764196105111 1.1038126647472382 1185
1764196115861 1.1028328835964203 1186
1764196126564 1.1009681820869446 1187
1764196137273 1.102414071559906 1188
1764196147999 1.1012495160102844 1189
1764196158769 1.1046297252178192 1190
1764196169482 1.1036875545978546 1191
1764196180269 1.1057648956775665 1192
1764196190955 1.0996853113174438 1193
1764196201691 1.1048901081085205 1194
1764196212426 1.1036401689052582 1195
1764196223169 1.101461946964264 1196
1764196233908 1.105006217956543 1197
1764196244630 1.1037377417087555 1198
1764196255443 1.1038668155670166 1199
1764196266171 1.1026236414909363 1200
1764196276937 1.1036958694458008 1201
1764196287651 1.1032540500164032 1202
1764196298403 1.1061719357967377 1203
1764196309196 1.102779060602188 1204
1764196319908 1.1036042273044586 1205
1764196330622 1.102028876543045 1206
1764196341326 1.0999750792980194 1207
1764196352097 1.1051684021949768 1208
1764196362789 1.1008615791797638 1209
1764196373487 1.1026017367839813 1210
1764196384218 1.1024832427501678 1211
1764196394963 1.1017723083496094 1212
1764196405690 1.1032546162605286 1213
1764196416392 1.098829299211502 1214
1764196427131 1.1017736792564392 1215
1764196437843 1.1025674045085907 1216
1764196448550 1.1027434468269348 1217
1764196459306 1.104769766330719 1218
1764196470080 1.0994871258735657 1219
1764196480833 1.1034119129180908 1220
1764196491559 1.105401486158371 1221
1764196502309 1.1029861271381378 1222
1764196513042 1.1026622653007507 1223
1764196523869 1.1044672727584839 1224
1764196534595 1.1030857861042023 1225
1764196545312 1.1007491052150726 1226
1764196556060 1.1046847105026245 1227
1764196566782 1.1016137897968292 1228
1764196577502 1.1052304208278656 1229
1764196588263 1.104378879070282 1230
1764196599055 1.1030369997024536 1231
1764196609770 1.1032996773719788 1232
1764196620490 1.1036251187324524 1233
1764196631216 1.103084921836853 1234
1764196641979 1.10287144780159 1235
1764196652759 1.1025418937206268 1236
1764196663545 1.104565143585205 1237
1764196674372 1.1039687395095825 1238
1764196685105 1.1020160913467407 1239
1764196695846 1.1062191724777222 1240
1764196706577 1.103870004415512 1241
1764196717332 1.1029210686683655 1242
1764196728064 1.1023572087287903 1243
1764196738807 1.102077692747116 1244
1764196749530 1.102594792842865 1245
1764196760249 1.1041694581508636 1246
1764196770970 1.103906661272049 1247
1764196781682 1.0997959673404694 1248
1764196792392 1.10323965549469 1249
1764196803109 1.1000468134880066 1250
1764196813810 1.102749913930893 1251
1764196824506 1.1030213236808777 1252
1764196835231 1.105653703212738 1253
1764196845943 1.1016705930233002 1254
1764196856623 1.1002022922039032 1255
1764196867333 1.1021627485752106 1256
1764196878039 1.1029870808124542 1257
1764196888777 1.1001098453998566 1258
1764196899508 1.1033779084682465 1259
1764196910230 1.1034564971923828 1260
1764196920941 1.1034453809261322 1261
1764196931672 1.1064020693302155 1262
1764196942403 1.1055736541748047 1263
1764196953143 1.1013928353786469 1264
1764196963873 1.1029818952083588 1265
1764196974603 1.1027929186820984 1266
1764196985327 1.1035111546516418 1267
1764196996075 1.1013393700122833 1268
1764197006851 1.103461503982544 1269
1764197017642 1.1035545468330383 1270
1764197028377 1.1012062728404999 1271
1764197039122 1.1054332554340363 1272
1764197049853 1.109035313129425 1273
1764197060634 1.1050769686698914 1274
1764197071377 1.1050289869308472 1275
1764197082214 1.1020814180374146 1276
1764197092931 1.1035532057285309 1277
1764197103691 1.1014020442962646 1278
1764197114430 1.1035117506980896 1279
1764197125128 1.1027401685714722 1280
1764197135892 1.1061633825302124 1281
1764197146649 1.1011728346347809 1282
1764197157385 1.1059101819992065 1283
1764197168172 1.103023499250412 1284
1764197178994 1.1006671488285065 1285
1764197189738 1.1022955477237701 1286
1764197200462 1.1020928919315338 1287
1764197211163 1.1006730198860168 1288
1764197221908 1.102326661348343 1289
1764197232608 1.1023188829421997 1290
1764197243365 1.1021291613578796 1291
1764197254081 1.1034419238567352 1292
1764197264818 1.1009569764137268 1293
1764197275575 1.103841632604599 1294
1764197286261 1.1018221378326416 1295
1764197297004 1.1026085317134857 1296
1764197307690 1.1033898890018463 1297
1764197318384 1.1041288077831268 1298
1764197329133 1.102976143360138 1299
1764197339838 1.1048126220703125 1300
1764197350588 1.1028150022029877 1301
1764197361280 1.101776510477066 1302
1764197372048 1.1040156483650208 1303
1764197382758 1.1029775738716125 1304
1764197393483 1.103282868862152 1305
1764197404185 1.1038003861904144 1306
1764197414894 1.102711707353592 1307
1764197425618 1.1030614376068115 1308
1764197436329 1.1024401783943176 1309
1764197447055 1.1041012406349182 1310
1764197457772 1.1030433773994446 1311
1764197468486 1.1053199470043182 1312
1764197479202 1.105090469121933 1313
1764197489952 1.10348442196846 1314
1764197500683 1.1005150973796844 1315
1764197511403 1.1043422520160675 1316
1764197522131 1.1033873856067657 1317
1764197532969 1.1038840413093567 1318
1764197543690 1.1034142971038818 1319
1764197554412 1.1048770248889923 1320
1764197565139 1.1017173528671265 1321
1764197575891 1.1015519201755524 1322
1764197586618 1.1039228737354279 1323
1764197597354 1.1024565398693085 1324
1764197608057 1.1038156747817993 1325
1764197618841 1.1043014824390411 1326
1764197629645 1.1014305651187897 1327
1764197640392 1.1031438112258911 1328
1764197651119 1.10475093126297 1329
1764197661854 1.1045832335948944 1330
1764197672619 1.106307864189148 1331
1764197683341 1.1015649735927582 1332
1764197694051 1.102836400270462 1333
1764197704756 1.1018293797969818 1334
1764197715559 1.1046201586723328 1335
1764197726265 1.1050290763378143 1336
1764197737015 1.101529210805893 1337
1764197747760 1.1015003621578217 1338
1764197758505 1.1036600768566132 1339
1764197769241 1.1023907363414764 1340
1764197779975 1.1047129333019257 1341
1764197790665 1.1023402512073517 1342
1764197801411 1.105432242155075 1343
1764197812121 1.1012108027935028 1344
1764197822871 1.1035402715206146 1345
1764197833619 1.1030451357364655 1346
1764197844374 1.1017375588417053 1347
1764197855125 1.105056643486023 1348
1764197865878 1.1043747067451477 1349
1764197876640 1.104820430278778 1350
1764197887350 1.1040100455284119 1351
1764197898041 1.1014446318149567 1352
1764197908749 1.1027883887290955 1353
1764197919478 1.1036479771137238 1354
1764197930333 1.1027044653892517 1355
1764197941049 1.1049502193927765 1356
1764197951797 1.106154054403305 1357
1764197962507 1.1016592979431152 1358
1764197973195 1.1004389822483063 1359
1764197983897 1.104868084192276 1360
1764197994612 1.1024296581745148 1361
1764198005328 1.1033554077148438 1362
1764198016087 1.103637933731079 1363
1764198026830 1.1016079485416412 1364
1764198037526 1.1055363416671753 1365
1764198048257 1.1041804254055023 1366
1764198072328 1.105699598789215 1367
1764198083035 1.1034514009952545 1368
1764198093831 1.1027806997299194 1369
1764198104562 1.1052912175655365 1370
1764198115282 1.1034056544303894 1371
1764198125995 1.1033635139465332 1372
1764198136772 1.1029647290706635 1373
1764198147487 1.1022403240203857 1374
1764198158219 1.1033621728420258 1375
1764198168922 1.1017307341098785 1376
1764198179692 1.103554606437683 1377
1764198190421 1.1035991609096527 1378
1764198201169 1.102673351764679 1379
1764198211906 1.1026708483695984 1380
1764198222626 1.0996550619602203 1381
1764198233339 1.1041862070560455 1382
1764198244030 1.102638155221939 1383
1764198254819 1.1051857471466064 1384
1764198265575 1.1063027679920197 1385
1764198276307 1.1030813157558441 1386
1764198287036 1.103375643491745 1387
1764198297759 1.103945642709732 1388
1764198308449 1.1040086150169373 1389
1764198319175 1.1041054427623749 1390
1764198329951 1.1045600175857544 1391
1764198340719 1.1038225889205933 1392
1764198351392 1.1033069789409637 1393
1764198362196 1.1038253009319305 1394
1764198372884 1.101562112569809 1395
1764198383612 1.1055263876914978 1396
1764198394432 1.104015827178955 1397
1764198405184 1.1047495901584625 1398
1764198415925 1.1045611202716827 1399
1764198426657 1.1046847701072693 1400
1764198437470 1.1024677455425262 1401
1764198448180 1.1014334559440613 1402
1764198458924 1.1056024432182312 1403
1764198469674 1.104267805814743 1404
1764198480416 1.104967176914215 1405
1764198491123 1.1026561558246613 1406
1764198501876 1.1031143963336945 1407
1764198512612 1.103637158870697 1408
1764198523355 1.1041235327720642 1409
1764198534112 1.1046815812587738 1410
1764198544839 1.0998591780662537 1411
1764198555533 1.1023573577404022 1412
1764198566269 1.104823648929596 1413
1764198577031 1.1038054525852203 1414
1764198587757 1.1042001247406006 1415
1764198598525 1.1043478846549988 1416
1764198609245 1.1052607893943787 1417
1764198619970 1.1024460196495056 1418
1764198630711 1.1047077476978302 1419
1764198641450 1.1036359667778015 1420
1764198652226 1.1052568852901459 1421
1764198662979 1.1043404340744019 1422
1764198673697 1.1037538647651672 1423
1764198684472 1.1001991927623749 1424
1764198695257 1.100464791059494 1425
1764198705969 1.104807049036026 1426
1764198716679 1.1016409993171692 1427
1764198727473 1.1040241122245789 1428
1764198738232 1.1035382449626923 1429
1764198748938 1.0999755263328552 1430
1764198759668 1.1064384579658508 1431
1764198770395 1.1071083843708038 1432
1764198781093 1.1044863760471344 1433
1764198791930 1.1061737835407257 1434
1764198802636 1.101617455482483 1435
1764198813371 1.1025945544242859 1436
1764198824095 1.104858249425888 1437
1764198834815 1.1030917763710022 1438
1764198845536 1.1021486520767212 1439
1764198856269 1.101120948791504 1440
1764198867015 1.10390043258667 1441
1764198877750 1.1029599606990814 1442
1764198888469 1.1036508083343506 1443
1764198899237 1.102983444929123 1444
1764198909990 1.1040906012058258 1445
1764198920714 1.105206459760666 1446
1764198931444 1.1042636930942535 1447
1764198942216 1.1027711033821106 1448
1764198952954 1.1026853621006012 1449
1764198963665 1.1030252575874329 1450
1764198974388 1.1034421920776367 1451
1764198985111 1.0995336771011353 1452
1764198995820 1.1034687161445618 1453
1764199006516 1.1020770370960236 1454
1764199017238 1.102760136127472 1455
1764199027983 1.1030575335025787 1456
1764199038676 1.1040099263191223 1457
1764199049401 1.102926105260849 1458
1764199060139 1.1057639122009277 1459
1764199070903 1.106644481420517 1460
1764199081622 1.1026859879493713 1461
1764199092358 1.1064047515392303 1462
1764199103051 1.102116346359253 1463
1764199113770 1.1037082076072693 1464
1764199124499 1.1038657128810883 1465
1764199135238 1.1018776893615723 1466
1764199145950 1.104153037071228 1467
1764199156738 1.0995798110961914 1468
1764199167512 1.1037222146987915 1469
1764199178300 1.1004164218902588 1470
1764199189060 1.103785902261734 1471
1764199199835 1.1072425544261932 1472
1764199210617 1.099117934703827 1473
1764199221429 1.1059301793575287 1474
1764199232208 1.1039539277553558 1475
1764199242968 1.101652055978775 1476
1764199253689 1.1025072634220123 1477
1764199264418 1.1044158935546875 1478
1764199275163 1.1026996672153473 1479
1764199285892 1.1065041720867157 1480
1764199296686 1.105727195739746 1481
1764199307493 1.1034308075904846 1482
1764199318249 1.1047228574752808 1483
1764199328932 1.0995727181434631 1484
1764199339640 1.1047722697257996 1485
1764199350356 1.1075703799724579 1486
1764199361056 1.1031721234321594 1487
1764199371760 1.1044419407844543 1488
1764199382443 1.1028533577919006 1489
1764199393187 1.1037712693214417 1490
1764199403887 1.1015814244747162 1491
1764199414613 1.1036037802696228 1492
1764199425369 1.101307064294815 1493
1764199436123 1.1015990674495697 1494
1764199446866 1.1037862002849579 1495
1764199457556 1.1041004657745361 1496
1764199468312 1.1074680984020233 1497
1764199479041 1.104918748140335 1498
1764199489791 1.1051800549030304 1499
1764199500515 1.1029520332813263 1500
1764199511317 1.1037103831768036 1501
1764199522048 1.100669413805008 1502
1764199532770 1.102031022310257 1503
1764199543464 1.1012811362743378 1504
1764199554217 1.1078011393547058 1505
1764199564923 1.103538691997528 1506
1764199575693 1.103884071111679 1507
1764199586419 1.1025095283985138 1508
1764199597148 1.1046291887760162 1509
1764199607865 1.1043103337287903 1510
1764199618585 1.101048856973648 1511
1764199629320 1.1042459607124329 1512
1764199640042 1.0994947254657745 1513
1764199650871 1.1036332547664642 1514
1764199661620 1.1033234000205994 1515
1764199672361 1.1021484434604645 1516
1764199683081 1.1015070080757141 1517
1764199693834 1.1023920774459839 1518
1764199704555 1.10275799036026 1519
1764199715292 1.103576421737671 1520
1764199726102 1.1016015112400055 1521
1764199736805 1.1033683717250824 1522
1764199747537 1.1008245348930359 1523
1764199758271 1.102393001317978 1524
1764199768999 1.1028470695018768 1525
1764199779775 1.1044403910636902 1526
1764199790522 1.1022064089775085 1527
1764199801261 1.101891040802002 1528
1764199812022 1.1018296480178833 1529
1764199822760 1.1024161875247955 1530
1764199833482 1.10571950674057 1531
1764199844190 1.1020660102367401 1532
1764199854892 1.1062709391117096 1533
1764199865626 1.1046509742736816 1534
1764199876396 1.1034362614154816 1535
1764199887122 1.1014809608459473 1536
1764199897844 1.1020396053791046 1537
1764199908580 1.1054966747760773 1538
1764199919319 1.1007479131221771 1539
1764199930029 1.1041035056114197 1540
1764199940820 1.1033762097358704 1541
1764199951573 1.1024366617202759 1542
1764199962353 1.101664125919342 1543
1764199973122 1.102967768907547 1544
1764199983813 1.103762000799179 1545
1764199994530 1.1025672554969788 1546
1764200005249 1.1048981547355652 1547
1764200015968 1.102005273103714 1548
1764200026721 1.1050264835357666 1549
1764200037465 1.10191148519516 1550
1764200048283 1.1014263033866882 1551
1764200059032 1.1060274839401245 1552
1764200069804 1.1009915471076965 1553
1764200080516 1.101988524198532 1554
1764200091236 1.1024264693260193 1555
1764200101959 1.1022659838199615 1556
1764200112667 1.1044171750545502 1557
1764200123420 1.1056967377662659 1558
1764200134149 1.104371428489685 1559
1764200144875 1.1015568375587463 1560
1764200155669 1.1053610444068909 1561
1764200166413 1.1042791604995728 1562
