1764183262819 0.6903298497200012 1
1764183273967 0.6877076923847198 2
1764183284720 0.6854524314403534 3
1764183295513 0.6883045732975006 4
1764183306300 0.6863198429346085 5
1764183317127 0.6872591823339462 6
1764183327974 0.6851778477430344 7
1764183338798 0.6874813735485077 8
1764183349595 0.685967817902565 9
1764183360408 0.6891315430402756 10
1764183371209 0.6879333257675171 11
1764183382005 0.6892762333154678 12
1764183392792 0.6895876824855804 13
1764183403618 0.6902667135000229 14
1764183414396 0.6905782222747803 15
1764183425177 0.6884787827730179 16
1764183435976 0.6864699721336365 17
1764183446838 0.69024458527565 18
1764183457615 0.690595954656601 19
1764183468500 0.691209226846695 20
1764183479246 0.6893579363822937 21
1764183490018 0.6854319423437119 22
1764183500768 0.6854460835456848 23
1764183511529 0.6936815828084946 24
1764183522279 0.6882054954767227 25
1764183533051 0.6871574968099594 26
1764183543802 0.6787138879299164 27
1764183554580 0.6913586854934692 28
1764183565310 0.6890244334936142 29
1764183576023 0.6878566443920135 30
1764183586763 0.677759438753128 31
1764183597514 0.6861377358436584 32
1764183608254 0.6793147027492523 33
1764183618975 0.6831338852643967 34
1764183629710 0.6828773468732834 35
1764183640477 0.690194845199585 36
1764183651227 0.6799497306346893 37
1764183661967 0.6833484917879105 38
1764183672691 0.6864240169525146 39
1764183683394 0.6827684193849564 40
1764183694136 0.6857507824897766 41
1764183704848 0.679655596613884 42
1764183715575 0.6806042641401291 43
1764183726333 0.6821693927049637 44
1764183737075 0.6833826154470444 45
1764183747852 0.6818049401044846 46
1764183758567 0.6862926632165909 47
1764183769332 0.6873509436845779 48
1764183780037 0.6854949593544006 49
1764183790751 0.687661811709404 50
1764183801509 0.6878020912408829 51
1764183812279 0.6857321411371231 52
1764183823019 0.6872541606426239 53
1764183833736 0.6858768463134766 54
1764183844447 0.6875887364149094 55
1764183855169 0.6842995136976242 56
1764183865909 0.6842289566993713 57
1764183876613 0.6823734939098358 58
1764183887428 0.6835242658853531 59
1764183898217 0.6875205934047699 60
1764183908915 0.6869032979011536 61
1764183919628 0.6888440549373627 62
1764183930322 0.6837513446807861 63
1764183941093 0.6865439116954803 64
1764183951802 0.681258037686348 65
1764183962535 0.6844405084848404 66
1764183973231 0.6860160827636719 67
1764183984000 0.6872207373380661 68
1764183994704 0.6892797648906708 69
1764184005428 0.6857234537601471 70
1764184016129 0.6907378733158112 71
1764184026829 0.6914836913347244 72
1764184037574 0.6913900673389435 73
1764184048306 0.6859945356845856 74
1764184059040 0.684026837348938 75
1764184069736 0.6894754320383072 76
1764184080461 0.6837805807590485 77
1764184091184 0.6797173917293549 78
1764184101896 0.6826859414577484 79
1764184112649 0.689980760216713 80
1764184123344 0.6793096214532852 81
1764184134129 0.689521849155426 82
1764184144898 0.6893582940101624 83
1764184155617 0.6906420737504959 84
1764184166351 0.691193550825119 85
1764184177115 0.6923304051160812 86
1764184187815 0.6898986995220184 87
1764184198577 0.6917297691106796 88
1764184209263 0.69588503241539 89
1764184220006 0.6915973424911499 90
1764184230691 0.6836061179637909 91
1764184241415 0.6864293068647385 92
1764184252136 0.6840446591377258 93
1764184262880 0.6903709173202515 94
1764184273645 0.6828278452157974 95
1764184284387 0.6857492923736572 96
1764184295182 0.6837404519319534 97
1764184305926 0.6870264559984207 98
1764184316747 0.6867378801107407 99
1764184327446 0.6858324557542801 100
1764184338148 0.6883065849542618 101
1764184348871 0.6942260712385178 102
1764184359605 0.690103143453598 103
1764184370347 0.6920268535614014 104
1764184381060 0.6880879700183868 105
1764184391799 0.6865588426589966 106
1764184402558 0.6870274245738983 107
1764184413285 0.6813208162784576 108
1764184424019 0.6811732202768326 109
1764184434711 0.6856545209884644 110
1764184445445 0.6891985982656479 111
1764184456156 0.6860536932945251 112
1764184466842 0.6866976916790009 113
1764184477550 0.6857045739889145 114
1764184488254 0.6855010539293289 115
1764184498953 0.6811428070068359 116
1764184509664 0.684174194931984 117
1764184520373 0.6864236891269684 118
1764184531107 0.6861258000135422 119
1764184541824 0.6873416155576706 120
1764184552550 0.6925846040248871 121
1764184563289 0.6933457851409912 122
1764184574025 0.6898287981748581 123
1764184584788 0.6924558579921722 124
1764184595499 0.68838070333004 125
1764184606228 0.6948917359113693 126
1764184616922 0.6872228533029556 127
1764184627656 0.6864779442548752 128
1764184638337 0.6829495579004288 129
1764184649093 0.6861246526241302 130
1764184659771 0.6853168457746506 131
1764184670535 0.6947505921125412 132
1764184681266 0.6903238594532013 133
1764184692007 0.6921865195035934 134
1764184702739 0.6964363753795624 135
1764184713447 0.6917016208171844 136
1764184724168 0.6931055784225464 137
1764184735016 0.692548394203186 138
1764184745817 0.6870524436235428 139
1764184756537 0.6903221160173416 140
1764184767283 0.6883247941732407 141
1764184778013 0.6876391470432281 142
1764184788739 0.6909627616405487 143
1764184799435 0.6869207471609116 144
1764184810136 0.6880564540624619 145
1764184820833 0.6893889158964157 146
1764184831527 0.6902866810560226 147
1764184842246 0.6919610649347305 148
1764184853005 0.6942283064126968 149
1764184863744 0.6911574900150299 150
1764184874444 0.6888953596353531 151
1764184885183 0.6903573125600815 152
1764184895903 0.6897220015525818 153
1764184906645 0.6816025823354721 154
1764184917343 0.6831199079751968 155
1764184928079 0.6894668191671371 156
1764184938799 0.6893544644117355 157
1764184949553 0.6913066208362579 158
1764184960348 0.6922866255044937 159
1764184971029 0.6916115134954453 160
1764184981744 0.6891357749700546 161
1764184992467 0.6900771260261536 162
1764185003218 0.6843322068452835 163
1764185013943 0.6880246847867966 164
1764185024666 0.6875974386930466 165
1764185035384 0.6896345317363739 166
1764185046118 0.6857508569955826 167
1764185056859 0.687458336353302 168
1764185067522 0.6831921637058258 169
1764185078224 0.6895365715026855 170
1764185088915 0.6914781630039215 171
1764185099628 0.6884029358625412 172
1764185110361 0.6857885271310806 173
1764185121093 0.6872214376926422 174
1764185131790 0.6860331296920776 175
1764185142632 0.6855839639902115 176
1764185153370 0.6868551522493362 177
1764185164111 0.6892945766448975 178
1764185174825 0.692400336265564 179
1764185185521 0.688581109046936 180
1764185196245 0.6929421275854111 181
1764185206975 0.6920678913593292 182
1764185217673 0.6833419948816299 183
1764185228459 0.6852699816226959 184
1764185239188 0.6873985826969147 185
1764185249883 0.6861867904663086 186
1764185260616 0.6896950751543045 187
1764185271436 0.692790225148201 188
1764185282151 0.693244144320488 189
1764185292855 0.6915092617273331 190
1764185303622 0.6933920979499817 191
1764185314387 0.6871074289083481 192
1764185325106 0.680313229560852 193
1764185335859 0.6839954555034637 194
1764185346571 0.6801606714725494 195
1764185388009 0.6815164536237717 196
1764185398699 0.6880438327789307 197
1764185409398 0.6906287670135498 198
1764185420111 0.6898553818464279 199
1764185430861 0.6905238628387451 200
1764185441589 0.6945597529411316 201
1764185452322 0.6916708499193192 202
1764185463070 0.6925643682479858 203
1764185473822 0.6881298571825027 204
1764185484527 0.6836849451065063 205
1764185495257 0.6803865730762482 206
1764185506055 0.6814642399549484 207
1764185516797 0.6783854365348816 208
1764185527563 0.681145653128624 209
1764185538364 0.6875190585851669 210
1764185549114 0.6918694078922272 211
1764185559837 0.6929164528846741 212
1764185570564 0.6882106512784958 213
1764185581310 0.6939273774623871 214
1764185592038 0.6930115520954132 215
1764185602883 0.6930294781923294 216
1764185613788 0.689235270023346 217
1764185624541 0.6909077763557434 218
1764185635286 0.6878592520952225 219
1764185646051 0.6883133947849274 220
1764185656760 0.6784145534038544 221
1764185667523 0.6893943250179291 222
1764185678277 0.6847501397132874 223
1764185689004 0.6898020058870316 224
1764185699731 0.6893886923789978 225
1764185710460 0.697131335735321 226
1764185721195 0.6921072751283646 227
1764185731917 0.694469764828682 228
1764185742688 0.6962090134620667 229
1764185753404 0.6927085965871811 230
1764185764175 0.6890876144170761 231
1764185774875 0.691013514995575 232
1764185785589 0.6880811899900436 233
1764185796326 0.6883889883756638 234
1764185807043 0.6880419552326202 235
1764185817760 0.688043400645256 236
1764185828506 0.6908020526170731 237
1764185839229 0.6858066916465759 238
1764185849935 0.6879351586103439 239
1764185860711 0.6919836848974228 240
1764185871420 0.6917501538991928 241
1764185882144 0.68731789290905 242
1764185892933 0.6944350004196167 243
1764185903676 0.6912214010953903 244
1764185914434 0.6855051815509796 245
1764185925219 0.6875702887773514 246
1764185935959 0.6858472377061844 247
1764185946751 0.688248410820961 248
1764185957486 0.6884503811597824 249
1764185968204 0.6856683641672134 250
1764185978944 0.68555648624897 251
1764185989666 0.6889991909265518 252
1764186000392 0.688253864645958 253
1764186011115 0.6886837631464005 254
1764186021830 0.688392773270607 255
1764186032588 0.6890815496444702 256
1764186043410 0.6881186366081238 257
1764186054155 0.6925778388977051 258
1764186064866 0.6869312971830368 259
1764186075601 0.6873593777418137 260
1764186086302 0.67814901471138 261
1764186097049 0.68546561896801 262
1764186107807 0.6810803860425949 263
1764186118564 0.6876056343317032 264
1764186129293 0.6871584206819534 265
1764186140061 0.6874428987503052 266
1764186150817 0.6882921159267426 267
1764186161520 0.6937638521194458 268
1764186172261 0.6916863769292831 269
1764186182976 0.6924181133508682 270
1764186193696 0.6928696036338806 271
1764186204410 0.6863762885332108 272
1764186215137 0.6913481056690216 273
1764186225901 0.6829387694597244 274
1764186236611 0.685197576880455 275
1764186247332 0.6793397665023804 276
1764186258049 0.6836784332990646 277
1764186268764 0.6905192285776138 278
1764186279501 0.691708505153656 279
1764186290224 0.6934059709310532 280
1764186300965 0.6933163106441498 281
1764186311737 0.6921900808811188 282
1764186322422 0.691438689827919 283
1764186333159 0.6894439905881882 284
1764186343920 0.6884821951389313 285
1764186354663 0.6865695416927338 286
1764186365379 0.6808287054300308 287
1764186376101 0.6826885044574738 288
1764186386798 0.6795020401477814 289
1764186397531 0.6860806345939636 290
1764186408255 0.6911571472883224 291
1764186419009 0.694751426577568 292
1764186429761 0.6899426877498627 293
1764186440465 0.6891433149576187 294
1764186451211 0.6891069710254669 295
1764186461984 0.6843204647302628 296
1764186472817 0.6896790415048599 297
1764186483557 0.6828339248895645 298
1764186494290 0.6854909509420395 299
1764186505049 0.6887821555137634 300
1764186515799 0.6869568973779678 301
1764186526502 0.6874053627252579 302
1764186537260 0.6883724182844162 303
1764186548009 0.6899624615907669 304
1764186558777 0.691304937005043 305
1764186569506 0.6900140196084976 306
1764186580259 0.6902071833610535 307
1764186591003 0.6908172816038132 308
1764186601744 0.6873877048492432 309
1764186612484 0.6885969936847687 310
1764186623311 0.689127653837204 311
1764186634056 0.6892383247613907 312
1764186644790 0.6903719455003738 313
1764186655527 0.6917118579149246 314
1764186666228 0.6902553290128708 315
1764186676939 0.6903467774391174 316
1764186687670 0.6923075616359711 317
1764186698386 0.6926156282424927 318
1764186709112 0.6939461380243301 319
1764186719851 0.6933889538049698 320
1764186730603 0.6924005001783371 321
1764186741366 0.6920362710952759 322
1764186752126 0.6877506822347641 323
1764186762877 0.6872891187667847 324
1764186773594 0.6830735355615616 325
1764186784287 0.6879516541957855 326
1764186795013 0.691630020737648 327
1764186805732 0.6913322657346725 328
1764186816458 0.6965053975582123 329
1764186827181 0.6981122493743896 330
1764186837902 0.699296697974205 331
1764186848635 0.6981792449951172 332
1764186859319 0.6960879564285278 333
1764186870159 0.6948176324367523 334
1764186880914 0.690845787525177 335
1764186891674 0.6892790645360947 336
1764186902395 0.6862143576145172 337
1764186913158 0.6808809787034988 338
1764186923977 0.6865157186985016 339
1764186934718 0.688881903886795 340
1764186945435 0.6856649219989777 341
1764186956206 0.6880006641149521 342
1764186966951 0.6937319040298462 343
1764186977711 0.6929417550563812 344
1764186988444 0.6940251290798187 345
1764186999182 0.6931148618459702 346
1764187009908 0.6885426193475723 347
1764187020642 0.6911692470312119 348
1764187031364 0.691347286105156 349
1764187042094 0.6808537244796753 350
1764187052844 0.6878787875175476 351
1764187063575 0.684983029961586 352
1764187074303 0.6862738579511642 353
1764187085044 0.68510802090168 354
1764187095821 0.6884863972663879 355
1764187106554 0.6909681558609009 356
1764187117276 0.691847175359726 357
1764187128029 0.6885057836771011 358
1764187138787 0.6931920051574707 359
1764187149543 0.685363233089447 360
1764187160271 0.6877185553312302 361
1764187170994 0.6917747855186462 362
1764187181708 0.6926523149013519 363
1764187192424 0.6916401237249374 364
1764187203143 0.6921124160289764 365
1764187213905 0.6955013871192932 366
1764187224639 0.6942183673381805 367
1764187235344 0.6882449686527252 368
1764187246117 0.6875157803297043 369
1764187256835 0.6926281154155731 370
1764187267572 0.687279149889946 371
1764187278288 0.6811195909976959 372
1764187289008 0.6839516460895538 373
1764187299811 0.6873452514410019 374
1764187310596 0.6867001503705978 375
1764187321367 0.6887946128845215 376
1764187332093 0.6932497918605804 377
1764187342811 0.693446934223175 378
1764187353518 0.6910804659128189 379
1764187364222 0.6956193149089813 380
1764187374924 0.6934076249599457 381
1764187385657 0.691291481256485 382
1764187396357 0.6928071975708008 383
1764187407059 0.6861822456121445 384
1764187417745 0.6826820969581604 385
1764187428475 0.686689019203186 386
1764187439182 0.6882803589105606 387
1764187449922 0.6873053908348083 388
1764187460642 0.6869666576385498 389
1764187471343 0.6851406842470169 390
1764187512791 0.6870766431093216 391
1764187523481 0.6900046765804291 392
1764187534170 0.6907719671726227 393
1764187544868 0.6953847110271454 394
1764187555600 0.6937365382909775 395
1764187566355 0.6923712342977524 396
1764187577087 0.6959308385848999 397
1764187587871 0.6922130435705185 398
1764187598608 0.6909783780574799 399
1764187609319 0.6931503117084503 400
1764187620047 0.6917066425085068 401
1764187630804 0.6943715065717697 402
1764187641527 0.6941900104284286 403
1764187652317 0.6935153305530548 404
1764187663053 0.6910791993141174 405
1764187673779 0.6918962448835373 406
1764187684568 0.6880269646644592 407
1764187695274 0.6901101917028427 408
1764187705995 0.6927700787782669 409
1764187716727 0.6893771588802338 410
1764187727482 0.6962819546461105 411
1764187738199 0.6929687857627869 412
1764187748980 0.6974117755889893 413
1764187759692 0.6942295432090759 414
1764187770531 0.6934950351715088 415
1764187781233 0.690443143248558 416
1764187791944 0.6886481195688248 417
1764187802669 0.6881450563669205 418
1764187813391 0.6826333105564117 419
1764187824108 0.6817010790109634 420
1764187834810 0.6865733712911606 421
1764187845551 0.6914063841104507 422
1764187856288 0.6937520951032639 423
1764187867084 0.693841889500618 424
1764187877829 0.6918750703334808 425
1764187888544 0.6899461001157761 426
1764187899246 0.6936552077531815 427
1764187909932 0.6913587749004364 428
1764187920651 0.6905380636453629 429
1764187931366 0.6894911229610443 430
1764187942076 0.6923157274723053 431
1764187952809 0.6889645308256149 432
1764187963529 0.6870928406715393 433
1764187974252 0.6847859472036362 434
1764187985005 0.6860058605670929 435
1764187995719 0.6906140297651291 436
1764188006387 0.6893694996833801 437
1764188017159 0.6901882439851761 438
1764188027883 0.6918066143989563 439
1764188038588 0.6895588487386703 440
1764188049302 0.6942652761936188 441
1764188060036 0.6950969249010086 442
1764188070749 0.6893153339624405 443
1764188081517 0.6929896026849747 444
1764188092253 0.6925769001245499 445
1764188103017 0.6910921335220337 446
1764188113725 0.689319059252739 447
1764188124488 0.6878952234983444 448
1764188135213 0.6901686042547226 449
1764188145952 0.6941502690315247 450
1764188156714 0.6941306889057159 451
1764188167468 0.6938668638467789 452
1764188178230 0.6930909156799316 453
1764188189022 0.6944471299648285 454
1764188199872 0.6967710256576538 455
1764188210601 0.691010370850563 456
1764188221340 0.6892694681882858 457
1764188232084 0.6847030520439148 458
1764188242788 0.6920897364616394 459
1764188253505 0.6897405833005905 460
1764188264254 0.6936940401792526 461
1764188274995 0.6903562545776367 462
1764188285758 0.6915559470653534 463
1764188296480 0.6907944083213806 464
1764188307212 0.6922130137681961 465
1764188317941 0.6903522908687592 466
1764188328672 0.6930205374956131 467
1764188339387 0.690304696559906 468
1764188350105 0.6928610503673553 469
1764188360863 0.6939582079648972 470
1764188371606 0.6920303702354431 471
1764188382331 0.6871803551912308 472
1764188393050 0.6887608617544174 473
1764188403804 0.6894775331020355 474
1764188414527 0.6833603084087372 475
1764188425259 0.6899537444114685 476
1764188435979 0.6896464824676514 477
1764188446717 0.6909402459859848 478
1764188457452 0.6972442716360092 479
1764188468180 0.6948709636926651 480
1764188478901 0.6962423622608185 481
1764188489620 0.6915251016616821 482
1764188500362 0.6945830285549164 483
1764188511095 0.6946678310632706 484
1764188521824 0.6939764320850372 485
1764188532558 0.68699049949646 486
1764188543296 0.6886478960514069 487
1764188554023 0.6882233917713165 488
1764188564791 0.6895827353000641 489
1764188575560 0.690487265586853 490
1764188586270 0.6917851567268372 491
1764188597148 0.6933800280094147 492
1764188607874 0.6925656944513321 493
1764188618647 0.6964907795190811 494
1764188629425 0.6947575360536575 495
1764188640157 0.694257527589798 496
1764188650885 0.69256891310215 497
1764188661696 0.6954890489578247 498
1764188672425 0.6867227256298065 499
1764188683188 0.6887638866901398 500
1764188694003 0.6881126314401627 501
1764188704689 0.6887329369783401 502
1764188715405 0.6901576370000839 503
1764188726218 0.6909017860889435 504
1764188736995 0.6906547099351883 505
1764188747737 0.6908089965581894 506
1764188758456 0.6895234286785126 507
1764188769162 0.6943753808736801 508
1764188779879 0.6915331184864044 509
1764188790613 0.6952652335166931 510
1764188801351 0.6934112161397934 511
1764188812070 0.6933043152093887 512
1764188822801 0.6922701746225357 513
1764188833539 0.6934523582458496 514
1764188844298 0.6954020261764526 515
1764188855028 0.693333774805069 516
1764188865735 0.6984159797430038 517
1764188876473 0.6979413628578186 518
1764188887177 0.6950474977493286 519
1764188897920 0.6942298114299774 520
1764188908656 0.6917756646871567 521
1764188919368 0.6904609203338623 522
1764188930079 0.6922336667776108 523
1764188940816 0.689272403717041 524
1764188951502 0.6895033270120621 525
1764188962204 0.6872934103012085 526
1764188972922 0.6925483196973801 527
1764188983619 0.6826777756214142 528
1764188994307 0.6904554665088654 529
1764189005042 0.6930788606405258 530
1764189015756 0.6987946778535843 531
1764189026529 0.6959831267595291 532
1764189037267 0.6963077038526535 533
1764189048050 0.6954166293144226 534
1764189058808 0.6967747807502747 535
1764189069493 0.6912222355604172 536
1764189080297 0.6944240480661392 537
1764189091029 0.6905926167964935 538
1764189101765 0.6878722161054611 539
1764189112493 0.6890129297971725 540
1764189123211 0.6846413761377335 541
1764189133930 0.6886886358261108 542
1764189144676 0.6889827847480774 543
1764189155425 0.6916876137256622 544
1764189166166 0.690007358789444 545
1764189176863 0.6930552870035172 546
1764189187575 0.6924183815717697 547
1764189198302 0.6934097111225128 548
1764189209038 0.6921347081661224 549
1764189219795 0.6930844336748123 550
1764189230495 0.6924159228801727 551
1764189241247 0.6887315213680267 552
1764189251996 0.6904355734586716 553
1764189262733 0.6859617829322815 554
1764189273444 0.6908609718084335 555
1764189284223 0.6916649490594864 556
1764189294980 0.6893086135387421 557
1764189305730 0.6914210617542267 558
1764189316456 0.6911781430244446 559
1764189327173 0.6896248757839203 560
1764189337895 0.6905073076486588 561
1764189348628 0.6908244639635086 562
1764189359342 0.6917020976543427 563
1764189370051 0.6916234046220779 564
1764189380788 0.6924508959054947 565
1764189391472 0.6902735382318497 566
1764189402173 0.692080020904541 567
1764189412947 0.6911990642547607 568
1764189423687 0.6903853118419647 569
1764189434402 0.6930583566427231 570
1764189445137 0.6922677755355835 571
1764189455914 0.6922308951616287 572
1764189466610 0.6903742849826813 573
1764189477314 0.6937533169984818 574
1764189488131 0.6926570534706116 575
1764189498826 0.6894926130771637 576
1764189509563 0.6908209174871445 577
1764189520245 0.689851388335228 578
1764189530983 0.6910488158464432 579
1764189541667 0.6898045688867569 580
1764189552408 0.6907441020011902 581
1764189563121 0.688178688287735 582
1764189573841 0.692580834031105 583
1764189584556 0.6922823190689087 584
1764189595251 0.687267854809761 585
1764189636667 0.6924713999032974 586
1764189647353 0.6918212622404099 587
1764189658067 0.690521240234375 588
1764189668787 0.6943311989307404 589
1764189679534 0.6930490583181381 590
1764189690246 0.693139061331749 591
1764189700947 0.6905187368392944 592
1764189711645 0.6939524412155151 593
1764189722369 0.6929016709327698 594
1764189733098 0.6957894265651703 595
1764189743823 0.6972712725400925 596
1764189754543 0.6960632055997849 597
1764189765258 0.6946343928575516 598
1764189775982 0.6938576549291611 599
1764189786702 0.6901560127735138 600
1764189797436 0.6927720010280609 601
1764189808135 0.687232106924057 602
1764189818863 0.6908794194459915 603
1764189829613 0.6938584297895432 604
1764189840327 0.6926697194576263 605
1764189851062 0.6940343379974365 606
1764189861863 0.6958694756031036 607
1764189872546 0.6946876347064972 608
1764189883348 0.6942233294248581 609
1764189894087 0.6962713301181793 610
1764189904917 0.6956948041915894 611
1764189915633 0.6942986398935318 612
1764189926366 0.6925975233316422 613
1764189937058 0.6930027306079865 614
1764189947814 0.6921906173229218 615
1764189958544 0.6918409764766693 616
1764189969228 0.6962827444076538 617
1764189979984 0.6961353123188019 618
1764189990728 0.6977166086435318 619
1764190001424 0.6966798305511475 620
1764190012192 0.6993780434131622 621
1764190022906 0.6981573104858398 622
1764190033699 0.6962184458971024 623
1764190044423 0.6955946385860443 624
1764190055159 0.6917064934968948 625
1764190065868 0.6931364089250565 626
1764190076568 0.6927957981824875 627
1764190087237 0.6896358728408813 628
1764190097956 0.69194595515728 629
1764190108712 0.692959725856781 630
1764190119467 0.6908310800790787 631
1764190130203 0.6937690079212189 632
1764190140918 0.6924845278263092 633
1764190151616 0.6935598850250244 634
1764190162349 0.6952913850545883 635
1764190173080 0.6952960342168808 636
1764190183780 0.693420872092247 637
1764190194478 0.6937509328126907 638
1764190205211 0.6934309303760529 639
1764190215963 0.6885427534580231 640
1764190226669 0.693727433681488 641
1764190237386 0.6900522708892822 642
1764190248099 0.6890593618154526 643
1764190258802 0.6890610307455063 644
1764190269507 0.6871335357427597 645
1764190280232 0.6858538538217545 646
1764190290951 0.6884252279996872 647
1764190301684 0.6918473541736603 648
1764190312505 0.6932955682277679 649
1764190323200 0.6957218050956726 650
1764190334023 0.6950059533119202 651
1764190344729 0.6969099044799805 652
1764190355471 0.6950442641973495 653
1764190366186 0.6926062256097794 654
1764190376968 0.6924458891153336 655
1764190387724 0.6923608481884003 656
1764190398532 0.6930632591247559 657
1764190409301 0.692192018032074 658
1764190420071 0.6898242831230164 659
1764190430824 0.6912335902452469 660
1764190441578 0.689308375120163 661
1764190452319 0.6907158941030502 662
1764190463073 0.6925930678844452 663
1764190473832 0.6940451860427856 664
1764190484548 0.6927807927131653 665
1764190495264 0.693084105849266 666
1764190505982 0.6926887035369873 667
1764190516725 0.697171613574028 668
1764190527423 0.6948231011629105 669
1764190538120 0.6964092999696732 670
1764190548845 0.6920240521430969 671
1764190559613 0.6937690824270248 672
1764190570336 0.6979958862066269 673
1764190581072 0.6950727999210358 674
1764190591783 0.6913460195064545 675
1764190602511 0.6942871063947678 676
1764190613224 0.6915311515331268 677
1764190623958 0.6949856877326965 678
1764190634692 0.6957681626081467 679
1764190645488 0.6951393932104111 680
1764190656158 0.6941694766283035 681
1764190666863 0.6949367076158524 682
1764190677624 0.6931978315114975 683
1764190688393 0.6930963546037674 684
1764190699081 0.6943098902702332 685
1764190709817 0.6934061646461487 686
1764190720534 0.695538267493248 687
1764190731392 0.690543994307518 688
1764190742065 0.6912637501955032 689
1764190752819 0.6935402899980545 690
1764190763550 0.6892040073871613 691
1764190774280 0.6943453103303909 692
1764190785055 0.6929512768983841 693
1764190795784 0.6904198378324509 694
1764190806508 0.6886323690414429 695
1764190817233 0.691599890589714 696
1764190828008 0.6937216222286224 697
1764190838735 0.693971648812294 698
1764190849481 0.6920681297779083 699
1764190860193 0.6932620853185654 700
1764190870937 0.6953577995300293 701
1764190881724 0.6972690224647522 702
1764190892456 0.6953897774219513 703
1764190903144 0.691903606057167 704
1764190913857 0.6972671896219254 705
1764190924582 0.6927973628044128 706
1764190935289 0.6902401894330978 707
1764190946040 0.6896105408668518 708
1764190956787 0.6909356117248535 709
1764190967503 0.6878895312547684 710
1764190978274 0.6919985860586166 711
1764190989012 0.6896261721849442 712
1764190999777 0.6908290237188339 713
1764191010484 0.692165732383728 714
1764191021200 0.6954822689294815 715
1764191031902 0.6923529505729675 716
1764191042622 0.6950936764478683 717
1764191053339 0.6939791291952133 718
1764191064027 0.6965622901916504 719
1764191074721 0.6968648731708527 720
1764191085494 0.6946773678064346 721
1764191096223 0.6941875368356705 722
1764191106968 0.6947896927595139 723
1764191117728 0.6940747946500778 724
1764191128447 0.6884366571903229 725
1764191139175 0.6888905316591263 726
1764191149896 0.6862106770277023 727
1764191160674 0.686768651008606 728
1764191171392 0.6865271925926208 729
1764191182116 0.6902416795492172 730
1764191192855 0.6894435286521912 731
1764191203562 0.6937830001115799 732
1764191214312 0.6923767030239105 733
1764191225019 0.6929218471050262 734
1764191235762 0.6958450078964233 735
1764191246495 0.6975057721138 736
1764191257217 0.6947620064020157 737
1764191267950 0.6963216960430145 738
1764191278705 0.695138230919838 739
1764191289418 0.6945796012878418 740
1764191300140 0.6939427405595779 741
1764191310862 0.6914186626672745 742
1764191321564 0.6913128197193146 743
1764191332270 0.6924219578504562 744
1764191342976 0.6885911375284195 745
1764191353704 0.6898615658283234 746
1764191364429 0.6912835091352463 747
1764191375136 0.6939224600791931 748
1764191385889 0.6941660642623901 749
1764191396582 0.6934690475463867 750
1764191407288 0.6931172311306 751
1764191418022 0.6947491466999054 752
1764191428782 0.6971369087696075 753
1764191439525 0.6928814351558685 754
1764191450216 0.695818766951561 755
1764191460945 0.6931255757808685 756
1764191471654 0.6957809776067734 757
1764191482350 0.6940423995256424 758
1764191493050 0.6926014572381973 759
1764191503817 0.6896895468235016 760
1764191514567 0.6920889467000961 761
1764191525275 0.6948458701372147 762
1764191535985 0.6915553361177444 763
1764191546701 0.6922817826271057 764
1764191557457 0.6965032815933228 765
1764191568175 0.6953184455633163 766
1764191578929 0.693743884563446 767
1764191589753 0.6946330368518829 768
1764191600460 0.6922146826982498 769
1764191611194 0.6925219297409058 770
1764191622008 0.6891366243362427 771
1764191632712 0.6949075311422348 772
1764191643441 0.6949143707752228 773
1764191654182 0.6960173398256302 774
1764191664963 0.691280722618103 775
1764191675709 0.6943724453449249 776
1764191686411 0.6918039619922638 777
1764191697136 0.6929883658885956 778
1764191707909 0.6905767917633057 779
1764191718683 0.6900270730257034 780
1764191729435 0.6914809048175812 781
1764191753442 0.6948142945766449 782
1764191764198 0.6951639950275421 783
1764191774950 0.6958057433366776 784
1764191785696 0.6950041204690933 785
1764191796449 0.6958130598068237 786
1764191807212 0.6978792250156403 787
1764191817907 0.6941611617803574 788
1764191828636 0.696111261844635 789
1764191839363 0.6944294571876526 790
1764191850091 0.6950590163469315 791
1764191860794 0.6926349252462387 792
1764191871547 0.6959372311830521 793
1764191882251 0.6943738907575607 794
1764191892964 0.693640410900116 795
1764191903676 0.6957132965326309 796
1764191914393 0.6907284259796143 797
1764191925119 0.6941416710615158 798
1764191935838 0.6944849193096161 799
1764191946605 0.6953142434358597 800
1764191957304 0.6928499042987823 801
1764191968090 0.6952379941940308 802
1764191978820 0.6910227388143539 803
1764191989559 0.691448763012886 804
1764192000335 0.691122829914093 805
1764192011060 0.6916318088769913 806
1764192021792 0.6945456564426422 807
1764192032532 0.69588503241539 808
1764192043248 0.6938871890306473 809
1764192053972 0.696293517947197 810
1764192064681 0.6918118447065353 811
1764192075388 0.694878414273262 812
1764192086103 0.6945752203464508 813
1764192096877 0.697841614484787 814
1764192107561 0.6960388123989105 815
1764192118289 0.6950506418943405 816
1764192129043 0.6964966058731079 817
1764192139783 0.6926446408033371 818
1764192150507 0.6935695856809616 819
1764192161212 0.6978532075881958 820
1764192171999 0.6974972784519196 821
1764192182715 0.6935341060161591 822
1764192193428 0.6959829032421112 823
1764192204209 0.6951620876789093 824
1764192215015 0.6979668140411377 825
1764192225748 0.6937617510557175 826
1764192236451 0.6925600320100784 827
1764192247190 0.6970363855361938 828
1764192257886 0.6947181820869446 829
1764192268602 0.6926831305027008 830
1764192279358 0.6910297274589539 831
1764192290084 0.6932957321405411 832
1764192300817 0.6909559667110443 833
1764192311564 0.6954221576452255 834
1764192322289 0.6927424073219299 835
1764192333032 0.6975540071725845 836
1764192343749 0.6952092349529266 837
1764192354419 0.6941146403551102 838
1764192365139 0.696611300110817 839
1764192375829 0.6967438459396362 840
1764192386572 0.6943844258785248 841
1764192397312 0.6977311223745346 842
1764192408041 0.6954727023839951 843
1764192418795 0.6959110051393509 844
1764192429489 0.6960574388504028 845
1764192440222 0.6992851495742798 846
1764192451075 0.6966230720281601 847
1764192461812 0.6950400024652481 848
1764192472530 0.6961659491062164 849
1764192483241 0.6942519545555115 850
1764192493987 0.695246234536171 851
1764192504751 0.6953910440206528 852
1764192515450 0.6975664794445038 853
1764192526152 0.6956958323717117 854
1764192536926 0.6971573531627655 855
1764192547668 0.695601612329483 856
1764192558382 0.6971444189548492 857
1764192569156 0.6952321976423264 858
1764192579877 0.6973626166582108 859
1764192590594 0.6946441382169724 860
1764192601312 0.695102795958519 861
1764192612057 0.6940875202417374 862
1764192622818 0.6958935111761093 863
1764192633520 0.6933465749025345 864
1764192644238 0.6963741034269333 865
1764192654977 0.6950782835483551 866
1764192665723 0.693591296672821 867
1764192676470 0.6961464732885361 868
1764192687225 0.6926425397396088 869
1764192697908 0.6938702166080475 870
1764192708621 0.6952489018440247 871
1764192719375 0.6951159536838531 872
1764192730081 0.6908061355352402 873
1764192740805 0.6961597353219986 874
1764192751492 0.6922662556171417 875
1764192762208 0.6906548887491226 876
1764192772905 0.6923805922269821 877
1764192783660 0.6928659230470657 878
1764192794409 0.6965921819210052 879
1764192805146 0.6933448314666748 880
1764192815868 0.6968878954648972 881
1764192826618 0.6954405456781387 882
1764192837330 0.6948129683732986 883
1764192848192 0.69673652946949 884
1764192858901 0.696140855550766 885
1764192869648 0.6984841674566269 886
1764192880347 0.6952026635408401 887
1764192891044 0.6968017071485519 888
1764192901804 0.6991624385118484 889
1764192912519 0.6960747689008713 890
1764192923256 0.6995867639780045 891
1764192933987 0.693880096077919 892
1764192944682 0.6914544552564621 893
1764192955435 0.6972319632768631 894
1764192966135 0.6960933357477188 895
1764192976856 0.6945852190256119 896
1764192987589 0.6959837526082993 897
1764192998304 0.6892248690128326 898
1764193009014 0.6960873156785965 899
1764193019743 0.6925993263721466 900
1764193030524 0.694914847612381 901
1764193041254 0.6950511336326599 902
1764193052000 0.6975765228271484 903
1764193062766 0.695542499423027 904
1764193073499 0.6967419236898422 905
1764193084186 0.6938604712486267 906
1764193094910 0.6935437023639679 907
1764193105643 0.6974862813949585 908
1764193116354 0.6969112455844879 909
1764193127077 0.695320338010788 910
1764193137808 0.6960935294628143 911
1764193148533 0.6970440745353699 912
1764193159277 0.694852352142334 913
1764193169967 0.6967442333698273 914
1764193180679 0.6978194713592529 915
1764193191448 0.6952736079692841 916
1764193202210 0.695796862244606 917
1764193212904 0.6933648884296417 918
1764193223622 0.6891794502735138 919
1764193234336 0.6951775401830673 920
1764193245142 0.6954252272844315 921
1764193255879 0.6932930052280426 922
1764193266593 0.6939115822315216 923
1764193277397 0.6945732533931732 924
1764193288156 0.6952378302812576 925
1764193298850 0.6935597658157349 926
1764193309579 0.6998116225004196 927
1764193320301 0.6957094520330429 928
1764193331015 0.6946031153202057 929
1764193341730 0.6950000375509262 930
1764193352435 0.6936477571725845 931
1764193363162 0.6935636550188065 932
1764193373920 0.6966797560453415 933
1764193384632 0.6927677690982819 934
1764193395374 0.6970672607421875 935
1764193406100 0.6972691863775253 936
1764193416859 0.6941409856081009 937
1764193427596 0.6911248564720154 938
1764193438334 0.6931876838207245 939
1764193449074 0.692998081445694 940
1764193459886 0.6918422430753708 941
1764193470607 0.6918799728155136 942
1764193481334 0.6911175847053528 943
1764193492052 0.6903329640626907 944
1764193502755 0.688665360212326 945
1764193513448 0.6890868693590164 946
1764193524173 0.6933228373527527 947
1764193534882 0.6921445280313492 948
1764193545629 0.6942208856344223 949
1764193556348 0.6948277801275253 950
1764193567041 0.6908094882965088 951
1764193577764 0.6928745657205582 952
1764193588508 0.695922002196312 953
1764193599197 0.6901925802230835 954
1764193609949 0.693662092089653 955
1764193620692 0.6935310959815979 956
1764193631440 0.6930593699216843 957
1764193642183 0.696784496307373 958
1764193652934 0.6947878748178482 959
1764193663645 0.6949655115604401 960
1764193674348 0.6956849247217178 961
1764193685041 0.6939480751752853 962
1764193695753 0.6927057355642319 963
1764193706524 0.6936965733766556 964
1764193717201 0.6950128376483917 965
1764193727912 0.6918797194957733 966
1764193738635 0.6926285624504089 967
1764193749343 0.6951911002397537 968
1764193760059 0.6926790475845337 969
1764193770788 0.6921195983886719 970
1764193781536 0.6935903131961823 971
1764193792302 0.6933974921703339 972
1764193803017 0.69020015001297 973
1764193813761 0.6916205286979675 974
1764193824481 0.6942968964576721 975
1764193835177 0.6917333602905273 976
1764193859313 0.6899152398109436 977
1764193870111 0.6937670409679413 978
1764193880832 0.6922544687986374 979
1764193891530 0.6892302334308624 980
1764193902277 0.6953389197587967 981
1764193913031 0.6948331892490387 982
1764193923787 0.6913808584213257 983
1764193934577 0.6939324289560318 984
1764193945261 0.6879353523254395 985
1764193955947 0.693174809217453 986
1764193966648 0.6905888020992279 987
1764193977355 0.6900539249181747 988
1764193988063 0.6923235505819321 989
1764193998805 0.694962665438652 990
1764194009574 0.6928910911083221 991
1764194020299 0.6900475323200226 992
1764194031047 0.6895713657140732 993
1764194041848 0.6921382546424866 994
1764194052571 0.6915490329265594 995
1764194063285 0.6929838508367538 996
1764194073983 0.6884475648403168 997
1764194084691 0.6960463970899582 998
1764194095380 0.6933241188526154 999
1764194106086 0.6949582546949387 1000
1764194116837 0.6978345066308975 1001
1764194127560 0.6966057568788528 1002
1764194138409 0.693039134144783 1003
1764194149120 0.6936942040920258 1004
1764194159818 0.6938233822584152 1005
1764194170577 0.6958004236221313 1006
1764194181380 0.6948648542165756 1007
1764194192104 0.6953227519989014 1008
1764194202855 0.6935824304819107 1009
1764194213588 0.6944395303726196 1010
1764194224304 0.6952019333839417 1011
1764194235046 0.694492906332016 1012
1764194245762 0.6946889609098434 1013
1764194256473 0.6937005817890167 1014
1764194267241 0.6930305659770966 1015
1764194277989 0.6951229870319366 1016
1764194288759 0.6906496435403824 1017
1764194299470 0.6909925937652588 1018
1764194310227 0.6932331174612045 1019
1764194320979 0.6913615316152573 1020
1764194331752 0.693199872970581 1021
1764194342471 0.6958928406238556 1022
1764194353227 0.6952171176671982 1023
1764194363932 0.6937130838632584 1024
1764194374658 0.6957089602947235 1025
1764194385384 0.6956945806741714 1026
1764194396084 0.6934753507375717 1027
1764194406793 0.6995703876018524 1028
1764194417539 0.6976816952228546 1029
1764194428232 0.6937416642904282 1030
1764194438976 0.6951567232608795 1031
1764194449670 0.6958115547895432 1032
1764194460375 0.6953174471855164 1033
1764194471126 0.6950048506259918 1034
1764194481823 0.6951667964458466 1035
1764194492564 0.6944688409566879 1036
1764194503309 0.6988521367311478 1037
1764194514050 0.6937454491853714 1038
1764194524799 0.6965421289205551 1039
1764194535503 0.6953494101762772 1040
1764194546267 0.6929733157157898 1041
1764194556990 0.695307582616806 1042
1764194567752 0.6939205080270767 1043
1764194578489 0.6959068477153778 1044
1764194589239 0.6973255574703217 1045
1764194600035 0.6958459466695786 1046
1764194610747 0.6929016262292862 1047
1764194621462 0.6916059106588364 1048
1764194632199 0.6945215910673141 1049
1764194642919 0.6960409879684448 1050
1764194653619 0.6956207752227783 1051
1764194664360 0.6968627125024796 1052
1764194675052 0.6955459713935852 1053
1764194685813 0.6936795562505722 1054
1764194696520 0.6947431266307831 1055
1764194707281 0.6963685601949692 1056
1764194718056 0.6905954331159592 1057
1764194728787 0.6967070996761322 1058
1764194739526 0.6965591609477997 1059
1764194750255 0.6945880353450775 1060
1764194760981 0.6938412636518478 1061
1764194771758 0.6933045983314514 1062
1764194782511 0.6956362277269363 1063
1764194793268 0.6954919546842575 1064
1764194803998 0.6960896253585815 1065
1764194814699 0.6919834762811661 1066
1764194825417 0.6937810778617859 1067
1764194836167 0.6962988972663879 1068
1764194846877 0.6936587989330292 1069
1764194857688 0.696147546172142 1070
1764194868363 0.6917230635881424 1071
1764194879082 0.6957760006189346 1072
1764194889827 0.6933353841304779 1073
1764194900558 0.6965816169977188 1074
1764194911293 0.6976121813058853 1075
1764194922006 0.6955366879701614 1076
1764194932707 0.6929052472114563 1077
1764194943438 0.6914875656366348 1078
1764194954164 0.6942395269870758 1079
1764194964997 0.6909576505422592 1080
1764194975724 0.6945414841175079 1081
1764194986415 0.6933053433895111 1082
1764194997156 0.6951856166124344 1083
1764195007882 0.6922975331544876 1084
1764195018597 0.6935559511184692 1085
1764195029345 0.6921848654747009 1086
1764195040081 0.6928590089082718 1087
1764195050792 0.6941345632076263 1088
1764195061499 0.6991265118122101 1089
1764195072286 0.6938999891281128 1090
1764195082983 0.6976431161165237 1091
1764195093704 0.6957176029682159 1092
1764195104464 0.6972920894622803 1093
1764195115183 0.6933995634317398 1094
1764195125903 0.6960112154483795 1095
1764195136643 0.6968588978052139 1096
1764195147419 0.6972345262765884 1097
1764195158177 0.6951653957366943 1098
1764195168919 0.6953793168067932 1099
1764195179632 0.6956318914890289 1100
1764195190330 0.6950895190238953 1101
1764195201068 0.6926015764474869 1102
1764195211811 0.6950564086437225 1103
1764195222489 0.6928422600030899 1104
1764195233211 0.6929325312376022 1105
1764195243952 0.6951006203889847 1106
1764195254687 0.6898627430200577 1107
1764195265419 0.6940359175205231 1108
1764195276164 0.6927239298820496 1109
1764195286853 0.6906673759222031 1110
1764195297550 0.6910406351089478 1111
1764195308281 0.6944011598825455 1112
1764195318996 0.6944045722484589 1113
1764195329707 0.6913441270589828 1114
1764195340444 0.6923970729112625 1115
1764195351207 0.6928626298904419 1116
1764195361947 0.6929292529821396 1117
1764195372655 0.6930191367864609 1118
1764195383356 0.6959696859121323 1119
1764195394167 0.6946667730808258 1120
1764195404914 0.6936922371387482 1121
1764195415611 0.6932115703821182 1122
1764195426338 0.6927995383739471 1123
1764195437036 0.6942563503980637 1124
1764195447770 0.6963723003864288 1125
1764195458527 0.6935304701328278 1126
1764195469258 0.6953249573707581 1127
1764195479956 0.6911285370588303 1128
1764195490666 0.6951728463172913 1129
1764195501366 0.6917267292737961 1130
1764195512124 0.6928766816854477 1131
1764195522865 0.6922059506177902 1132
1764195533629 0.69459567964077 1133
1764195544357 0.6937565356492996 1134
1764195555086 0.6937298327684402 1135
1764195565844 0.6959855854511261 1136
1764195576665 0.6939965933561325 1137
1764195587426 0.6962035596370697 1138
1764195598215 0.6959146708250046 1139
1764195608920 0.6944285780191422 1140
1764195619674 0.6944791376590729 1141
1764195630408 0.6933813244104385 1142
1764195641095 0.6949796378612518 1143
1764195651826 0.6901473551988602 1144
1764195662557 0.6974946707487106 1145
1764195673307 0.6952826678752899 1146
1764195684011 0.6944013088941574 1147
1764195694727 0.6948569118976593 1148
1764195705449 0.6957084089517593 1149
1764195716180 0.6954968720674515 1150
1764195726899 0.6946393102407455 1151
1764195737616 0.6939681470394135 1152
1764195748343 0.6947709769010544 1153
1764195759068 0.6955682188272476 1154
1764195769812 0.6945257931947708 1155
1764195780553 0.6919864267110825 1156
1764195791273 0.6956790536642075 1157
1764195802012 0.6966152191162109 1158
1764195812751 0.6930647045373917 1159
1764195823532 0.693848267197609 1160
1764195834234 0.6929803788661957 1161
1764195844948 0.6956384479999542 1162
1764195855645 0.6933140456676483 1163
1764195866367 0.6945101618766785 1164
1764195877104 0.6938034445047379 1165
1764195887927 0.6983221173286438 1166
1764195898651 0.700914591550827 1167
1764195909379 0.6976321935653687 1168
1764195920088 0.6953534632921219 1169
1764195930860 0.6971646994352341 1170
1764195941589 0.6948695480823517 1171
1764195965588 0.6988931745290756 1172
1764195976323 0.6974539160728455 1173
1764195987039 0.6972753256559372 1174
1764195997728 0.6957300752401352 1175
1764196008490 0.6971461474895477 1176
1764196019172 0.6911964118480682 1177
1764196029926 0.6921493709087372 1178
1764196040638 0.6938748061656952 1179
1764196051395 0.693894550204277 1180
1764196062117 0.6968128532171249 1181
1764196072819 0.6933214217424393 1182
1764196083594 0.6970662176609039 1183
1764196094372 0.6970574259757996 1184
1764196105111 0.6952588111162186 1185
1764196115861 0.6932822018861771 1186
1764196126564 0.6937036961317062 1187
1764196137273 0.6911850422620773 1188
1764196147999 0.6944225281476974 1189
1764196158769 0.695220410823822 1190
1764196169482 0.6969146430492401 1191
1764196180269 0.6960785239934921 1192
1764196190955 0.6945095211267471 1193
1764196201691 0.6964636743068695 1194
1764196212426 0.6973583251237869 1195
1764196223169 0.694232851266861 1196
1764196233908 0.6945798248052597 1197
1764196244630 0.6924420893192291 1198
1764196255443 0.6951787024736404 1199
1764196266171 0.6926758736371994 1200
1764196276937 0.6972227990627289 1201
1764196287651 0.6971273422241211 1202
1764196298403 0.6977262645959854 1203
1764196309196 0.6945496946573257 1204
1764196319908 0.6929443925619125 1205
1764196330622 0.6963800489902496 1206
1764196341326 0.6928388327360153 1207
1764196352097 0.6952609121799469 1208
1764196362789 0.6936547160148621 1209
1764196373487 0.6926214694976807 1210
1764196384218 0.6932046562433243 1211
1764196394963 0.6946132034063339 1212
1764196405690 0.6944660693407059 1213
1764196416392 0.6919316947460175 1214
1764196427131 0.6934841424226761 1215
1764196437843 0.6937398463487625 1216
1764196448550 0.6945224553346634 1217
1764196459306 0.6959496587514877 1218
1764196470080 0.6949127465486526 1219
1764196480833 0.6943417936563492 1220
1764196491559 0.6970442533493042 1221
1764196502309 0.6978317201137543 1222
1764196513042 0.6964290291070938 1223
1764196523869 0.6963470727205276 1224
1764196534595 0.6961672902107239 1225
1764196545312 0.6937553286552429 1226
1764196556060 0.6959801018238068 1227
1764196566782 0.6961066126823425 1228
1764196577502 0.6945377886295319 1229
1764196588263 0.6962956935167313 1230
1764196599055 0.6954342871904373 1231
1764196609770 0.6959347426891327 1232
1764196620490 0.6954456567764282 1233
1764196631216 0.6920948922634125 1234
1764196641979 0.6947003751993179 1235
1764196652759 0.6965309679508209 1236
1764196663545 0.6966903656721115 1237
1764196674372 0.6978224813938141 1238
1764196685105 0.6956650465726852 1239
1764196695846 0.6989508122205734 1240
1764196706577 0.6978435069322586 1241
1764196717332 0.696128323674202 1242
1764196728064 0.6953416019678116 1243
1764196738807 0.6946534663438797 1244
1764196749530 0.694971352815628 1245
1764196760249 0.6964302510023117 1246
1764196770970 0.6959175914525986 1247
1764196781682 0.6929035186767578 1248
1764196792392 0.6936604231595993 1249
1764196803109 0.6944191604852676 1250
1764196813810 0.6944625675678253 1251
1764196824506 0.692675918340683 1252
1764196835231 0.6965657770633698 1253
1764196845943 0.6937260627746582 1254
1764196856623 0.6930157840251923 1255
1764196867333 0.6943961679935455 1256
1764196878039 0.6958849132061005 1257
1764196888777 0.6955697685480118 1258
1764196899508 0.6954314410686493 1259
1764196910230 0.6960902810096741 1260
1764196920941 0.6974921524524689 1261
1764196931672 0.697015643119812 1262
1764196942403 0.6995396465063095 1263
1764196953143 0.6944718062877655 1264
1764196963873 0.6943781822919846 1265
1764196974603 0.6965612918138504 1266
1764196985327 0.6978975236415863 1267
1764196996075 0.696656808257103 1268
1764197006851 0.6954509019851685 1269
1764197017642 0.6955780535936356 1270
1764197028377 0.6942311227321625 1271
1764197039122 0.6969571560621262 1272
1764197049853 0.6981075406074524 1273
1764197060634 0.6991882026195526 1274
1764197071377 0.698170006275177 1275
1764197082214 0.6933915168046951 1276
1764197092931 0.6971679478883743 1277
1764197103691 0.6938164532184601 1278
1764197114430 0.6945273280143738 1279
1764197125128 0.6943136006593704 1280
1764197135892 0.6969822347164154 1281
1764197146649 0.6957994252443314 1282
1764197157385 0.6953719407320023 1283
1764197168172 0.6956648826599121 1284
1764197178994 0.6932595670223236 1285
1764197189738 0.6939158141613007 1286
1764197200462 0.6978639960289001 1287
1764197211163 0.6936867386102676 1288
1764197221908 0.6954350620508194 1289
1764197232608 0.6961283981800079 1290
1764197243365 0.6949137598276138 1291
1764197254081 0.6957084685564041 1292
1764197264818 0.6946483999490738 1293
1764197275575 0.6971649080514908 1294
1764197286261 0.6906414479017258 1295
1764197297004 0.6936080902814865 1296
1764197307690 0.6936150044202805 1297
1764197318384 0.6947438567876816 1298
1764197329133 0.694585770368576 1299
1764197339838 0.6934051960706711 1300
1764197350588 0.6952623426914215 1301
1764197361280 0.6966480165719986 1302
1764197372048 0.694671705365181 1303
1764197382758 0.6944425851106644 1304
1764197393483 0.6963547915220261 1305
1764197404185 0.6954836547374725 1306
1764197414894 0.6942931562662125 1307
1764197425618 0.6963438987731934 1308
1764197436329 0.6967587172985077 1309
1764197447055 0.6962986588478088 1310
1764197457772 0.6971530616283417 1311
1764197468486 0.6984316557645798 1312
1764197479202 0.697059378027916 1313
1764197489952 0.6949478685855865 1314
1764197500683 0.6910876482725143 1315
1764197511403 0.6952360570430756 1316
1764197522131 0.6929447501897812 1317
1764197532969 0.6963654160499573 1318
1764197543690 0.6945468336343765 1319
1764197554412 0.6946243941783905 1320
1764197565139 0.6933898478746414 1321
1764197575891 0.6956150531768799 1322
1764197586618 0.6963764578104019 1323
1764197597354 0.6950066536664963 1324
1764197608057 0.6930055618286133 1325
1764197618841 0.6985190510749817 1326
1764197629645 0.6955214142799377 1327
1764197640392 0.6966493874788284 1328
1764197651119 0.6981084942817688 1329
1764197661854 0.6984979063272476 1330
1764197672619 0.6981915086507797 1331
1764197683341 0.6947655975818634 1332
1764197694051 0.6961025595664978 1333
1764197704756 0.6942966729402542 1334
1764197715559 0.6979012340307236 1335
1764197726265 0.6954673081636429 1336
1764197737015 0.6961760818958282 1337
1764197747760 0.6960078775882721 1338
1764197758505 0.6958190202713013 1339
1764197769241 0.6972385942935944 1340
1764197779975 0.696696475148201 1341
1764197790665 0.6953914612531662 1342
1764197801411 0.6977110952138901 1343
1764197812121 0.6942825615406036 1344
1764197822871 0.696145698428154 1345
1764197833619 0.6964908242225647 1346
1764197844374 0.696289449930191 1347
1764197855125 0.6956606209278107 1348
1764197865878 0.6954595148563385 1349
1764197876640 0.6952638477087021 1350
1764197887350 0.6929987818002701 1351
1764197898041 0.6915775686502457 1352
1764197908749 0.6966396123170853 1353
1764197919478 0.6950445622205734 1354
1764197930333 0.6944877058267593 1355
1764197941049 0.6952989995479584 1356
1764197951797 0.6971264183521271 1357
1764197962507 0.6959293484687805 1358
1764197973195 0.6932195425033569 1359
1764197983897 0.6962725520133972 1360
1764197994612 0.6954469233751297 1361
1764198005328 0.6956488192081451 1362
1764198016087 0.6956399381160736 1363
1764198026830 0.6931886225938797 1364
1764198037526 0.6949038207530975 1365
1764198048257 0.6950216442346573 1366
1764198072328 0.6963877975940704 1367
1764198083035 0.6950976997613907 1368
1764198093831 0.6960698068141937 1369
1764198104562 0.6957620233297348 1370
1764198115282 0.6957310885190964 1371
1764198125995 0.6969950497150421 1372
1764198136772 0.6947135180234909 1373
1764198147487 0.697434201836586 1374
1764198158219 0.6940973699092865 1375
1764198168922 0.6931470632553101 1376
1764198179692 0.693840742111206 1377
1764198190421 0.6963271349668503 1378
1764198201169 0.6965313851833344 1379
1764198211906 0.6963380128145218 1380
1764198222626 0.6933597177267075 1381
1764198233339 0.6960993707180023 1382
1764198244030 0.6936298459768295 1383
1764198254819 0.6981702744960785 1384
1764198265575 0.6970646679401398 1385
1764198276307 0.6974674016237259 1386
1764198287036 0.6938718855381012 1387
1764198297759 0.697026789188385 1388
1764198308449 0.6952469348907471 1389
1764198319175 0.6983374208211899 1390
1764198329951 0.6974348723888397 1391
1764198340719 0.6971360594034195 1392
1764198351392 0.6957374215126038 1393
1764198362196 0.6971244961023331 1394
1764198372884 0.6929799020290375 1395
1764198383612 0.6961726695299149 1396
1764198394432 0.6946494579315186 1397
1764198405184 0.6958543509244919 1398
1764198415925 0.6997508257627487 1399
1764198426657 0.6965942531824112 1400
1764198437470 0.6951409429311752 1401
1764198448180 0.6926978677511215 1402
1764198458924 0.6983866542577744 1403
1764198469674 0.6959880441427231 1404
1764198480416 0.6963269263505936 1405
1764198491123 0.6947449743747711 1406
1764198501876 0.6954879611730576 1407
1764198512612 0.695062592625618 1408
1764198523355 0.6970461308956146 1409
1764198534112 0.6941524147987366 1410
1764198544839 0.6933197528123856 1411
1764198555533 0.6947443038225174 1412
1764198566269 0.696244552731514 1413
1764198577031 0.6964695751667023 1414
1764198587757 0.6956953704357147 1415
1764198598525 0.696427583694458 1416
1764198609245 0.6974479854106903 1417
1764198619970 0.6921584606170654 1418
1764198630711 0.6960273683071136 1419
1764198641450 0.6954078525304794 1420
1764198652226 0.6954891830682755 1421
1764198662979 0.697410061955452 1422
1764198673697 0.695769801735878 1423
1764198684472 0.6928434818983078 1424
1764198695257 0.6956854164600372 1425
1764198705969 0.6965935975313187 1426
1764198716679 0.6954032629728317 1427
1764198727473 0.6955539882183075 1428
1764198738232 0.6953992396593094 1429
1764198748938 0.6927515864372253 1430
1764198759668 0.6984967738389969 1431
1764198770395 0.696805402636528 1432
1764198781093 0.6977482289075851 1433
1764198791930 0.6963382661342621 1434
1764198802636 0.6929379552602768 1435
1764198813371 0.693321168422699 1436
1764198824095 0.6958901733160019 1437
1764198834815 0.6969295740127563 1438
1764198845536 0.6956665515899658 1439
1764198856269 0.6979129463434219 1440
1764198867015 0.6940785497426987 1441
1764198877750 0.6973643004894257 1442
1764198888469 0.6953681111335754 1443
1764198899237 0.6952248066663742 1444
1764198909990 0.6962729394435883 1445
1764198920714 0.6945568770170212 1446
1764198931444 0.6967541724443436 1447
1764198942216 0.6974765658378601 1448
1764198952954 0.6931133419275284 1449
1764198963665 0.6939361095428467 1450
1764198974388 0.6962999105453491 1451
1764198985111 0.6939735412597656 1452
1764198995820 0.6952870190143585 1453
1764199006516 0.6921969056129456 1454
1764199017238 0.6942681223154068 1455
1764199027983 0.6964108794927597 1456
1764199038676 0.6956659853458405 1457
1764199049401 0.6956190764904022 1458
1764199060139 0.6987118870019913 1459
1764199070903 0.6987283229827881 1460
1764199081622 0.6938008815050125 1461
1764199092358 0.6963220834732056 1462
1764199103051 0.695851132273674 1463
1764199113770 0.6953402757644653 1464
1764199124499 0.6952026039361954 1465
1764199135238 0.6945348083972931 1466
1764199145950 0.6988434344530106 1467
1764199156738 0.6949218362569809 1468
1764199167512 0.6963078826665878 1469
1764199178300 0.6949035674333572 1470
1764199189060 0.6971416622400284 1471
1764199199835 0.6988474279642105 1472
1764199210617 0.6896787732839584 1473
1764199221429 0.6964328587055206 1474
1764199232208 0.692469909787178 1475
1764199242968 0.6950282156467438 1476
1764199253689 0.6956787109375 1477
1764199264418 0.6966051459312439 1478
1764199275163 0.6968064606189728 1479
1764199285892 0.6972509175539017 1480
1764199296686 0.6978561282157898 1481
1764199307493 0.6945391446352005 1482
1764199318249 0.6936246901750565 1483
1764199328932 0.6919301897287369 1484
1764199339640 0.6966861486434937 1485
1764199350356 0.6975540667772293 1486
1764199361056 0.6982143074274063 1487
1764199371760 0.6963343173265457 1488
1764199382443 0.6952395737171173 1489
1764199393187 0.6947696805000305 1490
1764199403887 0.6943156719207764 1491
1764199414613 0.6972484290599823 1492
1764199425369 0.6941930800676346 1493
1764199436123 0.6929036378860474 1494
1764199446866 0.6964914500713348 1495
1764199457556 0.6949268281459808 1496
1764199468312 0.6962822079658508 1497
1764199479041 0.6977127939462662 1498
1764199489791 0.6972404420375824 1499
1764199500515 0.695554718375206 1500
1764199511317 0.6953347325325012 1501
1764199522048 0.6929761320352554 1502
1764199532770 0.6926568746566772 1503
1764199543464 0.696049302816391 1504
1764199554217 0.6975022405385971 1505
1764199564923 0.6959854513406754 1506
1764199575693 0.6954469233751297 1507
1764199586419 0.6960484534502029 1508
1764199597148 0.6987929046154022 1509
1764199607865 0.6951680928468704 1510
1764199618585 0.6947894841432571 1511
1764199629320 0.695403665304184 1512
1764199640042 0.6916127055883408 1513
1764199650871 0.6960636973381042 1514
1764199661620 0.6954986155033112 1515
1764199672361 0.6953677386045456 1516
1764199683081 0.6940960437059402 1517
1764199693834 0.6950812637805939 1518
1764199704555 0.6959062367677689 1519
1764199715292 0.6969867795705795 1520
1764199726102 0.6925693154335022 1521
1764199736805 0.6946605294942856 1522
1764199747537 0.6932397186756134 1523
1764199758271 0.6956306546926498 1524
1764199768999 0.69620381295681 1525
1764199779775 0.6966640651226044 1526
1764199790522 0.6967668980360031 1527
1764199801261 0.6969158798456192 1528
1764199812022 0.6945085972547531 1529
1764199822760 0.6965336948633194 1530
1764199833482 0.6951442658901215 1531
1764199844190 0.6952147334814072 1532
1764199854892 0.6967580765485764 1533
1764199865626 0.6976970434188843 1534
1764199876396 0.6949947327375412 1535
1764199887122 0.6931577324867249 1536
1764199897844 0.6923322677612305 1537
1764199908580 0.6970755755901337 1538
1764199919319 0.6928874254226685 1539
1764199930029 0.6957498788833618 1540
1764199940820 0.6950770169496536 1541
1764199951573 0.6969102174043655 1542
1764199962353 0.6955118924379349 1543
1764199973122 0.6935838609933853 1544
1764199983813 0.6940377503633499 1545
1764199994530 0.6929495334625244 1546
1764200005249 0.6958557814359665 1547
1764200015968 0.694282740354538 1548
1764200026721 0.6948843598365784 1549
1764200037465 0.6948425322771072 1550
1764200048283 0.6929416209459305 1551
1764200059032 0.6978367865085602 1552
1764200069804 0.6923932135105133 1553
1764200080516 0.6954783648252487 1554
1764200091236 0.6956047117710114 1555
1764200101959 0.6942726522684097 1556
1764200112667 0.694982647895813 1557
1764200123420 0.6958281844854355 1558
1764200134149 0.6974063366651535 1559
1764200144875 0.6940086930990219 1560
1764200155669 0.6972014307975769 1561
1764200166413 0.6964905858039856 1562
