1764083723216 1.0869570108695651e-06 1
1764083731424 2.17391352173913e-06 2
1764083738679 3.2608700326086954e-06 3
1764083745950 4.347826543478261e-06 4
1764083753213 5.434783054347825e-06 5
1764083760482 6.521739565217391e-06 6
1764083767771 7.608696076086956e-06 7
1764083775080 8.69565258695652e-06 8
1764083782396 9.782609097826085e-06 9
1764083789728 1.086956560869565e-05 10
1764083797073 1.1956522119565214e-05 11
1764083804374 1.3043478630434779e-05 12
1764083811706 1.4130435141304344e-05 13
1764083819039 1.5217391652173909e-05 14
1764083826391 1.6304348163043475e-05 15
1764083833723 1.739130467391304e-05 16
1764083841097 1.8478261184782608e-05 17
1764083848437 1.9565217695652175e-05 18
1764083855749 2.065217420652174e-05 19
1764083863130 2.1739130717391308e-05 20
1764083870451 2.282608722826087e-05 21
1764083877773 2.3913043739130437e-05 22
1764083885125 2.5000000250000004e-05 23
1764083892428 2.608695676086957e-05 24
1764083899759 2.7173913271739137e-05 25
1764083907077 2.8260869782608706e-05 26
1764083914390 2.9347826293478273e-05 27
1764083921696 3.043478280434784e-05 28
1764083928960 3.15217393152174e-05 29
1764083936278 3.2608695826086966e-05 30
1764083943593 3.3695652336956536e-05 31
1764083950932 3.4782608847826105e-05 32
1764083958260 3.5869565358695675e-05 33
1764083965551 3.695652186956524e-05 34
1764083972886 3.804347838043481e-05 35
1764083980190 3.913043489130438e-05 36
1764083987510 4.021739140217395e-05 37
1764083994793 4.130434791304351e-05 38
1764084002102 4.239130442391308e-05 39
1764084009391 4.3478260934782644e-05 40
1764084016647 4.4565217445652214e-05 41
1764084023906 4.565217395652178e-05 42
1764084031152 4.673913046739134e-05 43
1764084038471 4.78260869782609e-05 44
1764084045758 4.891304348913047e-05 45
1764084053075 5e-05 46
1764084060363 4.999994665895467e-05 47
1764084067638 4.9999786636047445e-05 48
1764084074922 4.9999519931964616e-05 49
1764084082174 4.999914654785001e-05 50
1764084089442 4.999866648530496e-05 51
1764084096690 4.999807974638834e-05 52
1764084104003 4.99973863336165e-05 53
1764084111250 4.9996586249963295e-05 54
1764084118516 4.9995679498860084e-05 55
1764084125821 4.999466608419566e-05 56
1764084133186 4.999354601031628e-05 57
1764084140461 4.999231928202564e-05 58
1764084147748 4.9990985904584854e-05 59
1764084154998 4.99895458837124e-05 60
1764084162265 4.998799922558414e-05 61
1764084169532 4.998634593683326e-05 62
1764084176823 4.9984586024550285e-05 63
1764084184146 4.998271949628298e-05 64
1764084191410 4.9980746360036375e-05 65
1764084198675 4.9978666624272725e-05 66
1764084205963 4.9976480297911446e-05 67
1764084213289 4.9974187390329084e-05 68
1764084220581 4.997178791135931e-05 69
1764084227827 4.996928187129283e-05 70
1764084235106 4.9966669280877364e-05 71
1764084242361 4.99639501513176e-05 72
1764084249619 4.9961124494275144e-05 73
1764084256881 4.9958192321868465e-05 74
1764084264170 4.995515364667286e-05 75
1764084271478 4.995200848172038e-05 76
1764084278737 4.994875684049975e-05 77
1764084286129 4.9945398736956414e-05 78
1764084293413 4.994193418549234e-05 79
1764084300660 4.993836320096604e-05 80
1764084307904 4.9934685798692506e-05 81
1764084315166 4.993090199444311e-05 82
1764084322440 4.992701180444554e-05 83
1764084329707 4.992301524538379e-05 84
1764084336975 4.991891233439798e-05 85
1764084344254 4.9914703089084407e-05 86
1764084351580 4.9910387527495345e-05 87
1764084358824 4.9905965668139084e-05 88
1764084366088 4.9901437529979764e-05 89
1764084373369 4.9896803132437336e-05 90
1764084380643 4.989206249538747e-05 91
1764084387903 4.988721563916145e-05 92
1764084395160 4.988226258454615e-05 93
1764084402449 4.9877203352783834e-05 94
1764084409708 4.98720379655722e-05 95
1764084416979 4.986676644506417e-05 96
1764084424260 4.986138881386785e-05 97
1764084431541 4.985590509504645e-05 98
1764084438795 4.9850315312118136e-05 99
1764084446072 4.984461948905596e-05 100
1764084453333 4.9838817650287754e-05 101
1764084460591 4.983290982069603e-05 102
1764084467860 4.982689602561785e-05 103
1764084475154 4.9820776290844744e-05 104
1764084482426 4.9814550642622585e-05 105
1764084489713 4.980821910765148e-05 106
1764084496967 4.9801781713085654e-05 107
1764084504230 4.979523848653334e-05 108
1764084511500 4.978858945605665e-05 109
1764084518779 4.978183465017146e-05 110
1764084526019 4.97749740978473e-05 111
1764084533269 4.97680078285072e-05 112
1764084540558 4.976093587202759e-05 113
1764084547802 4.975375825873816e-05 114
1764084555087 4.974647501942174e-05 115
1764084562344 4.9739086185314154e-05 116
1764084569617 4.973159178810409e-05 117
1764084576910 4.972399185993299e-05 118
1764084584159 4.971628643339486e-05 119
1764084591439 4.970847554153618e-05 120
1764084598678 4.970055921785573e-05 121
1764084605976 4.969253749630447e-05 122
1764084613240 4.968441041128536e-05 123
1764084620512 4.967617799765327e-05 124
1764084627783 4.966784029071477e-05 125
1764084635023 4.965939732622801e-05 126
1764084642270 4.9650849140402565e-05 127
1764084649539 4.9642195769899264e-05 128
1764084656803 4.963343725183006e-05 129
1764084664091 4.962457362375784e-05 130
1764084671380 4.9615604923696304e-05 131
1764084678633 4.960653119010975e-05 132
1764084685941 4.959735246191294e-05 133
1764084693233 4.958806877847094e-05 134
1764084700499 4.9578680179598956e-05 135
1764084707756 4.9569186705562095e-05 136
1764084715013 4.95595883970753e-05 137
1764084722270 4.9549885295303106e-05 138
1764084729512 4.954007744185945e-05 139
1764084736751 4.953016487880754e-05 140
1764084744047 4.952014764865967e-05 141
1764084751291 4.9510025794376995e-05 142
1764084758534 4.949979935936939e-05 143
1764084765788 4.948946838749525e-05 144
1764084773140 4.94790329230613e-05 145
1764084780392 4.9468493010822394e-05 146
1764084787655 4.9457848695981335e-05 147
1764084794916 4.9447100024188696e-05 148
1764084802190 4.94362470415426e-05 149
1764084809471 4.9425289794588515e-05 150
1764084816757 4.94142283303191e-05 151
1764084824027 4.940306269617395e-05 152
1764084831259 4.939179294003944e-05 153
1764084838534 4.938041911024846e-05 154
1764084845810 4.936894125558028e-05 155
1764084853088 4.935735942526028e-05 156
1764084860403 4.934567366895977e-05 157
1764084867651 4.933388403679577e-05 158
1764084874926 4.932199057933081e-05 159
1764084882205 4.930999334757267e-05 160
1764084889471 4.929789239297421e-05 161
1764084896738 4.9285687767433134e-05 162
1764084903988 4.927337952329173e-05 163
1764084911270 4.926096771333672e-05 164
1764084918516 4.924845239079897e-05 165
1764084925785 4.923583360935327e-05 166
1764084933032 4.922311142311815e-05 167
1764084940304 4.921028588665558e-05 168
1764084947583 4.9197357054970805e-05 169
1764084954850 4.918432498351204e-05 170
1764084962137 4.91711897281703e-05 171
1764084969402 4.915795134527911e-05 172
1764084976648 4.9144609891614285e-05 173
1764084983958 4.9131165424393674e-05 174
1764084991236 4.911761800127693e-05 175
1764084998539 4.9103967680365255e-05 176
1764085005802 4.909021452020117e-05 177
1764085013055 4.90763585797682e-05 178
1764085020304 4.906239991849072e-05 179
1764085027585 4.9048338596233607e-05 180
1764085034863 4.903417467330205e-05 181
1764085042106 4.9019908210441226e-05 182
1764085049369 4.900553926883613e-05 183
1764085056629 4.899106791011122e-05 184
1764085063904 4.8976494196330214e-05 185
1764085071192 4.8961818189995784e-05 186
1764085078473 4.8947039954049323e-05 187
1764085085762 4.893215955187066e-05 188
1764085093028 4.8917177047277785e-05 189
1764085100301 4.890209250452656e-05 190
1764085107574 4.888690598831048e-05 191
1764085114822 4.887161756376038e-05 192
1764085122055 4.885622729644413e-05 193
1764085129321 4.8840735252366396e-05 194
1764085136599 4.882514149796833e-05 195
1764085143846 4.88094461001273e-05 196
1764085151140 4.8793649126156566e-05 197
1764085158410 4.877775064380505e-05 198
1764085165676 4.876175072125702e-05 199
1764085172932 4.874564942713176e-05 200
1764085180205 4.872944683048335e-05 201
1764085187477 4.871314300080029e-05 202
1764085194732 4.8696738008005256e-05 203
1764085202005 4.868023192245481e-05 204
1764085209291 4.866362481493903e-05 205
1764085216553 4.864691675668128e-05 206
1764085223870 4.863010781933787e-05 207
1764085231114 4.861319807499773e-05 208
1764085238389 4.859618759618216e-05 209
1764085245657 4.857907645584446e-05 210
1764085252880 4.856186472736964e-05 211
1764085260165 4.85445524845741e-05 212
1764085267446 4.852713980170535e-05 213
1764085274706 4.8509626753441626e-05 214
1764085281986 4.8492013414891616e-05 215
1764085289250 4.847429986159412e-05 216
1764085296522 4.845648616951774e-05 217
1764085303810 4.843857241506055e-05 218
1764085311074 4.8420558675049745e-05 219
1764085318385 4.840244502674135e-05 220
1764085325652 4.838423154781987e-05 221
1764085332899 4.8365918316397936e-05 222
1764085340156 4.8347505411016e-05 223
1764085347429 4.832899291064201e-05 224
1764085354699 4.831038089467102e-05 225
1764085361989 4.829166944292488e-05 226
1764085369230 4.827285863565192e-05 227
1764085376493 4.825394855352656e-05 228
1764085383763 4.823493927764898e-05 229
1764085391015 4.8215830889544774e-05 230
1764085398260 4.819662347116461e-05 231
1764085405513 4.817731710488387e-05 232
1764085412802 4.815791187350229e-05 233
1764085420054 4.8138407860243624e-05 234
1764085427303 4.811880514875526e-05 235
1764085434598 4.809910382310788e-05 236
1764085441851 4.80793039677951e-05 237
1764085449126 4.8059405667733084e-05 238
1764085456383 4.8039409008260236e-05 239
1764085463626 4.801931407513676e-05 240
1764085470892 4.7999120954544346e-05 241
1764085478187 4.797882973308579e-05 242
1764085485449 4.7958440497784594e-05 243
1764085492713 4.7937953336084634e-05 244
1764085499991 4.791736833584975e-05 245
1764085507225 4.7896685585363406e-05 246
1764085514460 4.7875905173328285e-05 247
1764085521778 4.785502718886588e-05 248
1764085529034 4.783405172151619e-05 249
1764085536300 4.7812978861237274e-05 250
1764085543550 4.779180869840488e-05 251
1764085550812 4.777054132381206e-05 252
1764085558079 4.7749176828668786e-05 253
1764085565362 4.772771530460155e-05 254
1764085572632 4.7706156843652974e-05 255
1764085579913 4.768450153828142e-05 256
1764085587173 4.7662749481360585e-05 257
1764085594434 4.764090076617911e-05 258
1764085601673 4.761895548644017e-05 259
1764085608906 4.7596913736261096e-05 260
1764085616129 4.757477561017293e-05 261
1764085623427 4.755254120312006e-05 262
1764085630731 4.75302106104598e-05 263
1764085637983 4.750778392796196e-05 264
1764085645241 4.748526125180848e-05 265
1764085652488 4.746264267859296e-05 266
1764085659752 4.743992830532031e-05 267
1764085667016 4.741711822940626e-05 268
1764085674278 4.7394212548677024e-05 269
1764085681584 4.73712113613688e-05 270
1764085688863 4.734811476612743e-05 271
1764085696124 4.73249228620079e-05 272
1764085703342 4.730163574847395e-05 273
1764085710596 4.727825352539768e-05 274
1764085717849 4.725477629305905e-05 275
1764085725104 4.7231204152145515e-05 276
1764085732336 4.720753720375155e-05 277
1764085739621 4.7183775549378263e-05 278
1764085746886 4.715991929093289e-05 279
1764085754123 4.713596853072842e-05 280
1764085761372 4.7111923371483126e-05 281
1764085768690 4.7087783916320154e-05 282
1764085775930 4.706355026876703e-05 283
1764085783223 4.7039222532755266e-05 284
1764085790468 4.7014800812619885e-05 285
1764085797713 4.699028521309898e-05 286
1764085805001 4.696567583933327e-05 287
1764085812261 4.694097279686566e-05 288
1764085819543 4.6916176191640755e-05 289
1764085826797 4.689128613000442e-05 290
1764085834064 4.686630271870335e-05 291
1764085841326 4.684122606488458e-05 292
1764085848636 4.6816056276095045e-05 293
1764085855885 4.6790793460281105e-05 294
1764085863154 4.676543772578808e-05 295
1764085870429 4.673998918135981e-05 296
1764085877728 4.671444793613814e-05 297
1764085884979 4.6688814099662524e-05 298
1764085892272 4.66630877818695e-05 299
1764085899540 4.6637269093092204e-05 300
1764085906772 4.661135814405997e-05 301
1764085914059 4.658535504589779e-05 302
1764085921334 4.655925991012586e-05 303
1764085928644 4.653307284865909e-05 304
1764085935903 4.6506793973806655e-05 305
1764085943168 4.6480423398271476e-05 306
1764085950409 4.645396123514976e-05 307
1764085957701 4.642740759793051e-05 308
1764085964954 4.640076260049504e-05 309
1764085972225 4.637402635711646e-05 310
1764085979464 4.634719898245924e-05 311
1764085986800 4.632028059157867e-05 312
1764086039736 4.629327129992039e-05 313
1764086047067 4.6266171223319866e-05 314
1764086054336 4.6238980478001964e-05 315
1764086061615 4.621169918058035e-05 316
1764086068911 4.618432744805708e-05 317
1764086076215 4.615686539782205e-05 318
1764086083470 4.61293131476525e-05 319
1764086090736 4.610167081571252e-05 320
1764086098015 4.607393852055253e-05 321
1764086105295 4.604611638110879e-05 322
1764086112613 4.601820451670285e-05 323
1764086119890 4.599020304704109e-05 324
1764086127204 4.5962112092214184e-05 325
1764086134489 4.593393177269658e-05 326
1764086141791 4.590566220934597e-05 327
1764086149083 4.5877303523402804e-05 328
1764086156368 4.584885583648975e-05 329
1764086163659 4.582031927061118e-05 330
1764086170937 4.579169394815265e-05 331
1764086178249 4.576297999188034e-05 332
1764086185684 4.57341775249406e-05 333
1764086192959 4.570528667085935e-05 334
1764086200265 4.5676307553541575e-05 335
1764086207565 4.564724029727081e-05 336
1764086214844 4.5618085026708584e-05 337
1764086222117 4.558884186689392e-05 338
1764086229421 4.555951094324273e-05 339
1764086236688 4.553009238154736e-05 340
1764086243977 4.5500586307975993e-05 341
1764086251248 4.547099284907214e-05 342
1764086258532 4.544131213175406e-05 343
1764086265816 4.541154428331427e-05 344
1764086273078 4.5381689431418935e-05 345
1764086280359 4.535174770410739e-05 346
1764086287671 4.532171922979152e-05 347
1764086294913 4.529160413725528e-05 348
1764086302171 4.526140255565408e-05 349
1764086309429 4.523111461451426e-05 350
1764086316717 4.5200740443732546e-05 351
1764086323978 4.517028017357548e-05 352
1764086331267 4.5139733934678836e-05 353
1764086338538 4.510910185804711e-05 354
1764086345807 4.507838407505292e-05 355
1764086353079 4.504758071743647e-05 356
1764086360350 4.501669191730495e-05 357
1764086367621 4.4985717807132e-05 358
1764086374889 4.495465851975714e-05 359
1764086382120 4.492351418838517e-05 360
1764086389393 4.489228494658563e-05 361
1764086396667 4.486097092829225e-05 362
1764086403952 4.482957226780228e-05 363
1764086411212 4.4798089099776026e-05 364
1764086418471 4.4766521559236214e-05 365
1764086425728 4.47348697815674e-05 366
1764086433002 4.470313390251544e-05 367
1764086440275 4.4671314058186866e-05 368
1764086447531 4.4639410385048295e-05 369
1764086454800 4.4607423019925886e-05 370
1764086462093 4.457535210000473e-05 371
1764086469362 4.454319776282826e-05 372
1764086476650 4.451096014629764e-05 373
1764086483949 4.447863938867123e-05 374
1764086491236 4.444623562856394e-05 375
1764086498530 4.4413749004946664e-05 376
1764086505808 4.438117965714566e-05 377
1764086513074 4.4348527724841985e-05 378
1764086520360 4.431579334807088e-05 379
1764086527649 4.428297666722114e-05 380
1764086534991 4.425007782303457e-05 381
1764086542234 4.4217096956605336e-05 382
1764086549517 4.4184034209379384e-05 383
1764086556821 4.415088972315382e-05 384
1764086564107 4.41176636400763e-05 385
1764086571380 4.4084356102644436e-05 386
1764086578620 4.405096725370517e-05 387
1764086585909 4.401749723645416e-05 388
1764086593196 4.3983946194435203e-05 389
1764086600461 4.395031427153955e-05 390
1764086607727 4.391660161200535e-05 391
1764086615017 4.3882808360417006e-05 392
1764086622261 4.384893466170456e-05 393
1764086629522 4.381498066114306e-05 394
1764086636799 4.378094650435197e-05 395
1764086644067 4.374683233729448e-05 396
1764086651388 4.371263830627697e-05 397
1764086658665 4.367836455794831e-05 398
1764086665949 4.364401123929924e-05 399
1764086673328 4.36095784976618e-05 400
1764086680559 4.3575066480708615e-05 401
1764086687816 4.3540475336452314e-05 402
1764086695073 4.350580521324488e-05 403
1764086702432 4.347105625977703e-05 404
1764086709709 4.343622862507752e-05 405
1764086716991 4.340132245851259e-05 406
1764086724257 4.336633790978528e-05 407
1764086731538 4.333127512893477e-05 408
1764086738824 4.329613426633575e-05 409
1764086746111 4.326091547269781e-05 410
1764086753380 4.322561889906475e-05 411
1764086760658 4.319024469681394e-05 412
1764086767942 4.3154793017655693e-05 413
1764086775210 4.311926401363259e-05 414
1764086782505 4.308365783711884e-05 415
1764086789769 4.304797464081962e-05 416
1764086797029 4.301221457777043e-05 417
1764086804296 4.2976377801336436e-05 418
1764086811545 4.2940464465211774e-05 419
1764086818848 4.290447472341896e-05 420
1764086826107 4.2868408730308195e-05 421
1764086833397 4.2832266640556666e-05 422
1764086840655 4.279604860916795e-05 423
1764086847933 4.27597547914713e-05 424
1764086855221 4.2723385343120996e-05 425
1764086862531 4.2686940420095696e-05 426
1764086869774 4.265042017869774e-05 427
1764086877079 4.2613824775552454e-05 428
1764086884347 4.257715436760757e-05 429
1764086891624 4.254040911213246e-05 430
1764086898903 4.250358916671749e-05 431
1764086906164 4.246669468927338e-05 432
1764086913414 4.242972583803047e-05 433
1764086920664 4.239268277153808e-05 434
1764086927927 4.235556564866383e-05 435
1764086935172 4.231837462859293e-05 436
1764086942429 4.228110987082752e-05 437
1764086949707 4.224377153518599e-05 438
1764086956984 4.220635978180226e-05 439
1764086964235 4.216887477112516e-05 440
1764086971524 4.213131666391767e-05 441
1764086978792 4.209368562125625e-05 442
1764086986043 4.205598180453021e-05 443
1764086993347 4.201820537544091e-05 444
1764087000580 4.198035649600116e-05 445
1764087007844 4.1942435328534484e-05 446
1764087015137 4.190444203567442e-05 447
1764087022392 4.186637678036385e-05 448
1764087029647 4.1828239725854266e-05 449
1764087036919 4.179003103570509e-05 450
1764087044218 4.1751750873782985e-05 451
1764087051491 4.171339940426111e-05 452
1764087058745 4.1674976791618464e-05 453
1764087066040 4.163648320063916e-05 454
1764087073326 4.1597918796411696e-05 455
1764087080592 4.15592837443283e-05 456
1764087087857 4.1520578210084164e-05 457
1764087095104 4.1481802359676765e-05 458
1764087102377 4.144295635940516e-05 459
1764087109660 4.1404040375869245e-05 460
1764087116960 4.136505457596906e-05 461
1764087124205 4.132599912690406e-05 462
1764087131488 4.1286874196172426e-05 463
1764087138779 4.124767995157031e-05 464
1764087146078 4.1208416561191136e-05 465
1764087153354 4.116908419342488e-05 466
1764087160628 4.1129683016957336e-05 467
1764087167892 4.1090213200769405e-05 468
1764087175133 4.1050674914136366e-05 469
1764087182437 4.101106832662714e-05 470
1764087189694 4.0971393608103594e-05 471
1764087196946 4.093165092871976e-05 472
1764087204227 4.0891840458921146e-05 473
1764087211485 4.0851962369444015e-05 474
1764087218724 4.0812016831314616e-05 475
1764087225989 4.0772004015848454e-05 476
1764087233253 4.07319240946496e-05 477
1764087240506 4.0691777239609886e-05 478
1764087247766 4.065156362290823e-05 479
1764087255082 4.0611283417009874e-05 480
1764087262355 4.057093679466562e-05 481
1764087269616 4.053052392891114e-05 482
1764087276880 4.049004499306619e-05 483
1764087284146 4.0449500160733886e-05 484
1764087291508 4.040888960579996e-05 485
1764087298796 4.036821350243199e-05 486
1764087306067 4.032747202507871e-05 487
1764087313332 4.0286665348469184e-05 488
1764087320645 4.024579364761214e-05 489
1764087327954 4.020485709779513e-05 490
1764087335273 4.016385587458389e-05 491
1764087342548 4.012279015382144e-05 492
1764087349833 4.008166011162749e-05 493
1764087357088 4.004046592439755e-05 494
1764087364350 3.9999207768802266e-05 495
1764087371587 3.995788582178661e-05 496
1764087378898 3.991650026056915e-05 497
1764087386182 3.987505126264126e-05 498
1764087393419 3.98335390057664e-05 499
1764087400698 3.979196366797931e-05 500
1764087407937 3.9750325427585274e-05 501
1764087415238 3.970862446315935e-05 502
1764087422494 3.96668609535456e-05 503
1764087429826 3.962503507785633e-05 504
1764087437085 3.9583147015471307e-05 505
1764087444361 3.9541196946037014e-05 506
1764087451636 3.949918504946585e-05 507
1764087458901 3.9457111505935384e-05 508
1764087466198 3.941497649588757e-05 509
1764087473445 3.937278020002797e-05 510
1764087480710 3.9330522799325e-05 511
1764087488001 3.928820447500911e-05 512
1764087495264 3.924582540857207e-05 513
1764087502498 3.920338578176612e-05 514
1764087509836 3.916088577660326e-05 515
1764087517123 3.91183255753544e-05 516
1764087524362 3.907570536054866e-05 517
1764087531635 3.9033025314972514e-05 518
1764087538909 3.8990285621669014e-05 519
1764087546200 3.894748646393706e-05 520
1764087553478 3.8904628025330585e-05 521
1764087560744 3.886171048965772e-05 522
1764087568032 3.881873404098008e-05 523
1764087575311 3.8775698863611926e-05 524
1764087582580 3.87326051421194e-05 525
1764087589840 3.868945306131972e-05 526
1764087597138 3.8646242806280394e-05 527
1764087604430 3.860297456231841e-05 528
1764087611701 3.855964851499949e-05 529
1764087618966 3.8516264850137205e-05 530
1764087626280 3.847282375379227e-05 531
1764087633546 3.8429325412271715e-05 532
1764087640805 3.8385770012128054e-05 533
1764087648090 3.8342157740158514e-05 534
1764087655349 3.829848878340424e-05 535
1764087662681 3.8254763329149465e-05 536
1764087669928 3.8210981564920756e-05 537
1764087677208 3.816714367848615e-05 538
1764087684481 3.8123249857854385e-05 539
1764087691728 3.8079300291274085e-05 540
1764087699010 3.803529516723295e-05 541
1764087706269 3.799123467445697e-05 542
1764087713526 3.794711900190958e-05 543
1764087720782 3.790294833879085e-05 544
1764087728050 3.785872287453671e-05 545
1764087735325 3.7814442798818134e-05 546
1764087742585 3.7770108301540275e-05 547
1764087749847 3.772571957284169e-05 548
1764087757148 3.768127680309356e-05 549
1764087764407 3.763678018289877e-05 550
1764087771673 3.759222990309122e-05 551
1764087778946 3.7547626154734885e-05 552
1764087786197 3.750296912912309e-05 553
1764087793430 3.745825901777763e-05 554
1764087800758 3.741349601244799e-05 555
1764087808000 3.7368680305110475e-05 556
1764087815294 3.732381208796744e-05 557
1764087822599 3.727889155344643e-05 558
1764087829854 3.723391889419937e-05 559
1764087837124 3.7188894303101724e-05 560
1764087844395 3.7143817973251686e-05 561
1764087851655 3.709869009796934e-05 562
1764087858965 3.705351087079584e-05 563
1764087866242 3.7008280485492554e-05 564
1764087873487 3.696299913604029e-05 565
1764087880741 3.6917667016638394e-05 566
1764087887994 3.687228432170395e-05 567
1764087895305 3.682685124587098e-05 568
1764087902566 3.6781367983989545e-05 569
1764087909820 3.673583473112496e-05 570
1764087917071 3.669025168255691e-05 571
1764087924318 3.6644619033778675e-05 572
1764087931610 3.659893698049623e-05 573
1764087938893 3.655320571862744e-05 574
1764087946148 3.6507425444301236e-05 575
1764087953402 3.64615963538567e-05 576
1764087960692 3.641571864384232e-05 577
1764087967947 3.6369792511015075e-05 578
1764087975214 3.632381815233963e-05 579
1764087982476 3.627779576498746e-05 580
1764087989770 3.623172554633603e-05 581
1764087997042 3.618560769396796e-05 582
1764088004343 3.613944240567013e-05 583
1764088011663 3.609322987943287e-05 584
1764088018951 3.6046970313449096e-05 585
1764088026251 3.600066390611348e-05 586
1764088033564 3.595431085602157e-05 587
1764088040809 3.590791136196896e-05 588
1764088048104 3.586146562295041e-05 589
1764088055363 3.581497383815904e-05 590
1764088062648 3.576843620698544e-05 591
1764088069897 3.57218529290168e-05 592
1764088077232 3.5675224204036114e-05 593
1764088084516 3.5628550232021247e-05 594
1764088091784 3.558183121314415e-05 595
1764088099040 3.553506734776994e-05 596
1764088106285 3.548825883645609e-05 597
1764088113535 3.5441405879951544e-05 598
1764088120814 3.539450867919584e-05 599
1764088128080 3.534756743531829e-05 600
1764088135312 3.530058234963708e-05 601
1764088142586 3.525355362365844e-05 602
1764088149855 3.5206481459075734e-05 603
1764088157103 3.515936605776866e-05 604
1764088164363 3.51122076218023e-05 605
1764088171626 3.506500635342634e-05 606
1764088178902 3.5017762455074134e-05 607
1764088186174 3.497047612936189e-05 608
1764088193449 3.492314757908775e-05 609
1764088200724 3.4875777007230964e-05 610
1764088207973 3.4828364616951e-05 611
1764088215237 3.478091061158665e-05 612
1764088222509 3.473341519465523e-05 613
1764088229755 3.4685878569851606e-05 614
1764088237015 3.4638300941047394e-05 615
1764088244280 3.4590682512290085e-05 616
1764088251526 3.454302348780213e-05 617
1764088258796 3.4495324071980074e-05 618
1764088266045 3.444758446939371e-05 619
1764088273295 3.439980488478518e-05 620
1764088280542 3.435198552306808e-05 621
1764088287803 3.430412658932661e-05 622
1764088295046 3.425622828881469e-05 623
1764088302300 3.420829082695507e-05 624
1764088309655 3.416031440933844e-05 625
1764088362636 3.4112299241722575e-05 626
1764088369877 3.406424553003144e-05 627
1764088377100 3.401615348035428e-05 628
1764088384368 3.39680232989448e-05 629
1764088391614 3.391985519222021e-05 630
1764088398865 3.3871649366760384e-05 631
1764088406118 3.382340602930697e-05 632
1764088413349 3.377512538676247e-05 633
1764088420601 3.37268076461894e-05 634
1764088427867 3.3678453014809366e-05 635
1764088435158 3.36300617000022e-05 636
1764088442444 3.3581633909305055e-05 637
1764088449740 3.35331698504115e-05 638
1764088457003 3.348466973117069e-05 639
1764088464272 3.3436133759586384e-05 640
1764088471521 3.338756214381615e-05 641
1764088478835 3.333895509217038e-05 642
1764088486153 3.3290312813111475e-05 643
1764088493518 3.32416355152529e-05 644
1764088500778 3.3192923407358305e-05 645
1764088508048 3.3144176698340645e-05 646
1764088515296 3.309539559726125e-05 647
1764088522568 3.304658031332897e-05 648
1764088529821 3.299773105589923e-05 649
1764088537110 3.2948848034473174e-05 650
1764088544391 3.289993145869676e-05 651
1764088551684 3.285098153835983e-05 652
1764088558927 3.280199848339524e-05 653
1764088566231 3.2752982503877966e-05 654
1764088573531 3.270393381002417e-05 655
1764088580819 3.265485261219031e-05 656
1764088588049 3.260573912087228e-05 657
1764088595280 3.2556593546704426e-05 658
1764088602549 3.250741610045873e-05 659
1764088609819 3.245820699304383e-05 660
1764088617109 3.2408966435504187e-05 661
1764088624392 3.235969463901911e-05 662
1764088631660 3.2310391814901894e-05 663
1764088638949 3.22610581745989e-05 664
1764088646222 3.221169392968867e-05 665
1764088653529 3.216229929188098e-05 666
1764088660831 3.2112874473015965e-05 667
1764088668107 3.206341968506319e-05 668
1764088675360 3.201393514012075e-05 669
1764088682650 3.1964421050414363e-05 670
1764088689933 3.191487762829645e-05 671
1764088697221 3.186530508624525e-05 672
1764088704480 3.181570363686386e-05 673
1764088711749 3.1766073492879385e-05 674
1764088719045 3.1716414867141955e-05 675
1764088726327 3.166672797262389e-05 676
1764088733585 3.161701302241873e-05 677
1764088740850 3.156727022974032e-05 678
1764088748079 3.1517499807921955e-05 679
1764088755393 3.146770197041538e-05 680
1764088762658 3.141787693078995e-05 681
1764088769919 3.136802490273165e-05 682
1764088777193 3.131814610004226e-05 683
1764088784486 3.1268240736638346e-05 684
1764088791747 3.121830902655041e-05 685
1764088799042 3.116835118392192e-05 686
1764088806314 3.1118367423008443e-05 687
1764088813589 3.1068357958176726e-05 688
1764088820840 3.101832300390369e-05 689
1764088828100 3.096826277477562e-05 690
1764088835503 3.0918177485487175e-05 691
1764088842751 3.0868067350840525e-05 692
1764088850006 3.0817932585744346e-05 693
1764088857277 3.0767773405212986e-05 694
1764088864540 3.071759002436548e-05 695
1764088871833 3.066738265842467e-05 696
1764088879083 3.061715152271626e-05 697
1764088886327 3.0566896832667874e-05 698
1764088893590 3.0516618803808176e-05 699
1764088900848 3.0466317651765937e-05 700
1764088908162 3.041599359226906e-05 701
1764088915407 3.0365646841143722e-05 702
1764088922662 3.0315277614313387e-05 703
1764088929952 3.026488612779796e-05 704
1764088937241 3.021447259771277e-05 705
1764088944501 3.0164037240267695e-05 706
1764088951781 3.0113580271766223e-05 707
1764088959057 3.0063101908604534e-05 708
1764088966338 3.0012602367270572e-05 709
1764088973582 2.9962081864343082e-05 710
1764088980831 2.9911540616490738e-05 711
1764088988114 2.9860978840471153e-05 712
1764088995407 2.981039675313e-05 713
1764089002683 2.975979457140005e-05 714
1764089009958 2.970917251230027e-05 715
1764089017231 2.9658530792934853e-05 716
1764089024500 2.960786963049234e-05 717
1764089031764 2.955718924224461e-05 718
1764089039015 2.9506489845546055e-05 719
1764089046305 2.9455771657832557e-05 720
1764089053580 2.940503489662056e-05 721
1764089060819 2.935427977950622e-05 722
1764089068094 2.9303506524164396e-05 723
1764089075360 2.9252715348347727e-05 724
1764089082656 2.9201906469885702e-05 725
1764089089931 2.9151080106683757e-05 726
1764089097202 2.9100236476722297e-05 727
1764089104513 2.904937579805578e-05 728
1764089111785 2.899849828881179e-05 729
1764089119029 2.8947604167190085e-05 730
1764089126344 2.8896693651461678e-05 731
1764089133594 2.884576695996787e-05 732
1764089140888 2.8794824311119372e-05 733
1764089148152 2.8743865923395307e-05 734
1764089155465 2.869289201534229e-05 735
1764089162755 2.8641902805573513e-05 736
1764089170015 2.8590898512767802e-05 737
1764089177280 2.8539879355668647e-05 738
1764089184569 2.8488845553083296e-05 739
1764089191823 2.843779732388181e-05 740
1764089199094 2.8386734886996138e-05 741
1764089206378 2.8335658461419127e-05 742
1764089213645 2.8284568266203637e-05 743
1764089220941 2.8233464520461588e-05 744
1764089228203 2.8182347443363003e-05 745
1764089235447 2.8131217254135088e-05 746
1764089242716 2.808007417206127e-05 747
1764089249994 2.8028918416480297e-05 748
1764089257262 2.797775020678524e-05 749
1764089264499 2.7926569762422596e-05 750
1764089271749 2.7875377302891333e-05 751
1764089278998 2.7824173047741948e-05 752
1764089286250 2.7772957216575526e-05 753
1764089293529 2.7721730029042793e-05 754
1764089300795 2.76704917048432e-05 755
1764089308058 2.7619242463723935e-05 756
1764089315323 2.7567982525479015e-05 757
1764089322595 2.751671210994833e-05 758
1764089329860 2.746543143701672e-05 759
1764089337125 2.7414140726612996e-05 760
1764089344441 2.7362840198709025e-05 761
1764089351698 2.7311530073318796e-05 762
1764089358962 2.7260210570497423e-05 763
1764089366206 2.7208881910340272e-05 764
1764089373490 2.7157544312981953e-05 765
1764089380753 2.7106197998595426e-05 766
1764089388001 2.7054843187391035e-05 767
1764089395278 2.7003480099615552e-05 768
1764089402615 2.6952108955551245e-05 769
1764089409864 2.6900729975514958e-05 770
1764089417162 2.684934337985711e-05 771
1764089424406 2.6797949388960793e-05 772
1764089431683 2.6746548223240832e-05 773
1764089438966 2.6695140103142793e-05 774
1764089446203 2.6643725249142092e-05 775
1764089453474 2.6592303881743e-05 776
1764089460770 2.6540876221477753e-05 777
1764089468026 2.648944248890556e-05 778
1764089475304 2.643800290461166e-05 779
1764089482575 2.6386557689206408e-05 780
1764089489828 2.6335107063324302e-05 781
1764089497182 2.628365124762304e-05 782
1764089504462 2.6232190462782582e-05 783
1764089511788 2.618072492950421e-05 784
1764089519051 2.612925486850955e-05 785
1764089526328 2.607778050053965e-05 786
1764089533591 2.6026302046354045e-05 787
1764089540823 2.5974819726729785e-05 788
1764089548103 2.5923333762460492e-05 789
1764089555358 2.587184437435543e-05 790
1764089562623 2.5820351783238526e-05 791
1764089569965 2.5768856209947487e-05 792
1764089577217 2.571735787533276e-05 793
1764089584468 2.566585700025666e-05 794
1764089591731 2.5614353805592407e-05 795
1764089599028 2.5562848512223144e-05 796
1764089606267 2.551134134104103e-05 797
1764089613506 2.5459832512946264e-05 798
1764089620755 2.5408322248846186e-05 799
1764089628008 2.535681076965425e-05 800
1764089635299 2.5305298296289148e-05 801
1764089642562 2.525378504967382e-05 802
1764089649815 2.520227125073454e-05 803
1764089657054 2.5150757120399945e-05 804
1764089664322 2.509924287960008e-05 805
1764089671595 2.5047728749265488e-05 806
1764089678872 2.499621495032621e-05 807
1764089686178 2.494470170371089e-05 808
1764089693451 2.4893189230345783e-05 809
1764089700721 2.4841677751153846e-05 810
1764089707987 2.4790167487053762e-05 811
1764089715273 2.4738658658959008e-05 812
1764089722547 2.4687151487776885e-05 813
1764089729799 2.463564619440762e-05 814
1764089737063 2.458414299974337e-05 815
1764089744336 2.4532642124667273e-05 816
1764089751619 2.4481143790052546e-05 817
1764089758877 2.44296482167615e-05 818
1764089766116 2.437815562564461e-05 819
1764089773391 2.4326666237539537e-05 820
1764089780696 2.4275180273270243e-05 821
1764089787963 2.4223697953645987e-05 822
1764089795230 2.4172219499460385e-05 823
1764089802504 2.4120745131490478e-05 824
1764089809767 2.4069275070495816e-05 825
1764089817057 2.4017809537217444e-05 826
1764089824304 2.3966348752376984e-05 827
1764089831571 2.3914892936675723e-05 828
1764089838890 2.386344231079362e-05 829
1764089846129 2.381199709538837e-05 830
1764089853472 2.3760557511094466e-05 831
1764089860722 2.370912377852227e-05 832
1764089867987 2.365769611825703e-05 833
1764089875226 2.3606274750857943e-05 834
1764089882505 2.3554859896857233e-05 835
1764089889759 2.35034517767592e-05 836
1764089897025 2.3452050611039233e-05 837
1764089904277 2.3400656620142915e-05 838
1764089911545 2.334927002448507e-05 839
1764089918797 2.329789104444878e-05 840
1764089926081 2.324651990038448e-05 841
1764089933373 2.319515681260899e-05 842
1764089940717 2.31438020014046e-05 843
1764089947964 2.3092455687018076e-05 844
1764089955272 2.3041118089659757e-05 845
1764089962539 2.29897894295026e-05 846
1764089969810 2.293846992668123e-05 847
1764089977104 2.2887159801290998e-05 848
1764089984380 2.2835859273387026e-05 849
1764089991641 2.2784568562983313e-05 850
1764089998931 2.27332878900517e-05 851
1764090006182 2.2682017474521024e-05 852
1764090013456 2.2630757536276098e-05 853
1764090020733 2.2579508295156828e-05 854
1764090027987 2.252826997095723e-05 855
1764090035252 2.247704278342451e-05 856
1764090042526 2.2425826952258084e-05 857
1764090049776 2.23746226971087e-05 858
1764090057044 2.2323430237577443e-05 859
1764090064278 2.2272249793214795e-05 860
1764090071537 2.2221081583519735e-05 861
1764090078814 2.216992582793876e-05 862
1764090086087 2.211878274586495e-05 863
1764090093350 2.2067652556637033e-05 864
1764090100611 2.2016535479538447e-05 865
1764090107875 2.1965431733796402e-05 866
1764090115204 2.1914341538580916e-05 867
1764090122440 2.1863265113003898e-05 868
1764090129727 2.1812202676118215e-05 869
1764090136984 2.1761154446916743e-05 870
1764090144253 2.1710120644331385e-05 871
1764090151536 2.1659101487232227e-05 872
1764090158807 2.160809719442652e-05 873
1764090166092 2.1557107984657746e-05 874
1764090173368 2.1506134076604725e-05 875
1764090180619 2.1455175688880653e-05 876
1764090187865 2.1404233040032157e-05 877
1764090195148 2.1353306348538355e-05 878
1764090202411 2.1302395832809947e-05 879
1764090209698 2.125150171118825e-05 880
1764090216992 2.120062420194426e-05 881
1764090224281 2.1149763523277738e-05 882
1764090231514 2.109891989331628e-05 883
1764090238758 2.1048093530114337e-05 884
1764090246024 2.0997284651652315e-05 885
1764090253306 2.0946493475835636e-05 886
1764090260590 2.0895720220493818e-05 887
1764090267879 2.0844965103379486e-05 888
1764090275172 2.0794228342167492e-05 889
1764090282441 2.0743510154453988e-05 890
1764090289719 2.0692810757755427e-05 891
1764090297002 2.064213036950771e-05 892
1764090304268 2.0591469207065182e-05 893
1764090311551 2.0540827487699777e-05 894
1764090318834 2.0490205428599995e-05 895
1764090326098 2.0439603246870044e-05 896
1764090333360 2.0389021159528893e-05 897
1764090340675 2.0338459383509308e-05 898
1764090347969 2.028791813565696e-05 899
1764090355232 2.0237397632729467e-05 900
1764090362494 2.0186898091395505e-05 901
1764090369755 2.0136419728233823e-05 902
1764090377005 2.008596275973236e-05 903
1764090384271 2.003552740228728e-05 904
1764090391576 1.9985113872202082e-05 905
1764090398824 1.993472238568665e-05 906
1764090406097 1.9884353158856334e-05 907
1764090413331 1.983400640773098e-05 908
1764090420604 1.9783682348234102e-05 909
1764090427920 1.9733381196191863e-05 910
1764090435166 1.9683103167332165e-05 911
1764090442450 1.963284847728378e-05 912
1764090449709 1.958261734157536e-05 913
1764090457031 1.953240997563456e-05 914
1764090464303 1.9482226594787053e-05 915
1764090471672 1.943206741425569e-05 916
1764090478946 1.9381932649159518e-05 917
1764090486220 1.9331822514512858e-05 918
1764090493499 1.9281737225224417e-05 919
1764090500760 1.9231676996096345e-05 920
1764090508041 1.918164204182331e-05 921
1764090515353 1.9131632576991575e-05 922
1764090522601 1.908164881607811e-05 923
1764090529888 1.903169097344963e-05 924
1764090537173 1.8981759263361682e-05 925
1764090544472 1.8931853899957764e-05 926
1764090551725 1.888197509726837e-05 927
1764090558998 1.883212306921008e-05 928
1764090566255 1.8782298029584648e-05 929
1764090573561 1.8732500192078067e-05 930
1764090580855 1.86827297702597e-05 931
1764090588137 1.863298697758129e-05 932
1764090595412 1.8583272027376124e-05 933
1764090602693 1.853358513285806e-05 934
1764090609961 1.848392650712064e-05 935
1764090617254 1.8434296363136163e-05 936
1764090624512 1.8384694913754773e-05 937
1764090677549 1.8335122371703573e-05 938
1764090684824 1.8285578949585662e-05 939
1764090692078 1.8236064859879274e-05 940
1764090699325 1.8186580314936833e-05 941
1764090706600 1.813712552698405e-05 942
1764090713861 1.8087700708119032e-05 943
1764090721148 1.803830607031134e-05 944
1764090728428 1.7988941825401117e-05 945
1764090735707 1.793960818509813e-05 946
1764090742984 1.7890305360980916e-05 947
1764090750270 1.7841033564495832e-05 948
1764090757578 1.7791793006956182e-05 949
1764090764868 1.7742583899541287e-05 950
1764090772176 1.7693406453295593e-05 951
1764090779467 1.764426087912774e-05 952
1764090786795 1.7595147387809707e-05 953
1764090794079 1.7546066189975858e-05 954
1764090801380 1.7497017496122053e-05 955
1764090808670 1.7448001516604774e-05 956
1764090815970 1.739901846164019e-05 957
1764090823290 1.7350068541303267e-05 958
1764090830592 1.730115196552684e-05 959
1764090837922 1.725226894410079e-05 960
1764090845326 1.7203419686671054e-05 961
1764090852650 1.7154604402738767e-05 962
1764090859931 1.7105823301659367e-05 963
1764090867205 1.7057076592641703e-05 964
1764090874498 1.7008364484747116e-05 965
1764090881796 1.695968718688854e-05 966
1764090889109 1.6911044907829633e-05 967
1764090896459 1.6862437856183872e-05 968
1764090903773 1.6813866240413635e-05 969
1764090911054 1.6765330268829327e-05 970
1764090918352 1.671683014958851e-05 971
1764090925655 1.6668366090694967e-05 972
1764090932935 1.6619938299997813e-05 973
1764090940249 1.657154698519064e-05 974
1764090947535 1.652319235381061e-05 975
1764090954796 1.6474874613237545e-05 976
1764090962039 1.6426593970693036e-05 977
1764090969300 1.6378350633239618e-05 978
1764090976566 1.63301448077798e-05 979
1764090983866 1.6281976701055213e-05 980
1764090991106 1.623384651964573e-05 981
1764090998371 1.618575446996858e-05 982
1764091005622 1.613770075827744e-05 983
1764091012930 1.608968559066158e-05 984
1764091020216 1.6041709173044945e-05 985
1764091027478 1.599377171118533e-05 986
1764091034760 1.5945873410673413e-05 987
1764091042034 1.5898014476931937e-05 988
1764091049301 1.5850195115214844e-05 989
1764091056586 1.5802415530606308e-05 990
1764091064333 1.5754675928019948e-05 991
1764091071620 1.5706976512197894e-05 992
1764091078863 1.5659317487709937e-05 993
1764091086126 1.5611699058952628e-05 994
1764091093388 1.556412143014843e-05 995
1764091100653 1.55165848053448e-05 996
1764091107956 1.546908938841337e-05 997
1764091115253 1.5421635383049035e-05 998
1764091122523 1.537422299276906e-05 999
1764091129799 1.5326852420912273e-05 1000
1764091137098 1.5279523870638137e-05 1001
1764091144363 1.5232237544925893e-05 1002
1764091151608 1.5184993646573686e-05 1003
1764091158912 1.5137792378197723e-05 1004
1764091166166 1.5090633942231373e-05 1005
1764091173448 1.504351854092429e-05 1006
1764091180714 1.4996446376341585e-05 1007
1764091187967 1.4949417650362943e-05 1008
1764091195242 1.4902432564681744e-05 1009
1764091202522 1.4855491320804192e-05 1010
1764091209815 1.4808594120048492e-05 1011
1764091217101 1.476174116354394e-05 1012
1764091224384 1.4714932652230095e-05 1013
1764091231670 1.4668168786855888e-05 1014
1764091238908 1.462144976797879e-05 1015
1764091246222 1.4574775795963926e-05 1016
1764091253485 1.4528147070983232e-05 1017
1764091260752 1.4481563793014598e-05 1018
1764091268045 1.443502616184099e-05 1019
1764091275326 1.438853437704962e-05 1020
1764091282615 1.4342088638031074e-05 1021
1764091289876 1.4295689143978458e-05 1022
1764091297120 1.4249336093886548e-05 1023
1764091304361 1.4203029686550941e-05 1024
1764091311631 1.415677012056716e-05 1025
1764091318922 1.4110557594329897e-05 1026
1764091326206 1.4064392306032072e-05 1027
1764091333461 1.4018274453663989e-05 1028
1764091340739 1.3972204235012567e-05 1029
1764091348016 1.3926181847660394e-05 1030
1764091355290 1.3880207488984957e-05 1031
1764091362556 1.3834281356157704e-05 1032
1764091369817 1.3788403646143322e-05 1033
1764091377064 1.3742574555698801e-05 1034
1764091384326 1.369679428137259e-05 1035
1764091391606 1.3651063019503799e-05 1036
1764091398881 1.3605380966221356e-05 1037
1764091406159 1.3559748317443132e-05 1038
1764091413422 1.3514165268875076e-05 1039
1764091420719 1.3468632016010484e-05 1040
1764091428051 1.3423148754129062e-05 1041
1764091435308 1.3377715678296093e-05 1042
1764091442601 1.3332332983361647e-05 1043
1764091449875 1.3287000863959747e-05 1044
1764091457177 1.3241719514507488e-05 1045
1764091464488 1.3196489129204207e-05 1046
1764091471721 1.3151309902030688e-05 1047
1764091479064 1.3106182026748354e-05 1048
1764091486386 1.3061105696898312e-05 1049
1764091493665 1.301608110580066e-05 1050
1764091500940 1.2971108446553597e-05 1051
1764091508218 1.2926187912032597e-05 1052
1764091515487 1.2881319694889564e-05 1053
1764091522753 1.283650398755204e-05 1054
1764091530038 1.27917409822224e-05 1055
1764091537319 1.2747030870876942e-05 1056
1764091544598 1.2702373845265149e-05 1057
1764091551927 1.2657770096908805e-05 1058
1764091559230 1.261321981710126e-05 1059
1764091566506 1.256872319690648e-05 1060
1764091573838 1.2524280427158332e-05 1061
1764091581105 1.247989169845977e-05 1062
1764091588350 1.243555720118191e-05 1063
1764091595614 1.2391277125463328e-05 1064
1764091602898 1.2347051661209186e-05 1065
1764091610177 1.2302880998090466e-05 1066
1764091617465 1.2258765325543066e-05 1067
1764091624778 1.2214704832767084e-05 1068
1764091632039 1.2170699708725954e-05 1069
1764091639283 1.2126750142145653e-05 1070
1764091646534 1.2082856321513885e-05 1071
1764091653776 1.2039018435079278e-05 1072
1764091661021 1.1995236670850567e-05 1073
1764091668278 1.1951511216595797e-05 1074
1764091675544 1.1907842259841519e-05 1075
1764091682907 1.1864229987871978e-05 1076
1764091690164 1.1820674587728314e-05 1077
1764091697417 1.1777176246207757e-05 1078
1764091704691 1.1733735149862829e-05 1079
1764091711958 1.1690351485000549e-05 1080
1764091719229 1.1647025437681621e-05 1081
1764091726525 1.1603757193719643e-05 1082
1764091733801 1.1560546938680318e-05 1083
1764091741079 1.1517394857880637e-05 1084
1764091748395 1.1474301136388112e-05 1085
1764091755679 1.1431265959019959e-05 1086
1764091762996 1.1388289510342317e-05 1087
1764091770258 1.134537197466945e-05 1088
1764091777524 1.1302513536062969e-05 1089
1764091784828 1.1259714378331023e-05 1090
1764091792086 1.1216974685027528e-05 1091
1764091799349 1.1174294639451375e-05 1092
1764091806619 1.1131674424645632e-05 1093
1764091813940 1.1089114223396785e-05 1094
1764091821218 1.1046614218233922e-05 1095
1764091828501 1.1004174591427976e-05 1096
1764091835746 1.0961795524990933e-05 1097
1764091842989 1.0919477200675048e-05 1098
1764091850261 1.0877219799972078e-05 1099
1764091857544 1.083502350411248e-05 1100
1764091864903 1.0792888494064669e-05 1101
1764091872173 1.0750814950534202e-05 1102
1764091879435 1.0708803053963037e-05 1103
1764091886743 1.0666852984528741e-05 1104
1764091894016 1.0624964922143722e-05 1105
1764091901289 1.0583139046454448e-05 1106
1764091908532 1.0541375536840699e-05 1107
1764091915814 1.0499674572414774e-05 1108
1764091923091 1.0458036332020736e-05 1109
1764091930389 1.0416460994233643e-05 1110
1764091937665 1.0374948737358778e-05 1111
1764091944954 1.0333499739430902e-05 1112
1764091952203 1.029211417821343e-05 1113
1764091959485 1.0250792231197775e-05 1114
1764091966779 1.020953407560249e-05 1115
1764091974076 1.0168339888372553e-05 1116
1764091981334 1.0127209846178597e-05 1117
1764091988598 1.0086144125416152e-05 1118
1764091995924 1.0045142902204907e-05 1119
1764092003206 1.00042063523879e-05 1120
1764092010433 9.963334651530848e-06 1121
1764092017698 9.922527974921327e-06 1122
1764092024929 9.881786497568052e-06 1123
1764092032221 9.841110394200076e-06 1124
1764092039528 9.800499839266144e-06 1125
1764092046800 9.759955006933847e-06 1126
1764092054059 9.719476071088888e-06 1127
1764092061313 9.679063205334409e-06 1128
1764092068557 9.63871658299017e-06 1129
1764092075838 9.598436377091809e-06 1130
1764092083144 9.558222760390145e-06 1131
1764092090421 9.51807590535043e-06 1132
1764092097683 9.477995984151577e-06 1133
1764092104962 9.43798316868541e-06 1134
1764092112233 9.398037630556007e-06 1135
1764092119535 9.358159541078888e-06 1136
1764092126806 9.31834907128028e-06 1137
1764092134067 9.278606391896438e-06 1138
1764092141342 9.238931673372886e-06 1139
1764092148628 9.199325085863672e-06 1140
1764092155913 9.159786799230633e-06 1141
1764092163210 9.120316983042695e-06 1142
1764092170467 9.080915806575161e-06 1143
1764092177756 9.041583438808903e-06 1144
1764092185003 9.002320048429722e-06 1145
1764092192307 8.963125803827605e-06 1146
1764092199606 8.924000873095978e-06 1147
1764092206851 8.884945424030982e-06 1148
1764092214100 8.845959624130787e-06 1149
1764092221354 8.80704364059488e-06 1150
1764092228619 8.768197640323276e-06 1151
1764092235882 8.729421789915885e-06 1152
1764092243148 8.69071625567174e-06 1153
1764092250474 8.65208120358835e-06 1154
1764092257749 8.613516799360891e-06 1155
1764092264982 8.575023208381575e-06 1156
1764092272241 8.536600595738942e-06 1157
1764092279535 8.498249126217067e-06 1158
1764092286822 8.459968964294958e-06 1159
1764092294099 8.421760274145778e-06 1160
1764092301372 8.383623219636202e-06 1161
1764092308626 8.34555796432563e-06 1162
1764092315896 8.307564671465572e-06 1163
1764092323168 8.269643503998899e-06 1164
1764092330436 8.23179462455915e-06 1165
1764092337729 8.194018195469852e-06 1166
1764092345017 8.156314378743803e-06 1167
1764092352267 8.118683336082391e-06 1168
1764092359550 8.081125228874894e-06 1169
1764092366822 8.043640218197793e-06 1170
1764092374114 8.006228464814073e-06 1171
1764092381373 7.968890129172538e-06 1172
1764092388616 7.931625371407127e-06 1173
1764092395933 7.894434351336229e-06 1174
1764092403189 7.857317228461977e-06 1175
1764092410450 7.820274161969594e-06 1176
1764092417705 7.783305310726684e-06 1177
1764092424963 7.746410833282572e-06 1178
1764092432213 7.709590887867607e-06 1179
1764092439506 7.672845632392495e-06 1180
1764092446762 7.63617522444761e-06 1181
1764092454040 7.599579821302336e-06 1182
1764092461332 7.563059579904369e-06 1183
1764092468614 7.526614656879073e-06 1184
1764092475894 7.490245208528775e-06 1185
1764092483184 7.453951390832126e-06 1186
1764092490443 7.417733359443406e-06 1187
1764092497707 7.381591269691878e-06 1188
1764092504974 7.345525276581105e-06 1189
1764092512242 7.309535534788295e-06 1190
1764092519514 7.273622198663636e-06 1191
1764092526753 7.2377854222296326e-06 1192
1764092534018 7.202025359180442e-06 1193
1764092541278 7.1663421628812215e-06 1194
1764092548557 7.130735986367472e-06 1195
1764092555836 7.095206982344367e-06 1196
1764092563118 7.059755303186122e-06 1197
1764092570387 7.0243811009353155e-06 1198
1764092577661 6.989084527302252e-06 1199
1764092584934 6.953865733664313e-06 1200
1764092592196 6.9187248710652965e-06 1201
1764092599449 6.883662090214776e-06 1202
1764092606729 6.848677541487462e-06 1203
1764092613991 6.813771374922538e-06 1204
1764092621306 6.778943740223031e-06 1205
1764092628563 6.744194786755171e-06 1206
1764092635893 6.709524663547745e-06 1207
1764092643166 6.674933519291438e-06 1208
1764092650476 6.640421502338254e-06 1209
1764092657770 6.605988760700814e-06 1210
1764092665053 6.571635442051754e-06 1211
1764092672352 6.537361693723088e-06 1212
1764092679647 6.503167662705578e-06 1213
1764092686931 6.4690534956481005e-06 1214
1764092694204 6.4350193388569965e-06 1215
1764092701562 6.4010653382955e-06 1216
1764092708824 6.3671916395830505e-06 1217
1764092716078 6.333398387994716e-06 1218
1764092723335 6.299685728460511e-06 1219
1764092730578 6.2660538055648575e-06 1220
1764092737843 6.232502763545904e-06 1221
1764092745113 6.199032746294895e-06 1222
1764092752381 6.165643897355625e-06 1223
1764092759665 6.132336359923761e-06 1224
1764092766943 6.099110276846245e-06 1225
1764092774230 6.065965790620672e-06 1226
1764092781546 6.032903043394721e-06 1227
1764092788796 5.999922176965496e-06 1228
1764092796074 5.967023332778926e-06 1229
1764092803329 5.934206651929182e-06 1230
1764092810635 5.901472275158077e-06 1231
1764092817858 5.868820342854402e-06 1232
1764092825150 5.836250995053396e-06 1233
1764092832405 5.803764371436116e-06 1234
1764092839674 5.771360611328835e-06 1235
1764092846947 5.739039853702424e-06 1236
1764092854206 5.7068022371718025e-06 1237
1764092861473 5.674647899995334e-06 1238
1764092868742 5.642576980074179e-06 1239
1764092876019 5.610589614951774e-06 1240
1764092883285 5.578685941813196e-06 1241
1764092890554 5.5468660974846176e-06 1242
1764092897837 5.515130218432658e-06 1243
1764092905094 5.48347844076384e-06 1244
1764092912347 5.451910900224028e-06 1245
1764092919613 5.4204277321977754e-06 1246
1764092926882 5.389029071707808e-06 1247
1764092934158 5.357715053414409e-06 1248
1764092941437 5.326485811614886e-06 1249
1764092948714 5.295341480242915e-06 1250
1764093001868 5.264282192868052e-06 1251
1764093009156 5.233308082695106e-06 1252
1764093016408 5.202419282563585e-06 1253
1764093023647 5.171615924947134e-06 1254
1764093030891 5.1408981419529435e-06 1255
1764093038153 5.110266065321223e-06 1256
1764093045452 5.07971982642458e-06 1257
1764093052728 5.049259556267508e-06 1258
1764093059990 5.018885385485795e-06 1259
1764093067296 4.988597444345979e-06 1260
1764093074599 4.958395862744775e-06 1261
1764093081846 4.92828077020853e-06 1262
1764093089149 4.898252295892668e-06 1263
1764093096469 4.868310568581118e-06 1264
1764093103771 4.838455716685786e-06 1265
1764093111093 4.80868786824599e-06 1266
1764093118492 4.7790071509279096e-06 1267
1764093125826 4.74941369202405e-06 1268
1764093133130 4.719907618452683e-06 1269
1764093140449 4.690489056757314e-06 1270
1764093147745 4.6611581331061265e-06 1271
1764093155048 4.631914973291455e-06 1272
1764093162338 4.602759702729233e-06 1273
1764093169638 4.5736924464584674e-06 1274
1764093176926 4.544713329140692e-06 1275
1764093184200 4.5158224750594375e-06 1276
1764093191486 4.487020008119697e-06 1277
1764093198758 4.458306051847393e-06 1278
1764093206051 4.4296807293888576e-06 1279
1764093213352 4.401144163510289e-06 1280
1764093220620 4.372696476597236e-06 1281
1764093227922 4.34433779065407e-06 1282
1764093235215 4.3160682273034564e-06 1283
1764093242522 4.287887907785846e-06 1284
1764093249828 4.259796952958941e-06 1285
1764093257128 4.231795483297189e-06 1286
1764093264418 4.2038836188912525e-06 1287
1764093271735 4.176061479447506e-06 1288
1764093279019 4.14832918428752e-06 1289
1764093286289 4.120686852347542e-06 1290
1764093293576 4.0931346021779944e-06 1291
1764093300848 4.065672551942968e-06 1292
1764093308127 4.038300819419698e-06 1293
1764093315402 4.011019521998087e-06 1294
1764093322666 3.9838287766801785e-06 1295
1764093329922 3.95672870007966e-06 1296
1764093337311 3.9297194084213726e-06 1297
1764093344569 3.902801017540797e-06 1298
1764093351824 3.875973642883576e-06 1299
1764093359124 3.849237399504999e-06 1300
1764093366395 3.822592402069521e-06 1301
1764093373663 3.7960387648502747e-06 1302
1764093380918 3.7695766017285547e-06 1303
1764093388187 3.743206026193376e-06 1304
1764093395455 3.7169271513409387e-06 1305
1764093402712 3.6907400898741707e-06 1306
1764093409958 3.664644954102237e-06 1307
1764093417235 3.6386418559400538e-06 1308
1764093424529 3.6127309069078264e-06 1309
1764093431827 3.5869122181305316e-06 1310
1764093439097 3.561185900337501e-06 1311
1764093446394 3.535552063861888e-06 1312
1764093453675 3.5100108186402293e-06 1313
1764093460911 3.484562274211949e-06 1314
1764093468164 3.4592065397189243e-06 1315
1764093475505 3.4339437239049863e-06 1316
1764093482773 3.4087739351154496e-06 1317
1764093490030 3.383697281296683e-06 1318
1764093497277 3.358713869995617e-06 1319
1764093504560 3.333823808359289e-06 1320
1764093511801 3.30902720313437e-06 1321
1764093519065 3.2843241606667543e-06 1322
1764093526290 3.2597147869010537e-06 1323
1764093533566 3.235199187380149e-06 1324
1764093540812 3.2107774672447577e-06 1325
1764093548056 3.186449731232999e-06 1326
1764093555319 3.1622160836798756e-06 1327
1764093562553 3.138076628516892e-06 1328
1764093569794 3.1140314692716044e-06 1329
1764093577037 3.090080709067138e-06 1330
1764093584303 3.0662244506217607e-06 1331
1764093591562 3.0424627962484617e-06 1332
1764093598890 3.018795847854509e-06 1333
1764093606149 2.9952237069409714e-06 1334
1764093613426 2.971746474602343e-06 1335
1764093620711 2.9483642515260613e-06 1336
1764093627989 2.9250771379921205e-06 1337
1764093635246 2.901885233872585e-06 1338
1764093642532 2.878788638631203e-06 1339
1764093649827 2.8557874513229895e-06 1340
1764093657086 2.832881770593749e-06 1341
1764093664342 2.810071694679704e-06 1342
1764093671614 2.7873573214070415e-06 1343
1764093678852 2.76473874819153e-06 1344
1764093686123 2.7422160720380475e-06 1345
1764093693422 2.7197893895402123e-06 1346
1764093700674 2.6974587968799495e-06 1347
1764093707944 2.675224389827083e-06 1348
1764093715211 2.653086263738916e-06 1349
1764093722472 2.6310445135598366e-06 1350
1764093729737 2.609099233820899e-06 1351
1764093736984 2.5872505186394168e-06 1352
1764093744214 2.5654984617185864e-06 1353
1764093751524 2.543843156347033e-06 1354
1764093758800 2.522284695398457e-06 1355
1764093766031 2.5008231713312214e-06 1356
1764093773272 2.479458676187945e-06 1357
1764093780561 2.4581913015951314e-06 1358
1764093787828 2.437021138762735e-06 1359
1764093795148 2.4159482784838164e-06 1360
1764093802414 2.394972811134134e-06 1361
1764093809646 2.3740948266717364e-06 1362
1764093816884 2.353314414636603e-06 1363
1764093824143 2.332631664150266e-06 1364
1764093831421 2.3120466639153902e-06 1365
1764093838756 2.291559502215434e-06 1366
1764093846036 2.2711702669142343e-06 1367
1764093853323 2.250879045455672e-06 1368
1764093860573 2.23068592486326e-06 1369
1764093867870 2.2105909917397843e-06 1370
1764093875131 2.1905943322669314e-06 1371
1764093882426 2.170696032204922e-06 1372
1764093889684 2.1508961768921355e-06 1373
1764093896959 2.1311948512447456e-06 1374
1764093904237 2.1115921397563837e-06 1375
1764093911514 2.0920881264977134e-06 1376
1764093918772 2.0726828951161405e-06 1377
1764093926040 2.0533765288353986e-06 1378
1764093933330 2.0341691104552344e-06 1379
1764093940592 2.015060722351032e-06 1380
1764093947845 1.9960514464734407e-06 1381
1764093955170 1.977141364348073e-06 1382
1764093962422 1.9583305570751104e-06 1383
1764093969685 1.939619105328977e-06 1384
1764093976966 1.9210070893579816e-06 1385
1764093984233 1.9024945889839866e-06 1386
1764093991504 1.8840816836020575e-06 1387
1764093998817 1.8657684521801244e-06 1388
1764094006091 1.8475549732586368e-06 1389
1764094013426 1.8294413249502458e-06 1390
1764094020685 1.8114275849394462e-06 1391
1764094027974 1.7935138304822491e-06 1392
1764094035272 1.7757001384058716e-06 1393
1764094042560 1.7579865851083816e-06 1394
1764094049834 1.7403732465583646e-06 1395
1764094057111 1.722860198294636e-06 1396
1764094064435 1.7054475154258885e-06 1397
1764094071771 1.688135272630354e-06 1398
1764094079035 1.6709235441555358e-06 1399
1764094086313 1.6538124038178293e-06 1400
1764094093603 1.6368019250022572e-06 1401
1764094100868 1.6198921806621286e-06 1402
1764094108178 1.6030832433187095e-06 1403
1764094115444 1.5863751850609612e-06 1404
1764094122720 1.5697680775451889e-06 1405
1764094129994 1.553261991994733e-06 1406
1764094137299 1.5368569991997063e-06 1407
1764094144588 1.5205531695166488e-06 1408
1764094151880 1.5043505728682297e-06 1409
1764094159162 1.4882492787429769e-06 1410
1764094166447 1.4722493561949446e-06 1411
1764094173723 1.4563508738434298e-06 1412
1764094180983 1.4405538998727048e-06 1413
1764094188261 1.4248585020316652e-06 1414
1764094195524 1.4092647476336013e-06 1415
1764094202774 1.3937727035558729e-06 1416
1764094210091 1.3783824362396235e-06 1417
1764094217355 1.3630940116895218e-06 1418
1764094224713 1.3479074954734487e-06 1419
1764094231992 1.3328229527222222e-06 1420
1764094239278 1.3178404481293458e-06 1421
1764094246554 1.3029600459506842e-06 1422
1764094253823 1.2881818100042247e-06 1423
1764094261146 1.2735058036698e-06 1424
1764094268434 1.2589320898887872e-06 1425
1764094275679 1.2444607311638743e-06 1426
1764094282946 1.2300917895587792e-06 1427
1764094290253 1.2158253266979615e-06 1428
1764094297565 1.2016614037663928e-06 1429
1764094304910 1.187600081509285e-06 1430
1764094312219 1.173641420231799e-06 1431
1764094319502 1.1597854797988423e-06 1432
1764094326794 1.1460323196347518e-06 1433
1764094334057 1.1323819987230808e-06 1434
1764094341317 1.1188345756063425e-06 1435
1764094348597 1.105390108385731e-06 1436
1764094355904 1.092048654720897e-06 1437
1764094363166 1.0788102718297118e-06 1438
1764094370452 1.0656750164879725e-06 1439
1764094377760 1.052642945029213e-06 1440
1764094385040 1.0397141133444384e-06 1441
1764094392340 1.0268885768818735e-06 1442
1764094399660 1.014166390646748e-06 1443
1764094406909 1.0015476092010525e-06 1444
1764094414159 9.890322866632935e-07 1445
1764094421432 9.766204767082862e-07 1446
1764094428714 9.643122325668892e-07 1447
1764094435956 9.521076070258026e-07 1448
1764094443231 9.400066524273473e-07 1449
1764094450518 9.280094206692058e-07 1450
1764094457794 9.161159632042396e-07 1451
1764094465108 9.04326331040246e-07 1452
1764094472377 8.926405747397347e-07 1453
1764094479662 8.810587444197341e-07 1454
1764094486935 8.69580889751549e-07 1455
1764094494195 8.582070599605745e-07 1456
1764094501444 8.469373038260598e-07 1457
1764094508715 8.357716696809162e-07 1458
1764094515961 8.247102054115002e-07 1459
1764094523261 8.137529584574278e-07 1460
1764094530533 8.028999758113288e-07 1461
1764094537787 7.921513040186893e-07 1462
1764094545075 7.815069891776339e-07 1463
1764094552348 7.709670769387265e-07 1464
1764094559632 7.605316125047687e-07 1465
1764094566926 7.502006406306317e-07 1466
1764094574196 7.39974205623032e-07 1467
1764094581498 7.298523513403582e-07 1468
1764094588764 7.198351211924797e-07 1469
1764094596054 7.099225581405703e-07 1470
1764094603337 7.001147046969095e-07 1471
1764094610585 6.904116029247055e-07 1472
1764094617835 6.8081329443791e-07 1473
1764094625074 6.713198204010557e-07 1474
1764094632340 6.61931221529063e-07 1475
1764094639591 6.526475380870682e-07 1476
1764094646878 6.434688098902667e-07 1477
1764094654172 6.34395076303708e-07 1478
1764094661454 6.254263762421724e-07 1479
1764094668719 6.165627481699545e-07 1480
1764094675976 6.078042301007508e-07 1481
1764094683196 5.991508595974519e-07 1482
1764094690457 5.906026737719996e-07 1483
1764094697733 5.821597092852398e-07 1484
1764094705008 5.738220023467381e-07 1485
1764094712274 5.655895887146468e-07 1486
1764094719548 5.574625036955424e-07 1487
1764094726782 5.494407821442786e-07 1488
1764094734038 5.415244584638295e-07 1489
1764094741334 5.337135666051484e-07 1490
1764094748604 5.260081400670188e-07 1491
1764094755919 5.184082118959163e-07 1492
1764094763172 5.109138146858595e-07 1493
1764094770449 5.035249805782716e-07 1494
1764094777733 4.962417412618486e-07 1495
1764094784987 4.890641279724175e-07 1496
1764094792263 4.819921714928045e-07 1497
1764094799513 4.7502590215269923e-07 1498
1764094806776 4.681653498285362e-07 1499
1764094814072 4.614105439433484e-07 1500
1764094821313 4.547615134666595e-07 1501
1764094828569 4.482182869143459e-07 1502
1764094835835 4.4178089234852074e-07 1503
1764094843079 4.3544935737741776e-07 1504
1764094850334 4.2922370915525604e-07 1505
1764094857579 4.231039743821518e-07 1506
1764094864836 4.170901793039718e-07 1507
1764094872140 4.1118234971224497e-07 1508
1764094879433 4.053805109440411e-07 1509
1764094886680 3.9968468788186845e-07 1510
1764094893990 3.940949049535497e-07 1511
1764094901277 3.8861118613214984e-07 1512
1764094908523 3.832335549358328e-07 1513
1764094915831 3.779620344277979e-07 1514
1764094923077 3.7279664721616097e-07 1515
1764094930306 3.6773741545385235e-07 1516
1764094937601 3.6278436083854495e-07 1517
1764094944894 3.579375046125327e-07 1518
1764094952183 3.531968675626618e-07 1519
1764094959449 3.4856247002023356e-07 1520
1764094966747 3.440343318609166e-07 1521
1764094974127 3.3961247250465246e-07 1522
1764094981422 3.352969109155979e-07 1523
1764094988696 3.3108766560201706e-07 1524
1764094995973 3.2698475461621257e-07 1525
1764095003247 3.229881955544563e-07 1526
1764095010509 3.1909800555689553e-07 1527
1764095017767 3.1531420130749236e-07 1528
1764095025034 3.116367990339572e-07 1529
1764095032325 3.080658145076633e-07 1530
1764095039581 3.046012630435859e-07 1531
1764095046847 3.0124315950024436e-07 1532
1764095054104 2.979915182796275e-07 1533
1764095061368 2.94846353327141e-07 1534
1764095068662 2.9180767813153597e-07 1535
1764095075920 2.8887550572486166e-07 1536
1764095083189 2.8604984868240757e-07 1537
1764095090462 2.833307191226455e-07 1538
1764095097727 2.807181287071798e-07 1539
1764095104971 2.7821208864070033e-07 1540
1764095112214 2.7581260967092746e-07 1541
1764095119502 2.735197020885732e-07 1542
1764095126773 2.713333757272888e-07 1543
1764095134034 2.692536399636399e-07 1544
1764095141293 2.672805037170375e-07 1545
1764095148588 2.654139754497296e-07 1546
1764095155836 2.636540631667433e-07 1547
1764095163097 2.6200077441586813e-07 1548
1764095170351 2.604541162876037e-07 1549
1764095177665 2.590140954151486e-07 1550
1764095184915 2.5768071797435616e-07 1551
1764095192212 2.564539896837179e-07 1552
1764095199470 2.5533391580434155e-07 1553
1764095206750 2.5432050113991495e-07 1554
1764095214034 2.5341375003669796e-07 1555
1764095221356 2.526136663834975e-07 1556
1764095228629 2.5192025361165923e-07 1557
1764095235940 2.513335146950345e-07 1558
1764095243216 2.508534521499913e-07 1559
1764095250453 2.504800680353841e-07 1560
1764095257685 2.502133639525563e-07 1561
1764095265021 2.5005334104532933e-07 1562
1764095272267 2.5000000000000004e-07 1563
