1764083723216 1.3303887248039246 1
1764083731424 1.2304075360298157 2
1764083738679 1.241258293390274 3
1764083745950 1.2398360669612885 4
1764083753213 1.2156999111175537 5
1764083760482 1.237079232931137 6
1764083767771 1.1863395273685455 7
1764083775080 1.1776745021343231 8
1764083782396 1.1575075089931488 9
1764083789728 1.1356472074985504 10
1764083797073 1.1658184826374054 11
1764083804374 1.1730745136737823 12
1764083811706 1.1692028045654297 13
1764083819039 1.1319551765918732 14
1764083826391 0.9904188513755798 15
1764083833723 1.110554277896881 16
1764083841097 1.1504928469657898 17
1764083848437 1.1370657980442047 18
1764083855749 1.0571920275688171 19
1764083863130 1.1316716372966766 20
1764083870451 1.1173963844776154 21
1764083877773 1.1538940966129303 22
1764083885125 1.1040606200695038 23
1764083892428 1.1271933913230896 24
1764083899759 1.0400570631027222 25
1764083907077 1.0930368602275848 26
1764083914390 1.0021387040615082 27
1764083921696 1.1108052730560303 28
1764083928960 1.1428337395191193 29
1764083936278 1.0230633914470673 30
1764083943593 1.075655609369278 31
1764083950932 1.0893553644418716 32
1764083958260 1.12372487783432 33
1764083965551 1.0263111144304276 34
1764083972886 1.0574855655431747 35
1764083980190 1.065425843000412 36
1764083987510 1.1437922418117523 37
1764083994793 1.0256779938936234 38
1764084002102 1.0841952860355377 39
1764084009391 1.0618241727352142 40
1764084016647 1.0035176277160645 41
1764084023906 1.0062802135944366 42
1764084031152 1.0442964434623718 43
1764084038471 1.0592733919620514 44
1764084045758 1.0832412242889404 45
1764084053075 0.9650237709283829 46
1764084060363 1.097191721200943 47
1764084067638 1.0806654244661331 48
1764084074922 1.0877708494663239 49
1764084082174 1.1231586337089539 50
1764084089442 1.0462791919708252 51
1764084096690 1.0761341154575348 52
1764084104003 1.02497498691082 53
1764084111250 1.0336941629648209 54
1764084118516 1.036833643913269 55
1764084125821 1.0833883732557297 56
1764084133186 1.0836649537086487 57
1764084140461 1.051314800977707 58
1764084147748 1.0002166032791138 59
1764084154998 1.0487843602895737 60
1764084162265 1.1429488062858582 61
1764084169532 1.056824415922165 62
1764084176823 0.9847119748592377 63
1764084184146 1.0803128480911255 64
1764084191410 1.137636661529541 65
1764084198675 0.9435764104127884 66
1764084205963 1.0314687490463257 67
1764084213289 1.0127172023057938 68
1764084220581 1.0233697295188904 69
1764084227827 1.131083607673645 70
1764084235106 1.072026252746582 71
1764084242361 0.98774354159832 72
1764084249619 1.0592169165611267 73
1764084256881 0.9496981799602509 74
1764084264170 1.0313759446144104 75
1764084271478 1.0411447435617447 76
1764084278737 1.0781947076320648 77
1764084286129 1.0310682356357574 78
1764084293413 1.0152743309736252 79
1764084300660 1.0637266635894775 80
1764084307904 1.033579409122467 81
1764084315166 1.0270493626594543 82
1764084322440 0.9979083091020584 83
1764084329707 1.0885296911001205 84
1764084336975 1.0790591537952423 85
1764084344254 1.061581403017044 86
1764084351580 1.1663133800029755 87
1764084358824 1.0610631108283997 88
1764084366088 1.0900253355503082 89
1764084373369 1.0152150392532349 90
1764084380643 1.0012778639793396 91
1764084387903 1.1047018468379974 92
1764084395160 1.0617265701293945 93
1764084402449 1.0658701211214066 94
1764084409708 0.9603038728237152 95
1764084416979 0.9673798680305481 96
1764084424260 1.110167384147644 97
1764084431541 1.0911472141742706 98
1764084438795 1.1216448545455933 99
1764084446072 1.099883645772934 100
1764084453333 1.0449433028697968 101
1764084460591 1.013954609632492 102
1764084467860 1.0186763256788254 103
1764084475154 1.0735566020011902 104
1764084482426 1.0304568856954575 105
1764084489713 1.0418888330459595 106
1764084496967 1.1355828642845154 107
1764084504230 0.9956396520137787 108
1764084511500 0.9861536026000977 109
1764084518779 0.9801504164934158 110
1764084526019 1.0851809680461884 111
1764084533269 1.006039321422577 112
1764084540558 1.044968158006668 113
1764084547802 1.060420960187912 114
1764084555087 1.0456041395664215 115
1764084562344 0.9818311333656311 116
1764084569617 0.9924328178167343 117
1764084576910 1.0818328261375427 118
1764084584159 1.0157189518213272 119
1764084591439 1.0217696726322174 120
1764084598678 0.9157754629850388 121
1764084605976 0.9691573679447174 122
1764084613240 1.020925372838974 123
1764084620512 1.084269791841507 124
1764084627783 0.9196910113096237 125
1764084635023 1.036214828491211 126
1764084642270 0.9882160872220993 127
1764084649539 0.9942772835493088 128
1764084656803 0.9857170283794403 129
1764084664091 0.9105188846588135 130
1764084671380 1.008090928196907 131
1764084678633 1.0792432129383087 132
1764084685941 1.0266059637069702 133
1764084693233 0.9925896674394608 134
1764084700499 0.9821203351020813 135
1764084707756 1.0621539205312729 136
1764084715013 1.1612794399261475 137
1764084722270 0.9948888421058655 138
1764084729512 1.0173562467098236 139
1764084736751 1.0301713943481445 140
1764084744047 1.030259221792221 141
1764084751291 1.011829435825348 142
1764084758534 0.9963496774435043 143
1764084765788 1.0876257419586182 144
1764084773140 1.0277194827795029 145
1764084780392 0.9936434030532837 146
1764084787655 1.0117346942424774 147
1764084794916 0.9964896142482758 148
1764084802190 1.1071342825889587 149
1764084809471 1.0191037356853485 150
1764084816757 0.9800081551074982 151
1764084824027 0.9760401546955109 152
1764084831259 0.9890608191490173 153
1764084838534 0.9327864646911621 154
1764084845810 0.9724892973899841 155
1764084853088 0.9767220616340637 156
1764084860403 0.9977104812860489 157
1764084867651 0.9627148061990738 158
1764084874926 1.0163611322641373 159
1764084882205 0.9491288214921951 160
1764084889471 0.9990493059158325 161
1764084896738 0.967491552233696 162
1764084903988 0.9555174261331558 163
1764084911270 1.0060593485832214 164
1764084918516 1.0222763121128082 165
1764084925785 1.0400317460298538 166
1764084933032 1.0354249775409698 167
1764084940304 1.0026223808526993 168
1764084947583 1.018860012292862 169
1764084954850 1.0908249020576477 170
1764084962137 1.0466201305389404 171
1764084969402 0.9798233211040497 172
1764084976648 1.0379349291324615 173
1764084983958 1.0081320405006409 174
1764084991236 0.993094339966774 175
1764084998539 0.9986753314733505 176
1764085005802 0.9566009938716888 177
1764085013055 0.9460011422634125 178
1764085020304 1.0363735556602478 179
1764085027585 0.962926983833313 180
1764085034863 0.9485617280006409 181
1764085042106 1.0073344707489014 182
1764085049369 1.00161674618721 183
1764085056629 0.9453000873327255 184
1764085063904 1.0588237345218658 185
1764085071192 0.9929275810718536 186
1764085078473 0.9643739461898804 187
1764085085762 0.923884242773056 188
1764085093028 1.127934604883194 189
1764085100301 1.046910509467125 190
1764085107574 0.9682713598012924 191
1764085114822 1.0528955161571503 192
1764085122055 0.9858856052160263 193
1764085129321 0.9214984476566315 194
1764085136599 1.0017752051353455 195
1764085143846 1.0236148685216904 196
1764085151140 1.0697276145219803 197
1764085158410 0.9497449696063995 198
1764085165676 1.0361296385526657 199
1764085172932 0.97125543653965 200
1764085180205 1.0388682782649994 201
1764085187477 1.0326303243637085 202
1764085194732 0.9076384156942368 203
1764085202005 1.0315189063549042 204
1764085209291 1.0457686185836792 205
1764085216553 1.0043038129806519 206
1764085223870 0.9816201031208038 207
1764085231114 1.038789376616478 208
1764085238389 0.9583535343408585 209
1764085245657 1.0116348713636398 210
1764085252880 1.0203344225883484 211
1764085260165 0.9683189690113068 212
1764085267446 0.9578559696674347 213
1764085274706 0.8724198192358017 214
1764085281986 0.9992986768484116 215
1764085289250 1.036555141210556 216
1764085296522 0.9713644236326218 217
1764085303810 0.9139696210622787 218
1764085311074 0.9813784211874008 219
1764085318385 0.9778880923986435 220
1764085325652 0.9900607466697693 221
1764085332899 0.9604122340679169 222
1764085340156 0.9672501236200333 223
1764085347429 0.9718140512704849 224
1764085354699 0.9568812698125839 225
1764085361989 0.9361469745635986 226
1764085369230 0.960036426782608 227
1764085376493 0.947701945900917 228
1764085383763 1.0098737478256226 229
1764085391015 1.0045074224472046 230
1764085398260 1.0110716223716736 231
1764085405513 1.0582682490348816 232
1764085412802 0.9388670921325684 233
1764085420054 0.989278107881546 234
1764085427303 1.0273584127426147 235
1764085434598 1.0014737248420715 236
1764085441851 0.9890992343425751 237
1764085449126 1.0205280929803848 238
1764085456383 0.9991898834705353 239
1764085463626 0.9836665987968445 240
1764085470892 1.055805653333664 241
1764085478187 0.9831205159425735 242
1764085485449 1.0921425521373749 243
1764085492713 0.9971544295549393 244
1764085499991 0.9439515173435211 245
1764085507225 0.9755963683128357 246
1764085514460 1.0020736455917358 247
1764085521778 1.0147221982479095 248
1764085529034 0.9913011342287064 249
1764085536300 1.0198820233345032 250
1764085543550 0.9515306353569031 251
1764085550812 0.9217858612537384 252
1764085558079 0.9702390730381012 253
1764085565362 0.9481890052556992 254
1764085572632 0.9811041802167892 255
1764085579913 1.0488541722297668 256
1764085587173 0.9830585569143295 257
1764085594434 1.0724560916423798 258
1764085601673 0.9765722304582596 259
1764085608906 0.9779402911663055 260
1764085616129 0.9881810247898102 261
1764085623427 0.8643858283758163 262
1764085630731 0.9538740813732147 263
1764085637983 1.0454690158367157 264
1764085645241 0.987207442522049 265
1764085652488 0.9786222726106644 266
1764085659752 0.9881739318370819 267
1764085667016 1.0047766268253326 268
1764085674278 0.9157733470201492 269
1764085681584 0.9667664915323257 270
1764085688863 0.9362637102603912 271
1764085696124 1.0286290645599365 272
1764085703342 0.9608968943357468 273
1764085710596 0.9599243998527527 274
1764085717849 0.916479155421257 275
1764085725104 1.0824415385723114 276
1764085732336 0.9792356044054031 277
1764085739621 0.8750000447034836 278
1764085746886 1.0407067835330963 279
1764085754123 1.014430820941925 280
1764085761372 0.9301511496305466 281
1764085768690 0.9825189560651779 282
1764085775930 0.9462544769048691 283
1764085783223 1.0461061298847198 284
1764085790468 1.0238823592662811 285
1764085797713 0.9666308462619781 286
1764085805001 0.9185145646333694 287
1764085812261 0.9916884154081345 288
1764085819543 0.9824080467224121 289
1764085826797 1.0120854526758194 290
1764085834064 1.0130011439323425 291
1764085841326 0.9280702471733093 292
1764085848636 1.0910682082176208 293
1764085855885 0.987493023276329 294
1764085863154 0.990594819188118 295
1764085870429 0.9402154386043549 296
1764085877728 0.8860024511814117 297
1764085884979 1.01229527592659 298
1764085892272 0.9111574441194534 299
1764085899540 0.9799069762229919 300
1764085906772 0.938204824924469 301
1764085914059 0.9512848258018494 302
1764085921334 0.924920916557312 303
1764085928644 0.9502541571855545 304
1764085935903 1.0338834524154663 305
1764085943168 0.9249240756034851 306
1764085950409 0.9485472440719604 307
1764085957701 0.8996320366859436 308
1764085964954 0.9602277427911758 309
1764085972225 0.9708627313375473 310
1764085979464 0.858854353427887 311
1764085986800 0.9991687685251236 312
1764086039736 0.9785538911819458 313
1764086047067 0.856174424290657 314
1764086054336 0.9452851563692093 315
1764086061615 0.8980092704296112 316
1764086068911 0.8966245949268341 317
1764086076215 0.8347977697849274 318
1764086083470 0.9353627860546112 319
1764086090736 0.90467968583107 320
1764086098015 0.9385592639446259 321
1764086105295 0.9745590686798096 322
1764086112613 0.9222705811262131 323
1764086119890 0.8007486462593079 324
1764086127204 0.9466107487678528 325
1764086134489 0.8571237325668335 326
1764086141791 0.9829965978860855 327
1764086149083 1.069105863571167 328
1764086156368 1.020004466176033 329
1764086163659 0.9767693877220154 330
1764086170937 0.8988731354475021 331
1764086178249 0.9014971703290939 332
1764086185684 0.9912043213844299 333
1764086192959 0.945133239030838 334
1764086200265 0.8869523853063583 335
1764086207565 1.0267535895109177 336
1764086214844 0.9910269975662231 337
1764086222117 0.906049907207489 338
1764086229421 0.9397069066762924 339
1764086236688 0.9593952894210815 340
1764086243977 0.9610013663768768 341
1764086251248 0.9317186176776886 342
1764086258532 0.9686162918806076 343
1764086265816 1.0098276436328888 344
1764086273078 0.9827628582715988 345
1764086280359 0.9824353009462357 346
1764086287671 0.9071777313947678 347
1764086294913 0.9722964763641357 348
1764086302171 0.9144588708877563 349
1764086309429 0.9770063161849976 350
1764086316717 0.9017920643091202 351
1764086323978 0.9766878187656403 352
1764086331267 0.8910036087036133 353
1764086338538 0.9853208214044571 354
1764086345807 0.9521454572677612 355
1764086353079 0.9034033417701721 356
1764086360350 0.9108302742242813 357
1764086367621 0.9373526275157928 358
1764086374889 0.9141820073127747 359
1764086382120 0.9222439527511597 360
1764086389393 0.930771142244339 361
1764086396667 0.9872694611549377 362
1764086403952 0.9595001935958862 363
1764086411212 0.9856446832418442 364
1764086418471 0.9216728806495667 365
1764086425728 0.9113378524780273 366
1764086433002 0.93034228682518 367
1764086440275 0.8953670561313629 368
1764086447531 0.9583378732204437 369
1764086454800 0.9105526208877563 370
1764086462093 0.9932122826576233 371
1764086469362 0.9839837104082108 372
1764086476650 0.9951483607292175 373
1764086483949 0.8956267535686493 374
1764086491236 0.8581080883741379 375
1764086498530 0.9563479274511337 376
1764086505808 0.8855850845575333 377
1764086513074 0.8538897335529327 378
1764086520360 0.8834388256072998 379
1764086527649 0.9344937205314636 380
1764086534991 0.8615584075450897 381
1764086542234 0.958448052406311 382
1764086549517 0.9392755776643753 383
1764086556821 0.9048156142234802 384
1764086564107 0.9441255182027817 385
1764086571380 0.9468679875135422 386
1764086578620 0.9625243842601776 387
1764086585909 1.0088459253311157 388
1764086593196 0.9621770083904266 389
1764086600461 0.8961134403944016 390
1764086607727 0.8856167644262314 391
1764086615017 0.918246790766716 392
1764086622261 0.8733320236206055 393
1764086629522 0.8996695578098297 394
1764086636799 0.8935066312551498 395
1764086644067 0.951127678155899 396
1764086651388 0.8624551743268967 397
1764086658665 0.841253474354744 398
1764086665949 0.87557053565979 399
1764086673328 0.982312873005867 400
1764086680559 0.9157662838697433 401
1764086687816 0.9099271297454834 402
1764086695073 1.0219390541315079 403
1764086702432 0.8300202339887619 404
1764086709709 0.9191328883171082 405
1764086716991 0.8850294053554535 406
1764086724257 0.9731772989034653 407
1764086731538 0.9442014992237091 408
1764086738824 0.9565721601247787 409
1764086746111 0.8834371864795685 410
1764086753380 1.0065641701221466 411
1764086760658 0.9807188510894775 412
1764086767942 0.9707734286785126 413
1764086775210 0.899526834487915 414
1764086782505 0.8682689070701599 415
1764086789769 1.0034139901399612 416
1764086797029 0.9581078886985779 417
1764086804296 0.911145493388176 418
1764086811545 0.943926990032196 419
1764086818848 0.8732712715864182 420
1764086826107 0.9504364430904388 421
1764086833397 0.8708135336637497 422
1764086840655 0.9619295597076416 423
1764086847933 0.8703402280807495 424
1764086855221 0.9033894538879395 425
1764086862531 0.9085610210895538 426
1764086869774 0.8915440738201141 427
1764086877079 0.8635482788085938 428
1764086884347 0.8245436251163483 429
1764086891624 0.8577957302331924 430
1764086898903 0.8925965130329132 431
1764086906164 0.8832564353942871 432
1764086913414 0.9410164654254913 433
1764086920664 0.9067413210868835 434
1764086927927 0.9734749644994736 435
1764086935172 0.9897584319114685 436
1764086942429 0.9298693388700485 437
1764086949707 0.9311867356300354 438
1764086956984 0.8447685837745667 439
1764086964235 0.9003547579050064 440
1764086971524 0.8524269163608551 441
1764086978792 0.8398437350988388 442
1764086986043 0.8806179016828537 443
1764086993347 0.8464261591434479 444
1764087000580 0.9062588512897491 445
1764087007844 0.8401798903942108 446
1764087015137 0.913069874048233 447
1764087022392 0.8953246623277664 448
1764087029647 0.9246825277805328 449
1764087036919 0.930808812379837 450
1764087044218 0.9735879600048065 451
1764087051491 0.9779452234506607 452
1764087058745 0.9912736564874649 453
1764087066040 0.8976577371358871 454
1764087073326 0.8638960123062134 455
1764087080592 0.944715604186058 456
1764087087857 0.8949205726385117 457
1764087095104 0.8924928605556488 458
1764087102377 0.9998567700386047 459
1764087109660 0.8914024084806442 460
1764087116960 0.9402850121259689 461
1764087124205 0.9157635122537613 462
1764087131488 0.881071075797081 463
1764087138779 0.8776333183050156 464
1764087146078 0.927391529083252 465
1764087153354 0.982563853263855 466
1764087160628 0.8328534513711929 467
1764087167892 0.9008928686380386 468
1764087175133 0.9248025566339493 469
1764087182437 0.9234868139028549 470
1764087189694 0.8907323032617569 471
1764087196946 0.8716428875923157 472
1764087204227 0.9249886125326157 473
1764087211485 1.03056238591671 474
1764087218724 1.0305591225624084 475
1764087225989 0.9400945752859116 476
1764087233253 1.056311845779419 477
1764087240506 0.8868646025657654 478
1764087247766 0.9000044912099838 479
1764087255082 0.8628648370504379 480
1764087262355 0.8674717247486115 481
1764087269616 0.914435014128685 482
1764087276880 0.8740107715129852 483
1764087284146 0.8472335934638977 484
1764087291508 0.8585234433412552 485
1764087298796 0.8974039107561111 486
1764087306067 0.870735228061676 487
1764087313332 0.8836812973022461 488
1764087320645 0.9917768985033035 489
1764087327954 0.9614129215478897 490
1764087335273 0.9949136078357697 491
1764087342548 0.8974363207817078 492
1764087349833 0.9995850622653961 493
1764087357088 0.8915010839700699 494
1764087364350 0.9592562466859818 495
1764087371587 0.9506467282772064 496
1764087378898 0.955624058842659 497
1764087386182 0.877729520201683 498
1764087393419 0.9458636790513992 499
1764087400698 0.9029700756072998 500
1764087407937 0.9053504914045334 501
1764087415238 0.934967041015625 502
1764087422494 0.9433068335056305 503
1764087429826 0.8144972324371338 504
1764087437085 0.99223792552948 505
1764087444361 0.9459639638662338 506
1764087451636 0.9866659939289093 507
1764087458901 0.9087106883525848 508
1764087466198 0.8049653768539429 509
1764087473445 0.8806457221508026 510
1764087480710 0.9451823830604553 511
1764087488001 0.966410368680954 512
1764087495264 0.9224056899547577 513
1764087502498 0.85622338950634 514
1764087509836 0.8777549117803574 515
1764087517123 0.870231881737709 516
1764087524362 0.8939887583255768 517
1764087531635 0.9210160225629807 518
1764087538909 0.871964156627655 519
1764087546200 0.9433291554450989 520
1764087553478 0.9291839301586151 521
1764087560744 0.9004850387573242 522
1764087568032 0.9102136790752411 523
1764087575311 0.8799137026071548 524
1764087582580 1.013103410601616 525
1764087589840 0.966070145368576 526
1764087597138 0.9337670356035233 527
1764087604430 0.9181933701038361 528
1764087611701 0.9806571006774902 529
1764087618966 0.872135654091835 530
1764087626280 0.9121582508087158 531
1764087633546 0.9901499897241592 532
1764087640805 0.8797524720430374 533
1764087648090 0.8357538133859634 534
1764087655349 1.0187880843877792 535
1764087662681 0.8867615163326263 536
1764087669928 0.8994595259428024 537
1764087677208 0.8896588087081909 538
1764087684481 0.9464529603719711 539
1764087691728 0.9238826930522919 540
1764087699010 0.8507695347070694 541
1764087706269 0.9056948572397232 542
1764087713526 0.9314692616462708 543
1764087720782 0.8930852115154266 544
1764087728050 0.8853832930326462 545
1764087735325 0.858122244477272 546
1764087742585 0.9614484906196594 547
1764087749847 0.8997225612401962 548
1764087757148 0.804954320192337 549
1764087764407 0.8596484661102295 550
1764087771673 0.968136191368103 551
1764087778946 0.8823336809873581 552
1764087786197 0.8796662092208862 553
1764087793430 0.9000223875045776 554
1764087800758 0.9512210488319397 555
1764087808000 0.8578980416059494 556
1764087815294 0.9064597189426422 557
1764087822599 0.881799042224884 558
1764087829854 0.8692005574703217 559
1764087837124 0.9205142110586166 560
1764087844395 0.9076646566390991 561
1764087851655 0.8489272445440292 562
1764087858965 0.8064671754837036 563
1764087866242 0.8610920608043671 564
1764087873487 0.8816042244434357 565
1764087880741 0.8125714808702469 566
1764087887994 0.9389327317476273 567
1764087895305 0.8826569616794586 568
1764087902566 0.8416679799556732 569
1764087909820 0.9027563333511353 570
1764087917071 0.864331379532814 571
1764087924318 0.8710619807243347 572
1764087931610 0.9414661526679993 573
1764087938893 0.9283354878425598 574
1764087946148 0.8560856431722641 575
1764087953402 0.9246483892202377 576
1764087960692 0.9154333472251892 577
1764087967947 0.866865485906601 578
1764087975214 0.9024417400360107 579
1764087982476 0.850044772028923 580
1764087989770 0.9185138791799545 581
1764087997042 0.7939842939376831 582
1764088004343 0.9225570112466812 583
1764088011663 0.8853353708982468 584
1764088018951 0.9446712732315063 585
1764088026251 0.876396507024765 586
1764088033564 0.8935359865427017 587
1764088040809 0.8873791694641113 588
1764088048104 0.9506090134382248 589
1764088055363 0.9201964437961578 590
1764088062648 0.9091282486915588 591
1764088069897 0.9345323890447617 592
1764088077232 0.8415165543556213 593
1764088084516 0.8058917075395584 594
1764088091784 0.861178994178772 595
1764088099040 0.895721510052681 596
1764088106285 0.8166686147451401 597
1764088113535 0.8783864825963974 598
1764088120814 0.8963214159011841 599
1764088128080 0.8562106490135193 600
1764088135312 0.8823323398828506 601
1764088142586 0.8990754634141922 602
1764088149855 0.9322294592857361 603
1764088157103 0.8987584114074707 604
1764088164363 0.8593029528856277 605
1764088171626 0.8928452730178833 606
1764088178902 0.8852228373289108 607
1764088186174 0.9187625646591187 608
1764088193449 0.8949008882045746 609
1764088200724 0.946316123008728 610
1764088207973 0.9182988405227661 611
1764088215237 0.9218763709068298 612
1764088222509 0.9379903376102448 613
1764088229755 0.9370452016592026 614
1764088237015 0.8830090016126633 615
1764088244280 0.9559076279401779 616
1764088251526 0.9568860977888107 617
1764088258796 0.8566689938306808 618
1764088266045 0.8284792453050613 619
1764088273295 0.8519923388957977 620
1764088280542 0.8910290151834488 621
1764088287803 0.8183474838733673 622
1764088295046 0.8598227947950363 623
1764088302300 0.9230044782161713 624
1764088309655 0.9613391160964966 625
1764088362636 0.8958859890699387 626
1764088369877 0.7949266731739044 627
1764088377100 0.7941933125257492 628
1764088384368 0.8655348867177963 629
1764088391614 0.9207674115896225 630
1764088398865 0.8398262858390808 631
1764088406118 0.8906175345182419 632
1764088413349 0.7854663729667664 633
1764088420601 0.8123147934675217 634
1764088427867 0.8387700468301773 635
1764088435158 0.8951159417629242 636
1764088442444 0.9198230057954788 637
1764088449740 0.8592915236949921 638
1764088457003 0.8827461749315262 639
1764088464272 0.8605780303478241 640
1764088471521 0.8969030678272247 641
1764088478835 0.8366799354553223 642
1764088486153 0.8257010281085968 643
1764088493518 0.8927179872989655 644
1764088500778 0.930570513010025 645
1764088508048 0.9082389026880264 646
1764088515296 0.8755140900611877 647
1764088522568 0.8306359499692917 648
1764088529821 0.9202755242586136 649
1764088537110 0.9061014354228973 650
1764088544391 0.8154903501272202 651
1764088551684 0.8210852742195129 652
1764088558927 0.8725235611200333 653
1764088566231 0.8533284515142441 654
1764088573531 0.8646539896726608 655
1764088580819 0.8699428290128708 656
1764088588049 0.8612580299377441 657
1764088595280 0.9215251207351685 658
1764088602549 0.7584589123725891 659
1764088609819 0.7930358350276947 660
1764088617109 0.8088784664869308 661
1764088624392 0.8349030613899231 662
1764088631660 0.9319249093532562 663
1764088638949 0.8973363637924194 664
1764088646222 0.8954754173755646 665
1764088653529 0.892556220293045 666
1764088660831 0.8460202813148499 667
1764088668107 0.8553978353738785 668
1764088675360 0.8058317750692368 669
1764088682650 0.819385290145874 670
1764088689933 0.8160647004842758 671
1764088697221 0.8996460288763046 672
1764088704480 0.8943876475095749 673
1764088711749 0.8470793664455414 674
1764088719045 0.9659799039363861 675
1764088726327 0.8775260746479034 676
1764088733585 0.9317502677440643 677
1764088740850 0.9402921199798584 678
1764088748079 0.9021809101104736 679
1764088755393 0.8308770209550858 680
1764088762658 0.8213685899972916 681
1764088769919 0.9305075407028198 682
1764088777193 0.8319459557533264 683
1764088784486 0.8736618012189865 684
1764088791747 0.9002841114997864 685
1764088799042 0.8945324718952179 686
1764088806314 0.8687799274921417 687
1764088813589 0.8776648491621017 688
1764088820840 0.884313777089119 689
1764088828100 0.8385801315307617 690
1764088835503 0.8846230357885361 691
1764088842751 0.802717313170433 692
1764088850006 0.8558833748102188 693
1764088857277 0.8646045476198196 694
1764088864540 0.9114252924919128 695
1764088871833 0.8526596426963806 696
1764088879083 0.9426770508289337 697
1764088886327 0.9209840297698975 698
1764088893590 0.7880698442459106 699
1764088900848 1.006018027663231 700
1764088908162 0.8267160654067993 701
1764088915407 0.9091595411300659 702
1764088922662 0.9080156683921814 703
1764088929952 0.7710915803909302 704
1764088937241 0.8737627416849136 705
1764088944501 0.8316804468631744 706
1764088951781 0.8188800066709518 707
1764088959057 0.8515788912773132 708
1764088966338 0.8242146223783493 709
1764088973582 0.8686321973800659 710
1764088980831 0.8028423488140106 711
1764088988114 0.7882626950740814 712
1764088995407 0.8399928361177444 713
1764089002683 0.9057967513799667 714
1764089009958 0.8307290077209473 715
1764089017231 0.8837154060602188 716
1764089024500 0.8919310867786407 717
1764089031764 0.8533486127853394 718
1764089039015 0.8753022700548172 719
1764089046305 0.834001213312149 720
1764089053580 0.9297486394643784 721
1764089060819 0.866168275475502 722
1764089068094 0.8392049372196198 723
1764089075360 0.79603610932827 724
1764089082656 0.8827121406793594 725
1764089089931 0.8734103292226791 726
1764089097202 0.8766399323940277 727
1764089104513 0.9551186710596085 728
1764089111785 0.8525438159704208 729
1764089119029 0.7556876540184021 730
1764089126344 0.833097517490387 731
1764089133594 0.8831841498613358 732
1764089140888 0.8285867720842361 733
1764089148152 0.8669542372226715 734
1764089155465 0.8930255174636841 735
1764089162755 0.7365065664052963 736
1764089170015 0.8248270899057388 737
1764089177280 0.8588865697383881 738
1764089184569 0.8286332935094833 739
1764089191823 0.8770487308502197 740
1764089199094 1.0114452838897705 741
1764089206378 0.8336980044841766 742
1764089213645 0.8218611031770706 743
1764089220941 0.8947394341230392 744
1764089228203 0.8768900483846664 745
1764089235447 0.8616926670074463 746
1764089242716 0.8441549241542816 747
1764089249994 0.8212363421916962 748
1764089257262 0.7831391245126724 749
1764089264499 0.8265421241521835 750
1764089271749 0.8603452444076538 751
1764089278998 0.8944873958826065 752
1764089286250 0.865288719534874 753
1764089293529 0.8846833258867264 754
1764089300795 0.879495307803154 755
1764089308058 0.866390585899353 756
1764089315323 0.9188297986984253 757
1764089322595 0.839878648519516 758
1764089329860 0.965891033411026 759
1764089337125 0.9101797044277191 760
1764089344441 0.85242959856987 761
1764089351698 0.8666058927774429 762
1764089358962 0.8589319288730621 763
1764089366206 0.8196941167116165 764
1764089373490 0.880256250500679 765
1764089380753 0.823500782251358 766
1764089388001 0.8717271238565445 767
1764089395278 0.8568589985370636 768
1764089402615 0.9195560812950134 769
1764089409864 0.8770386427640915 770
1764089417162 0.8325473666191101 771
1764089424406 0.8482931852340698 772
1764089431683 0.9149864614009857 773
1764089438966 0.7389280200004578 774
1764089446203 0.8499567210674286 775
1764089453474 0.8479608595371246 776
1764089460770 0.813676655292511 777
1764089468026 0.9132825285196304 778
1764089475304 0.8855813890695572 779
1764089482575 0.8628128468990326 780
1764089489828 0.852282777428627 781
1764089497182 0.8823837339878082 782
1764089504462 0.8355985581874847 783
1764089511788 0.8166120946407318 784
1764089519051 0.780191496014595 785
1764089526328 0.8159132301807404 786
1764089533591 0.8742102384567261 787
1764089540823 0.8322943449020386 788
1764089548103 0.8227410763502121 789
1764089555358 0.8326988965272903 790
1764089562623 0.8550351709127426 791
1764089569965 0.8446545153856277 792
1764089577217 0.8916112631559372 793
1764089584468 0.9171256572008133 794
1764089591731 0.8761896342039108 795
1764089599028 0.8986569941043854 796
1764089606267 0.8047728687524796 797
1764089613506 0.9299108237028122 798
1764089620755 0.8363969326019287 799
1764089628008 0.8756818920373917 800
1764089635299 0.7641690820455551 801
1764089642562 0.8436794877052307 802
1764089649815 0.8831731081008911 803
1764089657054 0.9063290357589722 804
1764089664322 0.8943971991539001 805
1764089671595 0.947392076253891 806
1764089678872 0.8755706250667572 807
1764089686178 0.8577166646718979 808
1764089693451 0.8857625424861908 809
1764089700721 0.8334182053804398 810
1764089707987 0.8217264115810394 811
1764089715273 0.8165901303291321 812
1764089722547 0.8626320362091064 813
1764089729799 0.841203972697258 814
1764089737063 0.9060081243515015 815
1764089744336 0.8907814025878906 816
1764089751619 0.9157798886299133 817
1764089758877 0.8519447296857834 818
1764089766116 0.8720897734165192 819
1764089773391 0.8665813058614731 820
1764089780696 0.8590343147516251 821
1764089787963 0.82985058426857 822
1764089795230 0.792174220085144 823
1764089802504 0.8360234349966049 824
1764089809767 0.9408743679523468 825
1764089817057 0.8553309440612793 826
1764089824304 0.8427037745714188 827
1764089831571 0.8417453765869141 828
1764089838890 0.8125609904527664 829
1764089846129 0.8400613069534302 830
1764089853472 0.7956870198249817 831
1764089860722 0.865384429693222 832
1764089867987 0.8045038878917694 833
1764089875226 0.8170757740736008 834
1764089882505 0.8076892793178558 835
1764089889759 0.9299827367067337 836
1764089897025 0.8585103750228882 837
1764089904277 0.7999737113714218 838
1764089911545 0.9101239293813705 839
1764089918797 0.8537763208150864 840
1764089926081 0.8433859050273895 841
1764089933373 0.8304985165596008 842
1764089940717 0.7950648814439774 843
1764089947964 0.8128535747528076 844
1764089955272 0.8250066488981247 845
1764089962539 0.9052978157997131 846
1764089969810 0.8681424707174301 847
1764089977104 0.884620800614357 848
1764089984380 0.8528279066085815 849
1764089991641 0.8377191871404648 850
1764089998931 0.8428097516298294 851
1764090006182 0.8860829770565033 852
1764090013456 0.8247896879911423 853
1764090020733 0.8435689359903336 854
1764090027987 0.8312831968069077 855
1764090035252 0.8179204761981964 856
1764090042526 0.7882403433322906 857
1764090049776 0.7693592011928558 858
1764090057044 0.8293388038873672 859
1764090064278 0.8009411990642548 860
1764090071537 0.8335742652416229 861
1764090078814 0.8386111706495285 862
1764090086087 0.8737042844295502 863
1764090093350 0.8080528527498245 864
1764090100611 0.918118342757225 865
1764090107875 0.8901418596506119 866
1764090115204 0.8390606790781021 867
1764090122440 0.8506431728601456 868
1764090129727 0.9010005742311478 869
1764090136984 0.9828971773386002 870
1764090144253 0.905876100063324 871
1764090151536 0.8185432553291321 872
1764090158807 0.8762045204639435 873
1764090166092 0.8560997843742371 874
1764090173368 0.8901382237672806 875
1764090180619 0.8263721466064453 876
1764090187865 0.8585641831159592 877
1764090195148 0.7838201224803925 878
1764090202411 0.8013022840023041 879
1764090209698 0.9057853072881699 880
1764090216992 0.7735767513513565 881
1764090224281 0.8781320005655289 882
1764090231514 0.7985811084508896 883
1764090238758 0.8222342133522034 884
1764090246024 0.747463583946228 885
1764090253306 0.9840276539325714 886
1764090260590 0.8195816725492477 887
1764090267879 0.8824857622385025 888
1764090275172 0.9026911705732346 889
1764090282441 0.8615092486143112 890
1764090289719 0.8181056380271912 891
1764090297002 0.8504853844642639 892
1764090304268 0.7986080348491669 893
1764090311551 0.8402360677719116 894
1764090318834 0.8775325566530228 895
1764090326098 0.7794586718082428 896
1764090333360 0.8364376574754715 897
1764090340675 0.8138968348503113 898
1764090347969 0.8288732171058655 899
1764090355232 0.8521381318569183 900
1764090362494 0.9178219437599182 901
1764090369755 0.7964773029088974 902
1764090377005 0.8056049048900604 903
1764090384271 0.8408018499612808 904
1764090391576 0.8263900578022003 905
1764090398824 0.9047497510910034 906
1764090406097 0.8888459503650665 907
1764090413331 0.9494979977607727 908
1764090420604 0.9051930159330368 909
1764090427920 0.7828083783388138 910
1764090435166 0.9075211435556412 911
1764090442450 0.8241838365793228 912
1764090449709 0.8026450425386429 913
1764090457031 0.8318679928779602 914
1764090464303 0.8453240841627121 915
1764090471672 0.9376694858074188 916
1764090478946 0.7669924646615982 917
1764090486220 0.8052882999181747 918
1764090493499 0.8284853845834732 919
1764090500760 0.8849349915981293 920
1764090508041 0.9659820795059204 921
1764090515353 0.76609867811203 922
1764090522601 0.8858835846185684 923
1764090529888 0.920846477150917 924
1764090537173 0.7941280752420425 925
1764090544472 0.8675590008497238 926
1764090551725 0.8525316268205643 927
1764090558998 0.8739136755466461 928
1764090566255 0.8198695778846741 929
1764090573561 0.8254667520523071 930
1764090580855 0.8442424535751343 931
1764090588137 0.7762183398008347 932
1764090595412 0.8276719450950623 933
1764090602693 0.8095196634531021 934
1764090609961 0.7969755977392197 935
1764090617254 0.8704722970724106 936
1764090624512 0.9601317644119263 937
1764090677549 0.8126508295536041 938
1764090684824 0.8259492367506027 939
1764090692078 0.8383256494998932 940
1764090699325 0.8363871574401855 941
1764090706600 0.8410624563694 942
1764090713861 0.8330377340316772 943
1764090721148 0.7974415570497513 944
1764090728428 0.842141255736351 945
1764090735707 0.7976083904504776 946
1764090742984 0.8401390314102173 947
1764090750270 0.8103637248277664 948
1764090757578 0.915189191699028 949
1764090764868 0.825837180018425 950
1764090772176 0.8484831005334854 951
1764090779467 0.857713907957077 952
1764090786795 0.7984593957662582 953
1764090794079 0.7797452956438065 954
1764090801380 0.8059956431388855 955
1764090808670 0.813348114490509 956
1764090815970 0.8764632642269135 957
1764090823290 0.7836906313896179 958
1764090830592 0.8381468653678894 959
1764090837922 0.8662188798189163 960
1764090845326 0.8679752200841904 961
1764090852650 0.7541854828596115 962
1764090859931 0.8939715921878815 963
1764090867205 0.8070097714662552 964
1764090874498 0.8857892453670502 965
1764090881796 0.8668461889028549 966
1764090889109 0.7822650671005249 967
1764090896459 0.8119837194681168 968
1764090903773 0.8199564218521118 969
1764090911054 0.817098930478096 970
1764090918352 0.855541780591011 971
1764090925655 0.8594333976507187 972
1764090932935 0.868200957775116 973
1764090940249 0.8344996720552444 974
1764090947535 0.8489725887775421 975
1764090954796 0.8156306147575378 976
1764090962039 0.8351989686489105 977
1764090969300 0.8455747216939926 978
1764090976566 0.7747315764427185 979
1764090983866 0.7896295040845871 980
1764090991106 0.8523618578910828 981
1764090998371 0.8649754226207733 982
1764091005622 0.8581699579954147 983
1764091012930 0.72661954164505 984
1764091020216 0.8456894755363464 985
1764091027478 0.8817989528179169 986
1764091034760 0.8418815433979034 987
1764091042034 0.7996045500040054 988
1764091049301 0.8322568833827972 989
1764091056586 0.8093574494123459 990
1764091064333 0.7558401972055435 991
1764091071620 0.7907003164291382 992
1764091078863 0.7895978689193726 993
1764091086126 0.7876353114843369 994
1764091093388 0.8810488283634186 995
1764091100653 0.7568304985761642 996
1764091107956 0.833857387304306 997
1764091115253 0.8571918308734894 998
1764091122523 0.8731426745653152 999
1764091129799 0.8652589023113251 1000
1764091137098 0.8598978668451309 1001
1764091144363 0.8731959760189056 1002
1764091151608 0.7973923981189728 1003
1764091158912 0.8509090095758438 1004
1764091166166 0.8225063681602478 1005
1764091173448 0.8330196291208267 1006
1764091180714 0.7151647955179214 1007
1764091187967 0.8342214226722717 1008
1764091195242 0.7988034188747406 1009
1764091202522 0.8890697211027145 1010
1764091209815 0.8963468074798584 1011
1764091217101 0.8536216169595718 1012
1764091224384 0.8213071376085281 1013
1764091231670 0.7921782284975052 1014
1764091238908 0.8158592283725739 1015
1764091246222 0.8131733536720276 1016
1764091253485 0.7837064415216446 1017
1764091260752 0.8442894220352173 1018
1764091268045 0.9064775258302689 1019
1764091275326 0.8208015859127045 1020
1764091282615 0.8698588758707047 1021
1764091289876 0.8900832682847977 1022
1764091297120 0.8653570115566254 1023
1764091304361 0.8290394097566605 1024
1764091311631 0.882895439863205 1025
1764091318922 0.817620113492012 1026
1764091326206 0.9143476486206055 1027
1764091333461 0.8448987454175949 1028
1764091340739 0.7722398638725281 1029
1764091348016 0.80769944190979 1030
1764091355290 0.8704903572797775 1031
1764091362556 0.8134788572788239 1032
1764091369817 0.7949114590883255 1033
1764091377064 0.8026990443468094 1034
1764091384326 0.8087094724178314 1035
1764091391606 0.8160581737756729 1036
1764091398881 0.8497546017169952 1037
1764091406159 0.8426234722137451 1038
1764091413422 0.8862710148096085 1039
1764091420719 0.8119820952415466 1040
1764091428051 0.9083719849586487 1041
1764091435308 0.7932931780815125 1042
1764091442601 0.8239625245332718 1043
1764091449875 0.7369162887334824 1044
1764091457177 0.7914498150348663 1045
1764091464488 0.7603022307157516 1046
1764091471721 0.8119309097528458 1047
1764091479064 0.8484571278095245 1048
1764091486386 0.8485241532325745 1049
1764091493665 0.7821245193481445 1050
1764091500940 0.7627517133951187 1051
1764091508218 0.8305445611476898 1052
1764091515487 0.88752481341362 1053
1764091522753 0.7586878538131714 1054
1764091530038 0.7389237284660339 1055
1764091537319 0.8063277155160904 1056
1764091544598 0.7503908574581146 1057
1764091551927 0.7754596024751663 1058
1764091559230 0.8739872723817825 1059
1764091566506 0.8916730731725693 1060
1764091573838 0.8506498038768768 1061
1764091581105 0.8490036129951477 1062
1764091588350 0.8628818243741989 1063
1764091595614 0.8598548769950867 1064
1764091602898 0.8079349100589752 1065
1764091610177 0.8219299167394638 1066
1764091617465 0.7813853025436401 1067
1764091624778 0.8348097950220108 1068
1764091632039 0.9012575447559357 1069
1764091639283 0.8044313192367554 1070
1764091646534 0.7989295274019241 1071
1764091653776 0.8549421727657318 1072
1764091661021 0.8392704576253891 1073
1764091668278 0.8327159583568573 1074
1764091675544 0.8690260499715805 1075
1764091682907 0.8400866389274597 1076
1764091690164 0.8954740017652512 1077
1764091697417 0.8463740944862366 1078
1764091704691 0.8060188442468643 1079
1764091711958 0.8549711555242538 1080
1764091719229 0.6819333583116531 1081
1764091726525 0.7649707794189453 1082
1764091733801 0.8420879989862442 1083
1764091741079 0.8234161138534546 1084
1764091748395 0.8514877110719681 1085
1764091755679 0.8221248388290405 1086
1764091762996 0.7612825036048889 1087
1764091770258 0.8191199600696564 1088
1764091777524 0.7761415392160416 1089
1764091784828 0.7835419178009033 1090
1764091792086 0.8191055208444595 1091
1764091799349 0.8428775072097778 1092
1764091806619 0.7905202358961105 1093
1764091813940 0.880300760269165 1094
1764091821218 0.8216428756713867 1095
1764091828501 0.7857847064733505 1096
1764091835746 0.8527311533689499 1097
1764091842989 0.8894250690937042 1098
1764091850261 0.7693277895450592 1099
1764091857544 0.8411054909229279 1100
1764091864903 0.8461902737617493 1101
1764091872173 0.9029980152845383 1102
1764091879435 0.7995497435331345 1103
1764091886743 0.8443913012742996 1104
1764091894016 0.9197762757539749 1105
1764091901289 0.804339587688446 1106
1764091908532 0.8435534238815308 1107
1764091915814 0.8942663967609406 1108
1764091923091 0.7176612317562103 1109
1764091930389 0.7589777112007141 1110
1764091937665 0.7980251610279083 1111
1764091944954 0.8257028758525848 1112
1764091952203 0.8087334334850311 1113
1764091959485 0.7975528538227081 1114
1764091966779 0.7817147970199585 1115
1764091974076 0.8023247718811035 1116
1764091981334 0.8408249169588089 1117
1764091988598 0.8536973297595978 1118
1764091995924 0.914623811841011 1119
1764092003206 0.8213300406932831 1120
1764092010433 0.8121128529310226 1121
1764092017698 0.8454506248235703 1122
1764092024929 0.8163051307201385 1123
1764092032221 0.7789590358734131 1124
1764092039528 0.8850557804107666 1125
1764092046800 0.8427159339189529 1126
1764092054059 0.8217568695545197 1127
1764092061313 0.7802600711584091 1128
1764092068557 0.9141579419374466 1129
1764092075838 0.8345720171928406 1130
1764092083144 0.8577868491411209 1131
1764092090421 0.8156376779079437 1132
1764092097683 0.7971448451280594 1133
1764092104962 0.8110620677471161 1134
1764092112233 0.8763737380504608 1135
1764092119535 0.9316604882478714 1136
1764092126806 0.7977126985788345 1137
1764092134067 0.8062556385993958 1138
1764092141342 0.8383787423372269 1139
1764092148628 0.8669665306806564 1140
1764092155913 0.7906381189823151 1141
1764092163210 0.7826380431652069 1142
1764092170467 0.8640497773885727 1143
1764092177756 0.8063885271549225 1144
1764092185003 0.8300172239542007 1145
1764092192307 0.7270808815956116 1146
1764092199606 0.8328499346971512 1147
1764092206851 0.7663706243038177 1148
1764092214100 0.780703067779541 1149
1764092221354 0.8299740850925446 1150
1764092228619 0.820008859038353 1151
1764092235882 0.8524006307125092 1152
1764092243148 0.8234495520591736 1153
1764092250474 0.8032425493001938 1154
1764092257749 0.9195416867733002 1155
1764092264982 0.8605700731277466 1156
1764092272241 0.7539829313755035 1157
1764092279535 0.8470935523509979 1158
1764092286822 0.8315512090921402 1159
1764092294099 0.9388812035322189 1160
1764092301372 0.9356249868869781 1161
1764092308626 0.7918243408203125 1162
1764092315896 0.9021394848823547 1163
1764092323168 0.843077763915062 1164
1764092330436 0.8482874184846878 1165
1764092337729 0.8616775274276733 1166
1764092345017 0.7981547862291336 1167
1764092352267 0.8207383900880814 1168
1764092359550 0.8225304037332535 1169
1764092366822 0.8065495043992996 1170
1764092374114 0.7867238968610764 1171
1764092381373 0.7371232062578201 1172
1764092388616 0.8476575613021851 1173
1764092395933 0.8153564482927322 1174
1764092403189 0.9899596720933914 1175
1764092410450 0.8506786525249481 1176
1764092417705 0.8926352858543396 1177
1764092424963 0.8723322004079819 1178
1764092432213 0.7675821930170059 1179
1764092439506 0.8425049334764481 1180
1764092446762 0.8716506510972977 1181
1764092454040 0.7546416819095612 1182
1764092461332 0.7547869980335236 1183
1764092468614 0.8180332332849503 1184
1764092475894 0.8345529288053513 1185
1764092483184 0.841430589556694 1186
1764092490443 0.8124024271965027 1187
1764092497707 0.7940855324268341 1188
1764092504974 0.8380436301231384 1189
1764092512242 0.7856592088937759 1190
1764092519514 0.7943541705608368 1191
1764092526753 0.8547267913818359 1192
1764092534018 0.8313634246587753 1193
1764092541278 0.7525336891412735 1194
1764092548557 0.797241285443306 1195
1764092555836 0.729080468416214 1196
1764092563118 0.8443548679351807 1197
1764092570387 0.7940375059843063 1198
1764092577661 0.8989420235157013 1199
1764092584934 0.8413048833608627 1200
1764092592196 0.8402974158525467 1201
1764092599449 0.7896179258823395 1202
1764092606729 0.7982607334852219 1203
1764092613991 0.8345039486885071 1204
1764092621306 0.7901013642549515 1205
1764092628563 0.7765762954950333 1206
1764092635893 0.7807658165693283 1207
1764092643166 0.8385801464319229 1208
1764092650476 0.7156879305839539 1209
1764092657770 0.8788779377937317 1210
1764092665053 0.8488749861717224 1211
1764092672352 0.7867413759231567 1212
1764092679647 0.8511209785938263 1213
1764092686931 0.7898605614900589 1214
1764092694204 0.8387531936168671 1215
1764092701562 0.779934898018837 1216
1764092708824 0.8181450963020325 1217
1764092716078 0.7668455094099045 1218
1764092723335 0.7987201660871506 1219
1764092730578 0.8240476250648499 1220
1764092737843 0.7906325310468674 1221
1764092745113 0.7750874757766724 1222
1764092752381 0.9061382561922073 1223
1764092759665 0.8039598166942596 1224
1764092766943 0.853217676281929 1225
1764092774230 0.9868986308574677 1226
1764092781546 0.863834798336029 1227
1764092788796 0.8714047372341156 1228
1764092796074 0.7882096171379089 1229
1764092803329 0.8147644847631454 1230
1764092810635 0.8328590095043182 1231
1764092817858 0.874617800116539 1232
1764092825150 0.7774147093296051 1233
1764092832405 0.8778141289949417 1234
1764092839674 0.776622474193573 1235
1764092846947 0.8236875981092453 1236
1764092854206 0.8302256017923355 1237
1764092861473 0.8672912865877151 1238
1764092868742 0.8092266917228699 1239
1764092876019 0.8042728304862976 1240
1764092883285 0.8125496655702591 1241
1764092890554 0.8126366883516312 1242
1764092897837 0.8800814300775528 1243
1764092905094 0.8433685451745987 1244
1764092912347 0.865099623799324 1245
1764092919613 0.8176819384098053 1246
1764092926882 0.7985465079545975 1247
1764092934158 0.8711568415164948 1248
1764092941437 0.8028578758239746 1249
1764092948714 0.8693472892045975 1250
1764093001868 0.8620848059654236 1251
1764093009156 0.8306967914104462 1252
1764093016408 0.8370780646800995 1253
1764093023647 0.8154163658618927 1254
1764093030891 0.7813874334096909 1255
1764093038153 0.9016015082597733 1256
1764093045452 0.8073110729455948 1257
1764093052728 0.8559226393699646 1258
1764093059990 0.8704820275306702 1259
1764093067296 0.9115573763847351 1260
1764093074599 0.8632872253656387 1261
1764093081846 0.8395271599292755 1262
1764093089149 0.8099656850099564 1263
1764093096469 0.8237308859825134 1264
1764093103771 0.8360023945569992 1265
1764093111093 0.829472228884697 1266
1764093118492 0.7727419286966324 1267
1764093125826 0.8477919697761536 1268
1764093133130 0.8475206196308136 1269
1764093140449 0.8578005433082581 1270
1764093147745 0.7711054235696793 1271
1764093155048 0.8939494341611862 1272
1764093162338 0.8170286267995834 1273
1764093169638 0.7960104942321777 1274
1764093176926 0.859930545091629 1275
1764093184200 0.8239502757787704 1276
1764093191486 0.8755919337272644 1277
1764093198758 0.8277121037244797 1278
1764093206051 0.7992249429225922 1279
1764093213352 0.8423571288585663 1280
1764093220620 0.8513162285089493 1281
1764093227922 0.860886812210083 1282
1764093235215 0.8383762836456299 1283
1764093242522 0.8766462951898575 1284
1764093249828 0.8254988044500351 1285
1764093257128 0.9105030000209808 1286
1764093264418 0.8217316269874573 1287
1764093271735 0.8059006333351135 1288
1764093279019 0.902391254901886 1289
1764093286289 0.8450196087360382 1290
1764093293576 0.6932408958673477 1291
1764093300848 0.8700407594442368 1292
1764093308127 0.7947146892547607 1293
1764093315402 0.8026680797338486 1294
1764093322666 0.9001938849687576 1295
1764093329922 0.9265007078647614 1296
1764093337311 0.9136461913585663 1297
1764093344569 0.8669680058956146 1298
1764093351824 0.8513454496860504 1299
1764093359124 0.8776522427797318 1300
1764093366395 0.8385583907365799 1301
1764093373663 0.8049098402261734 1302
1764093380918 0.8509788811206818 1303
1764093388187 0.7933895736932755 1304
1764093395455 0.8833709210157394 1305
1764093402712 0.8561737537384033 1306
1764093409958 0.8724565654993057 1307
1764093417235 0.8523037880659103 1308
1764093424529 0.813836082816124 1309
1764093431827 0.8635000288486481 1310
1764093439097 0.8408308923244476 1311
1764093446394 0.7945360243320465 1312
1764093453675 0.8037761598825455 1313
1764093460911 0.8141049295663834 1314
1764093468164 0.7927820384502411 1315
1764093475505 0.855476900935173 1316
1764093482773 0.8156219869852066 1317
1764093490030 0.7933684587478638 1318
1764093497277 0.8293915390968323 1319
1764093504560 0.7597011774778366 1320
1764093511801 0.8526683151721954 1321
1764093519065 0.8436314165592194 1322
1764093526290 0.8958712220191956 1323
1764093533566 0.8018645942211151 1324
1764093540812 0.7397934198379517 1325
1764093548056 0.8810692429542542 1326
1764093555319 0.7697893530130386 1327
1764093562553 0.8435591608285904 1328
1764093569794 0.766842246055603 1329
1764093577037 0.7970202565193176 1330
1764093584303 0.806218832731247 1331
1764093591562 0.8604517430067062 1332
1764093598890 0.8810239434242249 1333
1764093606149 0.8246686607599258 1334
1764093613426 0.7620344758033752 1335
1764093620711 0.9479727298021317 1336
1764093627989 0.7882712334394455 1337
1764093635246 0.8034735471010208 1338
1764093642532 0.8469952493906021 1339
1764093649827 0.8162057995796204 1340
1764093657086 0.8074481785297394 1341
1764093664342 0.8610211312770844 1342
1764093671614 0.8913722634315491 1343
1764093678852 0.8149691373109818 1344
1764093686123 0.7894333899021149 1345
1764093693422 0.7615963518619537 1346
1764093700674 0.8788864463567734 1347
1764093707944 0.8301814794540405 1348
1764093715211 0.829788014292717 1349
1764093722472 0.808412104845047 1350
1764093729737 0.8865401744842529 1351
1764093736984 0.809442862868309 1352
1764093744214 0.8585775196552277 1353
1764093751524 0.809063732624054 1354
1764093758800 0.8278537392616272 1355
1764093766031 0.955740749835968 1356
1764093773272 0.7906666100025177 1357
1764093780561 0.8695085644721985 1358
1764093787828 0.8481356799602509 1359
1764093795148 0.8761191219091415 1360
1764093802414 0.7991966903209686 1361
1764093809646 0.8097420632839203 1362
1764093816884 0.8671637922525406 1363
1764093824143 0.8851431608200073 1364
1764093831421 0.8184675425291061 1365
1764093838756 0.8568357080221176 1366
1764093846036 0.8492037206888199 1367
1764093853323 0.8365134745836258 1368
1764093860573 0.861019641160965 1369
1764093867870 0.7972874492406845 1370
1764093875131 0.845932200551033 1371
1764093882426 0.7521809041500092 1372
1764093889684 0.8429508358240128 1373
1764093896959 0.8324879705905914 1374
1764093904237 0.8980010449886322 1375
1764093911514 0.9070033729076385 1376
1764093918772 0.8551219701766968 1377
1764093926040 0.862109586596489 1378
1764093933330 0.792853832244873 1379
1764093940592 0.8261102586984634 1380
1764093947845 0.8022600710391998 1381
1764093955170 0.8176477402448654 1382
1764093962422 0.901418998837471 1383
1764093969685 0.8449793308973312 1384
1764093976966 0.817252978682518 1385
1764093984233 0.8242655843496323 1386
1764093991504 0.8647671192884445 1387
1764093998817 0.7709864675998688 1388
1764094006091 0.7341564446687698 1389
1764094013426 0.8313734531402588 1390
1764094020685 0.8284314125776291 1391
1764094027974 0.7746678590774536 1392
1764094035272 0.7988735437393188 1393
1764094042560 0.7748339772224426 1394
1764094049834 0.8656341731548309 1395
1764094057111 0.8130252659320831 1396
1764094064435 0.8061235249042511 1397
1764094071771 0.7377657145261765 1398
1764094079035 0.8383883684873581 1399
1764094086313 0.886827141046524 1400
1764094093603 0.8777590841054916 1401
1764094100868 0.811644583940506 1402
1764094108178 0.8179792761802673 1403
1764094115444 0.8015341013669968 1404
1764094122720 0.7862261235713959 1405
1764094129994 0.8092788904905319 1406
1764094137299 0.7933881729841232 1407
1764094144588 0.8314132690429688 1408
1764094151880 0.7689684629440308 1409
1764094159162 0.818027138710022 1410
1764094166447 0.8491992205381393 1411
1764094173723 0.8661017268896103 1412
1764094180983 0.8430780470371246 1413
1764094188261 0.8922522217035294 1414
1764094195524 0.8996933996677399 1415
1764094202774 0.8172998130321503 1416
1764094210091 0.831457257270813 1417
1764094217355 0.8454687744379044 1418
1764094224713 0.8712078481912613 1419
1764094231992 0.7558463513851166 1420
1764094239278 0.8462785184383392 1421
1764094246554 0.8211967647075653 1422
1764094253823 0.8617656528949738 1423
1764094261146 0.8168913424015045 1424
1764094268434 0.7736563682556152 1425
1764094275679 0.7948933690786362 1426
1764094282946 0.7572297602891922 1427
1764094290253 0.7797502875328064 1428
1764094297565 0.8063590377569199 1429
1764094304910 0.8473169654607773 1430
1764094312219 0.867292046546936 1431
1764094319502 0.8936213999986649 1432
1764094326794 0.8638227581977844 1433
1764094334057 0.8493997305631638 1434
1764094341317 0.8032743781805038 1435
1764094348597 0.8567271083593369 1436
1764094355904 0.855103075504303 1437
1764094363166 0.8608654290437698 1438
1764094370452 0.8463002890348434 1439
1764094377760 0.779174417257309 1440
1764094385040 0.7864077240228653 1441
1764094392340 0.8714286535978317 1442
1764094399660 0.7366817891597748 1443
1764094406909 0.8642266988754272 1444
1764094414159 0.7762483507394791 1445
1764094421432 0.8479734659194946 1446
1764094428714 0.797083169221878 1447
1764094435956 0.764372780919075 1448
1764094443231 0.8050524890422821 1449
1764094450518 0.8366638571023941 1450
1764094457794 0.8352743983268738 1451
1764094465108 0.7300836145877838 1452
1764094472377 0.7245809584856033 1453
1764094479662 0.756720557808876 1454
1764094486935 0.8211695402860641 1455
1764094494195 0.8367391973733902 1456
1764094501444 0.8505503684282303 1457
1764094508715 0.8948555588722229 1458
1764094515961 0.8616856783628464 1459
1764094523261 0.8482135385274887 1460
1764094530533 0.878267839550972 1461
1764094537787 0.783158153295517 1462
1764094545075 0.8707456439733505 1463
1764094552348 0.8339766263961792 1464
1764094559632 0.8190322667360306 1465
1764094566926 0.8564169555902481 1466
1764094574196 0.8011946678161621 1467
1764094581498 0.8556527644395828 1468
1764094588764 0.8726097792387009 1469
1764094596054 0.9141936898231506 1470
1764094603337 0.7912936210632324 1471
1764094610585 0.7921514958143234 1472
1764094617835 0.8298994302749634 1473
1764094625074 0.8412561118602753 1474
1764094632340 0.8240153193473816 1475
1764094639591 0.848227322101593 1476
1764094646878 0.8420876562595367 1477
1764094654172 0.7825363576412201 1478
1764094661454 0.8409439921379089 1479
1764094668719 0.865735650062561 1480
1764094675976 0.8505110293626785 1481
1764094683196 0.7908551692962646 1482
1764094690457 0.801755741238594 1483
1764094697733 0.791559562087059 1484
1764094705008 0.8567547649145126 1485
1764094712274 0.766195148229599 1486
1764094719548 0.7851851731538773 1487
1764094726782 0.7574327886104584 1488
1764094734038 0.8224093019962311 1489
1764094741334 0.8838991075754166 1490
1764094748604 0.8016722351312637 1491
1764094755919 0.7497190088033676 1492
1764094763172 0.8545657396316528 1493
1764094770449 0.8396256268024445 1494
1764094777733 0.8011084496974945 1495
1764094784987 0.8369666039943695 1496
1764094792263 0.8133039474487305 1497
1764094799513 0.8488017469644547 1498
1764094806776 0.7764869928359985 1499
1764094814072 0.746753454208374 1500
1764094821313 0.7407854795455933 1501
1764094828569 0.8670247942209244 1502
1764094835835 0.826435387134552 1503
1764094843079 0.8452747315168381 1504
1764094850334 0.8312059342861176 1505
1764094857579 0.8475730121135712 1506
1764094864836 0.8174598217010498 1507
1764094872140 0.8301632106304169 1508
1764094879433 0.6973410695791245 1509
1764094886680 0.7991048097610474 1510
1764094893990 0.7725401222705841 1511
1764094901277 0.8152392357587814 1512
1764094908523 0.8330791592597961 1513
1764094915831 0.8324957489967346 1514
1764094923077 0.820060983300209 1515
1764094930306 0.8131754994392395 1516
1764094937601 0.8378052860498428 1517
1764094944894 0.7893649190664291 1518
1764094952183 0.7825495302677155 1519
1764094959449 0.9119688421487808 1520
1764094966747 0.8033968508243561 1521
1764094974127 0.8155084401369095 1522
1764094981422 0.7686573415994644 1523
1764094988696 0.8212437629699707 1524
1764094995973 0.8350988775491714 1525
1764095003247 0.8225303590297699 1526
1764095010509 0.8618533760309219 1527
1764095017767 0.8111423999071121 1528
1764095025034 0.8172654956579208 1529
1764095032325 0.7596560716629028 1530
1764095039581 0.8413652628660202 1531
1764095046847 0.8479029387235641 1532
1764095054104 0.7456328868865967 1533
1764095061368 0.8281456381082535 1534
1764095068662 0.7879575043916702 1535
1764095075920 0.8279302418231964 1536
1764095083189 0.8359028249979019 1537
1764095090462 0.8246258646249771 1538
1764095097727 0.8457375764846802 1539
1764095104971 0.7601264864206314 1540
1764095112214 0.8249864131212234 1541
1764095119502 0.8756081908941269 1542
1764095126773 0.84261055290699 1543
1764095134034 0.8697812408208847 1544
1764095141293 0.7495075613260269 1545
1764095148588 0.7987679243087769 1546
1764095155836 0.7994151711463928 1547
1764095163097 0.8345690667629242 1548
1764095170351 0.8000083267688751 1549
1764095177665 0.819027453660965 1550
1764095184915 0.8598108738660812 1551
1764095192212 0.781041294336319 1552
1764095199470 0.8362694531679153 1553
1764095206750 0.7829465419054031 1554
1764095214034 0.8714100569486618 1555
1764095221356 0.8331939876079559 1556
1764095228629 0.7813740074634552 1557
1764095235940 0.765059307217598 1558
1764095243216 0.8162420243024826 1559
1764095250453 0.8346457928419113 1560
1764095257685 0.7759913504123688 1561
1764095265021 0.8256190568208694 1562
1764095272267 0.8525354266166687 1563
