1764577555366 0.5078125 5
1764577604649 0.478515625 10
1764577653950 0.287109375 15
1764577703064 0.2177734375 20
1764577752144 0.2412109375 25
1764577801217 0.2080078125 30
1764577850287 0.1640625 35
1764577899397 0.193359375 40
1764577948535 0.1728515625 45
1764577997696 0.17578125 50
1764578046866 0.185546875 55
1764578096077 0.1982421875 60
1764578145265 0.1728515625 65
1764578194501 0.177734375 70
1764578243677 0.1806640625 75
1764578292934 0.177734375 80
1764578342001 0.1806640625 85
1764578391227 0.173828125 90
1764578440461 0.1748046875 95
1764578489600 0.1708984375 100
1764578538685 0.171875 105
1764578587873 0.18359375 110
1764578637064 0.1748046875 115
1764578686298 0.1748046875 120
1764578735490 0.181640625 125
1764578784680 0.1591796875 130
1764578834047 0.1689453125 135
1764578883260 0.1708984375 140
1764578932438 0.1572265625 145
1764578981714 0.1572265625 150
1764579030897 0.169921875 155
1764579079992 0.1650390625 160
1764579129158 0.1728515625 165
1764579178239 0.1708984375 170
1764579227473 0.1748046875 175
1764579276650 0.1640625 180
1764579325788 0.1669921875 185
1764579374967 0.1826171875 190
1764579424139 0.1689453125 195
1764579473209 0.1640625 200
1764579522377 0.1845703125 205
1764579571563 0.1689453125 210
1764579620793 0.1748046875 215
1764579669972 0.1640625 220
1764579719053 0.1796875 225
1764579768211 0.197265625 230
1764579817408 0.1650390625 235
1764579866496 0.158203125 240
1764579915595 0.16796875 245
1764579964739 0.1767578125 250
