1764577555366 1.2057291666666665 5
1764577604649 1.109375 10
1764577653950 1.1875 15
1764577703064 1.1901041666666665 20
1764577752144 1.140625 25
1764577801217 1.2161458333333333 30
1764577850287 1.0260416666666665 35
1764577899397 1.125 40
1764577948535 1.1171875 45
1764577997696 1.0677083333333333 50
1764578046866 1.1145833333333333 55
1764578096077 1.125 60
1764578145265 1.1510416666666665 65
1764578194501 1.203125 70
1764578243677 1.1041666666666665 75
1764578292934 1.0390625 80
1764578342001 1.0859375 85
1764578391227 1.01953125 90
1764578440461 1.0260416666666665 95
1764578489600 1.1484375 100
1764578538685 1.171875 105
1764578587873 1.0755208333333333 110
1764578637064 1.109375 115
1764578686298 1.0546875 120
1764578735490 1.1145833333333333 125
1764578784680 1.0846354166666665 130
1764578834047 1.1223958333333333 135
1764578883260 1.1197916666666665 140
1764578932438 1.2161458333333333 145
1764578981714 1.0755208333333333 150
1764579030897 1.0286458333333333 155
1764579079992 1.0299479166666665 160
1764579129158 1.0729166666666665 165
1764579178239 1.0234375 170
1764579227473 1.0338541666666665 175
1764579276650 1.0182291666666665 180
1764579325788 1.0729166666666665 185
1764579374967 1.0182291666666665 190
1764579424139 1.0651041666666665 195
1764579473209 1.0104166666666665 200
1764579522377 1.0598958333333333 205
1764579571563 1.1028645833333333 210
1764579620793 1.0807291666666665 215
1764579669972 1.0833333333333333 220
1764579719053 1.05859375 225
1764579768211 1.078125 230
1764579817408 0.9505208333333333 235
1764579866496 1.0260416666666665 240
1764579915595 1.0247395833333333 245
1764579964739 0.98046875 250
