1764796302134 0.03999531269073486 5
1764796342560 0.03937898948788643 10
1764796383158 0.03979699686169624 15
1764796423634 0.040204182267189026 20
1764796464354 0.04037494957447052 25
1764796505080 0.04065880551934242 30
1764796545485 0.040459875017404556 35
1764796586310 0.040563423186540604 40
1764796627064 0.040570493787527084 45
1764796667404 0.040388066321611404 50
1764796708075 0.04038313031196594 55
1764796748641 0.04110319912433624 60
1764796789263 0.04027985781431198 65
1764796829895 0.04020480811595917 70
1764796870434 0.0400007925927639 75
1764796911102 0.039877794682979584 80
1764796951734 0.039851561188697815 85
1764796992073 0.03977855667471886 90
1764797032575 0.04020777344703674 95
1764797073167 0.040635474026203156 100
1764797113616 0.04025617986917496 105
1764797154233 0.040157705545425415 110
1764797194679 0.04046200215816498 115
1764797235201 0.04058830812573433 120
1764797275860 0.04066504165530205 125
1764797316148 0.04094380885362625 130
1764797356875 0.04044178128242493 135
1764797397392 0.03973791003227234 140
1764797437992 0.03980514034628868 145
1764797478703 0.039816733449697495 150
1764797519052 0.04057617858052254 155
1764797559662 0.04081498831510544 160
1764797600476 0.040523041039705276 165
1764797640770 0.04072323441505432 170
1764797681463 0.040625523775815964 175
1764797722189 0.04091397672891617 180
1764797762538 0.04080420732498169 185
1764797803256 0.040756404399871826 190
1764797843902 0.04029388725757599 195
1764797884346 0.04037795960903168 200
1764797924969 0.040437281131744385 205
1764797965485 0.04060797765851021 210
1764798006081 0.03960028290748596 215
1764798046696 0.04053332284092903 220
1764798087117 0.04075264185667038 225
1764798127700 0.04043549299240112 230
1764798168296 0.04027307778596878 235
1764798208757 0.040425341576337814 240
1764798249283 0.040974341332912445 245
1764798289943 0.0409090630710125 250
1764798330415 0.041367057710886 255
1764798371032 0.040537893772125244 260
1764798411564 0.04041106253862381 265
1764798452137 0.0401248000562191 270
1764798492929 0.040713898837566376 275
1764798533567 0.04093137010931969 280
1764798574124 0.040353648364543915 285
1764798614612 0.03999573364853859 290
1764798655162 0.039992574602365494 295
1764798695792 0.0399247407913208 300
1764798736399 0.03953835368156433 305
1764798776948 0.040028929710388184 310
1764798817576 0.04041247069835663 315
1764798858147 0.04056256264448166 320
1764798898693 0.04068102315068245 325
1764798939116 0.04031839221715927 330
1764798979928 0.04107417166233063 335
1764799020316 0.04094451665878296 340
1764799060868 0.040343403816223145 345
1764799101475 0.04039337858557701 350
1764799142066 0.04032856598496437 355
1764799182576 0.0403122641146183 360
1764799223067 0.040692493319511414 365
1764799263516 0.04049960523843765 370
1764799304196 0.041068509221076965 375
1764799344684 0.04062213376164436 380
1764799385238 0.040315065532922745 385
1764799425832 0.040577616542577744 390
1764799466168 0.0404181107878685 395
1764799506870 0.04022178053855896 400
1764799547333 0.04041589796543121 405
1764799587869 0.04010990262031555 410
1764799628569 0.04034530371427536 415
1764799669009 0.04052557796239853 420
1764799709559 0.040464457124471664 425
1764799750184 0.04021398350596428 430
1764799790534 0.04034449905157089 435
1764799831238 0.04001227766275406 440
1764799871754 0.040247175842523575 445
1764799912210 0.04090571030974388 450
1764799952832 0.040302641689777374 455
1764799993474 0.04033149778842926 460
1764800034032 0.040440160781145096 465
1764800074571 0.04076800122857094 470
1764800115126 0.04096202924847603 475
1764800155663 0.04060056805610657 480
1764800196255 0.04036630317568779 485
1764800236775 0.040394920855760574 490
1764800277436 0.04050309583544731 495
1764800317845 0.03985637053847313 500
1764800358409 0.040839314460754395 505
1764800399052 0.040584955364465714 510
1764800439571 0.04048730805516243 515
1764800480125 0.0398712232708931 520
1764800541843 0.039662156254053116 525
1764800583060 0.03954346105456352 530
1764800624244 0.039830032736063004 535
1764800664763 0.0406193882226944 540
1764800705484 0.04017974063754082 545
1764800746050 0.040806856006383896 550
1764800786527 0.0402635857462883 555
1764800827151 0.040140073746442795 560
1764800867815 0.04041682183742523 565
1764800908401 0.040937550365924835 570
1764800948879 0.040535807609558105 575
1764800989471 0.04021132364869118 580
1764801030086 0.04030679166316986 585
1764801070647 0.040636420249938965 590
1764801111044 0.040130652487277985 595
1764801151604 0.04035273566842079 600
1764801192207 0.04051936790347099 605
1764801232726 0.03987201303243637 610
1764801273302 0.039820581674575806 615
1764801313848 0.03990032896399498 620
1764801354395 0.039995305240154266 625
1764801394948 0.0405668243765831 630
1764801435524 0.040688756853342056 635
1764801475983 0.04003269225358963 640
1764801516572 0.04028407111763954 645
1764801557042 0.040151484310626984 650
1764801597592 0.04026564210653305 655
1764801638228 0.039779264479875565 660
1764801678855 0.039472442120313644 665
1764801719288 0.040205735713243484 670
1764801759916 0.04062121361494064 675
1764801800477 0.040492650121450424 680
1764801840946 0.04049627482891083 685
1764801881472 0.040409915149211884 690
1764801922143 0.03980931639671326 695
1764801962622 0.040328629314899445 700
1764802003227 0.04013698920607567 705
1764802043698 0.0399666465818882 710
1764802084295 0.03905443474650383 715
1764802125021 0.03925962373614311 720
1764802165489 0.040014781057834625 725
1764802206030 0.04010852426290512 730
1764802246607 0.04033719003200531 735
1764802287163 0.0404575876891613 740
1764802327812 0.04019710421562195 745
1764802368325 0.04043523594737053 750
1764802408959 0.04003551974892616 755
1764802449863 0.0402437224984169 760
1764802490423 0.04100090637803078 765
1764802531018 0.04038204252719879 770
1764802571506 0.040211327373981476 775
1764802612043 0.04008407145738602 780
1764802652607 0.040352869778871536 785
1764802693096 0.040219757705926895 790
1764802733665 0.04010441526770592 795
1764802774218 0.039897482842206955 800
1764802814824 0.03976142033934593 805
1764802855436 0.040113095194101334 810
1764802896074 0.03990554064512253 815
1764802936667 0.04001154005527496 820
1764802977178 0.040296055376529694 825
1764803017783 0.03977733850479126 830
1764803058418 0.03984580934047699 835
1764803098853 0.0400739349424839 840
1764803139604 0.03998568281531334 845
1764803180172 0.04036366194486618 850
1764803220734 0.040237702429294586 855
1764803261324 0.04062117263674736 860
1764803301850 0.040309786796569824 865
1764803342510 0.040188197046518326 870
1764803383152 0.03981868177652359 875
1764803423693 0.03969902917742729 880
1764803464405 0.040111757814884186 885
1764803504929 0.04036615416407585 890
1764803545409 0.040494490414857864 895
1764803585979 0.04000731557607651 900
1764803626560 0.04010292887687683 905
1764803667138 0.0400472953915596 910
1764803707713 0.04012049734592438 915
1764803748275 0.04029978811740875 920
1764803788890 0.03955338895320892 925
1764803829453 0.03995397686958313 930
1764803869912 0.039853595197200775 935
1764803910612 0.04008689522743225 940
1764803951210 0.040257528424263 945
1764803991628 0.04024972394108772 950
1764804032173 0.04027605801820755 955
1764804072694 0.040477454662323 960
1764804113290 0.04021787270903587 965
1764804153852 0.04001346603035927 970
1764804194471 0.03964041545987129 975
1764804235096 0.04027925059199333 980
1764804275755 0.03986978158354759 985
1764804316387 0.039887044578790665 990
1764804356880 0.03974230960011482 995
1764804397485 0.0398440845310688 1000
1764804438065 0.04030228406190872 1005
1764804478643 0.039647698402404785 1010
1764804519179 0.03993220627307892 1015
1764804559803 0.03985103219747543 1020
1764804600496 0.040350306779146194 1025
1764804641061 0.0405539944767952 1030
1764804681589 0.04087798297405243 1035
1764804722193 0.04070165753364563 1040
1764804787743 0.03978182002902031 1045
1764804828926 0.039345577359199524 1050
1764804869980 0.039674852043390274 1055
1764804910754 0.039686840027570724 1060
1764804951284 0.03982248902320862 1065
1764804991818 0.0402878113090992 1070
1764805032351 0.03998025506734848 1075
1764805072965 0.039670977741479874 1080
1764805113628 0.040086954832077026 1085
1764805154152 0.0408274345099926 1090
1764805194828 0.04082354158163071 1095
1764805235525 0.04032103344798088 1100
1764805276106 0.04073058441281319 1105
1764805316618 0.04046029597520828 1110
1764805357047 0.04025527834892273 1115
1764805397934 0.039762917906045914 1120
1764805438488 0.03955176845192909 1125
1764805479105 0.04026326909661293 1130
1764805519683 0.040088992565870285 1135
1764805560194 0.040598995983600616 1140
1764805600816 0.04000808298587799 1145
1764805641433 0.0399794802069664 1150
1764805681949 0.039916180074214935 1155
1764805722510 0.04027272015810013 1160
1764805763066 0.039656490087509155 1165
1764805803747 0.040100228041410446 1170
1764805844336 0.039645325392484665 1175
1764805884908 0.03948197513818741 1180
1764805925418 0.03998609259724617 1185
1764805965958 0.039990611374378204 1190
1764806006471 0.03980892151594162 1195
1764806047268 0.03953241929411888 1200
1764806087722 0.040277235209941864 1205
1764806128253 0.04044269025325775 1210
1764806168878 0.04000614956021309 1215
1764806209420 0.04022226110100746 1220
1764806250011 0.039956387132406235 1225
1764806290545 0.040990862995386124 1230
1764806331063 0.04106681048870087 1235
1764806371788 0.04045415297150612 1240
1764806412250 0.041048288345336914 1245
1764806452808 0.041048213839530945 1250
1764806493385 0.040617961436510086 1255
1764806534058 0.040793560445308685 1260
1764806574774 0.0405992791056633 1265
1764806615365 0.04050491377711296 1270
1764806655993 0.040633197873830795 1275
1764806696568 0.03989275544881821 1280
1764806737256 0.039782363921403885 1285
1764806777769 0.04026506096124649 1290
1764806818438 0.039869047701358795 1295
1764806859042 0.03976995870471001 1300
1764806899491 0.040202174335718155 1305
1764806940066 0.04002898558974266 1310
1764806980667 0.03982897102832794 1315
1764807021188 0.03993776813149452 1320
1764807061778 0.039553433656692505 1325
1764807102394 0.03988439589738846 1330
1764807143004 0.04035833105444908 1335
1764807183570 0.04049433022737503 1340
1764807224186 0.04048800468444824 1345
1764807264814 0.04072415083646774 1350
1764807305252 0.04084102809429169 1355
1764807345770 0.040679074823856354 1360
1764807386345 0.04018431156873703 1365
1764807426910 0.03998354449868202 1370
1764807467461 0.04031641036272049 1375
1764807508001 0.04029064252972603 1380
1764807548470 0.04040057584643364 1385
1764807589132 0.04032638296484947 1390
1764807629698 0.040765129029750824 1395
1764807670183 0.040838949382305145 1400
1764807710928 0.04096952825784683 1405
1764807751420 0.04027358070015907 1410
1764807791982 0.04027554392814636 1415
1764807832578 0.040022701025009155 1420
1764807873029 0.040310222655534744 1425
1764807913729 0.0405895821750164 1430
1764807954238 0.04038203880190849 1435
1764807994738 0.04016278684139252 1440
1764808035432 0.03986659646034241 1445
1764808075971 0.040322139859199524 1450
1764808116538 0.040293123573064804 1455
1764808156999 0.03999616205692291 1460
1764808197681 0.03995617851614952 1465
1764808238336 0.040511034429073334 1470
1764808278884 0.040315255522727966 1475
1764808319471 0.04059483855962753 1480
1764808360047 0.040475428104400635 1485
1764808400706 0.04093978926539421 1490
1764808441327 0.04083187133073807 1495
1764808481893 0.04055589810013771 1500
1764808522463 0.04072974622249603 1505
1764808563050 0.040655091404914856 1510
1764808603622 0.04035899415612221 1515
1764808644260 0.04009382054209709 1520
1764808684742 0.0402950681746006 1525
1764808725336 0.04074584320187569 1530
1764808766020 0.04060479998588562 1535
1764808806538 0.04071810096502304 1540
1764808847134 0.04064350947737694 1545
1764808887727 0.04066511243581772 1550
1764808928238 0.039773762226104736 1555
1764808968916 0.04035408794879913 1560
1764809030292 0.039783984422683716 1565
1764809071481 0.04026329517364502 1570
1764809112682 0.040114112198352814 1575
1764809153499 0.04024948552250862 1580
1764809194056 0.040307678282260895 1585
1764809234501 0.040356505662202835 1590
1764809274984 0.04049236699938774 1595
1764809315523 0.04029091075062752 1600
1764809355956 0.04031611233949661 1605
1764809396408 0.04015977680683136 1610
1764809437090 0.040574558079242706 1615
1764809477537 0.0412188321352005 1620
1764809518150 0.04061290994286537 1625
1764809558706 0.04097076132893562 1630
1764809599248 0.04121620953083038 1635
1764809639879 0.04140021279454231 1640
1764809680381 0.04072442650794983 1645
1764809721094 0.040316566824913025 1650
1764809761748 0.04016417637467384 1655
1764809802162 0.04012882709503174 1660
1764809842735 0.04067827761173248 1665
1764809883359 0.04073995351791382 1670
1764809923847 0.04042718932032585 1675
1764809964466 0.04014229029417038 1680
1764810004909 0.04026868939399719 1685
1764810045580 0.0397513248026371 1690
1764810086236 0.04018450155854225 1695
1764810126788 0.04030637443065643 1700
1764810167343 0.04002499207854271 1705
1764810208018 0.03922511637210846 1710
1764810248565 0.03966499865055084 1715
1764810289236 0.04008343443274498 1720
1764810329779 0.04010627046227455 1725
1764810370248 0.04038866236805916 1730
1764810410909 0.04076778143644333 1735
1764810451470 0.04052125662565231 1740
1764810492030 0.04083966836333275 1745
1764810532660 0.0401589497923851 1750
1764810573117 0.04033159464597702 1755
1764810613817 0.0397404246032238 1760
1764810654401 0.04011370241641998 1765
1764810695101 0.03993555158376694 1770
1764810735756 0.040161240845918655 1775
1764810776254 0.039911817759275436 1780
1764810816886 0.03971016779541969 1785
1764810857499 0.039790816605091095 1790
1764810898041 0.040417175740003586 1795
1764810938702 0.04085072502493858 1800
1764810979311 0.04022204503417015 1805
1764811019749 0.04097694158554077 1810
1764811060515 0.04130830615758896 1815
1764811101134 0.041043978184461594 1820
1764811141691 0.040795326232910156 1825
1764811182234 0.04089507460594177 1830
1764811222750 0.04078042507171631 1835
1764811263286 0.04130585491657257 1840
1764811303843 0.04124876856803894 1845
1764811344376 0.040963899344205856 1850
1764811385182 0.04079185426235199 1855
1764811425603 0.04038488492369652 1860
1764811466244 0.040209680795669556 1865
1764811506998 0.04086366668343544 1870
1764811547500 0.04034174978733063 1875
1764811588143 0.03988712280988693 1880
1764811628751 0.040058284997940063 1885
1764811669184 0.03965342789888382 1890
1764811709776 0.039749812334775925 1895
1764811750345 0.04012034460902214 1900
1764811790944 0.03995366394519806 1905
1764811831595 0.039914291352033615 1910
1764811872150 0.04048682749271393 1915
1764811912867 0.03951888531446457 1920
1764811953446 0.039715830236673355 1925
1764811994068 0.04028613865375519 1930
1764812034582 0.04055773839354515 1935
1764812075181 0.04039998725056648 1940
1764812115705 0.0402950718998909 1945
1764812156314 0.03998369723558426 1950
1764812196939 0.04008826985955238 1955
1764812237547 0.03994928300380707 1960
1764812278120 0.040088195353746414 1965
1764812318722 0.03980721905827522 1970
1764812359273 0.040126215666532516 1975
1764812399864 0.04025355353951454 1980
1764812440341 0.04028943181037903 1985
1764812480893 0.040641412138938904 1990
1764812521457 0.04059581086039543 1995
1764812562014 0.04047621041536331 2000
1764812602633 0.04007132351398468 2005
1764812643175 0.04007944092154503 2010
1764812683661 0.039719317108392715 2015
1764812724205 0.04060081019997597 2020
1764812764881 0.0401824414730072 2025
1764812805480 0.04017188027501106 2030
1764812845984 0.04076705500483513 2035
1764812886626 0.04030941426753998 2040
1764812927237 0.040603239089250565 2045
1764812967854 0.04006747528910637 2050
1764813008418 0.04060113802552223 2055
1764813048922 0.040200624614953995 2060
1764813089567 0.040174514055252075 2065
1764813130052 0.040259189903736115 2070
1764813170646 0.039982616901397705 2075
1764813211223 0.04034177213907242 2080
1764813276583 0.04005127772688866 2085
1764813317805 0.040522441267967224 2090
1764813358963 0.04022077098488808 2095
1764813400075 0.040832169353961945 2100
1764813440635 0.040691014379262924 2105
1764813481243 0.040467519313097 2110
1764813521785 0.04100010171532631 2115
1764813562495 0.040995094925165176 2120
1764813603138 0.04124167189002037 2125
1764813643667 0.040520764887332916 2130
1764813684243 0.040558792650699615 2135
1764813724859 0.04034464433789253 2140
1764813765469 0.04000123590230942 2145
1764813806136 0.040467455983161926 2150
1764813846656 0.04013589024543762 2155
1764813887329 0.0400456003844738 2160
1764813928002 0.04002053663134575 2165
1764813968430 0.040237002074718475 2170
1764814009168 0.03972169756889343 2175
1764814049677 0.03977583348751068 2180
1764814090262 0.04028448835015297 2185
1764814130821 0.04065372794866562 2190
1764814171313 0.040464140474796295 2195
1764814212029 0.04007440432906151 2200
1764814252659 0.040047742426395416 2205
1764814293129 0.04043938219547272 2210
1764814333854 0.04018956795334816 2215
1764814374320 0.04035830870270729 2220
1764814414945 0.040804531425237656 2225
1764814455496 0.040735650807619095 2230
1764814495980 0.040937889367341995 2235
1764814536834 0.04032112658023834 2240
1764814577520 0.040412697941064835 2245
1764814618019 0.04065065085887909 2250
1764814658675 0.040669046342372894 2255
1764814699232 0.040605656802654266 2260
1764814739660 0.040592536330223083 2265
1764814780258 0.040526214987039566 2270
1764814820770 0.04029890149831772 2275
1764814861286 0.04031403362751007 2280
1764814901885 0.04035800322890282 2285
1764814942285 0.04086638242006302 2290
1764814983048 0.04026668146252632 2295
1764815023526 0.04022251442074776 2300
1764815064140 0.040189001709222794 2305
1764815104759 0.0401175320148468 2310
1764815145244 0.040344443172216415 2315
1764815185878 0.03982245549559593 2320
1764815226577 0.03990833833813667 2325
1764815267043 0.040511004626750946 2330
1764815307468 0.04104822501540184 2335
1764815348157 0.04066867008805275 2340
1764815388770 0.040109820663928986 2345
1764815429350 0.03981249779462814 2350
1764815469941 0.039744894951581955 2355
1764815510607 0.039882462471723557 2360
1764815551134 0.04000914841890335 2365
1764815591676 0.04011208936572075 2370
1764815632241 0.03990304842591286 2375
1764815672850 0.04007907584309578 2380
1764815713470 0.040007635951042175 2385
1764815754094 0.04062960296869278 2390
1764815794789 0.03987704962491989 2395
1764815835356 0.040208179503679276 2400
1764815876007 0.03989972174167633 2405
1764815916674 0.03987201303243637 2410
1764815957405 0.03990475460886955 2415
1764815997992 0.04035516083240509 2420
1764816038511 0.04016454517841339 2425
1764816079228 0.04082031548023224 2430
1764816119733 0.040239278227090836 2435
1764816160299 0.04064144939184189 2440
1764816200886 0.04031379148364067 2445
1764816241357 0.04033253341913223 2450
1764816282144 0.04035992920398712 2455
1764816322670 0.04103967174887657 2460
1764816363267 0.04059100151062012 2465
1764816403993 0.040715187788009644 2470
1764816444519 0.04075886309146881 2475
1764816485088 0.0410703681409359 2480
1764816525683 0.04070793837308884 2485
1764816566134 0.04032650962471962 2490
1764816606794 0.039933085441589355 2495
1764816647351 0.04005188122391701 2500
1764816687823 0.039673950523138046 2505
1764816728539 0.039738141000270844 2510
1764816769185 0.03929879516363144 2515
1764816809658 0.039457518607378006 2520
1764816850319 0.0394275039434433 2525
1764816890735 0.04024418815970421 2530
1764816931453 0.03956714645028114 2535
1764816971937 0.03954719379544258 2540
1764817012507 0.03939679265022278 2545
1764817053210 0.03955809399485588 2550
1764817093779 0.039843540638685226 2555
1764817134270 0.039803553372621536 2560
1764817174997 0.03982601314783096 2565
1764817215451 0.03978917375206947 2570
1764817256169 0.039501532912254333 2575
1764817296797 0.04002907872200012 2580
1764817337250 0.03993672505021095 2585
1764817377932 0.04030424356460571 2590
1764817418413 0.04021710157394409 2595
1764817459005 0.03993265703320503 2600
1764817499612 0.039692096412181854 2605
