1764796302134 0.0016936578322201967 5
1764796342560 0.001581928227096796 10
1764796383158 0.001602410920895636 15
1764796423634 0.0016005219658836722 20
1764796464354 0.0016655140789225698 25
1764796505080 0.0016868310049176216 30
1764796545485 0.001663941890001297 35
1764796586310 0.0016447374364361167 40
1764796627064 0.0016229040920734406 45
1764796667404 0.0016426265938207507 50
1764796708075 0.0016111411387100816 55
1764796748641 0.0016562541713938117 60
1764796789263 0.0015990148531273007 65
1764796829895 0.0016263657016679645 70
1764796870434 0.0016133161261677742 75
1764796911102 0.0016535696340724826 80
1764796951734 0.0016303437296301126 85
1764796992073 0.0016205795109272003 90
1764797032575 0.0016228753374889493 95
1764797073167 0.0016338389832526445 100
1764797113616 0.0016232470516115427 105
1764797154233 0.0016198059311136603 110
1764797194679 0.0016412123804911971 115
1764797235201 0.0016032956773415208 120
1764797275860 0.0016581736272200942 125
1764797316148 0.001646081218495965 130
1764797356875 0.001627138233743608 135
1764797397392 0.001586952363140881 140
1764797437992 0.0015675881877541542 145
1764797478703 0.0015913639217615128 150
1764797519052 0.00165308709256351 155
1764797559662 0.0016855791909620166 160
1764797600476 0.0016273392830044031 165
1764797640770 0.00164504605345428 170
1764797681463 0.0016204995336011052 175
1764797722189 0.001621520146727562 180
1764797762538 0.0016416024882346392 185
1764797803256 0.0016240529948845506 190
1764797843902 0.001582439406774938 195
1764797884346 0.0015930387889966369 200
1764797924969 0.0016259383410215378 205
1764797965485 0.0016289325430989265 210
1764798006081 0.0015496817650273442 215
1764798046696 0.0016095738392323256 220
1764798087117 0.0016551270382478833 225
1764798127700 0.001618402311578393 230
1764798168296 0.00159845978487283 235
1764798208757 0.001605334458872676 240
1764798249283 0.00163931620772928 245
1764798289943 0.0016158518847078085 250
1764798330415 0.0016603384865447879 255
1764798371032 0.001619057497009635 260
1764798411564 0.0016239127144217491 265
1764798452137 0.001620546798221767 270
1764798492929 0.001596746384166181 275
1764798533567 0.0016270094783976674 280
1764798574124 0.0015930217923596501 285
1764798614612 0.0015911830123513937 290
1764798655162 0.0015831008786335588 295
1764798695792 0.0015969497617334127 300
1764798736399 0.0015815718797966838 305
1764798776948 0.0016145006520673633 310
1764798817576 0.0016043022042140365 315
1764798858147 0.0016110085416585207 320
1764798898693 0.0016540831420570612 325
1764798939116 0.0016315748216584325 330
1764798979928 0.0016836583381518722 335
1764799020316 0.0016902870265766978 340
1764799060868 0.0016794753028079867 345
1764799101475 0.0016324252355843782 350
1764799142066 0.0016054275911301374 355
1764799182576 0.0015621951315551996 360
1764799223067 0.0016476585296913981 365
1764799263516 0.0016356447013095021 370
1764799304196 0.0016397429862990975 375
1764799344684 0.0016708581242710352 380
1764799385238 0.001661882153712213 385
1764799425832 0.0016759411664679646 390
1764799466168 0.0016387765062972903 395
1764799506870 0.001663818722590804 400
1764799547333 0.0016545190010219812 405
1764799587869 0.0016428451053798199 410
1764799628569 0.0016702243592590094 415
1764799669009 0.0016531692817807198 420
1764799709559 0.001599481445737183 425
1764799750184 0.001601344789378345 430
1764799790534 0.0016559349605813622 435
1764799831238 0.0016191692557185888 440
1764799871754 0.00160645239520818 445
1764799912210 0.0016205230494961143 450
1764799952832 0.0015703535173088312 455
1764799993474 0.0015719427028670907 460
1764800034032 0.001569922547787428 465
1764800074571 0.001602356438525021 470
1764800115126 0.0016720141284167767 475
1764800155663 0.0016340170986950397 480
1764800196255 0.0016120055224746466 485
1764800236775 0.0016330333892256021 490
1764800277436 0.0016512112924829125 495
1764800317845 0.001630014507099986 500
1764800358409 0.0016677764942869544 505
1764800399052 0.0016141891246661544 510
1764800439571 0.001612732419744134 515
1764800480125 0.0016005029901862144 520
1764800541843 0.0016042522620409727 525
1764800583060 0.0015673210145905614 530
1764800624244 0.0016079455381259322 535
1764800664763 0.0016419844469055533 540
1764800705484 0.0015898816054686904 545
1764800746050 0.0016359948785975575 550
1764800786527 0.0016122887609526515 555
1764800827151 0.0015940251760184765 560
1764800867815 0.0016241350676864386 565
1764800908401 0.0016603674739599228 570
1764800948879 0.0016332280356436968 575
1764800989471 0.0016514522721990943 580
1764801030086 0.0016211222391575575 585
1764801070647 0.001612248132005334 590
1764801111044 0.0015893616946414113 595
1764801151604 0.0016172064933925867 600
1764801192207 0.001650022342801094 605
1764801232726 0.0016562002710998058 610
1764801273302 0.0016517499461770058 615
1764801313848 0.0016650637844577432 620
1764801354395 0.001664342824369669 625
1764801394948 0.0016732753720134497 630
1764801435524 0.0016433954006060958 635
1764801475983 0.001614738255739212 640
1764801516572 0.0015762039693072438 645
1764801557042 0.0015710297739133239 650
1764801597592 0.0015810801414772868 655
1764801638228 0.0015780717367306352 660
1764801678855 0.0015731473686173558 665
1764801719288 0.0016249987529590726 670
1764801759916 0.0016717251855880022 675
1764801800477 0.0016293356893584132 680
1764801840946 0.0016328082419931889 685
1764801881472 0.001614855253137648 690
1764801922143 0.0015829766634851694 695
1764801962622 0.0015964824706315994 700
1764802003227 0.001620031427592039 705
1764802043698 0.0016012572450563312 710
1764802084295 0.0015700336080044508 715
1764802125021 0.001574197318404913 720
1764802165489 0.0016073264414444566 725
1764802206030 0.0016000509494915605 730
1764802246607 0.0016306925099343061 735
1764802287163 0.001649433863349259 740
1764802327812 0.0016192408511415124 745
1764802368325 0.001648849225603044 750
1764802408959 0.0016232774360105395 755
1764802449863 0.0016108453273773193 760
1764802490423 0.0015872928779572248 765
1764802531018 0.001598529750481248 770
1764802571506 0.0015701422234997153 775
1764802612043 0.0015769613673910499 780
1764802652607 0.0016291860956698656 785
1764802693096 0.0016373023390769958 790
1764802733665 0.0016367839416489005 795
1764802774218 0.001599593902938068 800
1764802814824 0.0015934774419292808 805
1764802855436 0.0016234660288318992 810
1764802896074 0.0016305564204230905 815
1764802936667 0.0016063607763499022 820
1764802977178 0.0015958972508087754 825
1764803017783 0.0015697769122198224 830
1764803058418 0.001603216165676713 835
1764803098853 0.0016058513429015875 840
1764803139604 0.0016057789325714111 845
1764803180172 0.0016375421546399593 850
1764803220734 0.0016176665667444468 855
1764803261324 0.001691961195319891 860
1764803301850 0.001703625195659697 865
1764803342510 0.001663355273194611 870
1764803383152 0.001617511617951095 875
1764803423693 0.001591468695551157 880
1764803464405 0.0015691668959334493 885
1764803504929 0.001624171156436205 890
1764803545409 0.0016121974913403392 895
1764803585979 0.001630788086913526 900
1764803626560 0.0015945944469422102 905
1764803667138 0.0016149197472259402 910
1764803707713 0.0016113008605316281 915
1764803748275 0.0016218253877013922 920
1764803788890 0.0015697048511356115 925
1764803829453 0.0015877351397648454 930
1764803869912 0.0016113449819386005 935
1764803910612 0.0016173501498997211 940
1764803951210 0.0016260192496702075 945
1764803991628 0.001662020804360509 950
1764804032173 0.00162589643150568 955
1764804072694 0.001652277889661491 960
1764804113290 0.0016103192465379834 965
1764804153852 0.0015504853799939156 970
1764804194471 0.0015230647986754775 975
1764804235096 0.0015627022366970778 980
1764804275755 0.0015445444732904434 985
1764804316387 0.0015301541425287724 990
1764804356880 0.001545641222037375 995
1764804397485 0.0015705780824646354 1000
1764804438065 0.0016679761465638876 1005
1764804478643 0.0016382551984861493 1010
1764804519179 0.0016306581674143672 1015
1764804559803 0.001596654998138547 1020
1764804600496 0.0016241461271420121 1025
1764804641061 0.0016259262338280678 1030
1764804681589 0.0016216260846704245 1035
1764804722193 0.0016280290437862277 1040
1764804787743 0.0015799696557223797 1045
1764804828926 0.0015836574602872133 1050
1764804869980 0.001591796986758709 1055
1764804910754 0.001592640532180667 1060
1764804951284 0.0016003409400582314 1065
1764804991818 0.0016215718351304531 1070
1764805032351 0.0015790123725309968 1075
1764805072965 0.0015875614481046796 1080
1764805113628 0.0016039767069742084 1085
1764805154152 0.0016624107956886292 1090
1764805194828 0.0016701138811185956 1095
1764805235525 0.0016253740759566426 1100
1764805276106 0.0016335365362465382 1105
1764805316618 0.001602567732334137 1110
1764805357047 0.0016390930395573378 1115
1764805397934 0.0016173929907381535 1120
1764805438488 0.001587181817740202 1125
1764805479105 0.0016113234451040626 1130
1764805519683 0.0015705976402387023 1135
1764805560194 0.0016071764985099435 1140
1764805600816 0.0015736717032268643 1145
1764805641433 0.001548707950860262 1150
1764805681949 0.0015751804457977414 1155
1764805722510 0.0016078182961791754 1160
1764805763066 0.0016115435864776373 1165
1764805803747 0.0015912732342258096 1170
1764805844336 0.001572703942656517 1175
1764805884908 0.001584214624017477 1180
1764805925418 0.0016204065177589655 1185
1764805965958 0.0016374819679185748 1190
1764806006471 0.001605518045835197 1195
1764806047268 0.0015703005483374 1200
1764806087722 0.0016118654748424888 1205
1764806128253 0.0016307422192767262 1210
1764806168878 0.0016213259659707546 1215
1764806209420 0.001604535966180265 1220
1764806250011 0.001568655134178698 1225
1764806290545 0.0016353505197912455 1230
1764806331063 0.0016687295865267515 1235
1764806371788 0.001662646303884685 1240
1764806412250 0.0017076532822102308 1245
1764806452808 0.0016910032136365771 1250
1764806493385 0.0016528619453310966 1255
1764806534058 0.0016706197056919336 1260
1764806574774 0.001634675543755293 1265
1764806615365 0.001655866508372128 1270
1764806655993 0.0016319166170433164 1275
1764806696568 0.0015918997814878821 1280
1764806737256 0.0015597945312038064 1285
1764806777769 0.0015873571392148733 1290
1764806818438 0.0015908331843093038 1295
1764806859042 0.001579701085574925 1300
1764806899491 0.0016322657465934753 1305
1764806940066 0.0016029378166422248 1310
1764806980667 0.0016136356862261891 1315
1764807021188 0.0016213239869102836 1320
1764807061778 0.0015768709126859903 1325
1764807102394 0.0015725272241979837 1330
1764807143004 0.0016097103944048285 1335
1764807183570 0.0015994010027498007 1340
1764807224186 0.0015867553884163499 1345
1764807264814 0.0016073548467829823 1350
1764807305252 0.001625899923965335 1355
1764807345770 0.0016637893859297037 1360
1764807386345 0.001642855815589428 1365
1764807426910 0.0015591856790706515 1370
1764807467461 0.0016050871927291155 1375
1764807508001 0.0016145408153533936 1380
1764807548470 0.0016457631718367338 1385
1764807589132 0.001644375268369913 1390
1764807629698 0.001642268500290811 1395
1764807670183 0.001651607803069055 1400
1764807710928 0.0016548254061490297 1405
1764807751420 0.0016267895698547363 1410
1764807791982 0.0016338910209015012 1415
1764807832578 0.001621875213459134 1420
1764807873029 0.0016203182749450207 1425
1764807913729 0.001636976026929915 1430
1764807954238 0.0016413963166996837 1435
1764807994738 0.001616784604266286 1440
1764808035432 0.0016038499306887388 1445
1764808075971 0.0016490629641339183 1450
1764808116538 0.0016742981970310211 1455
1764808156999 0.001642140094190836 1460
1764808197681 0.0016261101700365543 1465
1764808238336 0.0016121796797960997 1470
1764808278884 0.0016336999833583832 1475
1764808319471 0.001666826312430203 1480
1764808360047 0.0016526387771591544 1485
1764808400706 0.0016672650817781687 1490
1764808441327 0.001651823054999113 1495
1764808481893 0.0016358379507437348 1500
1764808522463 0.0016377699794247746 1505
1764808563050 0.0016091663856059313 1510
1764808603622 0.001595973619259894 1515
1764808644260 0.0015840649139136076 1520
1764808684742 0.001598759787157178 1525
1764808725336 0.0016088433330878615 1530
1764808766020 0.001642623101361096 1535
1764808806538 0.0016171318711712956 1540
1764808847134 0.0016407554503530264 1545
1764808887727 0.0016215064097195864 1550
1764808928238 0.0015809228643774986 1555
1764808968916 0.0016162173124030232 1560
1764809030292 0.0015696793561801314 1565
1764809071481 0.0016242510173469782 1570
1764809112682 0.0016362628666684031 1575
1764809153499 0.0015989919193089008 1580
1764809194056 0.0015739500522613525 1585
1764809234501 0.0015923726605251431 1590
1764809274984 0.0016172965988516808 1595
1764809315523 0.0016490548150613904 1600
1764809355956 0.0016089379787445068 1605
1764809396408 0.0015921664889901876 1610
1764809437090 0.0015889123314991593 1615
1764809477537 0.0016143710818141699 1620
1764809518150 0.0015582289779558778 1625
1764809558706 0.001623535412363708 1630
1764809599248 0.0016786049818620086 1635
1764809639879 0.0016582979587838054 1640
1764809680381 0.0016362253809347749 1645
1764809721094 0.0015753484331071377 1650
1764809761748 0.001577987102791667 1655
1764809802162 0.001649163314141333 1660
1764809842735 0.001670393394306302 1665
1764809883359 0.001662121037952602 1670
1764809923847 0.0016816220013424754 1675
1764809964466 0.001645620446652174 1680
1764810004909 0.0016677506500855088 1685
1764810045580 0.0016164920525625348 1690
1764810086236 0.0016264821169897914 1695
1764810126788 0.0016182574909180403 1700
1764810167343 0.0015982327749952674 1705
1764810208018 0.0015794395003467798 1710
1764810248565 0.001591215026564896 1715
1764810289236 0.0016230749897658825 1720
1764810329779 0.0016533049056306481 1725
1764810370248 0.0016202430706471205 1730
1764810410909 0.0016305521130561829 1735
1764810451470 0.0016153937904164195 1740
1764810492030 0.0016197077929973602 1745
1764810532660 0.0015932914102450013 1750
1764810573117 0.0016058384208008647 1755
1764810613817 0.001569169107824564 1760
1764810654401 0.001596618676558137 1765
1764810695101 0.0015746810240671039 1770
1764810735756 0.0015996411675587296 1775
1764810776254 0.0015938254073262215 1780
1764810816886 0.0015935965348035097 1785
1764810857499 0.0015756813809275627 1790
1764810898041 0.0016510830027982593 1795
1764810938702 0.0016215789364650846 1800
1764810979311 0.001604976481758058 1805
1764811019749 0.0016853789566084743 1810
1764811060515 0.0016565576661378145 1815
1764811101134 0.0016461724881082773 1820
1764811141691 0.0016505290986970067 1825
1764811182234 0.0016574278706684709 1830
1764811222750 0.001638342859223485 1835
1764811263286 0.0017139693954959512 1840
1764811303843 0.001692721270956099 1845
1764811344376 0.0016580941155552864 1850
1764811385182 0.0016400160966441035 1855
1764811425603 0.0016418398590758443 1860
1764811466244 0.0015949385706335306 1865
1764811506998 0.0016156836645677686 1870
1764811547500 0.0016005967045202851 1875
1764811588143 0.0015346751315519214 1880
1764811628751 0.001593869412317872 1885
1764811669184 0.0015703275566920638 1890
1764811709776 0.0015856199897825718 1895
1764811750345 0.0015611706767231226 1900
1764811790944 0.001573749235831201 1905
1764811831595 0.001553532900288701 1910
1764811872150 0.0016131824813783169 1915
1764811912867 0.001542667974717915 1920
1764811953446 0.001553859212435782 1925
1764811994068 0.0015998308081179857 1930
1764812034582 0.0016199542442336679 1935
1764812075181 0.0016465624794363976 1940
1764812115705 0.0016035339795053005 1945
1764812156314 0.0016163650434464216 1950
1764812196939 0.001603107899427414 1955
1764812237547 0.0015904562314972281 1960
1764812278120 0.0016065152594819665 1965
1764812318722 0.0015716265188530087 1970
1764812359273 0.001599969225935638 1975
1764812399864 0.0016139980871230364 1980
1764812440341 0.0016312322113662958 1985
1764812480893 0.001636519213207066 1990
1764812521457 0.0016052175778895617 1995
1764812562014 0.0016056324820965528 2000
1764812602633 0.0016048552934080362 2005
1764812643175 0.0016154464101418853 2010
1764812683661 0.0016216218937188387 2015
1764812724205 0.0016306486213579774 2020
1764812764881 0.0016515132738277316 2025
1764812805480 0.001622184761799872 2030
1764812845984 0.0016169151058420539 2035
1764812886626 0.001611884799785912 2040
1764812927237 0.0016278590774163604 2045
1764812967854 0.001637540408410132 2050
1764813008418 0.0016381118912249804 2055
1764813048922 0.0016112816520035267 2060
1764813089567 0.0016177932266145945 2065
1764813130052 0.0016766211483627558 2070
1764813170646 0.0016062055947259068 2075
1764813211223 0.0016103219240903854 2080
1764813276583 0.001585046760737896 2085
1764813317805 0.0016509012784808874 2090
1764813358963 0.001601118827238679 2095
1764813400075 0.001621800009161234 2100
1764813440635 0.0015881912549957633 2105
1764813481243 0.0016081056091934443 2110
1764813521785 0.0016551329754292965 2115
1764813562495 0.0016749715432524681 2120
1764813603138 0.0016800353769212961 2125
1764813643667 0.0016305220779031515 2130
1764813684243 0.0016050286358222365 2135
1764813724859 0.001630987855605781 2140
1764813765469 0.0015903263119980693 2145
1764813806136 0.0016507002292200923 2150
1764813846656 0.0016152553725987673 2155
1764813887329 0.0016099942149594426 2160
1764813928002 0.0015829080948606133 2165
1764813968430 0.001602938398718834 2170
1764814009168 0.0015613981522619724 2175
1764814049677 0.0015546006616204977 2180
1764814090262 0.0015746421413496137 2185
1764814130821 0.0015965421916916966 2190
1764814171313 0.0016382108442485332 2195
1764814212029 0.0015996061265468597 2200
1764814252659 0.0016005801735445857 2205
1764814293129 0.0016414632555097342 2210
1764814333854 0.0016329032368957996 2215
1764814374320 0.0015874442178755999 2220
1764814414945 0.0016260385746136308 2225
1764814455496 0.001633199630305171 2230
1764814495980 0.0016457218443974853 2235
1764814536834 0.001608733320608735 2240
1764814577520 0.0016550215659663081 2245
1764814618019 0.0016621490940451622 2250
1764814658675 0.0016608958831056952 2255
1764814699232 0.001636137836612761 2260
1764814739660 0.0016500464407727122 2265
1764814780258 0.0016415880527347326 2270
1764814820770 0.0016541009536013007 2275
1764814861286 0.0016428064554929733 2280
1764814901885 0.0016473698196932673 2285
1764814942285 0.0016762235900387168 2290
1764814983048 0.001620620023459196 2295
1764815023526 0.0016065133968368173 2300
1764815064140 0.0016080469358712435 2305
1764815104759 0.0016456613084301353 2310
1764815145244 0.0016295595560222864 2315
1764815185878 0.001564948121085763 2320
1764815226577 0.0015752844046801329 2325
1764815267043 0.001638825866393745 2330
1764815307468 0.0016901822527870536 2335
1764815348157 0.0016395761631429195 2340
1764815388770 0.0015794800128787756 2345
1764815429350 0.001589030958712101 2350
1764815469941 0.0015627630054950714 2355
1764815510607 0.0015569360693916678 2360
1764815551134 0.0015740402741357684 2365
1764815591676 0.001543697901070118 2370
1764815632241 0.0015613286523148417 2375
1764815672850 0.0015922844177111983 2380
1764815713470 0.0016007771482691169 2385
1764815754094 0.0016141029773280025 2390
1764815794789 0.0015590464463457465 2395
1764815835356 0.001584632322192192 2400
1764815876007 0.0016040890477597713 2405
1764815916674 0.0016061189817264676 2410
1764815957405 0.0016226900042966008 2415
1764815997992 0.0016440729377791286 2420
1764816038511 0.001614861306734383 2425
1764816079228 0.001639877911657095 2430
1764816119733 0.0016361682210117579 2435
1764816160299 0.0017016858328133821 2440
1764816200886 0.0016494184965267777 2445
1764816241357 0.0016384791815653443 2450
1764816282144 0.0016380338929593563 2455
1764816322670 0.0017164105083793402 2460
1764816363267 0.0016645211726427078 2465
1764816403993 0.0016419421881437302 2470
1764816444519 0.001640127506107092 2475
1764816485088 0.0016615592176094651 2480
1764816525683 0.001649410231038928 2485
1764816566134 0.0016282870201393962 2490
1764816606794 0.001602207194082439 2495
1764816647351 0.0015866155736148357 2500
1764816687823 0.0015550771495327353 2505
1764816728539 0.001559667638503015 2510
1764816769185 0.0015377441886812449 2515
1764816809658 0.001569114625453949 2520
1764816850319 0.0015449009370058775 2525
1764816890735 0.0016022090567275882 2530
1764816931453 0.0015527637442573905 2535
1764816971937 0.0015435462119057775 2540
1764817012507 0.001534036360681057 2545
1764817053210 0.0015224736416712403 2550
1764817093779 0.0015374538488686085 2555
1764817134270 0.0015559728490188718 2560
1764817174997 0.001554944203235209 2565
1764817215451 0.001557252136990428 2570
1764817256169 0.001547641004435718 2575
1764817296797 0.0015995274297893047 2580
1764817337250 0.001633673906326294 2585
1764817377932 0.0016685558948665857 2590
1764817418413 0.0016576352063566446 2595
1764817459005 0.0016252364730462432 2600
1764817499612 0.0016283636214211583 2605
