1764796302134 0.001647110388148576 5
1764796342560 0.0018203409563284367 10
1764796383158 0.0018673876184038818 15
1764796423634 0.0022409581870306283 20
1764796464354 0.002021782100200653 25
1764796505080 0.0015440353308804333 30
1764796545485 0.0014974728983361274 35
1764796586310 0.0014797933108638972 40
1764796627064 0.0016744308813940734 45
1764796667404 0.00163839606102556 50
1764796708075 0.0020820922509301454 55
1764796748641 0.0017761841299943626 60
1764796789263 0.0017831077566370368 65
1764796829895 0.0016873280401341617 70
1764796870434 0.0018047048361040652 75
1764796911102 0.0021657157922163606 80
1764796951734 0.0015713079774286598 85
1764796992073 0.00146931764902547 90
1764797032575 0.0016846021171659231 95
1764797073167 0.0017898071091622114 100
1764797113616 0.0017460139060858637 105
1764797154233 0.0016428347444161773 110
1764797194679 0.0017689657106529921 115
1764797235201 0.0016027384845074266 120
1764797275860 0.0016836255672387779 125
1764797316148 0.0014568846672773361 130
1764797356875 0.001790685229934752 135
1764797397392 0.001753455027937889 140
1764797437992 0.0016914016159716994 145
1764797478703 0.001642051647650078 150
1764797519052 0.0021499977738130838 155
1764797559662 0.0018362491682637483 160
1764797600476 0.0015988869417924434 165
1764797640770 0.0017240035376744345 170
1764797681463 0.0012097795261070132 175
1764797722189 0.001461185427615419 180
1764797762538 0.0018649660632945597 185
1764797803256 0.0017643350583966821 190
1764797843902 0.001532617723569274 195
1764797884346 0.0021250857098493725 200
1764797924969 0.0020074406929779798 205
1764797965485 0.0016380028100684285 210
1764798006081 0.0012262301752343774 215
1764798046696 0.0017987930623348802 220
1764798087117 0.0021711919689550996 225
1764798127700 0.0016187394794542342 230
1764798168296 0.0019008546660188586 235
1764798208757 0.0015488821372855455 240
1764798249283 0.0013347128115128726 245
1764798289943 0.001640861388295889 250
1764798330415 0.0020340125483926386 255
1764798371032 0.0013443078933050856 260
1764798411564 0.0018679829954635352 265
1764798452137 0.0017605811881367117 270
1764798492929 0.0016114497848320752 275
1764798533567 0.001584351557539776 280
1764798574124 0.0020955187355866656 285
1764798614612 0.0017755274893715978 290
1764798655162 0.0018621330091264099 295
1764798695792 0.0016379789740312845 300
1764798736399 0.0015781496476847678 305
1764798776948 0.001808367029298097 310
1764798817576 0.0019104723760392517 315
1764798858147 0.0014348072872962803 320
1764798898693 0.002305414847796783 325
1764798939116 0.0016062058857642114 330
1764798979928 0.001890283456305042 335
1764799020316 0.0016152036259882152 340
1764799060868 0.0015335682255681604 345
1764799101475 0.002040729916188866 350
1764799142066 0.0013192406186135486 355
1764799182576 0.001227353379363194 360
1764799223067 0.0017435895861126482 365
1764799263516 0.0017111183406086639 370
1764799304196 0.0018858808325603604 375
1764799344684 0.0022117678017821163 380
1764799385238 0.0016189449524972588 385
1764799425832 0.0015878172707743943 390
1764799466168 0.001652130187721923 395
1764799506870 0.002027243113843724 400
1764799547333 0.002243771537905559 405
1764799587869 0.0020349628175608814 410
1764799628569 0.0015730845916550606 415
1764799669009 0.0014731435221619904 420
1764799709559 0.0016260533884633332 425
1764799750184 0.0017422811943106353 430
1764799790534 0.0019515150634106249 435
1764799831238 0.0017662611790001392 440
1764799871754 0.001854141359217465 445
1764799912210 0.001644354808377102 450
1764799952832 0.0015003587468527257 455
1764799993474 0.0013813175319228321 460
1764800034032 0.0017226311902049929 465
1764800074571 0.0018992037803400308 470
1764800115126 0.0015907604538369924 475
1764800155663 0.0016669541655573994 480
1764800196255 0.0016460376209579408 485
1764800236775 0.0016715609817765653 490
1764800277436 0.0017976493400055915 495
1764800317845 0.001280116877751425 500
1764800358409 0.002135630988050252 505
1764800399052 0.00194852938875556 510
1764800439571 0.0015867947367951274 515
1764800480125 0.0015928743814583868 520
1764800541843 0.001835593895521015 525
1764800583060 0.0016978651110548526 530
1764800624244 0.0019130729488097131 535
1764800664763 0.0018893539963755757 540
1764800705484 0.002024684741627425 545
1764800746050 0.001972339057829231 550
1764800786527 0.0014257147558964789 555
1764800827151 0.0017931955808307976 560
1764800867815 0.001958905137144029 565
1764800908401 0.0016203854465857148 570
1764800948879 0.0015870960196480155 575
1764800989471 0.002393294678768143 580
1764801030086 0.001448474096832797 585
1764801070647 0.0014036922657396644 590
1764801111044 0.0015143188938964158 595
1764801151604 0.001842717349063605 600
1764801192207 0.001933726336574182 605
1764801232726 0.0018828382599167526 610
1764801273302 0.001984235248528421 615
1764801313848 0.0015051686496008188 620
1764801354395 0.00156586425146088 625
1764801394948 0.001731853699311614 630
1764801435524 0.002003087633056566 635
1764801475983 0.0014763488143216819 640
1764801516572 0.0015905250038485974 645
1764801557042 0.0014052356709726155 650
1764801597592 0.0019020915497094393 655
1764801638228 0.001365524047287181 660
1764801678855 0.0018064927426166832 665
1764801719288 0.001634117477806285 670
1764801759916 0.0020499847596511245 675
1764801800477 0.0015414170047733933 680
1764801840946 0.0018829854961950332 685
1764801881472 0.0016179952945094556 690
1764801922143 0.001732032687868923 695
1764801962622 0.00162571482360363 700
1764802003227 0.0016085320094134659 705
1764802043698 0.0015631089336238801 710
1764802084295 0.0014825823600403965 715
1764802125021 0.0021498025744222105 720
1764802165489 0.0018363671842962503 725
1764802206030 0.0014735879958607256 730
1764802246607 0.0013875426957383752 735
1764802287163 0.0019797376880887896 740
1764802327812 0.0018150735704693943 745
1764802368325 0.0017302491760347039 750
1764802408959 0.0019990688597317785 755
1764802449863 0.0016569525469094515 760
1764802490423 0.0016686906747054309 765
1764802531018 0.0014736372686456889 770
1764802571506 0.0016167137655429542 775
1764802612043 0.0018199661280959845 780
1764802652607 0.0016615923377685249 785
1764802693096 0.001741963205859065 790
1764802733665 0.002141293720342219 795
1764802774218 0.0014176657714415342 800
1764802814824 0.001596352580236271 805
1764802855436 0.001818189542973414 810
1764802896074 0.0014708729868289083 815
1764802936667 0.0018058957066386938 820
1764802977178 0.0016330320795532316 825
1764803017783 0.0015417611866723746 830
1764803058418 0.0016245275037363172 835
1764803098853 0.0013684903096873313 840
1764803139604 0.0021524800395127386 845
1764803180172 0.0017667031788732857 850
1764803220734 0.001386174641083926 855
1764803261324 0.0020010258303955197 860
1764803301850 0.0025776944821700454 865
1764803342510 0.0018858447147067636 870
1764803383152 0.0017683431215118617 875
1764803423693 0.0016039065376389772 880
1764803464405 0.0017730835534166545 885
1764803504929 0.0016016073932405561 890
1764803545409 0.0018152751144953072 895
1764803585979 0.0015862160362303257 900
1764803626560 0.0018239554483443499 905
1764803667138 0.0017311176052317023 910
1764803707713 0.0016268118051812053 915
1764803748275 0.002276743034599349 920
1764803788890 0.0015511866949964315 925
1764803829453 0.001714084210107103 930
1764803869912 0.0017025697452481836 935
1764803910612 0.0019483368669170886 940
1764803951210 0.0019854343845508993 945
1764803991628 0.001735082798404619 950
1764804032173 0.0018387904856353998 955
1764804072694 0.002036822057561949 960
1764804113290 0.0016907620010897517 965
1764804153852 0.001448639523005113 970
1764804194471 0.001794746844097972 975
1764804235096 0.0020315860747359693 980
1764804275755 0.001600701332790777 985
1764804316387 0.001747056609019637 990
1764804356880 0.0012659424101002514 995
1764804397485 0.0015668525593355298 1000
1764804438065 0.0019196013454347849 1005
1764804478643 0.0015463421295862645 1010
1764804519179 0.0017529590986669064 1015
1764804559803 0.0015395737427752465 1020
1764804600496 0.001536494237370789 1025
1764804641061 0.002041676634689793 1030
1764804681589 0.0018342214461881667 1035
1764804722193 0.001488951122155413 1040
1764804787743 0.0016111447766888887 1045
1764804828926 0.001846698607550934 1050
1764804869980 0.0016157810168806463 1055
1764804910754 0.001763763080816716 1060
1764804951284 0.0018840538104996085 1065
1764804991818 0.001784052379662171 1070
1764805032351 0.0016237004310823977 1075
1764805072965 0.0017020920931827277 1080
1764805113628 0.0018609434191603214 1085
1764805154152 0.0020499906968325377 1090
1764805194828 0.0016902273637242615 1095
1764805235525 0.0016052600112743676 1100
1764805276106 0.001367840013699606 1105
1764805316618 0.001398664666339755 1110
1764805357047 0.0017648024950176477 1115
1764805397934 0.0015582519408781081 1120
1764805438488 0.0017336189630441368 1125
1764805479105 0.0014785862585995346 1130
1764805519683 0.001294466870604083 1135
1764805560194 0.0018376708321738988 1140
1764805600816 0.0016942759393714368 1145
1764805641433 0.0014363768132170662 1150
1764805681949 0.0019968509732279927 1155
1764805722510 0.0020676359708886594 1160
1764805763066 0.0015238219348248094 1165
1764805803747 0.001664773910306394 1170
1764805844336 0.0016390544769819826 1175
1764805884908 0.0015150302788242698 1180
1764805925418 0.0016956852632574737 1185
1764805965958 0.002145097154425457 1190
1764806006471 0.0018013748340308666 1195
1764806047268 0.0016515020106453449 1200
1764806087722 0.0016425051144324243 1205
1764806128253 0.0016464432410430163 1210
1764806168878 0.0019543337693903595 1215
1764806209420 0.0013371010718401521 1220
1764806250011 0.0014926107542123646 1225
1764806290545 0.0018226732208859175 1230
1764806331063 0.0016512821312062442 1235
1764806371788 0.0020142045395914465 1240
1764806412250 0.0020057204528711736 1245
1764806452808 0.0014508997846860439 1250
1764806493385 0.0018761435057967901 1255
1764806534058 0.0023238876019604504 1260
1764806574774 0.001963842718396336 1265
1764806615365 0.0019328480411786586 1270
1764806655993 0.0015912565868347883 1275
1764806696568 0.0013083078956697136 1280
1764806737256 0.0015238419000525028 1285
1764806777769 0.0019594820332713425 1290
1764806818438 0.0017262753390241414 1295
1764806859042 0.0018248920096084476 1300
1764806899491 0.0021544582559727132 1305
1764806940066 0.001373578270431608 1310
1764806980667 0.002279943408211693 1315
1764807021188 0.0019561170774977654 1320
1764807061778 0.0016567656130064279 1325
1764807102394 0.0015799565298948437 1330
1764807143004 0.0018222574435640126 1335
1764807183570 0.0015685792895965278 1340
1764807224186 0.0017552074859850109 1345
1764807264814 0.001564996549859643 1350
1764807305252 0.0015511495294049382 1355
1764807345770 0.0021969069202896208 1360
1764807386345 0.0016691659693606198 1365
1764807426910 0.0015353677445091307 1370
1764807467461 0.0016215532086789608 1375
1764807508001 0.0016355884145013988 1380
1764807548470 0.0016988174756988883 1385
1764807589132 0.0017298058664891869 1390
1764807629698 0.0016779242432676256 1395
1764807670183 0.0021082517050672323 1400
1764807710928 0.001999575470108539 1405
1764807751420 0.0015089414082467556 1410
1764807791982 0.0022643813863396645 1415
1764807832578 0.0014609282661695033 1420
1764807873029 0.0013731386861763895 1425
1764807913729 0.001765282591804862 1430
1764807954238 0.0016400686872657388 1435
1764807994738 0.0015913242532406002 1440
1764808035432 0.0017556130478624254 1445
1764808075971 0.00188348806113936 1450
1764808116538 0.001524216786492616 1455
1764808156999 0.001990435062907636 1460
1764808197681 0.001654030871577561 1465
1764808238336 0.0017076307267416269 1470
1764808278884 0.0016448913956992328 1475
1764808319471 0.002004731766646728 1480
1764808360047 0.0017091330082621425 1485
1764808400706 0.0020592209766618907 1490
1764808441327 0.0017263440822716802 1495
1764808481893 0.0018364604038652033 1500
1764808522463 0.0017475107742939144 1505
1764808563050 0.0012842961878050119 1510
1764808603622 0.0015869821945670992 1515
1764808644260 0.0017572544747963548 1520
1764808684742 0.0013280714338179678 1525
1764808725336 0.001816820033127442 1530
1764808766020 0.0017222241149283946 1535
1764808806538 0.0016659682733006775 1540
1764808847134 0.0019976896583102643 1545
1764808887727 0.0016088668489828706 1550
1764808928238 0.0013292143412400037 1555
1764808968916 0.0013358810392674059 1560
1764809030292 0.001506062166299671 1565
1764809071481 0.001990748103708029 1570
1764809112682 0.0016151760064531118 1575
1764809153499 0.0016910484991967678 1580
1764809194056 0.0019881997432094067 1585
1764809234501 0.0013250731863081455 1590
1764809274984 0.0015147857193369418 1595
1764809315523 0.0018542362959124148 1600
1764809355956 0.0015840067935641855 1605
1764809396408 0.0018476946279406548 1610
1764809437090 0.0019940162310376763 1615
1764809477537 0.0016157140489667654 1620
1764809518150 0.0015739864320494235 1625
1764809558706 0.002050529728876427 1630
1764809599248 0.0019703929137904197 1635
1764809639879 0.0017712355183903128 1640
1764809680381 0.0018727577407844365 1645
1764809721094 0.0012407817994244397 1650
1764809761748 0.001581160438945517 1655
1764809802162 0.0021175415313337 1660
1764809842735 0.0016641201509628445 1665
1764809883359 0.0017237824213225394 1670
1764809923847 0.0019695215160027146 1675
1764809964466 0.0020103435963392258 1680
1764810004909 0.0021082493476569653 1685
1764810045580 0.001539517950732261 1690
1764810086236 0.0013999474758747965 1695
1764810126788 0.001957838947419077 1700
1764810167343 0.001810823188861832 1705
1764810208018 0.001520735735539347 1710
1764810248565 0.0019525114621501416 1715
1764810289236 0.0014651370875071734 1720
1764810329779 0.0018501144368201494 1725
1764810370248 0.0016213102062465623 1730
1764810410909 0.0018766024732030928 1735
1764810451470 0.0016016515146475285 1740
1764810492030 0.0020059619419043884 1745
1764810532660 0.0016355561383534223 1750
1764810573117 0.0013913015427533537 1755
1764810613817 0.0014215170667739585 1760
1764810654401 0.0017096578958444297 1765
1764810695101 0.0017353507864754647 1770
1764810735756 0.0016914661973714828 1775
1764810776254 0.0015921733865980059 1780
1764810816886 0.001629506645258516 1785
1764810857499 0.0017827624105848372 1790
1764810898041 0.001714702433673665 1795
1764810938702 0.0018287771672476083 1800
1764810979311 0.001749939110595733 1805
1764811019749 0.0016243086429312825 1810
1764811060515 0.001543368212878704 1815
1764811101134 0.0014368200936587527 1820
1764811141691 0.001561006298288703 1825
1764811182234 0.0022870111279189587 1830
1764811222750 0.0016957063344307244 1835
1764811263286 0.002354690746869892 1840
1764811303843 0.001337439112830907 1845
1764811344376 0.0014321361086331308 1850
1764811385182 0.001547176536405459 1855
1764811425603 0.0017751141276676208 1860
1764811466244 0.0014873748878017068 1865
1764811506998 0.0019411584362387657 1870
1764811547500 0.0017914985364768654 1875
1764811588143 0.001374250859953463 1880
1764811628751 0.002374032948864624 1885
1764811669184 0.0014818725467193872 1890
1764811709776 0.0015407988539664075 1895
1764811750345 0.0018740050727501512 1900
1764811790944 0.0019703449215739965 1905
1764811831595 0.0015441571886185557 1910
1764811872150 0.001692523597739637 1915
1764811912867 0.0014387857518158853 1920
1764811953446 0.001773127558408305 1925
1764811994068 0.0016889319522306323 1930
1764812034582 0.0015090836095623672 1935
1764812075181 0.002214714710135013 1940
1764812115705 0.0013335207768250257 1945
1764812156314 0.0018500828882679343 1950
1764812196939 0.0018331711180508137 1955
1764812237547 0.0015406572492793202 1960
1764812278120 0.0018003053119173273 1965
1764812318722 0.0014653796097263694 1970
1764812359273 0.0017230748489964753 1975
1764812399864 0.0015231498837238178 1980
1764812440341 0.001682122121565044 1985
1764812480893 0.0015397662355098873 1990
1764812521457 0.0015481654845643789 1995
1764812562014 0.001992667850572616 2000
1764812602633 0.0017955659423023462 2005
1764812643175 0.0015130070969462395 2010
1764812683661 0.0017712655826471746 2015
1764812724205 0.0015417324902955443 2020
1764812764881 0.0016384691116400063 2025
1764812805480 0.0016525016108062118 2030
1764812845984 0.0018736608617473394 2035
1764812886626 0.0012061438465025276 2040
1764812927237 0.001937941153300926 2045
1764812967854 0.0022517892939504236 2050
1764813008418 0.0015024980530142784 2055
1764813048922 0.0014944791328161955 2060
1764813089567 0.0020866888226009905 2065
1764813130052 0.0016785028274171054 2070
1764813170646 0.001327639474766329 2075
1764813211223 0.0017438858631066978 2080
1764813276583 0.0016230944020207971 2085
1764813317805 0.0015023807936813682 2090
1764813358963 0.0016415019053965807 2095
1764813400075 0.0014720200269948691 2100
1764813440635 0.001478850666899234 2105
1764813481243 0.0017562102584633976 2110
1764813521785 0.0018605287768878043 2115
1764813562495 0.0018736802448984236 2120
1764813603138 0.0016303433221764863 2125
1764813643667 0.0021691237634513527 2130
1764813684243 0.0016669066390022635 2135
1764813724859 0.0024395280343014747 2140
1764813765469 0.0013904012739658356 2145
1764813806136 0.0019138463831041008 2150
1764813846656 0.0012589076650328934 2155
1764813887329 0.00184283044654876 2160
1764813928002 0.001249119799467735 2165
1764813968430 0.001862177305156365 2170
1764814009168 0.001604053017217666 2175
1764814049677 0.00137452402850613 2180
1764814090262 0.0014462100807577372 2185
1764814130821 0.00176448083948344 2190
1764814171313 0.0016613008338026702 2195
1764814212029 0.0016621484537608922 2200
1764814252659 0.0019458042806945741 2205
1764814293129 0.002085246058413759 2210
1764814333854 0.0014096357626840472 2215
1764814374320 0.001814240968087688 2220
1764814414945 0.0018605575896799564 2225
1764814455496 0.0014805309765506536 2230
1764814495980 0.0014822912053205073 2235
1764814536834 0.0013546269910875708 2240
1764814577520 0.002010008000070229 2245
1764814618019 0.0019401319150347263 2250
1764814658675 0.0017854761390481144 2255
1764814699232 0.0015231897414196283 2260
1764814739660 0.0021416887175291777 2265
1764814780258 0.0014195589174050838 2270
1764814820770 0.0016092941514216363 2275
1764814861286 0.001592271844856441 2280
1764814901885 0.0019176770001649857 2285
1764814942285 0.001534790440928191 2290
1764814983048 0.0015198661712929606 2295
1764815023526 0.0016078132612165064 2300
1764815064140 0.0015555491554550827 2305
1764815104759 0.0017338508332613856 2310
1764815145244 0.0014591717335861176 2315
1764815185878 0.0012995297875022516 2320
1764815226577 0.0014638699358329177 2325
1764815267043 0.0014979195257183164 2330
1764815307468 0.001671491627348587 2335
1764815348157 0.001708233408862725 2340
1764815388770 0.0017131092317868024 2345
1764815429350 0.001496892684372142 2350
1764815469941 0.0015384985890705138 2355
1764815510607 0.0020863552344962955 2360
1764815551134 0.0017012772732414305 2365
1764815591676 0.001297807670198381 2370
1764815632241 0.0015316993813030422 2375
1764815672850 0.0018184888758696616 2380
1764815713470 0.0018914083484560251 2385
1764815754094 0.0017499386158306152 2390
1764815794789 0.0016543871024623513 2395
1764815835356 0.0017645969346631318 2400
1764815876007 0.00180640778853558 2405
1764815916674 0.0015673804737161845 2410
1764815957405 0.0017031680035870522 2415
1764815997992 0.0016727040347177535 2420
1764816038511 0.0015157154120970517 2425
1764816079228 0.0018571199616417289 2430
1764816119733 0.001755467033945024 2435
1764816160299 0.0018309767474420369 2440
1764816200886 0.0019020183244720101 2445
1764816241357 0.0017283046036027372 2450
1764816282144 0.0018602380878292024 2455
1764816322670 0.0019370578811503947 2460
1764816363267 0.001390405057463795 2465
1764816403993 0.001551655150251463 2470
1764816444519 0.0014958285901229829 2475
1764816485088 0.001981915644137189 2480
1764816525683 0.0018289558793185279 2485
1764816566134 0.0016864668286871165 2490
1764816606794 0.0016198372468352318 2495
1764816647351 0.001457271835533902 2500
1764816687823 0.0017342067149002105 2505
1764816728539 0.0016935239546000957 2510
1764816769185 0.0015241789515130222 2515
1764816809658 0.0012856194516643882 2520
1764816850319 0.0016960174834821373 2525
1764816890735 0.002058528072666377 2530
1764816931453 0.0015721105155535042 2535
1764816971937 0.0012727591092698276 2540
1764817012507 0.001642045855987817 2545
1764817053210 0.0012666246329899877 2550
1764817093779 0.0018784990825224668 2555
1764817134270 0.001369141333270818 2560
1764817174997 0.001636744593270123 2565
1764817215451 0.0021117228316143155 2570
1764817256169 0.0015860171988606453 2575
1764817296797 0.002304868830833584 2580
1764817337250 0.0017356993339490145 2585
1764817377932 0.0014789323031436652 2590
1764817418413 0.0017426261329092085 2595
1764817459005 0.001977360574528575 2600
1764817499612 0.0019106028194073588 2605
