1764862621495 100.0 5
1764862644049 100.0 10
1764862666417 100.0 15
1764862688935 100.0 20
1764862711503 100.0 25
1764862733917 100.0 30
1764862756591 100.0 35
1764862778944 100.0 40
1764862801316 100.0 45
1764862823782 100.0 50
1764862846300 100.0 55
1764862868669 100.0 60
1764862891273 100.0 65
1764862913692 100.0 70
1764862936092 100.0 75
1764862958836 100.0 80
1764862981254 100.0 85
1764863003653 100.0 90
1764863026265 100.0 95
1764863048626 100.0 100
1764863071013 100.0 105
1764863093723 100.0 110
1764863116118 100.0 115
1764863138541 100.0 120
1764863161152 100.0 125
1764863183527 100.0 130
1764863205952 100.0 135
1764863228693 100.0 140
1764863251083 100.0 145
1764863273495 100.0 150
1764863296095 100.0 155
1764863318488 100.0 160
1764863340908 100.0 165
1764863363656 100.0 170
1764863386052 100.0 175
1764863408653 100.0 180
1764863431077 100.0 185
1764863453499 100.0 190
1764863476023 100.0 195
1764863498569 100.0 200
1764863520994 100.0 205
1764863543607 100.0 210
1764863566015 100.0 215
1764863588421 100.0 220
1764863611102 100.0 225
1764863633500 100.0 230
1764863655911 100.0 235
